538.000000 4.000000 0.684528 -0.741049
616.000000 5.000000 0.929451 -0.737909
356.000000 7.000000 0.113041 -0.731629
632.000000 7.000000 0.979692 -0.731629
615.000000 8.000000 0.926311 -0.728489
344.000000 9.000000 0.075361 -0.725349
526.000000 9.000000 0.646848 -0.725349
529.000000 9.000000 0.656268 -0.725349
624.000000 10.000000 0.954571 -0.722209
535.000000 11.000000 0.675108 -0.719069
529.000000 12.000000 0.656268 -0.715928
371.000000 13.000000 0.160142 -0.712788
524.000000 13.000000 0.640568 -0.712788
613.000000 13.000000 0.920031 -0.712788
402.000000 15.000000 0.257483 -0.706508
464.000000 15.000000 0.452165 -0.706508
485.000000 15.000000 0.518106 -0.706508
499.000000 15.000000 0.562067 -0.706508
521.000000 15.000000 0.631147 -0.706508
360.000000 17.000000 0.125601 -0.700228
621.000000 17.000000 0.945151 -0.700228
623.000000 18.000000 0.951431 -0.697088
386.000000 19.000000 0.207242 -0.693948
521.000000 19.000000 0.631147 -0.693948
526.000000 19.000000 0.646848 -0.693948
628.000000 19.000000 0.967131 -0.693948
411.000000 21.000000 0.285743 -0.687668
337.000000 23.000000 0.053381 -0.681388
520.000000 23.000000 0.628007 -0.681388
516.000000 24.000000 0.615447 -0.678248
563.000000 24.000000 0.763029 -0.678248
612.000000 24.000000 0.916891 -0.678248
627.000000 24.000000 0.963991 -0.678248
507.000000 25.000000 0.587187 -0.675108
334.000000 26.000000 0.043961 -0.671968
345.000000 26.000000 0.078501 -0.671968
369.000000 27.000000 0.153862 -0.668828
508.000000 27.000000 0.590327 -0.668828
410.000000 28.000000 0.282603 -0.665688
345.000000 29.000000 0.078501 -0.662548
513.000000 30.000000 0.606027 -0.659408
614.000000 30.000000 0.923171 -0.659408
506.000000 31.000000 0.584047 -0.656268
336.000000 32.000000 0.050241 -0.653128
615.000000 32.000000 0.926311 -0.653128
417.000000 33.000000 0.304584 -0.649988
510.000000 33.000000 0.596607 -0.649988
400.000000 34.000000 0.251203 -0.646848
504.000000 34.000000 0.577767 -0.646848
502.000000 36.000000 0.571487 -0.640568
545.000000 36.000000 0.706508 -0.640568
507.000000 37.000000 0.587187 -0.637428
352.000000 38.000000 0.100481 -0.634288
543.000000 38.000000 0.700228 -0.634288
350.000000 40.000000 0.094201 -0.628007
357.000000 40.000000 0.116181 -0.628007
475.000000 40.000000 0.486706 -0.628007
548.000000 40.000000 0.715928 -0.628007
552.000000 40.000000 0.728489 -0.628007
431.000000 41.000000 0.348544 -0.624867
367.000000 42.000000 0.147582 -0.621727
373.000000 42.000000 0.166422 -0.621727
415.000000 42.000000 0.298304 -0.621727
496.000000 42.000000 0.552647 -0.621727
421.000000 43.000000 0.317144 -0.618587
548.000000 43.000000 0.715928 -0.618587
604.000000 43.000000 0.891771 -0.618587
378.000000 44.000000 0.182122 -0.615447
383.000000 44.000000 0.197822 -0.615447
449.000000 44.000000 0.405065 -0.615447
491.000000 44.000000 0.536946 -0.615447
388.000000 45.000000 0.213523 -0.612307
586.000000 46.000000 0.835250 -0.609167
495.000000 47.000000 0.549506 -0.606027
546.000000 48.000000 0.709648 -0.602887
495.000000 50.000000 0.549506 -0.596607
627.000000 50.000000 0.963991 -0.596607
28.000000 51.000000 -0.916891 -0.593467
30.000000 52.000000 -0.910611 -0.590327
32.000000 52.000000 -0.904331 -0.590327
482.000000 53.000000 0.508686 -0.587187
35.000000 54.000000 -0.894911 -0.584047
404.000000 54.000000 0.263763 -0.584047
491.000000 54.000000 0.536946 -0.584047
391.000000 55.000000 0.222943 -0.580907
421.000000 56.000000 0.317144 -0.577767
475.000000 57.000000 0.486706 -0.574627
479.000000 59.000000 0.499266 -0.568347
23.000000 60.000000 -0.932591 -0.565207
395.000000 60.000000 0.235503 -0.565207
402.000000 60.000000 0.257483 -0.565207
549.000000 61.000000 0.719069 -0.562067
476.000000 62.000000 0.489846 -0.558927
29.000000 63.000000 -0.913751 -0.555787
31.000000 63.000000 -0.907471 -0.555787
480.000000 63.000000 0.502406 -0.555787
340.000000 64.000000 0.062801 -0.552647
344.000000 64.000000 0.075361 -0.552647
402.000000 64.000000 0.257483 -0.552647
468.000000 64.000000 0.464725 -0.552647
539.000000 64.000000 0.687668 -0.552647
545.000000 65.000000 0.706508 -0.549506
563.000000 65.000000 0.763029 -0.549506
613.000000 65.000000 0.920031 -0.549506
31.000000 66.000000 -0.907471 -0.546366
38.000000 66.000000 -0.885490 -0.546366
475.000000 66.000000 0.486706 -0.546366
340.000000 67.000000 0.062801 -0.543226
360.000000 67.000000 0.125601 -0.543226
365.000000 68.000000 0.141302 -0.540086
494.000000 68.000000 0.546366 -0.540086
548.000000 69.000000 0.715928 -0.536946
370.000000 70.000000 0.157002 -0.533806
27.000000 71.000000 -0.920031 -0.530666
375.000000 71.000000 0.172702 -0.530666
380.000000 72.000000 0.188402 -0.527526
374.000000 73.000000 0.169562 -0.524386
385.000000 73.000000 0.204102 -0.524386
458.000000 73.000000 0.433325 -0.524386
539.000000 73.000000 0.687668 -0.524386
633.000000 76.000000 0.982832 -0.514966
582.000000 79.000000 0.822690 -0.505546
609.000000 79.000000 0.907471 -0.505546
631.000000 79.000000 0.976552 -0.505546
390.000000 80.000000 0.219803 -0.502406
484.000000 80.000000 0.514966 -0.502406
472.000000 81.000000 0.477286 -0.499266
533.000000 81.000000 0.668828 -0.499266
528.000000 82.000000 0.653128 -0.496126
386.000000 85.000000 0.207242 -0.486706
389.000000 85.000000 0.216663 -0.486706
476.000000 85.000000 0.489846 -0.486706
619.000000 85.000000 0.938871 -0.486706
481.000000 86.000000 0.505546 -0.483566
395.000000 87.000000 0.235503 -0.480426
604.000000 87.000000 0.891771 -0.480426
567.000000 88.000000 0.775589 -0.477286
75.000000 89.000000 -0.769309 -0.474146
383.000000 89.000000 0.197822 -0.474146
471.000000 89.000000 0.474146 -0.474146
480.000000 89.000000 0.502406 -0.474146
582.000000 89.000000 0.822690 -0.474146
122.000000 90.000000 -0.621727 -0.471006
337.000000 90.000000 0.053381 -0.471006
514.000000 90.000000 0.609167 -0.471006
627.000000 90.000000 0.963991 -0.471006
347.000000 91.000000 0.084781 -0.467866
563.000000 91.000000 0.763029 -0.467866
632.000000 91.000000 0.979692 -0.467866
30.000000 92.000000 -0.910611 -0.464725
480.000000 92.000000 0.502406 -0.464725
626.000000 92.000000 0.960851 -0.464725
81.000000 93.000000 -0.750469 -0.461585
128.000000 93.000000 -0.602887 -0.461585
352.000000 93.000000 0.100481 -0.461585
559.000000 93.000000 0.750469 -0.461585
125.000000 94.000000 -0.612307 -0.458445
80.000000 95.000000 -0.753609 -0.455305
540.000000 95.000000 0.690808 -0.455305
632.000000 95.000000 0.979692 -0.455305
32.000000 96.000000 -0.904331 -0.452165
75.000000 96.000000 -0.769309 -0.452165
108.000000 96.000000 -0.665688 -0.452165
121.000000 96.000000 -0.624867 -0.452165
149.000000 96.000000 -0.536946 -0.452165
412.000000 96.000000 0.288883 -0.452165
537.000000 96.000000 0.681388 -0.452165
85.000000 97.000000 -0.737909 -0.449025
146.000000 97.000000 -0.546366 -0.449025
151.000000 97.000000 -0.530666 -0.449025
320.000000 97.000000 -0.000000 -0.449025
534.000000 97.000000 0.671968 -0.449025
89.000000 98.000000 -0.725349 -0.445885
148.000000 98.000000 -0.540086 -0.445885
153.000000 98.000000 -0.524386 -0.445885
467.000000 98.000000 0.461585 -0.445885
474.000000 98.000000 0.483566 -0.445885
531.000000 98.000000 0.662548 -0.445885
94.000000 99.000000 -0.709648 -0.442745
108.000000 99.000000 -0.665688 -0.442745
110.000000 99.000000 -0.659408 -0.442745
138.000000 99.000000 -0.571487 -0.442745
385.000000 99.000000 0.204102 -0.442745
559.000000 99.000000 0.750469 -0.442745
80.000000 100.000000 -0.753609 -0.439605
99.000000 100.000000 -0.693948 -0.439605
143.000000 100.000000 -0.555787 -0.439605
549.000000 100.000000 0.719069 -0.439605
622.000000 100.000000 0.948291 -0.439605
146.000000 101.000000 -0.546366 -0.436465
110.000000 102.000000 -0.659408 -0.433325
164.000000 102.000000 -0.489846 -0.433325
414.000000 102.000000 0.295163 -0.433325
61.000000 103.000000 -0.813270 -0.430185
136.000000 103.000000 -0.577767 -0.430185
145.000000 103.000000 -0.549506 -0.430185
149.000000 103.000000 -0.536946 -0.430185
82.000000 104.000000 -0.747329 -0.427045
87.000000 104.000000 -0.731629 -0.427045
108.000000 104.000000 -0.665688 -0.427045
111.000000 104.000000 -0.656268 -0.427045
319.000000 104.000000 -0.003140 -0.427045
472.000000 104.000000 0.477286 -0.427045
67.000000 105.000000 -0.794429 -0.423905
147.000000 105.000000 -0.543226 -0.423905
339.000000 105.000000 0.059661 -0.423905
86.000000 106.000000 -0.734769 -0.420765
93.000000 106.000000 -0.712788 -0.420765
113.000000 106.000000 -0.649988 -0.420765
133.000000 106.000000 -0.587187 -0.420765
143.000000 106.000000 -0.555787 -0.420765
383.000000 106.000000 0.197822 -0.420765
466.000000 106.000000 0.458445 -0.420765
463.000000 107.000000 0.449025 -0.417625
476.000000 107.000000 0.489846 -0.417625
545.000000 107.000000 0.706508 -0.417625
90.000000 108.000000 -0.722209 -0.414485
108.000000 108.000000 -0.665688 -0.414485
112.000000 108.000000 -0.653128 -0.414485
162.000000 108.000000 -0.496126 -0.414485
364.000000 108.000000 0.138162 -0.414485
504.000000 108.000000 0.577767 -0.414485
164.000000 109.000000 -0.489846 -0.411345
475.000000 109.000000 0.486706 -0.411345
615.000000 109.000000 0.926311 -0.411345
88.000000 110.000000 -0.728489 -0.408205
92.000000 110.000000 -0.715928 -0.408205
135.000000 110.000000 -0.580907 -0.408205
462.000000 110.000000 0.445885 -0.408205
503.000000 110.000000 0.574627 -0.408205
380.000000 111.000000 0.188402 -0.405065
445.000000 111.000000 0.392505 -0.405065
500.000000 111.000000 0.565207 -0.405065
620.000000 111.000000 0.942011 -0.405065
87.000000 112.000000 -0.731629 -0.401925
109.000000 112.000000 -0.662548 -0.401925
340.000000 112.000000 0.062801 -0.401925
348.000000 112.000000 0.087921 -0.401925
464.000000 112.000000 0.452165 -0.401925
636.000000 112.000000 0.992252 -0.401925
95.000000 113.000000 -0.706508 -0.398785
133.000000 113.000000 -0.587187 -0.398785
363.000000 113.000000 0.135022 -0.398785
449.000000 113.000000 0.405065 -0.398785
458.000000 113.000000 0.433325 -0.398785
543.000000 113.000000 0.700228 -0.398785
616.000000 113.000000 0.929451 -0.398785
622.000000 113.000000 0.948291 -0.398785
164.000000 114.000000 -0.489846 -0.395645
337.000000 114.000000 0.053381 -0.395645
454.000000 114.000000 0.420765 -0.395645
460.000000 114.000000 0.439605 -0.395645
480.000000 114.000000 0.502406 -0.395645
630.000000 114.000000 0.973412 -0.395645
342.000000 115.000000 0.069081 -0.392505
379.000000 115.000000 0.185262 -0.392505
521.000000 115.000000 0.631147 -0.392505
546.000000 115.000000 0.709648 -0.392505
112.000000 116.000000 -0.653128 -0.389365
132.000000 116.000000 -0.590327 -0.389365
346.000000 116.000000 0.081641 -0.389365
106.000000 117.000000 -0.671968 -0.386225
335.000000 117.000000 0.047101 -0.386225
381.000000 117.000000 0.191542 -0.386225
446.000000 117.000000 0.395645 -0.386225
110.000000 118.000000 -0.659408 -0.383085
168.000000 118.000000 -0.477286 -0.383085
340.000000 118.000000 0.062801 -0.383085
346.000000 118.000000 0.081641 -0.383085
348.000000 118.000000 0.087921 -0.383085
498.000000 118.000000 0.558927 -0.383085
206.000000 119.000000 -0.357964 -0.379945
623.000000 119.000000 0.951431 -0.379945
133.000000 120.000000 -0.587187 -0.376804
380.000000 120.000000 0.188402 -0.376804
441.000000 120.000000 0.379945 -0.376804
476.000000 120.000000 0.489846 -0.376804
107.000000 121.000000 -0.668828 -0.373664
209.000000 121.000000 -0.348544 -0.373664
336.000000 121.000000 0.050241 -0.373664
502.000000 121.000000 0.571487 -0.373664
88.000000 122.000000 -0.728489 -0.370524
143.000000 122.000000 -0.555787 -0.370524
165.000000 122.000000 -0.486706 -0.370524
174.000000 122.000000 -0.458445 -0.370524
206.000000 122.000000 -0.357964 -0.370524
212.000000 122.000000 -0.339124 -0.370524
341.000000 122.000000 0.065941 -0.370524
348.000000 122.000000 0.087921 -0.370524
367.000000 122.000000 0.147582 -0.370524
223.000000 123.000000 -0.304584 -0.367384
344.000000 123.000000 0.075361 -0.367384
141.000000 124.000000 -0.562067 -0.364244
166.000000 124.000000 -0.483566 -0.364244
169.000000 124.000000 -0.474146 -0.364244
183.000000 124.000000 -0.430185 -0.364244
185.000000 124.000000 -0.423905 -0.364244
189.000000 124.000000 -0.411345 -0.364244
206.000000 124.000000 -0.357964 -0.364244
216.000000 124.000000 -0.326564 -0.364244
354.000000 124.000000 0.106761 -0.364244
460.000000 124.000000 0.439605 -0.364244
219.000000 125.000000 -0.317144 -0.361104
221.000000 125.000000 -0.310864 -0.361104
295.000000 125.000000 -0.078501 -0.361104
297.000000 125.000000 -0.072221 -0.361104
314.000000 125.000000 -0.018840 -0.361104
441.000000 125.000000 0.379945 -0.361104
581.000000 125.000000 0.819550 -0.361104
141.000000 126.000000 -0.562067 -0.357964
353.000000 126.000000 0.103621 -0.357964
377.000000 126.000000 0.178982 -0.357964
183.000000 127.000000 -0.430185 -0.354824
217.000000 127.000000 -0.323424 -0.354824
311.000000 127.000000 -0.028260 -0.354824
340.000000 127.000000 0.062801 -0.354824
342.000000 127.000000 0.069081 -0.354824
350.000000 127.000000 0.094201 -0.354824
541.000000 127.000000 0.693948 -0.354824
200.000000 128.000000 -0.376804 -0.351684
222.000000 128.000000 -0.307724 -0.351684
316.000000 128.000000 -0.012560 -0.351684
406.000000 128.000000 0.270043 -0.351684
448.000000 128.000000 0.401925 -0.351684
628.000000 128.000000 0.967131 -0.351684
211.000000 129.000000 -0.342264 -0.348544
309.000000 129.000000 -0.034540 -0.348544
321.000000 129.000000 0.003140 -0.348544
327.000000 129.000000 0.021980 -0.348544
335.000000 129.000000 0.047101 -0.348544
427.000000 129.000000 0.335984 -0.348544
458.000000 129.000000 0.433325 -0.348544
577.000000 129.000000 0.806990 -0.348544
604.000000 129.000000 0.891771 -0.348544
103.000000 130.000000 -0.681388 -0.345404
191.000000 130.000000 -0.405065 -0.345404
193.000000 130.000000 -0.398785 -0.345404
197.000000 130.000000 -0.386225 -0.345404
213.000000 130.000000 -0.335984 -0.345404
222.000000 130.000000 -0.307724 -0.345404
296.000000 130.000000 -0.075361 -0.345404
323.000000 130.000000 0.009420 -0.345404
342.000000 130.000000 0.069081 -0.345404
376.000000 130.000000 0.175842 -0.345404
378.000000 130.000000 0.182122 -0.345404
485.000000 130.000000 0.518106 -0.345404
181.000000 131.000000 -0.436465 -0.342264
187.000000 131.000000 -0.417625 -0.342264
206.000000 131.000000 -0.357964 -0.342264
211.000000 131.000000 -0.342264 -0.342264
338.000000 131.000000 0.056521 -0.342264
479.000000 131.000000 0.499266 -0.342264
556.000000 131.000000 0.741049 -0.342264
563.000000 131.000000 0.763029 -0.342264
620.000000 131.000000 0.942011 -0.342264
184.000000 132.000000 -0.427045 -0.339124
189.000000 132.000000 -0.411345 -0.339124
214.000000 132.000000 -0.332844 -0.339124
361.000000 132.000000 0.128742 -0.339124
405.000000 132.000000 0.266903 -0.339124
484.000000 132.000000 0.514966 -0.339124
200.000000 133.000000 -0.376804 -0.335984
344.000000 133.000000 0.075361 -0.335984
464.000000 133.000000 0.452165 -0.335984
476.000000 133.000000 0.489846 -0.335984
207.000000 134.000000 -0.354824 -0.332844
320.000000 134.000000 -0.000000 -0.332844
338.000000 134.000000 0.056521 -0.332844
348.000000 134.000000 0.087921 -0.332844
375.000000 134.000000 0.172702 -0.332844
251.000000 135.000000 -0.216663 -0.329704
344.000000 135.000000 0.075361 -0.329704
380.000000 135.000000 0.188402 -0.329704
558.000000 135.000000 0.747329 -0.329704
565.000000 135.000000 0.769309 -0.329704
577.000000 135.000000 0.806990 -0.329704
613.000000 135.000000 0.920031 -0.329704
206.000000 136.000000 -0.357964 -0.326564
231.000000 136.000000 -0.279463 -0.326564
234.000000 136.000000 -0.270043 -0.326564
243.000000 136.000000 -0.241783 -0.326564
245.000000 136.000000 -0.235503 -0.326564
260.000000 136.000000 -0.188402 -0.326564
347.000000 136.000000 0.084781 -0.326564
362.000000 136.000000 0.131882 -0.326564
377.000000 136.000000 0.178982 -0.326564
404.000000 136.000000 0.263763 -0.326564
623.000000 136.000000 0.951431 -0.326564
87.000000 137.000000 -0.731629 -0.323424
210.000000 137.000000 -0.345404 -0.323424
238.000000 137.000000 -0.257483 -0.323424
241.000000 137.000000 -0.248063 -0.323424
314.000000 137.000000 -0.018840 -0.323424
358.000000 137.000000 0.119321 -0.323424
379.000000 137.000000 0.185262 -0.323424
398.000000 137.000000 0.244923 -0.323424
473.000000 137.000000 0.480426 -0.323424
530.000000 137.000000 0.659408 -0.323424
576.000000 137.000000 0.803850 -0.323424
37.000000 138.000000 -0.888631 -0.320284
213.000000 138.000000 -0.335984 -0.320284
236.000000 138.000000 -0.263763 -0.320284
243.000000 138.000000 -0.241783 -0.320284
252.000000 138.000000 -0.213523 -0.320284
355.000000 138.000000 0.109901 -0.320284
361.000000 138.000000 0.128742 -0.320284
363.000000 138.000000 0.135022 -0.320284
365.000000 138.000000 0.141302 -0.320284
384.000000 138.000000 0.200962 -0.320284
458.000000 138.000000 0.433325 -0.320284
475.000000 138.000000 0.486706 -0.320284
580.000000 138.000000 0.816410 -0.320284
144.000000 139.000000 -0.552647 -0.317144
241.000000 139.000000 -0.248063 -0.317144
319.000000 139.000000 -0.003140 -0.317144
326.000000 139.000000 0.018840 -0.317144
333.000000 139.000000 0.040820 -0.317144
336.000000 139.000000 0.050241 -0.317144
339.000000 139.000000 0.059661 -0.317144
358.000000 139.000000 0.119321 -0.317144
377.000000 139.000000 0.178982 -0.317144
585.000000 139.000000 0.832110 -0.317144
53.000000 140.000000 -0.838390 -0.314004
55.000000 140.000000 -0.832110 -0.314004
233.000000 140.000000 -0.273183 -0.314004
245.000000 140.000000 -0.235503 -0.314004
261.000000 140.000000 -0.185262 -0.314004
324.000000 140.000000 0.012560 -0.314004
341.000000 140.000000 0.065941 -0.314004
344.000000 140.000000 0.075361 -0.314004
351.000000 140.000000 0.097341 -0.314004
366.000000 140.000000 0.144442 -0.314004
368.000000 140.000000 0.150722 -0.314004
371.000000 140.000000 0.160142 -0.314004
374.000000 140.000000 0.169562 -0.314004
403.000000 140.000000 0.260623 -0.314004
522.000000 140.000000 0.634288 -0.314004
214.000000 141.000000 -0.332844 -0.310864
252.000000 141.000000 -0.213523 -0.310864
477.000000 141.000000 0.492986 -0.310864
510.000000 141.000000 0.596607 -0.310864
212.000000 142.000000 -0.339124 -0.307724
236.000000 142.000000 -0.263763 -0.307724
320.000000 142.000000 -0.000000 -0.307724
329.000000 142.000000 0.028260 -0.307724
334.000000 142.000000 0.043961 -0.307724
341.000000 142.000000 0.065941 -0.307724
352.000000 142.000000 0.100481 -0.307724
382.000000 142.000000 0.194682 -0.307724
314.000000 143.000000 -0.018840 -0.304584
344.000000 143.000000 0.075361 -0.304584
358.000000 143.000000 0.119321 -0.304584
445.000000 143.000000 0.392505 -0.304584
453.000000 143.000000 0.417625 -0.304584
507.000000 143.000000 0.587187 -0.304584
557.000000 143.000000 0.744189 -0.304584
584.000000 143.000000 0.828970 -0.304584
213.000000 144.000000 -0.335984 -0.301444
251.000000 144.000000 -0.216663 -0.301444
274.000000 144.000000 -0.144442 -0.301444
333.000000 144.000000 0.040820 -0.301444
341.000000 144.000000 0.065941 -0.301444
363.000000 144.000000 0.135022 -0.301444
387.000000 144.000000 0.210382 -0.301444
614.000000 144.000000 0.923171 -0.301444
283.000000 145.000000 -0.116181 -0.298304
299.000000 145.000000 -0.065941 -0.298304
312.000000 145.000000 -0.025120 -0.298304
315.000000 145.000000 -0.015700 -0.298304
318.000000 145.000000 -0.006280 -0.298304
324.000000 145.000000 0.012560 -0.298304
349.000000 145.000000 0.091061 -0.298304
352.000000 145.000000 0.100481 -0.298304
354.000000 145.000000 0.106761 -0.298304
366.000000 145.000000 0.144442 -0.298304
392.000000 145.000000 0.226083 -0.298304
395.000000 145.000000 0.235503 -0.298304
398.000000 145.000000 0.244923 -0.298304
480.000000 145.000000 0.502406 -0.298304
213.000000 146.000000 -0.335984 -0.295163
327.000000 146.000000 0.021980 -0.295163
329.000000 146.000000 0.028260 -0.295163
360.000000 146.000000 0.125601 -0.295163
470.000000 146.000000 0.471006 -0.295163
549.000000 146.000000 0.719069 -0.295163
595.000000 146.000000 0.863510 -0.295163
206.000000 147.000000 -0.357964 -0.292023
237.000000 147.000000 -0.260623 -0.292023
284.000000 147.000000 -0.113041 -0.292023
320.000000 147.000000 -0.000000 -0.292023
365.000000 147.000000 0.141302 -0.292023
367.000000 147.000000 0.147582 -0.292023
400.000000 147.000000 0.251203 -0.292023
407.000000 147.000000 0.273183 -0.292023
473.000000 147.000000 0.480426 -0.292023
478.000000 147.000000 0.496126 -0.292023
203.000000 148.000000 -0.367384 -0.288883
272.000000 148.000000 -0.150722 -0.288883
274.000000 148.000000 -0.144442 -0.288883
315.000000 148.000000 -0.015700 -0.288883
332.000000 148.000000 0.037680 -0.288883
360.000000 148.000000 0.125601 -0.288883
369.000000 148.000000 0.153862 -0.288883
409.000000 148.000000 0.279463 -0.288883
252.000000 149.000000 -0.213523 -0.285743
337.000000 149.000000 0.053381 -0.285743
343.000000 149.000000 0.072221 -0.285743
347.000000 149.000000 0.084781 -0.285743
362.000000 149.000000 0.131882 -0.285743
367.000000 149.000000 0.147582 -0.285743
375.000000 149.000000 0.172702 -0.285743
387.000000 149.000000 0.210382 -0.285743
430.000000 149.000000 0.345404 -0.285743
210.000000 150.000000 -0.345404 -0.282603
272.000000 150.000000 -0.150722 -0.282603
322.000000 150.000000 0.006280 -0.282603
328.000000 150.000000 0.025120 -0.282603
349.000000 150.000000 0.091061 -0.282603
371.000000 150.000000 0.160142 -0.282603
471.000000 150.000000 0.474146 -0.282603
98.000000 151.000000 -0.697088 -0.279463
267.000000 151.000000 -0.166422 -0.279463
347.000000 151.000000 0.084781 -0.279463
363.000000 151.000000 0.135022 -0.279463
384.000000 151.000000 0.200962 -0.279463
475.000000 151.000000 0.486706 -0.279463
533.000000 151.000000 0.668828 -0.279463
578.000000 151.000000 0.810130 -0.279463
187.000000 152.000000 -0.417625 -0.276323
212.000000 152.000000 -0.339124 -0.276323
336.000000 152.000000 0.050241 -0.276323
342.000000 152.000000 0.069081 -0.276323
357.000000 152.000000 0.116181 -0.276323
380.000000 152.000000 0.188402 -0.276323
401.000000 152.000000 0.254343 -0.276323
409.000000 152.000000 0.279463 -0.276323
468.000000 152.000000 0.464725 -0.276323
470.000000 152.000000 0.471006 -0.276323
284.000000 153.000000 -0.113041 -0.273183
289.000000 153.000000 -0.097341 -0.273183
363.000000 153.000000 0.135022 -0.273183
460.000000 153.000000 0.439605 -0.273183
510.000000 153.000000 0.596607 -0.273183
618.000000 153.000000 0.935731 -0.273183
273.000000 154.000000 -0.147582 -0.270043
292.000000 154.000000 -0.087921 -0.270043
376.000000 154.000000 0.175842 -0.270043
383.000000 154.000000 0.197822 -0.270043
406.000000 154.000000 0.270043 -0.270043
455.000000 154.000000 0.423905 -0.270043
473.000000 154.000000 0.480426 -0.270043
535.000000 154.000000 0.675108 -0.270043
540.000000 154.000000 0.690808 -0.270043
210.000000 155.000000 -0.345404 -0.266903
254.000000 155.000000 -0.207242 -0.266903
276.000000 155.000000 -0.138162 -0.266903
333.000000 155.000000 0.040820 -0.266903
343.000000 155.000000 0.072221 -0.266903
366.000000 155.000000 0.144442 -0.266903
372.000000 155.000000 0.163282 -0.266903
385.000000 155.000000 0.204102 -0.266903
463.000000 155.000000 0.449025 -0.266903
470.000000 155.000000 0.471006 -0.266903
627.000000 155.000000 0.963991 -0.266903
288.000000 156.000000 -0.100481 -0.263763
301.000000 156.000000 -0.059661 -0.263763
375.000000 156.000000 0.172702 -0.263763
453.000000 156.000000 0.417625 -0.263763
458.000000 156.000000 0.433325 -0.263763
475.000000 156.000000 0.486706 -0.263763
555.000000 156.000000 0.737909 -0.263763
110.000000 157.000000 -0.659408 -0.260623
385.000000 157.000000 0.204102 -0.260623
390.000000 157.000000 0.219803 -0.260623
406.000000 157.000000 0.270043 -0.260623
472.000000 157.000000 0.477286 -0.260623
483.000000 157.000000 0.511826 -0.260623
496.000000 157.000000 0.552647 -0.260623
609.000000 157.000000 0.907471 -0.260623
186.000000 158.000000 -0.420765 -0.257483
209.000000 158.000000 -0.348544 -0.257483
354.000000 158.000000 0.106761 -0.257483
362.000000 158.000000 0.131882 -0.257483
452.000000 158.000000 0.414485 -0.257483
463.000000 158.000000 0.449025 -0.257483
508.000000 158.000000 0.590327 -0.257483
533.000000 158.000000 0.668828 -0.257483
97.000000 159.000000 -0.700228 -0.254343
189.000000 159.000000 -0.411345 -0.254343
249.000000 159.000000 -0.222943 -0.254343
435.000000 159.000000 0.361104 -0.254343
476.000000 159.000000 0.489846 -0.254343
495.000000 159.000000 0.549506 -0.254343
572.000000 159.000000 0.791289 -0.254343
578.000000 159.000000 0.810130 -0.254343
211.000000 160.000000 -0.342264 -0.251203
320.000000 160.000000 -0.000000 -0.251203
357.000000 160.000000 0.116181 -0.251203
367.000000 160.000000 0.147582 -0.251203
374.000000 160.000000 0.169562 -0.251203
382.000000 160.000000 0.194682 -0.251203
405.000000 160.000000 0.266903 -0.251203
428.000000 160.000000 0.339124 -0.251203
457.000000 160.000000 0.430185 -0.251203
472.000000 160.000000 0.477286 -0.251203
500.000000 160.000000 0.565207 -0.251203
526.000000 160.000000 0.646848 -0.251203
540.000000 160.000000 0.690808 -0.251203
107.000000 161.000000 -0.668828 -0.248063
252.000000 161.000000 -0.213523 -0.248063
254.000000 161.000000 -0.207242 -0.248063
417.000000 161.000000 0.304584 -0.248063
426.000000 161.000000 0.332844 -0.248063
467.000000 161.000000 0.461585 -0.248063
497.000000 161.000000 0.555787 -0.248063
571.000000 161.000000 0.788149 -0.248063
578.000000 161.000000 0.810130 -0.248063
274.000000 162.000000 -0.144442 -0.244923
284.000000 162.000000 -0.113041 -0.244923
368.000000 162.000000 0.150722 -0.244923
469.000000 162.000000 0.467866 -0.244923
471.000000 162.000000 0.474146 -0.244923
514.000000 162.000000 0.609167 -0.244923
612.000000 162.000000 0.916891 -0.244923
140.000000 163.000000 -0.565207 -0.241783
311.000000 163.000000 -0.028260 -0.241783
332.000000 163.000000 0.037680 -0.241783
404.000000 163.000000 0.263763 -0.241783
456.000000 163.000000 0.427045 -0.241783
474.000000 163.000000 0.483566 -0.241783
487.000000 163.000000 0.524386 -0.241783
490.000000 163.000000 0.533806 -0.241783
496.000000 163.000000 0.552647 -0.241783
337.000000 164.000000 0.053381 -0.238643
462.000000 164.000000 0.445885 -0.238643
482.000000 164.000000 0.508686 -0.238643
563.000000 164.000000 0.763029 -0.238643
317.000000 165.000000 -0.009420 -0.235503
377.000000 165.000000 0.178982 -0.235503
405.000000 165.000000 0.266903 -0.235503
555.000000 165.000000 0.737909 -0.235503
185.000000 166.000000 -0.423905 -0.232363
187.000000 166.000000 -0.417625 -0.232363
325.000000 166.000000 0.015700 -0.232363
339.000000 166.000000 0.059661 -0.232363
363.000000 166.000000 0.135022 -0.232363
471.000000 166.000000 0.474146 -0.232363
479.000000 166.000000 0.499266 -0.232363
542.000000 166.000000 0.697088 -0.232363
210.000000 167.000000 -0.345404 -0.229223
310.000000 167.000000 -0.031400 -0.229223
334.000000 167.000000 0.043961 -0.229223
353.000000 167.000000 0.103621 -0.229223
382.000000 167.000000 0.194682 -0.229223
455.000000 167.000000 0.423905 -0.229223
501.000000 167.000000 0.568347 -0.229223
602.000000 167.000000 0.885490 -0.229223
631.000000 167.000000 0.976552 -0.229223
636.000000 167.000000 0.992252 -0.229223
85.000000 168.000000 -0.737909 -0.226083
208.000000 168.000000 -0.351684 -0.226083
324.000000 168.000000 0.012560 -0.226083
370.000000 168.000000 0.157002 -0.226083
374.000000 168.000000 0.169562 -0.226083
377.000000 168.000000 0.178982 -0.226083
402.000000 168.000000 0.257483 -0.226083
424.000000 168.000000 0.326564 -0.226083
449.000000 168.000000 0.405065 -0.226083
495.000000 168.000000 0.549506 -0.226083
497.000000 168.000000 0.555787 -0.226083
529.000000 168.000000 0.656268 -0.226083
557.000000 168.000000 0.744189 -0.226083
188.000000 169.000000 -0.414485 -0.222943
316.000000 169.000000 -0.012560 -0.222943
330.000000 169.000000 0.031400 -0.222943
339.000000 169.000000 0.059661 -0.222943
382.000000 169.000000 0.194682 -0.222943
404.000000 169.000000 0.263763 -0.222943
470.000000 169.000000 0.471006 -0.222943
336.000000 170.000000 0.050241 -0.219803
357.000000 170.000000 0.116181 -0.219803
363.000000 170.000000 0.135022 -0.219803
454.000000 170.000000 0.420765 -0.219803
472.000000 170.000000 0.477286 -0.219803
138.000000 171.000000 -0.571487 -0.216663
184.000000 171.000000 -0.427045 -0.216663
208.000000 171.000000 -0.351684 -0.216663
349.000000 171.000000 0.091061 -0.216663
354.000000 171.000000 0.106761 -0.216663
498.000000 171.000000 0.558927 -0.216663
604.000000 171.000000 0.891771 -0.216663
358.000000 172.000000 0.119321 -0.213523
391.000000 172.000000 0.222943 -0.213523
407.000000 172.000000 0.273183 -0.213523
414.000000 172.000000 0.295163 -0.213523
468.000000 172.000000 0.464725 -0.213523
471.000000 172.000000 0.474146 -0.213523
495.000000 172.000000 0.549506 -0.213523
512.000000 172.000000 0.602887 -0.213523
573.000000 172.000000 0.794429 -0.213523
139.000000 173.000000 -0.568347 -0.210382
186.000000 173.000000 -0.420765 -0.210382
189.000000 173.000000 -0.411345 -0.210382
272.000000 173.000000 -0.150722 -0.210382
363.000000 173.000000 0.135022 -0.210382
448.000000 173.000000 0.401925 -0.210382
479.000000 173.000000 0.499266 -0.210382
481.000000 173.000000 0.505546 -0.210382
91.000000 174.000000 -0.719069 -0.207242
99.000000 174.000000 -0.693948 -0.207242
137.000000 174.000000 -0.574627 -0.207242
207.000000 174.000000 -0.354824 -0.207242
249.000000 174.000000 -0.222943 -0.207242
254.000000 174.000000 -0.207242 -0.207242
315.000000 174.000000 -0.015700 -0.207242
342.000000 174.000000 0.069081 -0.207242
355.000000 174.000000 0.109901 -0.207242
365.000000 174.000000 0.141302 -0.207242
381.000000 174.000000 0.191542 -0.207242
385.000000 174.000000 0.204102 -0.207242
411.000000 174.000000 0.285743 -0.207242
417.000000 174.000000 0.304584 -0.207242
453.000000 174.000000 0.417625 -0.207242
459.000000 174.000000 0.436465 -0.207242
469.000000 174.000000 0.467866 -0.207242
209.000000 175.000000 -0.348544 -0.204102
328.000000 175.000000 0.025120 -0.204102
360.000000 175.000000 0.125601 -0.204102
367.000000 175.000000 0.147582 -0.204102
447.000000 175.000000 0.398785 -0.204102
624.000000 175.000000 0.954571 -0.204102
139.000000 176.000000 -0.568347 -0.200962
252.000000 176.000000 -0.213523 -0.200962
273.000000 176.000000 -0.147582 -0.200962
333.000000 176.000000 0.040820 -0.200962
371.000000 176.000000 0.160142 -0.200962
375.000000 176.000000 0.172702 -0.200962
394.000000 176.000000 0.232363 -0.200962
494.000000 176.000000 0.546366 -0.200962
541.000000 176.000000 0.693948 -0.200962
556.000000 176.000000 0.741049 -0.200962
606.000000 176.000000 0.898051 -0.200962
137.000000 177.000000 -0.574627 -0.197822
183.000000 177.000000 -0.430185 -0.197822
250.000000 177.000000 -0.219803 -0.197822
254.000000 177.000000 -0.207242 -0.197822
266.000000 177.000000 -0.169562 -0.197822
269.000000 177.000000 -0.160142 -0.197822
317.000000 177.000000 -0.009420 -0.197822
348.000000 177.000000 0.087921 -0.197822
367.000000 177.000000 0.147582 -0.197822
399.000000 177.000000 0.248063 -0.197822
402.000000 177.000000 0.257483 -0.197822
405.000000 177.000000 0.266903 -0.197822
452.000000 177.000000 0.414485 -0.197822
458.000000 177.000000 0.433325 -0.197822
468.000000 177.000000 0.464725 -0.197822
470.000000 177.000000 0.471006 -0.197822
482.000000 177.000000 0.508686 -0.197822
609.000000 177.000000 0.907471 -0.197822
139.000000 178.000000 -0.568347 -0.194682
252.000000 178.000000 -0.213523 -0.194682
364.000000 178.000000 0.138162 -0.194682
417.000000 178.000000 0.304584 -0.194682
549.000000 178.000000 0.719069 -0.194682
604.000000 178.000000 0.891771 -0.194682
195.000000 179.000000 -0.392505 -0.191542
207.000000 179.000000 -0.354824 -0.191542
314.000000 179.000000 -0.018840 -0.191542
354.000000 179.000000 0.106761 -0.191542
371.000000 179.000000 0.160142 -0.191542
421.000000 179.000000 0.317144 -0.191542
496.000000 179.000000 0.552647 -0.191542
524.000000 179.000000 0.640568 -0.191542
553.000000 179.000000 0.731629 -0.191542
559.000000 179.000000 0.750469 -0.191542
606.000000 179.000000 0.898051 -0.191542
252.000000 180.000000 -0.213523 -0.188402
266.000000 180.000000 -0.169562 -0.188402
276.000000 180.000000 -0.138162 -0.188402
326.000000 180.000000 0.018840 -0.188402
400.000000 180.000000 0.251203 -0.188402
464.000000 180.000000 0.452165 -0.188402
469.000000 180.000000 0.467866 -0.188402
478.000000 180.000000 0.496126 -0.188402
499.000000 180.000000 0.562067 -0.188402
570.000000 180.000000 0.785009 -0.188402
404.000000 181.000000 0.263763 -0.185262
453.000000 181.000000 0.417625 -0.185262
456.000000 181.000000 0.427045 -0.185262
475.000000 181.000000 0.486706 -0.185262
399.000000 182.000000 0.248063 -0.182122
416.000000 182.000000 0.301444 -0.182122
429.000000 182.000000 0.342264 -0.182122
491.000000 182.000000 0.536946 -0.182122
548.000000 182.000000 0.715928 -0.182122
208.000000 183.000000 -0.351684 -0.178982
279.000000 183.000000 -0.128742 -0.178982
339.000000 183.000000 0.059661 -0.178982
363.000000 183.000000 0.135022 -0.178982
388.000000 183.000000 0.213523 -0.178982
436.000000 183.000000 0.364244 -0.178982
569.000000 183.000000 0.781869 -0.178982
138.000000 184.000000 -0.571487 -0.175842
182.000000 184.000000 -0.433325 -0.175842
267.000000 184.000000 -0.166422 -0.175842
283.000000 184.000000 -0.116181 -0.175842
417.000000 184.000000 0.304584 -0.175842
441.000000 184.000000 0.379945 -0.175842
443.000000 184.000000 0.386225 -0.175842
573.000000 184.000000 0.794429 -0.175842
586.000000 184.000000 0.835250 -0.175842
613.000000 184.000000 0.920031 -0.175842
91.000000 185.000000 -0.719069 -0.172702
250.000000 185.000000 -0.219803 -0.172702
260.000000 185.000000 -0.188402 -0.172702
308.000000 185.000000 -0.037680 -0.172702
313.000000 185.000000 -0.021980 -0.172702
422.000000 185.000000 0.320284 -0.172702
449.000000 185.000000 0.405065 -0.172702
460.000000 185.000000 0.439605 -0.172702
499.000000 185.000000 0.562067 -0.172702
523.000000 185.000000 0.637428 -0.172702
138.000000 186.000000 -0.571487 -0.169562
286.000000 186.000000 -0.106761 -0.169562
362.000000 186.000000 0.131882 -0.169562
375.000000 186.000000 0.172702 -0.169562
417.000000 186.000000 0.304584 -0.169562
426.000000 186.000000 0.332844 -0.169562
455.000000 186.000000 0.423905 -0.169562
462.000000 186.000000 0.445885 -0.169562
532.000000 186.000000 0.665688 -0.169562
586.000000 186.000000 0.835250 -0.169562
628.000000 186.000000 0.967131 -0.169562
632.000000 186.000000 0.979692 -0.169562
97.000000 187.000000 -0.700228 -0.166422
182.000000 187.000000 -0.433325 -0.166422
228.000000 187.000000 -0.288883 -0.166422
232.000000 187.000000 -0.276323 -0.166422
244.000000 187.000000 -0.238643 -0.166422
246.000000 187.000000 -0.232363 -0.166422
307.000000 187.000000 -0.040820 -0.166422
313.000000 187.000000 -0.021980 -0.166422
316.000000 187.000000 -0.012560 -0.166422
319.000000 187.000000 -0.003140 -0.166422
414.000000 187.000000 0.295163 -0.166422
432.000000 187.000000 0.351684 -0.166422
467.000000 187.000000 0.461585 -0.166422
473.000000 187.000000 0.480426 -0.166422
550.000000 187.000000 0.722209 -0.166422
138.000000 188.000000 -0.571487 -0.163282
215.000000 188.000000 -0.329704 -0.163282
236.000000 188.000000 -0.263763 -0.163282
436.000000 188.000000 0.364244 -0.163282
463.000000 188.000000 0.449025 -0.163282
489.000000 188.000000 0.530666 -0.163282
208.000000 189.000000 -0.351684 -0.160142
327.000000 189.000000 0.021980 -0.160142
414.000000 189.000000 0.295163 -0.160142
421.000000 189.000000 0.317144 -0.160142
440.000000 189.000000 0.376804 -0.160142
630.000000 189.000000 0.973412 -0.160142
212.000000 190.000000 -0.339124 -0.157002
222.000000 190.000000 -0.307724 -0.157002
312.000000 190.000000 -0.025120 -0.157002
333.000000 190.000000 0.040820 -0.157002
339.000000 190.000000 0.059661 -0.157002
368.000000 190.000000 0.150722 -0.157002
399.000000 190.000000 0.248063 -0.157002
428.000000 190.000000 0.339124 -0.157002
461.000000 190.000000 0.442745 -0.157002
554.000000 190.000000 0.734769 -0.157002
632.000000 190.000000 0.979692 -0.157002
182.000000 191.000000 -0.433325 -0.153862
185.000000 191.000000 -0.423905 -0.153862
216.000000 191.000000 -0.326564 -0.153862
331.000000 191.000000 0.034540 -0.153862
342.000000 191.000000 0.069081 -0.153862
361.000000 191.000000 0.128742 -0.153862
430.000000 191.000000 0.345404 -0.153862
458.000000 191.000000 0.433325 -0.153862
481.000000 191.000000 0.505546 -0.153862
532.000000 191.000000 0.665688 -0.153862
204.000000 192.000000 -0.364244 -0.150722
302.000000 192.000000 -0.056521 -0.150722
348.000000 192.000000 0.087921 -0.150722
435.000000 192.000000 0.361104 -0.150722
440.000000 192.000000 0.376804 -0.150722
446.000000 192.000000 0.395645 -0.150722
455.000000 192.000000 0.423905 -0.150722
463.000000 192.000000 0.449025 -0.150722
520.000000 192.000000 0.628007 -0.150722
530.000000 192.000000 0.659408 -0.150722
545.000000 192.000000 0.706508 -0.150722
580.000000 192.000000 0.816410 -0.150722
595.000000 192.000000 0.863510 -0.150722
103.000000 193.000000 -0.681388 -0.147582
158.000000 193.000000 -0.508686 -0.147582
197.000000 193.000000 -0.386225 -0.147582
307.000000 193.000000 -0.040820 -0.147582
314.000000 193.000000 -0.018840 -0.147582
352.000000 193.000000 0.100481 -0.147582
415.000000 193.000000 0.298304 -0.147582
451.000000 193.000000 0.411345 -0.147582
137.000000 194.000000 -0.574627 -0.144442
188.000000 194.000000 -0.414485 -0.144442
300.000000 194.000000 -0.062801 -0.144442
343.000000 194.000000 0.072221 -0.144442
345.000000 194.000000 0.078501 -0.144442
354.000000 194.000000 0.106761 -0.144442
389.000000 194.000000 0.216663 -0.144442
412.000000 194.000000 0.288883 -0.144442
426.000000 194.000000 0.332844 -0.144442
445.000000 194.000000 0.392505 -0.144442
449.000000 194.000000 0.405065 -0.144442
538.000000 194.000000 0.684528 -0.144442
331.000000 195.000000 0.034540 -0.141302
350.000000 195.000000 0.094201 -0.141302
357.000000 195.000000 0.116181 -0.141302
456.000000 195.000000 0.427045 -0.141302
102.000000 196.000000 -0.684528 -0.138162
105.000000 196.000000 -0.675108 -0.138162
107.000000 196.000000 -0.668828 -0.138162
327.000000 196.000000 0.021980 -0.138162
353.000000 196.000000 0.103621 -0.138162
360.000000 196.000000 0.125601 -0.138162
423.000000 196.000000 0.323424 -0.138162
482.000000 196.000000 0.508686 -0.138162
548.000000 196.000000 0.715928 -0.138162
550.000000 196.000000 0.722209 -0.138162
135.000000 197.000000 -0.580907 -0.135022
308.000000 197.000000 -0.037680 -0.135022
367.000000 197.000000 0.147582 -0.135022
395.000000 197.000000 0.235503 -0.135022
417.000000 197.000000 0.304584 -0.135022
447.000000 197.000000 0.398785 -0.135022
456.000000 197.000000 0.427045 -0.135022
488.000000 197.000000 0.527526 -0.135022
553.000000 197.000000 0.731629 -0.135022
352.000000 198.000000 0.100481 -0.131882
411.000000 198.000000 0.285743 -0.131882
431.000000 198.000000 0.348544 -0.131882
450.000000 198.000000 0.408205 -0.131882
458.000000 198.000000 0.433325 -0.131882
466.000000 198.000000 0.458445 -0.131882
478.000000 198.000000 0.496126 -0.131882
492.000000 198.000000 0.540086 -0.131882
495.000000 198.000000 0.549506 -0.131882
551.000000 198.000000 0.725349 -0.131882
558.000000 198.000000 0.747329 -0.131882
101.000000 199.000000 -0.687668 -0.128742
103.000000 199.000000 -0.681388 -0.128742
294.000000 199.000000 -0.081641 -0.128742
356.000000 199.000000 0.113041 -0.128742
395.000000 199.000000 0.235503 -0.128742
398.000000 199.000000 0.244923 -0.128742
421.000000 199.000000 0.317144 -0.128742
438.000000 199.000000 0.370524 -0.128742
463.000000 199.000000 0.449025 -0.128742
519.000000 199.000000 0.624867 -0.128742
537.000000 199.000000 0.681388 -0.128742
563.000000 199.000000 0.763029 -0.128742
133.000000 200.000000 -0.587187 -0.125601
137.000000 200.000000 -0.574627 -0.125601
287.000000 200.000000 -0.103621 -0.125601
291.000000 200.000000 -0.091061 -0.125601
298.000000 200.000000 -0.069081 -0.125601
359.000000 200.000000 0.122461 -0.125601
411.000000 200.000000 0.285743 -0.125601
440.000000 200.000000 0.376804 -0.125601
456.000000 200.000000 0.427045 -0.125601
485.000000 200.000000 0.518106 -0.125601
514.000000 200.000000 0.609167 -0.125601
555.000000 200.000000 0.737909 -0.125601
90.000000 201.000000 -0.722209 -0.122461
141.000000 201.000000 -0.562067 -0.122461
294.000000 201.000000 -0.081641 -0.122461
333.000000 201.000000 0.040820 -0.122461
394.000000 201.000000 0.232363 -0.122461
463.000000 201.000000 0.449025 -0.122461
560.000000 201.000000 0.753609 -0.122461
627.000000 201.000000 0.963991 -0.122461
103.000000 202.000000 -0.681388 -0.119321
288.000000 202.000000 -0.100481 -0.119321
340.000000 202.000000 0.062801 -0.119321
360.000000 202.000000 0.125601 -0.119321
410.000000 202.000000 0.282603 -0.119321
83.000000 203.000000 -0.744189 -0.116181
286.000000 203.000000 -0.106761 -0.116181
342.000000 203.000000 0.069081 -0.116181
344.000000 203.000000 0.075361 -0.116181
420.000000 203.000000 0.314004 -0.116181
458.000000 203.000000 0.433325 -0.116181
468.000000 203.000000 0.464725 -0.116181
471.000000 203.000000 0.474146 -0.116181
586.000000 203.000000 0.835250 -0.116181
89.000000 204.000000 -0.725349 -0.113041
400.000000 204.000000 0.251203 -0.113041
410.000000 204.000000 0.282603 -0.113041
412.000000 204.000000 0.288883 -0.113041
477.000000 204.000000 0.492986 -0.113041
481.000000 204.000000 0.505546 -0.113041
498.000000 204.000000 0.558927 -0.113041
501.000000 204.000000 0.568347 -0.113041
558.000000 204.000000 0.747329 -0.113041
597.000000 204.000000 0.869790 -0.113041
102.000000 205.000000 -0.684528 -0.109901
285.000000 205.000000 -0.109901 -0.109901
346.000000 205.000000 0.081641 -0.109901
359.000000 205.000000 0.122461 -0.109901
364.000000 205.000000 0.138162 -0.109901
368.000000 205.000000 0.150722 -0.109901
382.000000 205.000000 0.194682 -0.109901
392.000000 205.000000 0.226083 -0.109901
444.000000 205.000000 0.389365 -0.109901
447.000000 205.000000 0.398785 -0.109901
462.000000 205.000000 0.445885 -0.109901
633.000000 205.000000 0.982832 -0.109901
357.000000 206.000000 0.116181 -0.106761
394.000000 206.000000 0.232363 -0.106761
456.000000 206.000000 0.427045 -0.106761
488.000000 206.000000 0.527526 -0.106761
490.000000 206.000000 0.533806 -0.106761
597.000000 206.000000 0.869790 -0.106761
100.000000 207.000000 -0.690808 -0.103621
280.000000 207.000000 -0.125601 -0.103621
435.000000 207.000000 0.361104 -0.103621
450.000000 207.000000 0.408205 -0.103621
510.000000 207.000000 0.596607 -0.103621
531.000000 207.000000 0.662548 -0.103621
542.000000 207.000000 0.697088 -0.103621
546.000000 207.000000 0.709648 -0.103621
548.000000 207.000000 0.715928 -0.103621
106.000000 208.000000 -0.671968 -0.100481
275.000000 208.000000 -0.141302 -0.100481
412.000000 208.000000 0.288883 -0.100481
479.000000 208.000000 0.499266 -0.100481
516.000000 208.000000 0.615447 -0.100481
494.000000 209.000000 0.546366 -0.097341
582.000000 209.000000 0.822690 -0.097341
263.000000 210.000000 -0.178982 -0.094201
274.000000 210.000000 -0.144442 -0.094201
364.000000 210.000000 0.138162 -0.094201
370.000000 210.000000 0.157002 -0.094201
393.000000 210.000000 0.229223 -0.094201
396.000000 210.000000 0.238643 -0.094201
398.000000 210.000000 0.244923 -0.094201
405.000000 210.000000 0.266903 -0.094201
441.000000 210.000000 0.379945 -0.094201
471.000000 210.000000 0.474146 -0.094201
592.000000 210.000000 0.854090 -0.094201
598.000000 210.000000 0.872930 -0.094201
400.000000 211.000000 0.251203 -0.091061
408.000000 211.000000 0.276323 -0.091061
600.000000 211.000000 0.879210 -0.091061
269.000000 212.000000 -0.160142 -0.087921
403.000000 212.000000 0.260623 -0.087921
405.000000 212.000000 0.266903 -0.087921
511.000000 212.000000 0.599747 -0.087921
267.000000 213.000000 -0.166422 -0.084781
383.000000 213.000000 0.197822 -0.084781
407.000000 213.000000 0.273183 -0.084781
410.000000 213.000000 0.282603 -0.084781
412.000000 213.000000 0.288883 -0.084781
449.000000 213.000000 0.405065 -0.084781
539.000000 213.000000 0.687668 -0.084781
543.000000 213.000000 0.700228 -0.084781
576.000000 213.000000 0.803850 -0.084781
416.000000 214.000000 0.301444 -0.081641
443.000000 214.000000 0.386225 -0.081641
250.000000 215.000000 -0.219803 -0.078501
394.000000 215.000000 0.232363 -0.078501
419.000000 215.000000 0.310864 -0.078501
353.000000 216.000000 0.103621 -0.075361
424.000000 216.000000 0.326564 -0.075361
502.000000 216.000000 0.571487 -0.075361
553.000000 216.000000 0.731629 -0.075361
259.000000 217.000000 -0.191542 -0.072221
349.000000 217.000000 0.091061 -0.072221
351.000000 217.000000 0.097341 -0.072221
357.000000 217.000000 0.116181 -0.072221
401.000000 217.000000 0.254343 -0.072221
427.000000 217.000000 0.335984 -0.072221
430.000000 217.000000 0.345404 -0.072221
432.000000 217.000000 0.351684 -0.072221
439.000000 217.000000 0.373664 -0.072221
445.000000 217.000000 0.392505 -0.072221
257.000000 218.000000 -0.197822 -0.069081
359.000000 218.000000 0.122461 -0.069081
406.000000 218.000000 0.270043 -0.069081
435.000000 218.000000 0.361104 -0.069081
522.000000 218.000000 0.634288 -0.069081
255.000000 219.000000 -0.204102 -0.065941
354.000000 219.000000 0.106761 -0.065941
361.000000 219.000000 0.128742 -0.065941
367.000000 219.000000 0.147582 -0.065941
370.000000 219.000000 0.157002 -0.065941
372.000000 219.000000 0.163282 -0.065941
410.000000 219.000000 0.282603 -0.065941
567.000000 219.000000 0.775589 -0.065941
359.000000 220.000000 0.122461 -0.062801
364.000000 220.000000 0.138162 -0.062801
429.000000 220.000000 0.342264 -0.062801
437.000000 220.000000 0.367384 -0.062801
447.000000 220.000000 0.398785 -0.062801
486.000000 220.000000 0.521246 -0.062801
251.000000 221.000000 -0.216663 -0.059661
367.000000 221.000000 0.147582 -0.059661
600.000000 221.000000 0.879210 -0.059661
239.000000 222.000000 -0.254343 -0.056521
249.000000 222.000000 -0.222943 -0.056521
364.000000 222.000000 0.138162 -0.056521
369.000000 222.000000 0.153862 -0.056521
390.000000 222.000000 0.219803 -0.056521
393.000000 222.000000 0.229223 -0.056521
444.000000 222.000000 0.389365 -0.056521
247.000000 223.000000 -0.229223 -0.053381
256.000000 223.000000 -0.200962 -0.053381
372.000000 223.000000 0.163282 -0.053381
447.000000 223.000000 0.398785 -0.053381
237.000000 224.000000 -0.260623 -0.050241
254.000000 224.000000 -0.207242 -0.050241
367.000000 224.000000 0.147582 -0.050241
399.000000 224.000000 0.248063 -0.050241
402.000000 224.000000 0.257483 -0.050241
593.000000 224.000000 0.857230 -0.050241
223.000000 225.000000 -0.304584 -0.047101
251.000000 225.000000 -0.216663 -0.047101
425.000000 225.000000 0.329704 -0.047101
430.000000 225.000000 0.345404 -0.047101
568.000000 225.000000 0.778729 -0.047101
610.000000 225.000000 0.910611 -0.047101
241.000000 226.000000 -0.248063 -0.043961
408.000000 226.000000 0.276323 -0.043961
446.000000 226.000000 0.395645 -0.043961
452.000000 226.000000 0.414485 -0.043961
371.000000 227.000000 0.160142 -0.040820
456.000000 227.000000 0.427045 -0.040820
515.000000 227.000000 0.612307 -0.040820
295.000000 228.000000 -0.078501 -0.037680
417.000000 228.000000 0.304584 -0.037680
235.000000 229.000000 -0.266903 -0.034540
420.000000 229.000000 0.314004 -0.034540
422.000000 229.000000 0.320284 -0.034540
427.000000 229.000000 0.335984 -0.034540
449.000000 229.000000 0.405065 -0.034540
233.000000 230.000000 -0.273183 -0.031400
366.000000 230.000000 0.144442 -0.031400
511.000000 230.000000 0.599747 -0.031400
542.000000 230.000000 0.697088 -0.031400
218.000000 231.000000 -0.320284 -0.028260
231.000000 231.000000 -0.279463 -0.028260
439.000000 231.000000 0.373664 -0.028260
625.000000 231.000000 0.957711 -0.028260
131.000000 232.000000 -0.593467 -0.025120
202.000000 232.000000 -0.370524 -0.025120
224.000000 232.000000 -0.301444 -0.025120
229.000000 232.000000 -0.285743 -0.025120
370.000000 232.000000 0.157002 -0.025120
461.000000 232.000000 0.442745 -0.025120
616.000000 232.000000 0.929451 -0.025120
632.000000 232.000000 0.979692 -0.025120
227.000000 233.000000 -0.292023 -0.021980
600.000000 233.000000 0.879210 -0.021980
45.000000 234.000000 -0.863510 -0.018840
219.000000 234.000000 -0.317144 -0.018840
225.000000 235.000000 -0.298304 -0.015700
372.000000 235.000000 0.163282 -0.015700
588.000000 235.000000 0.841530 -0.015700
35.000000 236.000000 -0.894911 -0.012560
37.000000 236.000000 -0.888631 -0.012560
447.000000 236.000000 0.398785 -0.012560
417.000000 237.000000 0.304584 -0.009420
493.000000 237.000000 0.543226 -0.009420
544.000000 237.000000 0.703368 -0.009420
628.000000 237.000000 0.967131 -0.009420
4.000000 238.000000 -0.992252 -0.006280
372.000000 238.000000 0.163282 -0.006280
414.000000 238.000000 0.295163 -0.006280
419.000000 238.000000 0.310864 -0.006280
173.000000 239.000000 -0.461585 -0.003140
412.000000 239.000000 0.288883 -0.003140
417.000000 239.000000 0.304584 -0.003140
467.000000 239.000000 0.461585 -0.003140
475.000000 239.000000 0.486706 -0.003140
625.000000 239.000000 0.957711 -0.003140
8.000000 240.000000 -0.979692 0.000000
366.000000 240.000000 0.144442 0.000000
369.000000 240.000000 0.153862 0.000000
462.000000 240.000000 0.445885 0.000000
512.000000 240.000000 0.602887 0.000000
476.000000 241.000000 0.489846 0.003140
603.000000 241.000000 0.888631 0.003140
244.000000 242.000000 -0.238643 0.006280
636.000000 242.000000 0.992252 0.006280
450.000000 244.000000 0.408205 0.012560
178.000000 245.000000 -0.445885 0.015700
345.000000 245.000000 0.078501 0.015700
382.000000 245.000000 0.194682 0.015700
408.000000 245.000000 0.276323 0.015700
200.000000 246.000000 -0.376804 0.018840
211.000000 246.000000 -0.342264 0.018840
233.000000 246.000000 -0.273183 0.018840
239.000000 246.000000 -0.254343 0.018840
486.000000 246.000000 0.521246 0.018840
368.000000 247.000000 0.150722 0.021980
439.000000 247.000000 0.373664 0.021980
341.000000 248.000000 0.065941 0.025120
344.000000 248.000000 0.075361 0.025120
404.000000 248.000000 0.263763 0.025120
418.000000 248.000000 0.307724 0.025120
450.000000 248.000000 0.408205 0.025120
472.000000 248.000000 0.477286 0.025120
614.000000 248.000000 0.923171 0.025120
617.000000 248.000000 0.932591 0.025120
629.000000 248.000000 0.970271 0.025120
633.000000 248.000000 0.982832 0.025120
83.000000 249.000000 -0.744189 0.028260
361.000000 249.000000 0.128742 0.028260
370.000000 249.000000 0.157002 0.028260
373.000000 249.000000 0.166422 0.028260
233.000000 250.000000 -0.273183 0.031400
237.000000 250.000000 -0.260623 0.031400
345.000000 250.000000 0.078501 0.031400
358.000000 250.000000 0.119321 0.031400
458.000000 250.000000 0.433325 0.031400
619.000000 250.000000 0.938871 0.031400
148.000000 251.000000 -0.540086 0.034540
254.000000 251.000000 -0.207242 0.034540
364.000000 251.000000 0.138162 0.034540
75.000000 252.000000 -0.769309 0.037680
249.000000 252.000000 -0.222943 0.037680
358.000000 252.000000 0.119321 0.037680
370.000000 252.000000 0.157002 0.037680
428.000000 252.000000 0.339124 0.037680
60.000000 253.000000 -0.816410 0.040820
68.000000 253.000000 -0.791289 0.040820
247.000000 253.000000 -0.229223 0.040820
368.000000 253.000000 0.150722 0.040820
468.000000 253.000000 0.464725 0.040820
534.000000 253.000000 0.671968 0.040820
75.000000 254.000000 -0.769309 0.043961
381.000000 254.000000 0.191542 0.043961
430.000000 254.000000 0.345404 0.043961
437.000000 254.000000 0.367384 0.043961
447.000000 254.000000 0.398785 0.043961
67.000000 255.000000 -0.794429 0.047101
375.000000 255.000000 0.172702 0.047101
459.000000 255.000000 0.436465 0.047101
624.000000 255.000000 0.954571 0.047101
80.000000 256.000000 -0.753609 0.050241
155.000000 256.000000 -0.518106 0.050241
225.000000 256.000000 -0.298304 0.050241
227.000000 256.000000 -0.292023 0.050241
238.000000 256.000000 -0.257483 0.050241
363.000000 256.000000 0.135022 0.050241
368.000000 256.000000 0.150722 0.050241
477.000000 256.000000 0.492986 0.050241
559.000000 256.000000 0.750469 0.050241
636.000000 256.000000 0.992252 0.050241
65.000000 257.000000 -0.800709 0.053381
241.000000 257.000000 -0.248063 0.053381
464.000000 257.000000 0.452165 0.053381
472.000000 257.000000 0.477286 0.053381
71.000000 258.000000 -0.781869 0.056521
220.000000 258.000000 -0.314004 0.056521
545.000000 258.000000 0.706508 0.056521
568.000000 258.000000 0.778729 0.056521
632.000000 258.000000 0.979692 0.056521
634.000000 258.000000 0.985972 0.056521
153.000000 259.000000 -0.524386 0.059661
160.000000 259.000000 -0.502406 0.059661
446.000000 259.000000 0.395645 0.059661
504.000000 259.000000 0.577767 0.059661
615.000000 259.000000 0.926311 0.059661
623.000000 259.000000 0.951431 0.059661
80.000000 260.000000 -0.753609 0.062801
325.000000 260.000000 0.015700 0.062801
373.000000 260.000000 0.166422 0.062801
484.000000 261.000000 0.514966 0.065941
496.000000 261.000000 0.552647 0.065941
590.000000 261.000000 0.847810 0.065941
148.000000 262.000000 -0.540086 0.069081
225.000000 262.000000 -0.298304 0.069081
422.000000 262.000000 0.320284 0.069081
439.000000 262.000000 0.373664 0.069081
467.000000 262.000000 0.461585 0.069081
144.000000 263.000000 -0.552647 0.072221
388.000000 263.000000 0.213523 0.072221
616.000000 263.000000 0.929451 0.072221
627.000000 263.000000 0.963991 0.072221
236.000000 264.000000 -0.263763 0.075361
133.000000 265.000000 -0.587187 0.078501
209.000000 265.000000 -0.348544 0.078501
211.000000 265.000000 -0.342264 0.078501
430.000000 265.000000 0.345404 0.078501
475.000000 265.000000 0.486706 0.078501
490.000000 265.000000 0.533806 0.078501
494.000000 265.000000 0.546366 0.078501
116.000000 266.000000 -0.640568 0.081641
142.000000 266.000000 -0.558927 0.081641
151.000000 266.000000 -0.530666 0.081641
470.000000 266.000000 0.471006 0.081641
558.000000 266.000000 0.747329 0.081641
377.000000 267.000000 0.178982 0.084781
443.000000 267.000000 0.386225 0.084781
597.000000 267.000000 0.869790 0.084781
602.000000 267.000000 0.885490 0.084781
100.000000 268.000000 -0.690808 0.087921
354.000000 268.000000 0.106761 0.087921
130.000000 269.000000 -0.596607 0.091061
202.000000 269.000000 -0.370524 0.091061
360.000000 269.000000 0.125601 0.091061
363.000000 269.000000 0.135022 0.091061
456.000000 269.000000 0.427045 0.091061
82.000000 270.000000 -0.747329 0.094201
133.000000 270.000000 -0.587187 0.094201
225.000000 270.000000 -0.298304 0.094201
407.000000 270.000000 0.273183 0.094201
356.000000 271.000000 0.113041 0.097341
378.000000 271.000000 0.182122 0.097341
383.000000 271.000000 0.197822 0.097341
615.000000 271.000000 0.926311 0.097341
359.000000 272.000000 0.122461 0.100481
389.000000 272.000000 0.216663 0.100481
459.000000 272.000000 0.436465 0.100481
578.000000 272.000000 0.810130 0.100481
605.000000 272.000000 0.894911 0.100481
14.000000 273.000000 -0.960851 0.103621
131.000000 273.000000 -0.593467 0.103621
177.000000 273.000000 -0.449025 0.103621
361.000000 273.000000 0.128742 0.103621
592.000000 273.000000 0.854090 0.103621
159.000000 274.000000 -0.505546 0.106761
161.000000 274.000000 -0.499266 0.106761
391.000000 274.000000 0.222943 0.106761
568.000000 274.000000 0.778729 0.106761
240.000000 275.000000 -0.251203 0.109901
353.000000 275.000000 0.103621 0.109901
358.000000 275.000000 0.119321 0.109901
444.000000 275.000000 0.389365 0.109901
351.000000 276.000000 0.097341 0.113041
370.000000 276.000000 0.157002 0.113041
163.000000 277.000000 -0.492986 0.116181
207.000000 277.000000 -0.354824 0.116181
318.000000 277.000000 -0.006280 0.116181
426.000000 277.000000 0.332844 0.116181
428.000000 277.000000 0.339124 0.116181
460.000000 277.000000 0.439605 0.116181
618.000000 277.000000 0.935731 0.116181
160.000000 278.000000 -0.502406 0.119321
223.000000 278.000000 -0.304584 0.119321
540.000000 278.000000 0.690808 0.119321
563.000000 278.000000 0.763029 0.119321
172.000000 279.000000 -0.464725 0.122461
350.000000 279.000000 0.094201 0.122461
519.000000 279.000000 0.624867 0.122461
554.000000 279.000000 0.734769 0.122461
627.000000 279.000000 0.963991 0.122461
132.000000 280.000000 -0.590327 0.125601
166.000000 280.000000 -0.483566 0.125601
202.000000 280.000000 -0.370524 0.125601
211.000000 280.000000 -0.342264 0.125601
427.000000 280.000000 0.335984 0.125601
460.000000 280.000000 0.439605 0.125601
591.000000 280.000000 0.850950 0.125601
633.000000 280.000000 0.982832 0.125601
27.000000 281.000000 -0.920031 0.128742
154.000000 281.000000 -0.521246 0.128742
208.000000 281.000000 -0.351684 0.128742
446.000000 281.000000 0.395645 0.128742
574.000000 281.000000 0.797569 0.128742
7.000000 282.000000 -0.982832 0.131882
201.000000 282.000000 -0.373664 0.131882
465.000000 282.000000 0.455305 0.131882
19.000000 283.000000 -0.945151 0.135022
326.000000 283.000000 0.018840 0.135022
347.000000 283.000000 0.084781 0.135022
355.000000 283.000000 0.109901 0.135022
358.000000 283.000000 0.119321 0.135022
427.000000 283.000000 0.335984 0.135022
493.000000 283.000000 0.543226 0.135022
616.000000 283.000000 0.929451 0.135022
459.000000 284.000000 0.436465 0.138162
595.000000 284.000000 0.863510 0.138162
9.000000 285.000000 -0.976552 0.141302
37.000000 285.000000 -0.888631 0.141302
39.000000 285.000000 -0.882350 0.141302
41.000000 285.000000 -0.876070 0.141302
352.000000 285.000000 0.100481 0.141302
426.000000 285.000000 0.332844 0.141302
604.000000 285.000000 0.891771 0.141302
13.000000 286.000000 -0.963991 0.144442
153.000000 286.000000 -0.524386 0.144442
159.000000 286.000000 -0.505546 0.144442
201.000000 286.000000 -0.373664 0.144442
468.000000 286.000000 0.464725 0.144442
470.000000 286.000000 0.471006 0.144442
23.000000 287.000000 -0.932591 0.147582
385.000000 287.000000 0.204102 0.147582
460.000000 287.000000 0.439605 0.147582
463.000000 287.000000 0.449025 0.147582
499.000000 287.000000 0.562067 0.147582
27.000000 288.000000 -0.920031 0.150722
164.000000 288.000000 -0.489846 0.150722
200.000000 288.000000 -0.376804 0.150722
212.000000 288.000000 -0.339124 0.150722
223.000000 288.000000 -0.304584 0.150722
227.000000 288.000000 -0.292023 0.150722
358.000000 288.000000 0.119321 0.150722
438.000000 288.000000 0.370524 0.150722
479.000000 288.000000 0.499266 0.150722
621.000000 288.000000 0.945151 0.150722
206.000000 289.000000 -0.357964 0.153862
352.000000 289.000000 0.100481 0.153862
355.000000 289.000000 0.109901 0.153862
465.000000 289.000000 0.455305 0.153862
611.000000 289.000000 0.913751 0.153862
38.000000 290.000000 -0.885490 0.157002
161.000000 290.000000 -0.499266 0.157002
552.000000 290.000000 0.728489 0.157002
436.000000 291.000000 0.364244 0.160142
438.000000 291.000000 0.370524 0.160142
454.000000 291.000000 0.420765 0.160142
466.000000 291.000000 0.458445 0.160142
621.000000 291.000000 0.945151 0.160142
162.000000 292.000000 -0.496126 0.163282
627.000000 292.000000 0.963991 0.163282
326.000000 293.000000 0.018840 0.166422
355.000000 293.000000 0.109901 0.166422
371.000000 293.000000 0.160142 0.166422
414.000000 293.000000 0.295163 0.166422
465.000000 293.000000 0.455305 0.166422
156.000000 294.000000 -0.514966 0.169562
230.000000 294.000000 -0.282603 0.169562
243.000000 294.000000 -0.241783 0.169562
378.000000 294.000000 0.182122 0.169562
488.000000 294.000000 0.527526 0.169562
614.000000 294.000000 0.923171 0.169562
181.000000 295.000000 -0.436465 0.172702
236.000000 295.000000 -0.263763 0.172702
292.000000 295.000000 -0.087921 0.172702
465.000000 295.000000 0.455305 0.172702
605.000000 295.000000 0.894911 0.172702
18.000000 296.000000 -0.948291 0.175842
85.000000 296.000000 -0.737909 0.175842
122.000000 296.000000 -0.621727 0.175842
147.000000 296.000000 -0.543226 0.175842
327.000000 296.000000 0.021980 0.175842
409.000000 297.000000 0.279463 0.178982
442.000000 297.000000 0.383085 0.178982
545.000000 297.000000 0.706508 0.178982
622.000000 297.000000 0.948291 0.178982
82.000000 298.000000 -0.747329 0.182122
114.000000 298.000000 -0.646848 0.182122
151.000000 298.000000 -0.530666 0.182122
277.000000 298.000000 -0.135022 0.182122
317.000000 298.000000 -0.009420 0.182122
336.000000 298.000000 0.050241 0.182122
351.000000 298.000000 0.097341 0.182122
57.000000 299.000000 -0.825830 0.185262
160.000000 299.000000 -0.502406 0.185262
280.000000 299.000000 -0.125601 0.185262
319.000000 299.000000 -0.003140 0.185262
331.000000 299.000000 0.034540 0.185262
448.000000 299.000000 0.401925 0.185262
486.000000 299.000000 0.521246 0.185262
55.000000 300.000000 -0.832110 0.188402
110.000000 300.000000 -0.659408 0.188402
146.000000 300.000000 -0.546366 0.188402
270.000000 300.000000 -0.157002 0.188402
417.000000 300.000000 0.304584 0.188402
437.000000 300.000000 0.367384 0.188402
463.000000 300.000000 0.449025 0.188402
482.000000 300.000000 0.508686 0.188402
606.000000 300.000000 0.898051 0.188402
633.000000 300.000000 0.982832 0.188402
52.000000 301.000000 -0.841530 0.191542
123.000000 301.000000 -0.618587 0.191542
181.000000 301.000000 -0.436465 0.191542
315.000000 301.000000 -0.015700 0.191542
318.000000 301.000000 -0.006280 0.191542
354.000000 301.000000 0.106761 0.191542
360.000000 301.000000 0.125601 0.191542
3.000000 302.000000 -0.995392 0.194682
82.000000 302.000000 -0.747329 0.194682
140.000000 302.000000 -0.565207 0.194682
281.000000 302.000000 -0.122461 0.194682
371.000000 302.000000 0.160142 0.194682
59.000000 303.000000 -0.819550 0.197822
66.000000 303.000000 -0.797569 0.197822
90.000000 303.000000 -0.722209 0.197822
272.000000 303.000000 -0.150722 0.197822
472.000000 303.000000 0.477286 0.197822
491.000000 303.000000 0.536946 0.197822
572.000000 303.000000 0.791289 0.197822
74.000000 304.000000 -0.772449 0.200962
99.000000 304.000000 -0.693948 0.200962
294.000000 304.000000 -0.081641 0.200962
317.000000 304.000000 -0.009420 0.200962
354.000000 304.000000 0.106761 0.200962
361.000000 304.000000 0.128742 0.200962
630.000000 304.000000 0.973412 0.200962
11.000000 305.000000 -0.970271 0.204102
17.000000 305.000000 -0.951431 0.204102
65.000000 305.000000 -0.800709 0.204102
278.000000 305.000000 -0.131882 0.204102
333.000000 305.000000 0.040820 0.204102
442.000000 305.000000 0.383085 0.204102
475.000000 305.000000 0.486706 0.204102
632.000000 305.000000 0.979692 0.204102
57.000000 306.000000 -0.825830 0.207242
304.000000 306.000000 -0.050241 0.207242
105.000000 307.000000 -0.675108 0.210382
478.000000 307.000000 0.496126 0.210382
607.000000 307.000000 0.901191 0.210382
63.000000 308.000000 -0.806990 0.213523
112.000000 308.000000 -0.653128 0.213523
130.000000 308.000000 -0.596607 0.213523
334.000000 308.000000 0.043961 0.213523
352.000000 308.000000 0.100481 0.213523
382.000000 308.000000 0.194682 0.213523
625.000000 308.000000 0.957711 0.213523
3.000000 309.000000 -0.995392 0.216663
10.000000 309.000000 -0.973412 0.216663
57.000000 309.000000 -0.825830 0.216663
78.000000 309.000000 -0.759889 0.216663
171.000000 309.000000 -0.467866 0.216663
294.000000 309.000000 -0.081641 0.216663
342.000000 309.000000 0.069081 0.216663
372.000000 309.000000 0.163282 0.216663
404.000000 309.000000 0.263763 0.216663
593.000000 309.000000 0.857230 0.216663
63.000000 310.000000 -0.806990 0.219803
72.000000 310.000000 -0.778729 0.219803
85.000000 310.000000 -0.737909 0.219803
94.000000 310.000000 -0.709648 0.219803
167.000000 310.000000 -0.480426 0.219803
481.000000 310.000000 0.505546 0.219803
92.000000 311.000000 -0.715928 0.222943
106.000000 311.000000 -0.671968 0.222943
289.000000 311.000000 -0.097341 0.222943
359.000000 311.000000 0.122461 0.222943
453.000000 311.000000 0.417625 0.222943
586.000000 311.000000 0.835250 0.222943
17.000000 312.000000 -0.951431 0.226083
19.000000 312.000000 -0.945151 0.226083
57.000000 312.000000 -0.825830 0.226083
96.000000 312.000000 -0.703368 0.226083
160.000000 312.000000 -0.502406 0.226083
295.000000 312.000000 -0.078501 0.226083
372.000000 312.000000 0.163282 0.226083
385.000000 312.000000 0.204102 0.226083
80.000000 313.000000 -0.753609 0.229223
202.000000 313.000000 -0.370524 0.229223
361.000000 313.000000 0.128742 0.229223
370.000000 313.000000 0.157002 0.229223
381.000000 313.000000 0.191542 0.229223
107.000000 314.000000 -0.668828 0.232363
157.000000 314.000000 -0.511826 0.232363
306.000000 314.000000 -0.043961 0.232363
349.000000 314.000000 0.091061 0.232363
359.000000 314.000000 0.122461 0.232363
377.000000 314.000000 0.178982 0.232363
433.000000 314.000000 0.354824 0.232363
490.000000 314.000000 0.533806 0.232363
589.000000 314.000000 0.844670 0.232363
618.000000 314.000000 0.935731 0.232363
621.000000 314.000000 0.945151 0.232363
13.000000 315.000000 -0.963991 0.235503
16.000000 315.000000 -0.954571 0.235503
21.000000 315.000000 -0.938871 0.235503
104.000000 315.000000 -0.678248 0.235503
337.000000 315.000000 0.053381 0.235503
355.000000 315.000000 0.109901 0.235503
585.000000 315.000000 0.832110 0.235503
195.000000 316.000000 -0.392505 0.238643
310.000000 316.000000 -0.031400 0.238643
358.000000 316.000000 0.119321 0.238643
595.000000 316.000000 0.863510 0.238643
62.000000 317.000000 -0.810130 0.241783
330.000000 317.000000 0.031400 0.241783
376.000000 317.000000 0.175842 0.241783
382.000000 317.000000 0.194682 0.241783
8.000000 318.000000 -0.979692 0.244923
11.000000 318.000000 -0.970271 0.244923
16.000000 318.000000 -0.954571 0.244923
45.000000 318.000000 -0.863510 0.244923
66.000000 318.000000 -0.797569 0.244923
152.000000 318.000000 -0.527526 0.244923
202.000000 318.000000 -0.370524 0.244923
308.000000 318.000000 -0.037680 0.244923
363.000000 318.000000 0.135022 0.244923
371.000000 318.000000 0.160142 0.244923
49.000000 319.000000 -0.850950 0.248063
155.000000 319.000000 -0.518106 0.248063
161.000000 319.000000 -0.499266 0.248063
167.000000 319.000000 -0.480426 0.248063
303.000000 319.000000 -0.053381 0.248063
305.000000 319.000000 -0.047101 0.248063
386.000000 319.000000 0.207242 0.248063
34.000000 320.000000 -0.898051 0.251203
62.000000 320.000000 -0.810130 0.251203
66.000000 320.000000 -0.797569 0.251203
87.000000 320.000000 -0.731629 0.251203
118.000000 320.000000 -0.634288 0.251203
147.000000 320.000000 -0.543226 0.251203
412.000000 320.000000 0.288883 0.251203
583.000000 320.000000 0.825830 0.251203
54.000000 321.000000 -0.835250 0.254343
375.000000 321.000000 0.172702 0.254343
457.000000 321.000000 0.430185 0.254343
43.000000 322.000000 -0.869790 0.257483
110.000000 322.000000 -0.659408 0.257483
121.000000 322.000000 -0.624867 0.257483
166.000000 322.000000 -0.483566 0.257483
306.000000 322.000000 -0.043961 0.257483
383.000000 322.000000 0.197822 0.257483
446.000000 322.000000 0.395645 0.257483
565.000000 322.000000 0.769309 0.257483
596.000000 322.000000 0.866650 0.257483
67.000000 323.000000 -0.794429 0.260623
88.000000 323.000000 -0.728489 0.260623
126.000000 323.000000 -0.609167 0.260623
142.000000 323.000000 -0.558927 0.260623
203.000000 323.000000 -0.367384 0.260623
314.000000 323.000000 -0.018840 0.260623
362.000000 323.000000 0.131882 0.260623
406.000000 323.000000 0.270043 0.260623
439.000000 323.000000 0.373664 0.260623
487.000000 323.000000 0.524386 0.260623
610.000000 323.000000 0.910611 0.260623
38.000000 324.000000 -0.885490 0.263763
293.000000 324.000000 -0.084781 0.263763
636.000000 324.000000 0.992252 0.263763
62.000000 325.000000 -0.810130 0.266903
81.000000 325.000000 -0.750469 0.266903
86.000000 325.000000 -0.734769 0.266903
107.000000 325.000000 -0.668828 0.266903
145.000000 325.000000 -0.549506 0.266903
172.000000 325.000000 -0.464725 0.266903
303.000000 325.000000 -0.053381 0.266903
342.000000 325.000000 0.069081 0.266903
348.000000 325.000000 0.087921 0.266903
370.000000 325.000000 0.157002 0.266903
395.000000 325.000000 0.235503 0.266903
610.000000 325.000000 0.910611 0.266903
7.000000 326.000000 -0.982832 0.270043
148.000000 326.000000 -0.540086 0.270043
460.000000 326.000000 0.439605 0.270043
589.000000 326.000000 0.844670 0.270043
602.000000 326.000000 0.885490 0.270043
629.000000 326.000000 0.970271 0.270043
34.000000 327.000000 -0.898051 0.273183
80.000000 327.000000 -0.753609 0.273183
93.000000 327.000000 -0.712788 0.273183
115.000000 327.000000 -0.643708 0.273183
356.000000 327.000000 0.113041 0.273183
367.000000 327.000000 0.147582 0.273183
399.000000 327.000000 0.248063 0.273183
478.000000 327.000000 0.496126 0.273183
530.000000 327.000000 0.659408 0.273183
3.000000 328.000000 -0.995392 0.276323
96.000000 328.000000 -0.703368 0.276323
384.000000 328.000000 0.200962 0.276323
571.000000 328.000000 0.788149 0.276323
592.000000 328.000000 0.854090 0.276323
615.000000 328.000000 0.926311 0.276323
619.000000 328.000000 0.938871 0.276323
66.000000 329.000000 -0.797569 0.279463
68.000000 329.000000 -0.791289 0.279463
94.000000 329.000000 -0.709648 0.279463
395.000000 329.000000 0.235503 0.279463
508.000000 329.000000 0.590327 0.279463
581.000000 329.000000 0.819550 0.279463
629.000000 329.000000 0.970271 0.279463
35.000000 330.000000 -0.894911 0.282603
105.000000 330.000000 -0.675108 0.282603
118.000000 330.000000 -0.634288 0.282603
484.000000 330.000000 0.514966 0.282603
499.000000 330.000000 0.562067 0.282603
50.000000 331.000000 -0.847810 0.285743
292.000000 331.000000 -0.087921 0.285743
390.000000 331.000000 0.219803 0.285743
463.000000 331.000000 0.449025 0.285743
552.000000 331.000000 0.728489 0.285743
581.000000 331.000000 0.819550 0.285743
623.000000 331.000000 0.951431 0.285743
65.000000 332.000000 -0.800709 0.288883
75.000000 332.000000 -0.769309 0.288883
91.000000 332.000000 -0.719069 0.288883
374.000000 332.000000 0.169562 0.288883
617.000000 332.000000 0.932591 0.288883
15.000000 333.000000 -0.957711 0.292023
263.000000 333.000000 -0.178982 0.292023
395.000000 333.000000 0.235503 0.292023
580.000000 333.000000 0.816410 0.292023
607.000000 333.000000 0.901191 0.292023
86.000000 334.000000 -0.734769 0.295163
92.000000 334.000000 -0.715928 0.295163
100.000000 334.000000 -0.690808 0.295163
132.000000 334.000000 -0.590327 0.295163
367.000000 334.000000 0.147582 0.295163
36.000000 335.000000 -0.891771 0.298304
56.000000 335.000000 -0.828970 0.298304
68.000000 335.000000 -0.791289 0.298304
130.000000 335.000000 -0.596607 0.298304
342.000000 335.000000 0.069081 0.298304
387.000000 335.000000 0.210382 0.298304
391.000000 335.000000 0.222943 0.298304
428.000000 335.000000 0.339124 0.298304
430.000000 335.000000 0.345404 0.298304
436.000000 335.000000 0.364244 0.298304
24.000000 336.000000 -0.929451 0.301444
111.000000 336.000000 -0.656268 0.301444
398.000000 336.000000 0.244923 0.301444
414.000000 336.000000 0.295163 0.301444
12.000000 337.000000 -0.967131 0.304584
49.000000 337.000000 -0.850950 0.304584
108.000000 337.000000 -0.665688 0.304584
275.000000 337.000000 -0.141302 0.304584
384.000000 337.000000 0.200962 0.304584
525.000000 337.000000 0.643708 0.304584
313.000000 338.000000 -0.021980 0.307724
331.000000 338.000000 0.034540 0.307724
339.000000 338.000000 0.059661 0.307724
355.000000 338.000000 0.109901 0.307724
395.000000 338.000000 0.235503 0.307724
413.000000 338.000000 0.292023 0.307724
438.000000 338.000000 0.370524 0.307724
448.000000 338.000000 0.401925 0.307724
458.000000 338.000000 0.433325 0.307724
8.000000 339.000000 -0.979692 0.310864
135.000000 339.000000 -0.580907 0.310864
139.000000 339.000000 -0.568347 0.310864
160.000000 339.000000 -0.502406 0.310864
317.000000 339.000000 -0.009420 0.310864
329.000000 339.000000 0.028260 0.310864
358.000000 339.000000 0.119321 0.310864
504.000000 339.000000 0.577767 0.310864
630.000000 339.000000 0.973412 0.310864
59.000000 340.000000 -0.819550 0.314004
85.000000 340.000000 -0.737909 0.314004
475.000000 340.000000 0.486706 0.314004
79.000000 341.000000 -0.756749 0.317144
152.000000 341.000000 -0.527526 0.317144
314.000000 341.000000 -0.018840 0.317144
323.000000 341.000000 0.009420 0.317144
368.000000 341.000000 0.150722 0.317144
427.000000 341.000000 0.335984 0.317144
42.000000 342.000000 -0.872930 0.320284
210.000000 342.000000 -0.345404 0.320284
349.000000 342.000000 0.091061 0.320284
381.000000 342.000000 0.191542 0.320284
461.000000 342.000000 0.442745 0.320284
92.000000 343.000000 -0.715928 0.323424
481.000000 343.000000 0.505546 0.323424
592.000000 343.000000 0.854090 0.323424
606.000000 343.000000 0.898051 0.323424
618.000000 343.000000 0.935731 0.323424
3.000000 344.000000 -0.995392 0.326564
105.000000 344.000000 -0.675108 0.326564
315.000000 344.000000 -0.015700 0.326564
362.000000 344.000000 0.131882 0.326564
414.000000 344.000000 0.295163 0.326564
442.000000 344.000000 0.383085 0.326564
469.000000 344.000000 0.467866 0.326564
587.000000 344.000000 0.838390 0.326564
97.000000 345.000000 -0.700228 0.329704
312.000000 345.000000 -0.025120 0.329704
476.000000 345.000000 0.489846 0.329704
565.000000 345.000000 0.769309 0.329704
573.000000 345.000000 0.794429 0.329704
522.000000 346.000000 0.634288 0.332844
99.000000 347.000000 -0.693948 0.335984
420.000000 347.000000 0.314004 0.335984
597.000000 347.000000 0.869790 0.335984
47.000000 348.000000 -0.857230 0.339124
68.000000 348.000000 -0.791289 0.339124
161.000000 348.000000 -0.499266 0.339124
365.000000 348.000000 0.141302 0.339124
604.000000 348.000000 0.891771 0.339124
200.000000 349.000000 -0.376804 0.342264
346.000000 349.000000 0.081641 0.342264
414.000000 349.000000 0.295163 0.342264
457.000000 349.000000 0.430185 0.342264
583.000000 349.000000 0.825830 0.342264
606.000000 349.000000 0.898051 0.342264
74.000000 350.000000 -0.772449 0.345404
356.000000 350.000000 0.113041 0.345404
358.000000 350.000000 0.119321 0.345404
374.000000 350.000000 0.169562 0.345404
568.000000 350.000000 0.778729 0.345404
16.000000 351.000000 -0.954571 0.348544
235.000000 351.000000 -0.266903 0.348544
314.000000 351.000000 -0.018840 0.348544
598.000000 351.000000 0.872930 0.348544
59.000000 352.000000 -0.819550 0.351684
80.000000 352.000000 -0.753609 0.351684
105.000000 352.000000 -0.675108 0.351684
385.000000 352.000000 0.204102 0.351684
589.000000 352.000000 0.844670 0.351684
595.000000 352.000000 0.863510 0.351684
633.000000 352.000000 0.982832 0.351684
193.000000 353.000000 -0.398785 0.354824
234.000000 353.000000 -0.270043 0.354824
313.000000 353.000000 -0.021980 0.354824
354.000000 353.000000 0.106761 0.354824
358.000000 353.000000 0.119321 0.354824
459.000000 353.000000 0.436465 0.354824
551.000000 353.000000 0.725349 0.354824
555.000000 353.000000 0.737909 0.354824
559.000000 353.000000 0.750469 0.354824
580.000000 353.000000 0.816410 0.354824
607.000000 353.000000 0.901191 0.354824
60.000000 354.000000 -0.816410 0.357964
162.000000 354.000000 -0.496126 0.357964
198.000000 354.000000 -0.383085 0.357964
202.000000 354.000000 -0.370524 0.357964
329.000000 354.000000 0.028260 0.357964
377.000000 354.000000 0.178982 0.357964
80.000000 355.000000 -0.753609 0.361104
136.000000 355.000000 -0.577767 0.361104
8.000000 356.000000 -0.979692 0.364244
355.000000 356.000000 0.109901 0.364244
580.000000 356.000000 0.816410 0.364244
32.000000 357.000000 -0.904331 0.367384
52.000000 357.000000 -0.841530 0.367384
157.000000 357.000000 -0.511826 0.367384
215.000000 357.000000 -0.329704 0.367384
394.000000 357.000000 0.232363 0.367384
405.000000 357.000000 0.266903 0.367384
571.000000 357.000000 0.788149 0.367384
610.000000 357.000000 0.910611 0.367384
127.000000 358.000000 -0.606027 0.370524
129.000000 358.000000 -0.599747 0.370524
388.000000 358.000000 0.213523 0.370524
399.000000 358.000000 0.248063 0.370524
70.000000 359.000000 -0.785009 0.373664
159.000000 359.000000 -0.505546 0.373664
352.000000 359.000000 0.100481 0.373664
584.000000 359.000000 0.828970 0.373664
196.000000 360.000000 -0.389365 0.376804
373.000000 360.000000 0.166422 0.376804
387.000000 360.000000 0.210382 0.376804
74.000000 361.000000 -0.772449 0.379945
539.000000 361.000000 0.687668 0.379945
54.000000 362.000000 -0.835250 0.383085
409.000000 362.000000 0.279463 0.383085
413.000000 362.000000 0.292023 0.383085
87.000000 363.000000 -0.731629 0.386225
198.000000 363.000000 -0.383085 0.386225
374.000000 363.000000 0.169562 0.386225
405.000000 363.000000 0.266903 0.386225
45.000000 365.000000 -0.863510 0.392505
47.000000 365.000000 -0.857230 0.392505
96.000000 365.000000 -0.703368 0.392505
200.000000 365.000000 -0.376804 0.392505
618.000000 365.000000 0.935731 0.392505
193.000000 366.000000 -0.398785 0.395645
354.000000 366.000000 0.106761 0.395645
26.000000 367.000000 -0.923171 0.398785
82.000000 367.000000 -0.747329 0.398785
206.000000 367.000000 -0.357964 0.398785
479.000000 367.000000 0.499266 0.398785
578.000000 367.000000 0.810130 0.398785
582.000000 367.000000 0.822690 0.398785
93.000000 368.000000 -0.712788 0.401925
383.000000 368.000000 0.197822 0.401925
111.000000 369.000000 -0.656268 0.405065
202.000000 369.000000 -0.370524 0.405065
310.000000 369.000000 -0.031400 0.405065
364.000000 369.000000 0.138162 0.405065
481.000000 369.000000 0.505546 0.405065
66.000000 370.000000 -0.797569 0.408205
205.000000 370.000000 -0.361104 0.408205
207.000000 370.000000 -0.354824 0.408205
326.000000 370.000000 0.018840 0.408205
353.000000 370.000000 0.103621 0.408205
632.000000 370.000000 0.979692 0.408205
98.000000 371.000000 -0.697088 0.411345
124.000000 371.000000 -0.615447 0.411345
339.000000 371.000000 0.059661 0.411345
348.000000 371.000000 0.087921 0.411345
96.000000 372.000000 -0.703368 0.414485
361.000000 372.000000 0.128742 0.414485
595.000000 372.000000 0.863510 0.414485
83.000000 373.000000 -0.744189 0.417625
305.000000 373.000000 -0.047101 0.417625
315.000000 373.000000 -0.015700 0.417625
435.000000 373.000000 0.361104 0.417625
166.000000 374.000000 -0.483566 0.420765
370.000000 374.000000 0.157002 0.420765
615.000000 374.000000 0.926311 0.420765
3.000000 375.000000 -0.995392 0.423905
28.000000 375.000000 -0.916891 0.423905
298.000000 375.000000 -0.069081 0.423905
364.000000 375.000000 0.138162 0.423905
368.000000 375.000000 0.150722 0.423905
397.000000 375.000000 0.241783 0.423905
445.000000 375.000000 0.392505 0.423905
60.000000 376.000000 -0.816410 0.427045
150.000000 376.000000 -0.533806 0.427045
301.000000 376.000000 -0.059661 0.427045
603.000000 376.000000 0.888631 0.427045
626.000000 376.000000 0.960851 0.427045
66.000000 377.000000 -0.797569 0.430185
95.000000 377.000000 -0.706508 0.430185
184.000000 377.000000 -0.427045 0.430185
322.000000 377.000000 0.006280 0.430185
357.000000 377.000000 0.116181 0.430185
573.000000 377.000000 0.794429 0.430185
623.000000 377.000000 0.951431 0.430185
64.000000 378.000000 -0.803850 0.433325
399.000000 378.000000 0.248063 0.433325
476.000000 378.000000 0.489846 0.433325
589.000000 378.000000 0.844670 0.433325
593.000000 378.000000 0.857230 0.433325
633.000000 378.000000 0.982832 0.433325
58.000000 379.000000 -0.822690 0.436465
182.000000 379.000000 -0.433325 0.436465
287.000000 379.000000 -0.103621 0.436465
394.000000 379.000000 0.232363 0.436465
409.000000 379.000000 0.279463 0.436465
360.000000 380.000000 0.125601 0.439605
389.000000 380.000000 0.216663 0.439605
608.000000 380.000000 0.904331 0.439605
13.000000 381.000000 -0.963991 0.442745
210.000000 381.000000 -0.345404 0.442745
301.000000 381.000000 -0.059661 0.442745
578.000000 381.000000 0.810130 0.442745
280.000000 382.000000 -0.125601 0.445885
284.000000 382.000000 -0.113041 0.445885
294.000000 382.000000 -0.081641 0.445885
330.000000 382.000000 0.031400 0.445885
446.000000 382.000000 0.395645 0.445885
193.000000 383.000000 -0.398785 0.449025
216.000000 383.000000 -0.326564 0.449025
291.000000 383.000000 -0.091061 0.449025
384.000000 383.000000 0.200962 0.449025
402.000000 383.000000 0.257483 0.449025
413.000000 383.000000 0.292023 0.449025
211.000000 384.000000 -0.342264 0.452165
281.000000 385.000000 -0.122461 0.455305
298.000000 385.000000 -0.069081 0.455305
412.000000 385.000000 0.288883 0.455305
199.000000 386.000000 -0.379945 0.458445
296.000000 386.000000 -0.075361 0.458445
393.000000 386.000000 0.229223 0.458445
586.000000 386.000000 0.835250 0.458445
9.000000 387.000000 -0.976552 0.461585
212.000000 387.000000 -0.339124 0.461585
404.000000 387.000000 0.263763 0.461585
326.000000 388.000000 0.018840 0.464725
621.000000 388.000000 0.945151 0.464725
215.000000 389.000000 -0.329704 0.467866
316.000000 389.000000 -0.012560 0.467866
331.000000 389.000000 0.034540 0.467866
204.000000 390.000000 -0.364244 0.471006
319.000000 390.000000 -0.003140 0.471006
451.000000 390.000000 0.411345 0.471006
455.000000 390.000000 0.423905 0.471006
466.000000 390.000000 0.458445 0.471006
272.000000 391.000000 -0.150722 0.474146
276.000000 391.000000 -0.138162 0.474146
332.000000 391.000000 0.037680 0.474146
225.000000 392.000000 -0.298304 0.477286
301.000000 392.000000 -0.059661 0.477286
340.000000 392.000000 0.062801 0.477286
360.000000 392.000000 0.125601 0.477286
365.000000 392.000000 0.141302 0.477286
367.000000 392.000000 0.147582 0.477286
438.000000 392.000000 0.370524 0.477286
221.000000 393.000000 -0.310864 0.480426
383.000000 393.000000 0.197822 0.480426
391.000000 393.000000 0.222943 0.480426
55.000000 394.000000 -0.832110 0.483566
227.000000 394.000000 -0.292023 0.483566
267.000000 394.000000 -0.166422 0.483566
347.000000 394.000000 0.084781 0.483566
355.000000 394.000000 0.109901 0.483566
373.000000 394.000000 0.166422 0.483566
402.000000 394.000000 0.257483 0.483566
432.000000 394.000000 0.351684 0.483566
487.000000 394.000000 0.524386 0.483566
518.000000 394.000000 0.621727 0.483566
309.000000 395.000000 -0.034540 0.486706
336.000000 395.000000 0.050241 0.486706
349.000000 395.000000 0.091061 0.486706
363.000000 395.000000 0.135022 0.486706
365.000000 395.000000 0.141302 0.486706
10.000000 396.000000 -0.973412 0.489846
321.000000 396.000000 0.003140 0.489846
369.000000 396.000000 0.153862 0.489846
269.000000 397.000000 -0.160142 0.492986
279.000000 397.000000 -0.128742 0.492986
391.000000 397.000000 0.222943 0.492986
260.000000 398.000000 -0.188402 0.496126
286.000000 398.000000 -0.106761 0.496126
377.000000 398.000000 0.178982 0.496126
454.000000 398.000000 0.420765 0.496126
474.000000 398.000000 0.483566 0.496126
627.000000 398.000000 0.963991 0.496126
42.000000 399.000000 -0.872930 0.499266
258.000000 399.000000 -0.194682 0.499266
267.000000 399.000000 -0.166422 0.499266
355.000000 399.000000 0.109901 0.499266
362.000000 399.000000 0.131882 0.499266
395.000000 399.000000 0.235503 0.499266
409.000000 399.000000 0.279463 0.499266
436.000000 399.000000 0.364244 0.499266
291.000000 400.000000 -0.091061 0.502406
314.000000 400.000000 -0.018840 0.502406
378.000000 400.000000 0.182122 0.502406
586.000000 400.000000 0.835250 0.502406
57.000000 401.000000 -0.825830 0.505546
251.000000 401.000000 -0.216663 0.505546
261.000000 401.000000 -0.185262 0.505546
270.000000 401.000000 -0.157002 0.505546
284.000000 401.000000 -0.113041 0.505546
308.000000 401.000000 -0.037680 0.505546
361.000000 401.000000 0.128742 0.505546
399.000000 401.000000 0.248063 0.505546
463.000000 401.000000 0.449025 0.505546
604.000000 401.000000 0.891771 0.505546
266.000000 402.000000 -0.169562 0.508686
336.000000 402.000000 0.050241 0.508686
486.000000 402.000000 0.521246 0.508686
538.000000 402.000000 0.684528 0.508686
56.000000 403.000000 -0.828970 0.511826
83.000000 403.000000 -0.744189 0.511826
237.000000 403.000000 -0.260623 0.511826
317.000000 403.000000 -0.009420 0.511826
358.000000 403.000000 0.119321 0.511826
441.000000 403.000000 0.379945 0.511826
448.000000 403.000000 0.401925 0.511826
255.000000 404.000000 -0.204102 0.514966
258.000000 404.000000 -0.194682 0.514966
372.000000 404.000000 0.163282 0.514966
233.000000 405.000000 -0.273183 0.518106
386.000000 405.000000 0.207242 0.518106
475.000000 405.000000 0.486706 0.518106
46.000000 406.000000 -0.860370 0.521246
230.000000 406.000000 -0.282603 0.521246
252.000000 406.000000 -0.213523 0.521246
257.000000 406.000000 -0.197822 0.521246
264.000000 406.000000 -0.175842 0.521246
289.000000 406.000000 -0.097341 0.521246
293.000000 406.000000 -0.084781 0.521246
313.000000 406.000000 -0.021980 0.521246
370.000000 406.000000 0.157002 0.521246
391.000000 406.000000 0.222943 0.521246
429.000000 406.000000 0.342264 0.521246
272.000000 407.000000 -0.150722 0.524386
277.000000 407.000000 -0.135022 0.524386
301.000000 407.000000 -0.059661 0.524386
531.000000 407.000000 0.662548 0.524386
627.000000 407.000000 0.963991 0.524386
329.000000 408.000000 0.028260 0.527526
343.000000 408.000000 0.072221 0.527526
474.000000 408.000000 0.483566 0.527526
17.000000 409.000000 -0.951431 0.530666
237.000000 409.000000 -0.260623 0.530666
273.000000 409.000000 -0.147582 0.530666
304.000000 409.000000 -0.050241 0.530666
399.000000 409.000000 0.248063 0.530666
490.000000 409.000000 0.533806 0.530666
51.000000 410.000000 -0.844670 0.533806
270.000000 410.000000 -0.157002 0.533806
98.000000 411.000000 -0.697088 0.536946
138.000000 411.000000 -0.571487 0.536946
241.000000 411.000000 -0.248063 0.536946
292.000000 411.000000 -0.087921 0.536946
295.000000 411.000000 -0.078501 0.536946
346.000000 411.000000 0.081641 0.536946
429.000000 411.000000 0.342264 0.536946
433.000000 411.000000 0.354824 0.536946
451.000000 411.000000 0.411345 0.536946
221.000000 412.000000 -0.310864 0.540086
309.000000 412.000000 -0.034540 0.540086
338.000000 412.000000 0.056521 0.540086
240.000000 413.000000 -0.251203 0.543226
323.000000 413.000000 0.009420 0.543226
404.000000 413.000000 0.263763 0.543226
419.000000 413.000000 0.310864 0.543226
633.000000 413.000000 0.982832 0.543226
402.000000 414.000000 0.257483 0.546366
429.000000 414.000000 0.342264 0.546366
435.000000 414.000000 0.361104 0.546366
527.000000 414.000000 0.649988 0.546366
137.000000 415.000000 -0.574627 0.549506
286.000000 415.000000 -0.106761 0.549506
348.000000 415.000000 0.087921 0.549506
407.000000 415.000000 0.273183 0.549506
461.000000 415.000000 0.442745 0.549506
75.000000 416.000000 -0.769309 0.552647
248.000000 416.000000 -0.226083 0.552647
293.000000 416.000000 -0.084781 0.552647
358.000000 416.000000 0.119321 0.552647
426.000000 416.000000 0.332844 0.552647
193.000000 417.000000 -0.398785 0.555787
322.000000 417.000000 0.006280 0.555787
627.000000 417.000000 0.963991 0.555787
120.000000 418.000000 -0.628007 0.558927
236.000000 418.000000 -0.263763 0.558927
284.000000 418.000000 -0.113041 0.558927
341.000000 418.000000 0.065941 0.558927
400.000000 418.000000 0.251203 0.558927
83.000000 419.000000 -0.744189 0.562067
167.000000 419.000000 -0.480426 0.562067
213.000000 419.000000 -0.335984 0.562067
348.000000 419.000000 0.087921 0.562067
364.000000 419.000000 0.138162 0.562067
371.000000 419.000000 0.160142 0.562067
62.000000 420.000000 -0.810130 0.565207
205.000000 420.000000 -0.361104 0.565207
224.000000 420.000000 -0.301444 0.565207
294.000000 420.000000 -0.081641 0.565207
306.000000 420.000000 -0.043961 0.565207
42.000000 421.000000 -0.872930 0.568347
80.000000 421.000000 -0.753609 0.568347
219.000000 421.000000 -0.317144 0.568347
272.000000 421.000000 -0.150722 0.568347
276.000000 421.000000 -0.138162 0.568347
287.000000 421.000000 -0.103621 0.568347
314.000000 421.000000 -0.018840 0.568347
399.000000 421.000000 0.248063 0.568347
290.000000 422.000000 -0.094201 0.571487
306.000000 422.000000 -0.043961 0.571487
309.000000 422.000000 -0.034540 0.571487
336.000000 422.000000 0.050241 0.571487
364.000000 422.000000 0.138162 0.571487
466.000000 422.000000 0.458445 0.571487
624.000000 422.000000 0.954571 0.571487
28.000000 423.000000 -0.916891 0.574627
83.000000 423.000000 -0.744189 0.574627
216.000000 423.000000 -0.326564 0.574627
258.000000 423.000000 -0.194682 0.574627
262.000000 423.000000 -0.182122 0.574627
357.000000 423.000000 0.116181 0.574627
443.000000 423.000000 0.386225 0.574627
65.000000 424.000000 -0.800709 0.577767
124.000000 424.000000 -0.615447 0.577767
189.000000 424.000000 -0.411345 0.577767
314.000000 424.000000 -0.018840 0.577767
454.000000 424.000000 0.420765 0.577767
264.000000 425.000000 -0.175842 0.580907
298.000000 425.000000 -0.069081 0.580907
326.000000 425.000000 0.018840 0.580907
334.000000 425.000000 0.043961 0.580907
339.000000 425.000000 0.059661 0.580907
343.000000 425.000000 0.072221 0.580907
369.000000 425.000000 0.153862 0.580907
374.000000 425.000000 0.169562 0.580907
382.000000 425.000000 0.194682 0.580907
406.000000 425.000000 0.270043 0.580907
477.000000 425.000000 0.492986 0.580907
51.000000 426.000000 -0.844670 0.584047
201.000000 426.000000 -0.373664 0.584047
253.000000 426.000000 -0.210382 0.584047
387.000000 426.000000 0.210382 0.584047
518.000000 426.000000 0.621727 0.584047
199.000000 427.000000 -0.379945 0.587187
261.000000 427.000000 -0.185262 0.587187
292.000000 427.000000 -0.087921 0.587187
299.000000 427.000000 -0.065941 0.587187
389.000000 427.000000 0.216663 0.587187
458.000000 427.000000 0.433325 0.587187
600.000000 427.000000 0.879210 0.587187
627.000000 427.000000 0.963991 0.587187
37.000000 428.000000 -0.888631 0.590327
240.000000 428.000000 -0.251203 0.590327
247.000000 428.000000 -0.229223 0.590327
277.000000 428.000000 -0.135022 0.590327
304.000000 428.000000 -0.050241 0.590327
341.000000 428.000000 0.065941 0.590327
215.000000 429.000000 -0.329704 0.593467
343.000000 429.000000 0.072221 0.593467
86.000000 430.000000 -0.734769 0.596607
236.000000 430.000000 -0.263763 0.596607
348.000000 430.000000 0.087921 0.596607
368.000000 430.000000 0.150722 0.596607
420.000000 430.000000 0.314004 0.596607
54.000000 431.000000 -0.835250 0.599747
65.000000 431.000000 -0.800709 0.599747
164.000000 431.000000 -0.489846 0.599747
179.000000 431.000000 -0.442745 0.599747
240.000000 431.000000 -0.251203 0.599747
269.000000 431.000000 -0.160142 0.599747
392.000000 431.000000 0.226083 0.599747
446.000000 431.000000 0.395645 0.599747
626.000000 431.000000 0.960851 0.599747
214.000000 432.000000 -0.332844 0.602887
337.000000 432.000000 0.053381 0.602887
178.000000 433.000000 -0.445885 0.606027
182.000000 433.000000 -0.433325 0.606027
370.000000 433.000000 0.157002 0.606027
406.000000 433.000000 0.270043 0.606027
428.000000 433.000000 0.339124 0.606027
503.000000 433.000000 0.574627 0.606027
215.000000 434.000000 -0.329704 0.609167
277.000000 434.000000 -0.135022 0.609167
285.000000 434.000000 -0.109901 0.609167
307.000000 434.000000 -0.040820 0.609167
313.000000 434.000000 -0.021980 0.609167
357.000000 434.000000 0.116181 0.609167
362.000000 434.000000 0.131882 0.609167
440.000000 434.000000 0.376804 0.609167
193.000000 435.000000 -0.398785 0.612307
206.000000 435.000000 -0.357964 0.612307
252.000000 435.000000 -0.213523 0.612307
346.000000 435.000000 0.081641 0.612307
387.000000 435.000000 0.210382 0.612307
416.000000 435.000000 0.301444 0.612307
385.000000 436.000000 0.204102 0.615447
124.000000 437.000000 -0.615447 0.618587
136.000000 437.000000 -0.577767 0.618587
257.000000 437.000000 -0.197822 0.618587
261.000000 437.000000 -0.185262 0.618587
410.000000 437.000000 0.282603 0.618587
140.000000 438.000000 -0.565207 0.621727
176.000000 438.000000 -0.452165 0.621727
330.000000 438.000000 0.031400 0.621727
463.000000 438.000000 0.449025 0.621727
636.000000 438.000000 0.992252 0.621727
6.000000 439.000000 -0.985972 0.624867
203.000000 439.000000 -0.367384 0.624867
263.000000 439.000000 -0.178982 0.624867
293.000000 439.000000 -0.084781 0.624867
433.000000 439.000000 0.354824 0.624867
196.000000 440.000000 -0.389365 0.628007
215.000000 440.000000 -0.329704 0.628007
238.000000 440.000000 -0.257483 0.628007
332.000000 441.000000 0.037680 0.631147
465.000000 441.000000 0.455305 0.631147
478.000000 441.000000 0.496126 0.631147
203.000000 442.000000 -0.367384 0.634288
342.000000 442.000000 0.069081 0.634288
382.000000 442.000000 0.194682 0.634288
418.000000 442.000000 0.307724 0.634288
147.000000 443.000000 -0.543226 0.637428
193.000000 443.000000 -0.398785 0.637428
336.000000 443.000000 0.050241 0.637428
351.000000 443.000000 0.097341 0.637428
261.000000 444.000000 -0.185262 0.640568
286.000000 444.000000 -0.106761 0.640568
301.000000 444.000000 -0.059661 0.640568
393.000000 444.000000 0.229223 0.640568
166.000000 445.000000 -0.483566 0.643708
248.000000 445.000000 -0.226083 0.643708
338.000000 445.000000 0.056521 0.643708
363.000000 445.000000 0.135022 0.643708
387.000000 445.000000 0.210382 0.643708
217.000000 446.000000 -0.323424 0.646848
240.000000 446.000000 -0.251203 0.646848
250.000000 446.000000 -0.219803 0.646848
321.000000 446.000000 0.003140 0.646848
153.000000 447.000000 -0.524386 0.649988
295.000000 447.000000 -0.078501 0.649988
310.000000 447.000000 -0.031400 0.649988
352.000000 447.000000 0.100481 0.649988
46.000000 448.000000 -0.860370 0.653128
65.000000 448.000000 -0.800709 0.653128
357.000000 448.000000 0.116181 0.653128
361.000000 448.000000 0.128742 0.653128
407.000000 448.000000 0.273183 0.653128
417.000000 448.000000 0.304584 0.653128
471.000000 448.000000 0.474146 0.653128
205.000000 449.000000 -0.361104 0.656268
274.000000 449.000000 -0.144442 0.656268
290.000000 449.000000 -0.094201 0.656268
442.000000 449.000000 0.383085 0.656268
479.000000 449.000000 0.499266 0.656268
353.000000 450.000000 0.103621 0.659408
452.000000 450.000000 0.414485 0.659408
195.000000 451.000000 -0.392505 0.662548
207.000000 451.000000 -0.354824 0.662548
551.000000 451.000000 0.725349 0.662548
601.000000 451.000000 0.882350 0.662548
32.000000 452.000000 -0.904331 0.665688
293.000000 452.000000 -0.084781 0.665688
87.000000 453.000000 -0.731629 0.668828
217.000000 453.000000 -0.323424 0.668828
233.000000 453.000000 -0.273183 0.668828
308.000000 453.000000 -0.037680 0.668828
404.000000 453.000000 0.263763 0.668828
406.000000 453.000000 0.270043 0.668828
413.000000 453.000000 0.292023 0.668828
138.000000 454.000000 -0.571487 0.671968
201.000000 454.000000 -0.373664 0.671968
226.000000 454.000000 -0.295163 0.671968
246.000000 454.000000 -0.232363 0.671968
306.000000 454.000000 -0.043961 0.671968
357.000000 455.000000 0.116181 0.675108
636.000000 455.000000 0.992252 0.675108
627.000000 456.000000 0.963991 0.678248
202.000000 457.000000 -0.370524 0.681388
248.000000 457.000000 -0.226083 0.681388
269.000000 457.000000 -0.160142 0.681388
276.000000 457.000000 -0.138162 0.681388
289.000000 457.000000 -0.097341 0.681388
380.000000 457.000000 0.188402 0.681388
407.000000 457.000000 0.273183 0.681388
458.000000 457.000000 0.433325 0.681388
135.000000 458.000000 -0.580907 0.684528
205.000000 458.000000 -0.361104 0.684528
210.000000 458.000000 -0.345404 0.684528
304.000000 458.000000 -0.050241 0.684528
346.000000 458.000000 0.081641 0.684528
378.000000 458.000000 0.182122 0.684528
316.000000 459.000000 -0.012560 0.687668
465.000000 459.000000 0.455305 0.687668
18.000000 460.000000 -0.948291 0.690808
221.000000 460.000000 -0.310864 0.690808
277.000000 460.000000 -0.135022 0.690808
279.000000 460.000000 -0.128742 0.690808
383.000000 460.000000 0.197822 0.690808
302.000000 461.000000 -0.056521 0.693948
342.000000 461.000000 0.069081 0.693948
345.000000 461.000000 0.078501 0.693948
397.000000 461.000000 0.241783 0.693948
454.000000 461.000000 0.420765 0.693948
209.000000 462.000000 -0.348544 0.697088
253.000000 463.000000 -0.210382 0.700228
350.000000 463.000000 0.094201 0.700228
354.000000 463.000000 0.106761 0.700228
378.000000 463.000000 0.182122 0.700228
417.000000 463.000000 0.304584 0.700228
202.000000 464.000000 -0.370524 0.703368
322.000000 464.000000 0.006280 0.703368
391.000000 464.000000 0.222943 0.703368
513.000000 464.000000 0.606027 0.703368
71.000000 465.000000 -0.781869 0.706508
214.000000 465.000000 -0.332844 0.706508
350.000000 465.000000 0.094201 0.706508
377.000000 465.000000 0.178982 0.706508
405.000000 465.000000 0.266903 0.706508
451.000000 465.000000 0.411345 0.706508
490.000000 465.000000 0.533806 0.706508
493.000000 465.000000 0.543226 0.706508
505.000000 465.000000 0.580907 0.706508
21.000000 466.000000 -0.938871 0.709648
39.000000 466.000000 -0.882350 0.709648
157.000000 466.000000 -0.511826 0.709648
228.000000 467.000000 -0.288883 0.712788
311.000000 467.000000 -0.028260 0.712788
304.000000 468.000000 -0.050241 0.715928
212.000000 469.000000 -0.339124 0.719069
238.000000 469.000000 -0.257483 0.719069
244.000000 469.000000 -0.238643 0.719069
297.000000 469.000000 -0.072221 0.719069
364.000000 469.000000 0.138162 0.719069
355.000000 470.000000 0.109901 0.722209
414.000000 470.000000 0.295163 0.722209
596.000000 470.000000 0.866650 0.722209
10.000000 471.000000 -0.973412 0.725349
387.000000 471.000000 0.210382 0.725349
461.000000 471.000000 0.442745 0.725349
557.000000 471.000000 0.744189 0.725349
5.000000 472.000000 -0.989112 0.728489
56.000000 472.000000 -0.828970 0.728489
70.000000 472.000000 -0.785009 0.728489
468.000000 472.000000 0.464725 0.728489
546.000000 472.000000 0.709648 0.728489
40.000000 473.000000 -0.879210 0.731629
80.000000 473.000000 -0.753609 0.731629
153.000000 473.000000 -0.524386 0.731629
257.000000 473.000000 -0.197822 0.731629
285.000000 473.000000 -0.109901 0.731629
301.000000 473.000000 -0.059661 0.731629
372.000000 473.000000 0.163282 0.731629
296.000000 474.000000 -0.075361 0.734769
334.000000 474.000000 0.043961 0.734769
365.000000 474.000000 0.141302 0.734769
399.000000 474.000000 0.248063 0.734769
266.000000 475.000000 -0.169562 0.737909
296.000000 476.000000 -0.075361 0.741049
397.000000 476.000000 0.241783 0.741049
