559.000000 3.000000 0.750469 -0.744189
561.000000 3.000000 0.756749 -0.744189
472.000000 4.000000 0.477286 -0.741049
552.000000 4.000000 0.728489 -0.741049
571.000000 4.000000 0.788149 -0.741049
353.000000 6.000000 0.103621 -0.734769
547.000000 6.000000 0.712788 -0.734769
513.000000 8.000000 0.606027 -0.728489
542.000000 8.000000 0.697088 -0.728489
366.000000 11.000000 0.144442 -0.719069
425.000000 11.000000 0.329704 -0.719069
562.000000 11.000000 0.759889 -0.719069
364.000000 12.000000 0.138162 -0.715928
519.000000 12.000000 0.624867 -0.715928
530.000000 12.000000 0.659408 -0.715928
627.000000 12.000000 0.963991 -0.715928
543.000000 13.000000 0.700228 -0.712788
362.000000 14.000000 0.131882 -0.709648
455.000000 14.000000 0.423905 -0.709648
567.000000 15.000000 0.775589 -0.706508
615.000000 15.000000 0.926311 -0.706508
424.000000 16.000000 0.326564 -0.703368
610.000000 16.000000 0.910611 -0.703368
361.000000 17.000000 0.128742 -0.700228
363.000000 17.000000 0.135022 -0.700228
499.000000 17.000000 0.562067 -0.700228
507.000000 17.000000 0.587187 -0.700228
538.000000 17.000000 0.684528 -0.700228
412.000000 18.000000 0.288883 -0.697088
440.000000 18.000000 0.376804 -0.697088
531.000000 18.000000 0.662548 -0.697088
378.000000 19.000000 0.182122 -0.693948
389.000000 19.000000 0.216663 -0.693948
432.000000 19.000000 0.351684 -0.693948
595.000000 19.000000 0.863510 -0.693948
354.000000 21.000000 0.106761 -0.687668
538.000000 21.000000 0.684528 -0.687668
421.000000 22.000000 0.317144 -0.684528
354.000000 23.000000 0.106761 -0.681388
528.000000 24.000000 0.653128 -0.678248
594.000000 24.000000 0.860370 -0.678248
354.000000 25.000000 0.106761 -0.675108
533.000000 25.000000 0.668828 -0.675108
421.000000 27.000000 0.317144 -0.668828
524.000000 27.000000 0.640568 -0.668828
523.000000 30.000000 0.637428 -0.659408
528.000000 30.000000 0.653128 -0.659408
368.000000 31.000000 0.150722 -0.656268
345.000000 32.000000 0.078501 -0.653128
519.000000 32.000000 0.624867 -0.653128
628.000000 34.000000 0.967131 -0.646848
516.000000 37.000000 0.615447 -0.637428
400.000000 38.000000 0.251203 -0.634288
571.000000 38.000000 0.788149 -0.634288
515.000000 39.000000 0.612307 -0.631147
531.000000 39.000000 0.662548 -0.631147
355.000000 40.000000 0.109901 -0.628007
436.000000 40.000000 0.364244 -0.628007
572.000000 40.000000 0.791289 -0.628007
458.000000 41.000000 0.433325 -0.624867
481.000000 41.000000 0.505546 -0.624867
358.000000 42.000000 0.119321 -0.621727
364.000000 43.000000 0.138162 -0.618587
399.000000 43.000000 0.248063 -0.618587
557.000000 43.000000 0.744189 -0.618587
355.000000 44.000000 0.109901 -0.615447
370.000000 44.000000 0.157002 -0.615447
376.000000 44.000000 0.175842 -0.615447
513.000000 44.000000 0.606027 -0.615447
382.000000 45.000000 0.194682 -0.612307
504.000000 46.000000 0.577767 -0.609167
388.000000 47.000000 0.213523 -0.606027
394.000000 47.000000 0.232363 -0.606027
513.000000 47.000000 0.606027 -0.606027
571.000000 47.000000 0.788149 -0.606027
575.000000 47.000000 0.800709 -0.606027
400.000000 48.000000 0.251203 -0.602887
435.000000 48.000000 0.361104 -0.602887
408.000000 51.000000 0.276323 -0.593467
635.000000 51.000000 0.989112 -0.593467
497.000000 53.000000 0.555787 -0.587187
23.000000 54.000000 -0.932591 -0.584047
28.000000 55.000000 -0.916891 -0.580907
414.000000 55.000000 0.295163 -0.580907
573.000000 55.000000 0.794429 -0.580907
376.000000 56.000000 0.175842 -0.577767
514.000000 56.000000 0.609167 -0.577767
377.000000 58.000000 0.178982 -0.571487
491.000000 58.000000 0.536946 -0.571487
497.000000 58.000000 0.555787 -0.571487
441.000000 59.000000 0.379945 -0.568347
7.000000 60.000000 -0.982832 -0.565207
413.000000 62.000000 0.292023 -0.558927
558.000000 62.000000 0.747329 -0.558927
16.000000 63.000000 -0.954571 -0.555787
484.000000 63.000000 0.514966 -0.555787
567.000000 64.000000 0.775589 -0.552647
573.000000 64.000000 0.794429 -0.552647
413.000000 65.000000 0.292023 -0.549506
495.000000 65.000000 0.549506 -0.549506
24.000000 66.000000 -0.929451 -0.546366
26.000000 66.000000 -0.923171 -0.546366
565.000000 67.000000 0.769309 -0.543226
29.000000 68.000000 -0.913751 -0.540086
34.000000 68.000000 -0.898051 -0.540086
512.000000 68.000000 0.602887 -0.540086
575.000000 68.000000 0.800709 -0.540086
356.000000 69.000000 0.113041 -0.536946
361.000000 69.000000 0.128742 -0.536946
26.000000 70.000000 -0.923171 -0.533806
367.000000 71.000000 0.147582 -0.530666
373.000000 71.000000 0.166422 -0.530666
411.000000 71.000000 0.285743 -0.530666
379.000000 73.000000 0.185262 -0.524386
403.000000 73.000000 0.260623 -0.524386
22.000000 74.000000 -0.935731 -0.521246
384.000000 74.000000 0.200962 -0.521246
558.000000 74.000000 0.747329 -0.521246
612.000000 74.000000 0.916891 -0.521246
390.000000 75.000000 0.219803 -0.518106
402.000000 75.000000 0.257483 -0.518106
396.000000 76.000000 0.238643 -0.514966
501.000000 79.000000 0.568347 -0.505546
488.000000 81.000000 0.527526 -0.499266
504.000000 81.000000 0.577767 -0.499266
591.000000 82.000000 0.850950 -0.496126
493.000000 84.000000 0.543226 -0.489846
499.000000 84.000000 0.562067 -0.489846
400.000000 85.000000 0.251203 -0.486706
488.000000 85.000000 0.527526 -0.486706
406.000000 86.000000 0.270043 -0.483566
492.000000 86.000000 0.540086 -0.483566
595.000000 86.000000 0.863510 -0.483566
399.000000 87.000000 0.248063 -0.480426
498.000000 87.000000 0.558927 -0.480426
609.000000 87.000000 0.907471 -0.480426
486.000000 88.000000 0.521246 -0.477286
591.000000 88.000000 0.850950 -0.477286
461.000000 89.000000 0.442745 -0.474146
497.000000 89.000000 0.555787 -0.474146
396.000000 90.000000 0.238643 -0.471006
399.000000 90.000000 0.248063 -0.471006
404.000000 90.000000 0.263763 -0.471006
588.000000 90.000000 0.841530 -0.471006
590.000000 90.000000 0.847810 -0.471006
615.000000 90.000000 0.926311 -0.471006
347.000000 91.000000 0.084781 -0.467866
486.000000 91.000000 0.521246 -0.467866
398.000000 92.000000 0.244923 -0.464725
407.000000 92.000000 0.273183 -0.464725
76.000000 93.000000 -0.766169 -0.461585
125.000000 94.000000 -0.612307 -0.458445
352.000000 94.000000 0.100481 -0.458445
358.000000 95.000000 0.119321 -0.455305
406.000000 95.000000 0.270043 -0.455305
484.000000 95.000000 0.514966 -0.455305
499.000000 95.000000 0.562067 -0.455305
608.000000 95.000000 0.904331 -0.455305
88.000000 97.000000 -0.728489 -0.449025
369.000000 97.000000 0.153862 -0.449025
447.000000 97.000000 0.398785 -0.449025
83.000000 98.000000 -0.744189 -0.445885
483.000000 98.000000 0.511826 -0.445885
129.000000 99.000000 -0.599747 -0.442745
380.000000 99.000000 0.188402 -0.442745
153.000000 100.000000 -0.524386 -0.439605
29.000000 101.000000 -0.913751 -0.436465
76.000000 101.000000 -0.766169 -0.436465
110.000000 101.000000 -0.659408 -0.436465
126.000000 101.000000 -0.609167 -0.436465
155.000000 101.000000 -0.518106 -0.436465
330.000000 101.000000 0.031400 -0.436465
88.000000 102.000000 -0.728489 -0.433325
106.000000 102.000000 -0.671968 -0.433325
130.000000 102.000000 -0.596607 -0.433325
134.000000 102.000000 -0.584047 -0.433325
149.000000 102.000000 -0.536946 -0.433325
152.000000 102.000000 -0.527526 -0.433325
93.000000 103.000000 -0.712788 -0.430185
109.000000 103.000000 -0.662548 -0.430185
115.000000 103.000000 -0.643708 -0.430185
139.000000 103.000000 -0.568347 -0.430185
97.000000 104.000000 -0.700228 -0.427045
119.000000 104.000000 -0.631147 -0.427045
144.000000 104.000000 -0.552647 -0.427045
395.000000 104.000000 0.235503 -0.427045
600.000000 104.000000 0.879210 -0.427045
81.000000 105.000000 -0.750469 -0.423905
150.000000 105.000000 -0.533806 -0.423905
380.000000 105.000000 0.188402 -0.423905
481.000000 105.000000 0.505546 -0.423905
491.000000 105.000000 0.536946 -0.423905
108.000000 106.000000 -0.665688 -0.420765
167.000000 106.000000 -0.480426 -0.420765
455.000000 106.000000 0.423905 -0.420765
153.000000 107.000000 -0.524386 -0.417625
394.000000 107.000000 0.232363 -0.417625
60.000000 108.000000 -0.816410 -0.414485
108.000000 108.000000 -0.665688 -0.414485
113.000000 108.000000 -0.649988 -0.414485
139.000000 108.000000 -0.568347 -0.414485
351.000000 108.000000 0.097341 -0.414485
423.000000 108.000000 0.323424 -0.414485
83.000000 109.000000 -0.744189 -0.411345
110.000000 109.000000 -0.659408 -0.411345
349.000000 109.000000 0.091061 -0.411345
372.000000 109.000000 0.163282 -0.411345
492.000000 109.000000 0.540086 -0.411345
66.000000 110.000000 -0.797569 -0.408205
85.000000 110.000000 -0.737909 -0.408205
151.000000 110.000000 -0.530666 -0.408205
328.000000 110.000000 0.025120 -0.408205
477.000000 110.000000 0.492986 -0.408205
531.000000 110.000000 0.662548 -0.408205
69.000000 111.000000 -0.788149 -0.405065
88.000000 111.000000 -0.728489 -0.405065
115.000000 111.000000 -0.643708 -0.405065
136.000000 111.000000 -0.577767 -0.405065
348.000000 111.000000 0.087921 -0.405065
165.000000 112.000000 -0.486706 -0.401925
374.000000 112.000000 0.169562 -0.401925
388.000000 112.000000 0.213523 -0.401925
422.000000 112.000000 0.320284 -0.401925
455.000000 112.000000 0.423905 -0.401925
486.000000 112.000000 0.521246 -0.401925
568.000000 112.000000 0.778729 -0.401925
91.000000 113.000000 -0.719069 -0.398785
109.000000 113.000000 -0.662548 -0.398785
169.000000 113.000000 -0.474146 -0.398785
391.000000 113.000000 0.222943 -0.398785
450.000000 113.000000 0.408205 -0.398785
459.000000 113.000000 0.436465 -0.398785
466.000000 113.000000 0.458445 -0.398785
619.000000 113.000000 0.938871 -0.398785
171.000000 114.000000 -0.467866 -0.395645
346.000000 114.000000 0.081641 -0.395645
464.000000 114.000000 0.452165 -0.395645
139.000000 115.000000 -0.568347 -0.392505
392.000000 115.000000 0.226083 -0.392505
469.000000 115.000000 0.467866 -0.392505
476.000000 115.000000 0.489846 -0.392505
540.000000 115.000000 0.690808 -0.392505
94.000000 116.000000 -0.709648 -0.389365
349.000000 116.000000 0.091061 -0.389365
373.000000 116.000000 0.166422 -0.389365
478.000000 116.000000 0.496126 -0.389365
497.000000 116.000000 0.555787 -0.389365
459.000000 117.000000 0.436465 -0.386225
89.000000 118.000000 -0.725349 -0.383085
92.000000 118.000000 -0.715928 -0.383085
96.000000 118.000000 -0.703368 -0.383085
110.000000 118.000000 -0.659408 -0.383085
136.000000 118.000000 -0.577767 -0.383085
169.000000 118.000000 -0.474146 -0.383085
391.000000 118.000000 0.222943 -0.383085
534.000000 118.000000 0.671968 -0.383085
352.000000 119.000000 0.100481 -0.379945
358.000000 119.000000 0.119321 -0.379945
417.000000 119.000000 0.304584 -0.379945
452.000000 119.000000 0.414485 -0.379945
589.000000 120.000000 0.844670 -0.376804
113.000000 121.000000 -0.649988 -0.373664
391.000000 121.000000 0.222943 -0.373664
411.000000 121.000000 0.285743 -0.373664
455.000000 121.000000 0.423905 -0.373664
345.000000 122.000000 0.078501 -0.370524
350.000000 122.000000 0.094201 -0.370524
355.000000 122.000000 0.109901 -0.370524
359.000000 122.000000 0.122461 -0.370524
389.000000 122.000000 0.216663 -0.370524
400.000000 122.000000 0.251203 -0.370524
493.000000 122.000000 0.543226 -0.370524
107.000000 123.000000 -0.668828 -0.367384
111.000000 123.000000 -0.656268 -0.367384
348.000000 123.000000 0.087921 -0.367384
490.000000 123.000000 0.533806 -0.367384
89.000000 124.000000 -0.725349 -0.364244
135.000000 124.000000 -0.580907 -0.364244
214.000000 124.000000 -0.332844 -0.364244
346.000000 124.000000 0.081641 -0.364244
390.000000 124.000000 0.219803 -0.364244
504.000000 124.000000 0.577767 -0.364244
521.000000 124.000000 0.631147 -0.364244
171.000000 125.000000 -0.467866 -0.361104
369.000000 125.000000 0.153862 -0.361104
375.000000 125.000000 0.172702 -0.361104
399.000000 125.000000 0.248063 -0.361104
476.000000 125.000000 0.489846 -0.361104
108.000000 126.000000 -0.665688 -0.357964
217.000000 126.000000 -0.323424 -0.357964
350.000000 126.000000 0.094201 -0.357964
359.000000 126.000000 0.122461 -0.357964
602.000000 126.000000 0.885490 -0.357964
147.000000 127.000000 -0.543226 -0.354824
175.000000 127.000000 -0.455305 -0.354824
180.000000 127.000000 -0.439605 -0.354824
190.000000 127.000000 -0.408205 -0.354824
192.000000 127.000000 -0.401925 -0.354824
221.000000 127.000000 -0.310864 -0.354824
229.000000 127.000000 -0.285743 -0.354824
388.000000 127.000000 0.213523 -0.354824
390.000000 127.000000 0.219803 -0.354824
473.000000 127.000000 0.480426 -0.354824
185.000000 128.000000 -0.423905 -0.351684
197.000000 128.000000 -0.386225 -0.351684
212.000000 128.000000 -0.339124 -0.351684
361.000000 128.000000 0.128742 -0.351684
364.000000 128.000000 0.138162 -0.351684
460.000000 128.000000 0.439605 -0.351684
145.000000 129.000000 -0.549506 -0.348544
188.000000 129.000000 -0.414485 -0.348544
214.000000 129.000000 -0.332844 -0.348544
471.000000 129.000000 0.474146 -0.348544
195.000000 130.000000 -0.392505 -0.345404
205.000000 130.000000 -0.361104 -0.345404
229.000000 130.000000 -0.285743 -0.345404
304.000000 130.000000 -0.050241 -0.345404
309.000000 130.000000 -0.034540 -0.345404
320.000000 130.000000 -0.000000 -0.345404
359.000000 130.000000 0.122461 -0.345404
387.000000 130.000000 0.210382 -0.345404
519.000000 130.000000 0.624867 -0.345404
568.000000 130.000000 0.778729 -0.345404
599.000000 130.000000 0.876070 -0.345404
615.000000 130.000000 0.926311 -0.345404
146.000000 131.000000 -0.546366 -0.342264
172.000000 131.000000 -0.464725 -0.342264
213.000000 131.000000 -0.335984 -0.342264
314.000000 131.000000 -0.018840 -0.342264
317.000000 131.000000 -0.009420 -0.342264
350.000000 131.000000 0.094201 -0.342264
606.000000 131.000000 0.898051 -0.342264
617.000000 131.000000 0.932591 -0.342264
627.000000 131.000000 0.963991 -0.342264
107.000000 132.000000 -0.668828 -0.339124
229.000000 132.000000 -0.285743 -0.339124
326.000000 132.000000 0.018840 -0.339124
339.000000 132.000000 0.059661 -0.339124
497.000000 132.000000 0.555787 -0.339124
329.000000 133.000000 0.028260 -0.335984
331.000000 133.000000 0.034540 -0.335984
502.000000 133.000000 0.571487 -0.335984
192.000000 134.000000 -0.401925 -0.332844
196.000000 134.000000 -0.389365 -0.332844
200.000000 134.000000 -0.376804 -0.332844
221.000000 134.000000 -0.310864 -0.332844
304.000000 134.000000 -0.050241 -0.332844
336.000000 134.000000 0.050241 -0.332844
347.000000 134.000000 0.084781 -0.332844
359.000000 134.000000 0.122461 -0.332844
491.000000 134.000000 0.536946 -0.332844
179.000000 135.000000 -0.442745 -0.329704
181.000000 135.000000 -0.436465 -0.329704
204.000000 135.000000 -0.364244 -0.329704
214.000000 135.000000 -0.332844 -0.329704
230.000000 135.000000 -0.282603 -0.329704
309.000000 135.000000 -0.034540 -0.329704
370.000000 135.000000 0.157002 -0.329704
432.000000 135.000000 0.351684 -0.329704
101.000000 136.000000 -0.687668 -0.326564
188.000000 136.000000 -0.414485 -0.326564
191.000000 136.000000 -0.405065 -0.326564
195.000000 136.000000 -0.392505 -0.326564
219.000000 136.000000 -0.317144 -0.326564
340.000000 136.000000 0.062801 -0.326564
351.000000 136.000000 0.097341 -0.326564
358.000000 136.000000 0.119321 -0.326564
386.000000 136.000000 0.207242 -0.326564
458.000000 136.000000 0.433325 -0.326564
613.000000 136.000000 0.920031 -0.326564
198.000000 137.000000 -0.383085 -0.323424
345.000000 137.000000 0.078501 -0.323424
354.000000 137.000000 0.106761 -0.323424
487.000000 137.000000 0.524386 -0.323424
587.000000 137.000000 0.838390 -0.323424
591.000000 137.000000 0.850950 -0.323424
600.000000 137.000000 0.879210 -0.323424
618.000000 137.000000 0.935731 -0.323424
207.000000 138.000000 -0.354824 -0.320284
212.000000 138.000000 -0.339124 -0.320284
218.000000 138.000000 -0.320284 -0.320284
332.000000 138.000000 0.037680 -0.320284
347.000000 138.000000 0.084781 -0.320284
361.000000 138.000000 0.128742 -0.320284
387.000000 138.000000 0.210382 -0.320284
494.000000 138.000000 0.546366 -0.320284
605.000000 138.000000 0.894911 -0.320284
624.000000 138.000000 0.954571 -0.320284
205.000000 139.000000 -0.361104 -0.317144
215.000000 139.000000 -0.329704 -0.317144
242.000000 139.000000 -0.244923 -0.317144
244.000000 139.000000 -0.238643 -0.317144
258.000000 139.000000 -0.194682 -0.317144
610.000000 139.000000 0.910611 -0.317144
210.000000 140.000000 -0.345404 -0.314004
240.000000 140.000000 -0.251203 -0.314004
331.000000 140.000000 0.034540 -0.314004
334.000000 140.000000 0.043961 -0.314004
358.000000 140.000000 0.119321 -0.314004
386.000000 140.000000 0.207242 -0.314004
407.000000 140.000000 0.273183 -0.314004
497.000000 140.000000 0.555787 -0.314004
616.000000 140.000000 0.929451 -0.314004
212.000000 141.000000 -0.339124 -0.310864
218.000000 141.000000 -0.320284 -0.310864
245.000000 141.000000 -0.235503 -0.310864
249.000000 141.000000 -0.222943 -0.310864
252.000000 141.000000 -0.213523 -0.310864
263.000000 141.000000 -0.178982 -0.310864
265.000000 141.000000 -0.172702 -0.310864
268.000000 141.000000 -0.163282 -0.310864
368.000000 141.000000 0.150722 -0.310864
375.000000 141.000000 0.172702 -0.310864
622.000000 141.000000 0.948291 -0.310864
240.000000 142.000000 -0.251203 -0.307724
247.000000 142.000000 -0.229223 -0.307724
323.000000 142.000000 0.009420 -0.307724
327.000000 142.000000 0.021980 -0.307724
331.000000 142.000000 0.034540 -0.307724
340.000000 142.000000 0.062801 -0.307724
363.000000 142.000000 0.135022 -0.307724
366.000000 142.000000 0.144442 -0.307724
371.000000 142.000000 0.160142 -0.307724
373.000000 142.000000 0.166422 -0.307724
377.000000 142.000000 0.178982 -0.307724
384.000000 142.000000 0.200962 -0.307724
147.000000 143.000000 -0.543226 -0.304584
216.000000 143.000000 -0.326564 -0.304584
222.000000 143.000000 -0.307724 -0.304584
250.000000 143.000000 -0.219803 -0.304584
261.000000 143.000000 -0.185262 -0.304584
329.000000 143.000000 0.028260 -0.304584
336.000000 143.000000 0.050241 -0.304584
361.000000 143.000000 0.128742 -0.304584
379.000000 143.000000 0.185262 -0.304584
387.000000 143.000000 0.210382 -0.304584
396.000000 143.000000 0.238643 -0.304584
435.000000 143.000000 0.361104 -0.304584
481.000000 143.000000 0.505546 -0.304584
495.000000 143.000000 0.549506 -0.304584
529.000000 143.000000 0.656268 -0.304584
32.000000 144.000000 -0.904331 -0.301444
239.000000 144.000000 -0.254343 -0.301444
270.000000 144.000000 -0.157002 -0.301444
334.000000 144.000000 0.043961 -0.301444
342.000000 144.000000 0.069081 -0.301444
381.000000 144.000000 0.191542 -0.301444
476.000000 144.000000 0.489846 -0.301444
490.000000 144.000000 0.533806 -0.301444
146.000000 145.000000 -0.546366 -0.298304
219.000000 145.000000 -0.317144 -0.298304
241.000000 145.000000 -0.248063 -0.298304
253.000000 145.000000 -0.210382 -0.298304
338.000000 145.000000 0.056521 -0.298304
349.000000 145.000000 0.091061 -0.298304
389.000000 145.000000 0.216663 -0.298304
392.000000 145.000000 0.226083 -0.298304
478.000000 145.000000 0.496126 -0.298304
52.000000 146.000000 -0.841530 -0.295163
344.000000 146.000000 0.075361 -0.295163
360.000000 146.000000 0.125601 -0.295163
376.000000 146.000000 0.175842 -0.295163
403.000000 146.000000 0.260623 -0.295163
493.000000 146.000000 0.543226 -0.295163
580.000000 146.000000 0.816410 -0.295163
96.000000 147.000000 -0.703368 -0.292023
142.000000 147.000000 -0.558927 -0.292023
244.000000 147.000000 -0.238643 -0.292023
268.000000 147.000000 -0.163282 -0.292023
349.000000 147.000000 0.091061 -0.292023
353.000000 147.000000 0.103621 -0.292023
355.000000 147.000000 0.109901 -0.292023
357.000000 147.000000 0.116181 -0.292023
396.000000 147.000000 0.238643 -0.292023
408.000000 147.000000 0.276323 -0.292023
430.000000 147.000000 0.345404 -0.292023
488.000000 147.000000 0.527526 -0.292023
259.000000 148.000000 -0.191542 -0.288883
283.000000 148.000000 -0.116181 -0.288883
359.000000 148.000000 0.122461 -0.288883
391.000000 148.000000 0.222943 -0.288883
401.000000 148.000000 0.254343 -0.288883
497.000000 148.000000 0.555787 -0.288883
500.000000 148.000000 0.565207 -0.288883
505.000000 148.000000 0.580907 -0.288883
219.000000 149.000000 -0.317144 -0.285743
290.000000 149.000000 -0.094201 -0.285743
334.000000 149.000000 0.043961 -0.285743
364.000000 149.000000 0.138162 -0.285743
367.000000 149.000000 0.147582 -0.285743
413.000000 149.000000 0.292023 -0.285743
467.000000 149.000000 0.461585 -0.285743
471.000000 149.000000 0.474146 -0.285743
477.000000 149.000000 0.492986 -0.285743
338.000000 150.000000 0.056521 -0.282603
372.000000 150.000000 0.163282 -0.282603
418.000000 150.000000 0.307724 -0.282603
490.000000 150.000000 0.533806 -0.282603
146.000000 151.000000 -0.546366 -0.279463
286.000000 151.000000 -0.106761 -0.279463
293.000000 151.000000 -0.084781 -0.279463
374.000000 151.000000 0.169562 -0.279463
377.000000 151.000000 0.178982 -0.279463
380.000000 151.000000 0.188402 -0.279463
406.000000 151.000000 0.270043 -0.279463
219.000000 152.000000 -0.317144 -0.276323
281.000000 152.000000 -0.122461 -0.276323
325.000000 152.000000 0.015700 -0.276323
341.000000 152.000000 0.065941 -0.276323
348.000000 152.000000 0.087921 -0.276323
383.000000 152.000000 0.197822 -0.276323
421.000000 152.000000 0.317144 -0.276323
470.000000 152.000000 0.471006 -0.276323
245.000000 153.000000 -0.235503 -0.273183
354.000000 153.000000 0.106761 -0.273183
380.000000 153.000000 0.188402 -0.273183
388.000000 153.000000 0.213523 -0.273183
477.000000 153.000000 0.492986 -0.273183
493.000000 153.000000 0.543226 -0.273183
542.000000 153.000000 0.697088 -0.273183
220.000000 154.000000 -0.314004 -0.270043
261.000000 154.000000 -0.185262 -0.270043
330.000000 154.000000 0.031400 -0.270043
357.000000 154.000000 0.116181 -0.270043
372.000000 154.000000 0.163282 -0.270043
384.000000 154.000000 0.200962 -0.270043
393.000000 154.000000 0.229223 -0.270043
421.000000 154.000000 0.317144 -0.270043
606.000000 154.000000 0.898051 -0.270043
194.000000 155.000000 -0.395645 -0.266903
272.000000 155.000000 -0.150722 -0.266903
282.000000 155.000000 -0.119321 -0.266903
390.000000 155.000000 0.219803 -0.266903
475.000000 155.000000 0.486706 -0.266903
277.000000 156.000000 -0.135022 -0.263763
353.000000 156.000000 0.103621 -0.263763
363.000000 156.000000 0.135022 -0.263763
369.000000 156.000000 0.153862 -0.263763
486.000000 156.000000 0.521246 -0.263763
491.000000 156.000000 0.536946 -0.263763
503.000000 156.000000 0.574627 -0.263763
559.000000 156.000000 0.750469 -0.263763
218.000000 157.000000 -0.320284 -0.260623
397.000000 157.000000 0.241783 -0.260623
488.000000 157.000000 0.527526 -0.260623
493.000000 157.000000 0.543226 -0.260623
283.000000 158.000000 -0.116181 -0.257483
293.000000 158.000000 -0.084781 -0.257483
298.000000 158.000000 -0.069081 -0.257483
379.000000 158.000000 0.185262 -0.257483
394.000000 158.000000 0.232363 -0.257483
470.000000 158.000000 0.471006 -0.257483
523.000000 158.000000 0.637428 -0.257483
609.000000 158.000000 0.907471 -0.257483
217.000000 159.000000 -0.323424 -0.254343
262.000000 159.000000 -0.182122 -0.254343
285.000000 159.000000 -0.109901 -0.254343
343.000000 159.000000 0.072221 -0.254343
353.000000 159.000000 0.103621 -0.254343
377.000000 159.000000 0.178982 -0.254343
385.000000 159.000000 0.204102 -0.254343
468.000000 159.000000 0.464725 -0.254343
474.000000 159.000000 0.483566 -0.254343
518.000000 159.000000 0.621727 -0.254343
569.000000 159.000000 0.781869 -0.254343
193.000000 160.000000 -0.398785 -0.251203
264.000000 160.000000 -0.175842 -0.251203
308.000000 160.000000 -0.037680 -0.251203
328.000000 160.000000 0.025120 -0.251203
383.000000 160.000000 0.197822 -0.251203
392.000000 160.000000 0.226083 -0.251203
402.000000 160.000000 0.257483 -0.251203
439.000000 160.000000 0.373664 -0.251203
466.000000 160.000000 0.458445 -0.251203
484.000000 160.000000 0.514966 -0.251203
492.000000 160.000000 0.540086 -0.251203
520.000000 160.000000 0.628007 -0.251203
585.000000 160.000000 0.832110 -0.251203
145.000000 161.000000 -0.549506 -0.248063
297.000000 161.000000 -0.072221 -0.248063
313.000000 161.000000 -0.021980 -0.248063
388.000000 161.000000 0.213523 -0.248063
417.000000 161.000000 0.304584 -0.248063
499.000000 161.000000 0.562067 -0.248063
502.000000 161.000000 0.571487 -0.248063
516.000000 161.000000 0.615447 -0.248063
219.000000 162.000000 -0.317144 -0.244923
364.000000 162.000000 0.138162 -0.244923
372.000000 162.000000 0.163282 -0.244923
421.000000 162.000000 0.317144 -0.244923
456.000000 162.000000 0.427045 -0.244923
467.000000 162.000000 0.461585 -0.244923
469.000000 162.000000 0.467866 -0.244923
474.000000 162.000000 0.483566 -0.244923
485.000000 162.000000 0.518106 -0.244923
604.000000 162.000000 0.891771 -0.244923
112.000000 163.000000 -0.653128 -0.241783
145.000000 163.000000 -0.549506 -0.241783
297.000000 163.000000 -0.072221 -0.241783
353.000000 163.000000 0.103621 -0.241783
523.000000 163.000000 0.637428 -0.241783
577.000000 163.000000 0.806990 -0.241783
94.000000 164.000000 -0.709648 -0.238643
258.000000 164.000000 -0.194682 -0.238643
330.000000 164.000000 0.031400 -0.238643
359.000000 164.000000 0.122461 -0.238643
367.000000 164.000000 0.147582 -0.238643
393.000000 164.000000 0.229223 -0.238643
438.000000 164.000000 0.370524 -0.238643
480.000000 164.000000 0.502406 -0.238643
489.000000 164.000000 0.530666 -0.238643
609.000000 164.000000 0.907471 -0.238643
194.000000 165.000000 -0.395645 -0.235503
217.000000 165.000000 -0.323424 -0.235503
386.000000 165.000000 0.207242 -0.235503
192.000000 166.000000 -0.401925 -0.232363
261.000000 166.000000 -0.185262 -0.232363
263.000000 166.000000 -0.178982 -0.232363
289.000000 166.000000 -0.097341 -0.232363
354.000000 166.000000 0.106761 -0.232363
379.000000 166.000000 0.185262 -0.232363
392.000000 166.000000 0.226083 -0.232363
466.000000 166.000000 0.458445 -0.232363
472.000000 166.000000 0.477286 -0.232363
522.000000 166.000000 0.634288 -0.232363
258.000000 167.000000 -0.194682 -0.229223
327.000000 167.000000 0.021980 -0.229223
341.000000 167.000000 0.065941 -0.229223
477.000000 167.000000 0.492986 -0.229223
192.000000 168.000000 -0.401925 -0.226083
216.000000 168.000000 -0.326564 -0.226083
333.000000 168.000000 0.040820 -0.226083
350.000000 168.000000 0.094201 -0.226083
353.000000 168.000000 0.103621 -0.226083
218.000000 169.000000 -0.320284 -0.222943
348.000000 169.000000 0.087921 -0.222943
358.000000 169.000000 0.119321 -0.222943
367.000000 169.000000 0.147582 -0.222943
415.000000 169.000000 0.298304 -0.222943
471.000000 169.000000 0.474146 -0.222943
502.000000 169.000000 0.571487 -0.222943
192.000000 170.000000 -0.401925 -0.219803
195.000000 170.000000 -0.392505 -0.219803
260.000000 170.000000 -0.188402 -0.219803
333.000000 170.000000 0.040820 -0.219803
381.000000 170.000000 0.191542 -0.219803
386.000000 170.000000 0.207242 -0.219803
524.000000 170.000000 0.640568 -0.219803
559.000000 170.000000 0.750469 -0.219803
224.000000 171.000000 -0.301444 -0.216663
329.000000 171.000000 0.028260 -0.216663
338.000000 171.000000 0.056521 -0.216663
343.000000 171.000000 0.072221 -0.216663
363.000000 171.000000 0.135022 -0.216663
393.000000 171.000000 0.229223 -0.216663
436.000000 171.000000 0.364244 -0.216663
465.000000 171.000000 0.455305 -0.216663
520.000000 171.000000 0.628007 -0.216663
144.000000 172.000000 -0.552647 -0.213523
191.000000 172.000000 -0.405065 -0.213523
193.000000 172.000000 -0.398785 -0.213523
326.000000 172.000000 0.018840 -0.213523
388.000000 172.000000 0.213523 -0.213523
470.000000 172.000000 0.471006 -0.213523
492.000000 172.000000 0.540086 -0.213523
216.000000 173.000000 -0.326564 -0.210382
282.000000 173.000000 -0.119321 -0.210382
340.000000 173.000000 0.062801 -0.210382
376.000000 173.000000 0.175842 -0.210382
513.000000 173.000000 0.606027 -0.210382
194.000000 174.000000 -0.395645 -0.207242
224.000000 174.000000 -0.301444 -0.207242
345.000000 174.000000 0.078501 -0.207242
359.000000 174.000000 0.122461 -0.207242
367.000000 174.000000 0.147582 -0.207242
525.000000 174.000000 0.643708 -0.207242
610.000000 174.000000 0.910611 -0.207242
86.000000 175.000000 -0.734769 -0.204102
144.000000 175.000000 -0.552647 -0.204102
281.000000 175.000000 -0.122461 -0.204102
339.000000 175.000000 0.059661 -0.204102
363.000000 175.000000 0.135022 -0.204102
394.000000 175.000000 0.232363 -0.204102
414.000000 175.000000 0.295163 -0.204102
493.000000 175.000000 0.543226 -0.204102
501.000000 175.000000 0.568347 -0.204102
520.000000 175.000000 0.628007 -0.204102
215.000000 176.000000 -0.329704 -0.200962
344.000000 176.000000 0.075361 -0.200962
368.000000 176.000000 0.150722 -0.200962
403.000000 176.000000 0.260623 -0.200962
419.000000 176.000000 0.310864 -0.200962
422.000000 176.000000 0.320284 -0.200962
463.000000 176.000000 0.449025 -0.200962
469.000000 176.000000 0.467866 -0.200962
491.000000 176.000000 0.536946 -0.200962
537.000000 176.000000 0.681388 -0.200962
592.000000 176.000000 0.854090 -0.200962
217.000000 177.000000 -0.323424 -0.197822
263.000000 177.000000 -0.178982 -0.197822
325.000000 177.000000 0.015700 -0.197822
606.000000 177.000000 0.898051 -0.197822
281.000000 178.000000 -0.122461 -0.194682
352.000000 178.000000 0.100481 -0.194682
365.000000 178.000000 0.141302 -0.194682
373.000000 178.000000 0.166422 -0.194682
377.000000 178.000000 0.178982 -0.194682
425.000000 178.000000 0.329704 -0.194682
469.000000 178.000000 0.467866 -0.194682
472.000000 178.000000 0.477286 -0.194682
197.000000 179.000000 -0.386225 -0.191542
258.000000 179.000000 -0.194682 -0.191542
343.000000 179.000000 0.072221 -0.191542
370.000000 179.000000 0.157002 -0.191542
375.000000 179.000000 0.172702 -0.191542
430.000000 179.000000 0.345404 -0.191542
263.000000 180.000000 -0.178982 -0.188402
338.000000 180.000000 0.056521 -0.188402
386.000000 180.000000 0.207242 -0.188402
489.000000 180.000000 0.530666 -0.188402
492.000000 180.000000 0.540086 -0.188402
583.000000 180.000000 0.825830 -0.188402
608.000000 180.000000 0.904331 -0.188402
190.000000 181.000000 -0.408205 -0.185262
215.000000 181.000000 -0.329704 -0.185262
260.000000 181.000000 -0.188402 -0.185262
324.000000 181.000000 0.012560 -0.185262
358.000000 181.000000 0.119321 -0.185262
462.000000 181.000000 0.445885 -0.185262
486.000000 181.000000 0.521246 -0.185262
551.000000 181.000000 0.725349 -0.185262
278.000000 182.000000 -0.131882 -0.182122
354.000000 182.000000 0.106761 -0.182122
413.000000 182.000000 0.292023 -0.182122
415.000000 182.000000 0.298304 -0.182122
433.000000 182.000000 0.354824 -0.182122
587.000000 182.000000 0.838390 -0.182122
36.000000 183.000000 -0.891771 -0.178982
38.000000 183.000000 -0.885490 -0.178982
101.000000 183.000000 -0.687668 -0.178982
143.000000 183.000000 -0.555787 -0.178982
282.000000 183.000000 -0.119321 -0.178982
364.000000 183.000000 0.138162 -0.178982
374.000000 183.000000 0.169562 -0.178982
473.000000 183.000000 0.480426 -0.178982
490.000000 183.000000 0.533806 -0.178982
211.000000 184.000000 -0.342264 -0.175842
214.000000 184.000000 -0.332844 -0.175842
288.000000 184.000000 -0.100481 -0.175842
428.000000 184.000000 0.339124 -0.175842
461.000000 184.000000 0.442745 -0.175842
469.000000 184.000000 0.467866 -0.175842
497.000000 184.000000 0.555787 -0.175842
520.000000 184.000000 0.628007 -0.175842
533.000000 184.000000 0.668828 -0.175842
567.000000 184.000000 0.775589 -0.175842
606.000000 184.000000 0.898051 -0.175842
143.000000 185.000000 -0.555787 -0.172702
202.000000 185.000000 -0.370524 -0.172702
216.000000 185.000000 -0.326564 -0.172702
260.000000 185.000000 -0.188402 -0.172702
262.000000 185.000000 -0.182122 -0.172702
390.000000 185.000000 0.219803 -0.172702
415.000000 185.000000 0.298304 -0.172702
421.000000 185.000000 0.317144 -0.172702
452.000000 185.000000 0.414485 -0.172702
501.000000 185.000000 0.568347 -0.172702
508.000000 185.000000 0.590327 -0.172702
517.000000 185.000000 0.618587 -0.172702
531.000000 185.000000 0.662548 -0.172702
559.000000 185.000000 0.750469 -0.172702
204.000000 186.000000 -0.364244 -0.169562
572.000000 186.000000 0.791289 -0.169562
580.000000 186.000000 0.816410 -0.169562
259.000000 187.000000 -0.191542 -0.166422
277.000000 187.000000 -0.135022 -0.166422
323.000000 187.000000 0.009420 -0.166422
328.000000 187.000000 0.025120 -0.166422
447.000000 187.000000 0.398785 -0.166422
449.000000 187.000000 0.405065 -0.166422
451.000000 187.000000 0.411345 -0.166422
214.000000 188.000000 -0.332844 -0.163282
221.000000 188.000000 -0.310864 -0.163282
262.000000 188.000000 -0.182122 -0.163282
283.000000 188.000000 -0.116181 -0.163282
288.000000 188.000000 -0.100481 -0.163282
373.000000 188.000000 0.166422 -0.163282
427.000000 188.000000 0.335984 -0.163282
430.000000 188.000000 0.345404 -0.163282
458.000000 188.000000 0.433325 -0.163282
483.000000 188.000000 0.511826 -0.163282
575.000000 188.000000 0.800709 -0.163282
189.000000 189.000000 -0.411345 -0.160142
277.000000 189.000000 -0.135022 -0.160142
292.000000 189.000000 -0.087921 -0.160142
317.000000 189.000000 -0.009420 -0.160142
435.000000 189.000000 0.361104 -0.160142
464.000000 189.000000 0.452165 -0.160142
467.000000 189.000000 0.461585 -0.160142
478.000000 189.000000 0.496126 -0.160142
567.000000 189.000000 0.775589 -0.160142
269.000000 190.000000 -0.160142 -0.157002
311.000000 190.000000 -0.028260 -0.157002
326.000000 190.000000 0.018840 -0.157002
328.000000 190.000000 0.025120 -0.157002
333.000000 190.000000 0.040820 -0.157002
415.000000 190.000000 0.298304 -0.157002
427.000000 190.000000 0.335984 -0.157002
441.000000 190.000000 0.379945 -0.157002
472.000000 190.000000 0.477286 -0.157002
489.000000 190.000000 0.530666 -0.157002
496.000000 190.000000 0.552647 -0.157002
622.000000 190.000000 0.948291 -0.157002
187.000000 191.000000 -0.417625 -0.153862
259.000000 191.000000 -0.191542 -0.153862
394.000000 191.000000 0.232363 -0.153862
445.000000 191.000000 0.392505 -0.153862
499.000000 191.000000 0.562067 -0.153862
506.000000 191.000000 0.584047 -0.153862
210.000000 192.000000 -0.345404 -0.150722
240.000000 192.000000 -0.251203 -0.150722
252.000000 192.000000 -0.213523 -0.150722
322.000000 192.000000 0.006280 -0.150722
325.000000 192.000000 0.015700 -0.150722
330.000000 192.000000 0.031400 -0.150722
332.000000 192.000000 0.037680 -0.150722
372.000000 192.000000 0.163282 -0.150722
426.000000 192.000000 0.332844 -0.150722
450.000000 192.000000 0.408205 -0.150722
470.000000 192.000000 0.471006 -0.150722
482.000000 192.000000 0.508686 -0.150722
497.000000 192.000000 0.555787 -0.150722
543.000000 192.000000 0.700228 -0.150722
589.000000 192.000000 0.844670 -0.150722
214.000000 193.000000 -0.332844 -0.147582
231.000000 193.000000 -0.279463 -0.147582
244.000000 193.000000 -0.238643 -0.147582
336.000000 193.000000 0.050241 -0.147582
455.000000 193.000000 0.423905 -0.147582
515.000000 193.000000 0.612307 -0.147582
142.000000 194.000000 -0.558927 -0.144442
223.000000 194.000000 -0.304584 -0.144442
327.000000 194.000000 0.021980 -0.144442
333.000000 194.000000 0.040820 -0.144442
341.000000 194.000000 0.065941 -0.144442
344.000000 194.000000 0.075361 -0.144442
409.000000 194.000000 0.279463 -0.144442
441.000000 194.000000 0.379945 -0.144442
460.000000 194.000000 0.439605 -0.144442
571.000000 194.000000 0.788149 -0.144442
577.000000 194.000000 0.806990 -0.144442
215.000000 195.000000 -0.329704 -0.141302
220.000000 195.000000 -0.314004 -0.141302
234.000000 195.000000 -0.270043 -0.141302
316.000000 195.000000 -0.012560 -0.141302
339.000000 195.000000 0.059661 -0.141302
347.000000 195.000000 0.084781 -0.141302
351.000000 195.000000 0.097341 -0.141302
378.000000 195.000000 0.182122 -0.141302
425.000000 195.000000 0.329704 -0.141302
443.000000 195.000000 0.386225 -0.141302
475.000000 195.000000 0.486706 -0.141302
487.000000 195.000000 0.524386 -0.141302
495.000000 195.000000 0.549506 -0.141302
600.000000 195.000000 0.879210 -0.141302
228.000000 196.000000 -0.288883 -0.138162
356.000000 196.000000 0.113041 -0.138162
453.000000 196.000000 0.417625 -0.138162
472.000000 196.000000 0.477286 -0.138162
498.000000 196.000000 0.558927 -0.138162
625.000000 196.000000 0.957711 -0.138162
142.000000 197.000000 -0.558927 -0.135022
188.000000 197.000000 -0.414485 -0.135022
192.000000 197.000000 -0.401925 -0.135022
222.000000 197.000000 -0.307724 -0.135022
312.000000 197.000000 -0.025120 -0.135022
318.000000 197.000000 -0.006280 -0.135022
324.000000 197.000000 0.012560 -0.135022
339.000000 197.000000 0.059661 -0.135022
371.000000 197.000000 0.160142 -0.135022
439.000000 197.000000 0.373664 -0.135022
467.000000 197.000000 0.461585 -0.135022
489.000000 197.000000 0.530666 -0.135022
212.000000 198.000000 -0.339124 -0.131882
316.000000 198.000000 -0.012560 -0.131882
321.000000 198.000000 0.003140 -0.131882
328.000000 198.000000 0.025120 -0.131882
353.000000 198.000000 0.103621 -0.131882
363.000000 198.000000 0.135022 -0.131882
408.000000 198.000000 0.276323 -0.131882
463.000000 198.000000 0.449025 -0.131882
480.000000 198.000000 0.502406 -0.131882
484.000000 198.000000 0.514966 -0.131882
499.000000 198.000000 0.562067 -0.131882
204.000000 199.000000 -0.364244 -0.128742
309.000000 199.000000 -0.034540 -0.128742
357.000000 199.000000 0.116181 -0.128742
366.000000 199.000000 0.144442 -0.128742
424.000000 199.000000 0.326564 -0.128742
468.000000 199.000000 0.464725 -0.128742
198.000000 200.000000 -0.383085 -0.125601
362.000000 200.000000 0.131882 -0.125601
369.000000 200.000000 0.153862 -0.125601
476.000000 200.000000 0.489846 -0.125601
499.000000 200.000000 0.562067 -0.125601
560.000000 200.000000 0.753609 -0.125601
573.000000 200.000000 0.794429 -0.125601
106.000000 201.000000 -0.671968 -0.122461
190.000000 201.000000 -0.408205 -0.122461
339.000000 201.000000 0.059661 -0.122461
353.000000 201.000000 0.103621 -0.122461
424.000000 201.000000 0.326564 -0.122461
454.000000 201.000000 0.420765 -0.122461
460.000000 201.000000 0.439605 -0.122461
480.000000 201.000000 0.502406 -0.122461
506.000000 201.000000 0.584047 -0.122461
578.000000 201.000000 0.810130 -0.122461
317.000000 202.000000 -0.009420 -0.119321
342.000000 202.000000 0.069081 -0.119321
345.000000 202.000000 0.078501 -0.119321
359.000000 202.000000 0.122461 -0.119321
408.000000 202.000000 0.276323 -0.119321
470.000000 202.000000 0.471006 -0.119321
490.000000 202.000000 0.533806 -0.119321
496.000000 202.000000 0.552647 -0.119321
583.000000 202.000000 0.825830 -0.119321
627.000000 202.000000 0.963991 -0.119321
105.000000 203.000000 -0.675108 -0.116181
377.000000 203.000000 0.178982 -0.116181
423.000000 203.000000 0.323424 -0.116181
476.000000 203.000000 0.489846 -0.116181
520.000000 203.000000 0.628007 -0.116181
524.000000 203.000000 0.640568 -0.116181
543.000000 203.000000 0.700228 -0.116181
573.000000 203.000000 0.794429 -0.116181
588.000000 203.000000 0.841530 -0.116181
107.000000 204.000000 -0.668828 -0.113041
139.000000 204.000000 -0.568347 -0.113041
303.000000 204.000000 -0.053381 -0.113041
340.000000 204.000000 0.062801 -0.113041
368.000000 204.000000 0.150722 -0.113041
370.000000 204.000000 0.157002 -0.113041
406.000000 204.000000 0.270043 -0.113041
453.000000 204.000000 0.417625 -0.113041
479.000000 204.000000 0.499266 -0.113041
488.000000 204.000000 0.527526 -0.113041
515.000000 204.000000 0.612307 -0.113041
579.000000 204.000000 0.813270 -0.113041
593.000000 204.000000 0.857230 -0.113041
308.000000 205.000000 -0.037680 -0.109901
366.000000 205.000000 0.144442 -0.109901
396.000000 205.000000 0.238643 -0.109901
423.000000 205.000000 0.323424 -0.109901
584.000000 205.000000 0.828970 -0.109901
598.000000 205.000000 0.872930 -0.109901
106.000000 206.000000 -0.671968 -0.106761
300.000000 206.000000 -0.062801 -0.106761
303.000000 206.000000 -0.053381 -0.106761
387.000000 206.000000 0.210382 -0.106761
588.000000 206.000000 0.841530 -0.106761
104.000000 207.000000 -0.678248 -0.103621
135.000000 207.000000 -0.580907 -0.103621
138.000000 207.000000 -0.571487 -0.103621
141.000000 207.000000 -0.562067 -0.103621
297.000000 207.000000 -0.072221 -0.103621
351.000000 207.000000 0.097341 -0.103621
367.000000 207.000000 0.147582 -0.103621
392.000000 207.000000 0.226083 -0.103621
422.000000 207.000000 0.320284 -0.103621
425.000000 207.000000 0.329704 -0.103621
436.000000 207.000000 0.364244 -0.103621
475.000000 207.000000 0.486706 -0.103621
483.000000 207.000000 0.511826 -0.103621
551.000000 207.000000 0.725349 -0.103621
557.000000 207.000000 0.744189 -0.103621
575.000000 207.000000 0.800709 -0.103621
594.000000 207.000000 0.860370 -0.103621
146.000000 208.000000 -0.546366 -0.100481
356.000000 208.000000 0.113041 -0.100481
396.000000 208.000000 0.238643 -0.100481
485.000000 208.000000 0.518106 -0.100481
615.000000 208.000000 0.926311 -0.100481
627.000000 208.000000 0.963991 -0.100481
91.000000 209.000000 -0.719069 -0.097341
294.000000 209.000000 -0.081641 -0.097341
361.000000 209.000000 0.128742 -0.097341
401.000000 209.000000 0.254343 -0.097341
422.000000 209.000000 0.320284 -0.097341
570.000000 209.000000 0.785009 -0.097341
577.000000 209.000000 0.806990 -0.097341
583.000000 209.000000 0.825830 -0.097341
358.000000 210.000000 0.119321 -0.094201
364.000000 210.000000 0.138162 -0.094201
371.000000 210.000000 0.160142 -0.094201
84.000000 211.000000 -0.741049 -0.091061
294.000000 211.000000 -0.081641 -0.091061
360.000000 211.000000 0.125601 -0.091061
421.000000 211.000000 0.317144 -0.091061
464.000000 211.000000 0.452165 -0.091061
482.000000 211.000000 0.508686 -0.091061
526.000000 211.000000 0.646848 -0.091061
592.000000 211.000000 0.854090 -0.091061
90.000000 212.000000 -0.722209 -0.087921
290.000000 212.000000 -0.094201 -0.087921
461.000000 212.000000 0.442745 -0.087921
476.000000 212.000000 0.489846 -0.087921
532.000000 212.000000 0.665688 -0.087921
572.000000 212.000000 0.791289 -0.087921
576.000000 212.000000 0.803850 -0.087921
104.000000 213.000000 -0.678248 -0.084781
106.000000 213.000000 -0.671968 -0.084781
288.000000 213.000000 -0.100481 -0.084781
368.000000 213.000000 0.150722 -0.084781
424.000000 213.000000 0.326564 -0.084781
448.000000 213.000000 0.401925 -0.084781
470.000000 213.000000 0.471006 -0.084781
472.000000 213.000000 0.477286 -0.084781
542.000000 213.000000 0.697088 -0.084781
584.000000 213.000000 0.828970 -0.084781
617.000000 213.000000 0.932591 -0.084781
283.000000 214.000000 -0.116181 -0.081641
370.000000 214.000000 0.157002 -0.081641
403.000000 214.000000 0.260623 -0.081641
406.000000 214.000000 0.270043 -0.081641
453.000000 214.000000 0.417625 -0.081641
490.000000 214.000000 0.533806 -0.081641
561.000000 214.000000 0.756749 -0.081641
626.000000 214.000000 0.960851 -0.081641
102.000000 215.000000 -0.684528 -0.078501
375.000000 215.000000 0.172702 -0.078501
380.000000 215.000000 0.188402 -0.078501
409.000000 215.000000 0.279463 -0.078501
492.000000 215.000000 0.540086 -0.078501
542.000000 215.000000 0.697088 -0.078501
106.000000 216.000000 -0.671968 -0.075361
272.000000 216.000000 -0.150722 -0.075361
282.000000 216.000000 -0.119321 -0.075361
412.000000 216.000000 0.288883 -0.075361
417.000000 216.000000 0.304584 -0.075361
420.000000 216.000000 0.314004 -0.075361
423.000000 216.000000 0.323424 -0.075361
465.000000 216.000000 0.455305 -0.075361
484.000000 216.000000 0.514966 -0.075361
580.000000 216.000000 0.816410 -0.075361
595.000000 216.000000 0.863510 -0.075361
280.000000 217.000000 -0.125601 -0.072221
389.000000 217.000000 0.216663 -0.072221
426.000000 217.000000 0.332844 -0.072221
272.000000 218.000000 -0.150722 -0.069081
275.000000 218.000000 -0.141302 -0.069081
395.000000 218.000000 0.235503 -0.069081
424.000000 218.000000 0.326564 -0.069081
429.000000 218.000000 0.342264 -0.069081
473.000000 218.000000 0.480426 -0.069081
275.000000 220.000000 -0.141302 -0.062801
406.000000 220.000000 0.270043 -0.062801
433.000000 220.000000 0.354824 -0.062801
461.000000 220.000000 0.442745 -0.062801
546.000000 220.000000 0.709648 -0.062801
635.000000 220.000000 0.989112 -0.062801
365.000000 221.000000 0.141302 -0.059661
260.000000 222.000000 -0.188402 -0.056521
359.000000 222.000000 0.122461 -0.056521
414.000000 222.000000 0.295163 -0.056521
442.000000 222.000000 0.383085 -0.056521
445.000000 222.000000 0.392505 -0.056521
447.000000 222.000000 0.398785 -0.056521
546.000000 222.000000 0.709648 -0.056521
268.000000 223.000000 -0.163282 -0.053381
419.000000 223.000000 0.310864 -0.053381
451.000000 223.000000 0.411345 -0.053381
458.000000 223.000000 0.433325 -0.053381
365.000000 224.000000 0.141302 -0.050241
371.000000 224.000000 0.160142 -0.050241
423.000000 224.000000 0.323424 -0.050241
467.000000 224.000000 0.461585 -0.050241
513.000000 224.000000 0.606027 -0.050241
264.000000 225.000000 -0.175842 -0.047101
381.000000 225.000000 0.191542 -0.047101
390.000000 225.000000 0.219803 -0.047101
393.000000 225.000000 0.229223 -0.047101
448.000000 225.000000 0.401925 -0.047101
452.000000 225.000000 0.414485 -0.047101
546.000000 225.000000 0.709648 -0.047101
596.000000 225.000000 0.866650 -0.047101
262.000000 226.000000 -0.182122 -0.043961
370.000000 226.000000 0.157002 -0.043961
377.000000 226.000000 0.178982 -0.043961
396.000000 226.000000 0.238643 -0.043961
260.000000 227.000000 -0.188402 -0.040820
453.000000 227.000000 0.417625 -0.040820
466.000000 227.000000 0.458445 -0.040820
528.000000 227.000000 0.653128 -0.040820
139.000000 228.000000 -0.568347 -0.037680
258.000000 228.000000 -0.194682 -0.037680
374.000000 228.000000 0.169562 -0.037680
376.000000 228.000000 0.175842 -0.037680
381.000000 228.000000 0.191542 -0.037680
405.000000 228.000000 0.266903 -0.037680
408.000000 228.000000 0.276323 -0.037680
444.000000 228.000000 0.389365 -0.037680
243.000000 229.000000 -0.241783 -0.034540
266.000000 229.000000 -0.169562 -0.034540
282.000000 229.000000 -0.119321 -0.034540
410.000000 229.000000 0.282603 -0.034540
412.000000 229.000000 0.288883 -0.034540
449.000000 229.000000 0.405065 -0.034540
629.000000 229.000000 0.970271 -0.034540
264.000000 230.000000 -0.175842 -0.031400
385.000000 230.000000 0.204102 -0.031400
415.000000 230.000000 0.298304 -0.031400
417.000000 230.000000 0.304584 -0.031400
446.000000 230.000000 0.395645 -0.031400
455.000000 230.000000 0.423905 -0.031400
466.000000 230.000000 0.458445 -0.031400
512.000000 230.000000 0.602887 -0.031400
261.000000 231.000000 -0.185262 -0.028260
419.000000 231.000000 0.310864 -0.028260
468.000000 231.000000 0.464725 -0.028260
498.000000 231.000000 0.558927 -0.028260
540.000000 231.000000 0.690808 -0.028260
613.000000 231.000000 0.920031 -0.028260
448.000000 232.000000 0.401925 -0.025120
481.000000 232.000000 0.505546 -0.025120
516.000000 232.000000 0.615447 -0.025120
258.000000 233.000000 -0.194682 -0.021980
383.000000 233.000000 0.197822 -0.021980
429.000000 233.000000 0.342264 -0.021980
465.000000 233.000000 0.455305 -0.021980
484.000000 233.000000 0.514966 -0.021980
536.000000 233.000000 0.678248 -0.021980
553.000000 233.000000 0.731629 -0.021980
597.000000 233.000000 0.869790 -0.021980
618.000000 233.000000 0.935731 -0.021980
445.000000 234.000000 0.392505 -0.018840
473.000000 234.000000 0.480426 -0.018840
634.000000 234.000000 0.985972 -0.018840
309.000000 235.000000 -0.034540 -0.015700
383.000000 235.000000 0.197822 -0.015700
436.000000 235.000000 0.364244 -0.015700
438.000000 235.000000 0.370524 -0.015700
378.000000 236.000000 0.182122 -0.012560
534.000000 236.000000 0.671968 -0.012560
197.000000 237.000000 -0.386225 -0.009420
381.000000 237.000000 0.191542 -0.009420
442.000000 237.000000 0.383085 -0.009420
378.000000 238.000000 0.182122 -0.006280
605.000000 238.000000 0.894911 -0.006280
237.000000 239.000000 -0.260623 -0.003140
454.000000 239.000000 0.420765 -0.003140
205.000000 240.000000 -0.361104 0.000000
225.000000 240.000000 -0.298304 0.000000
234.000000 240.000000 -0.270043 0.000000
383.000000 240.000000 0.197822 0.000000
439.000000 240.000000 0.373664 0.000000
483.000000 240.000000 0.511826 0.000000
498.000000 240.000000 0.558927 0.000000
525.000000 240.000000 0.643708 0.000000
227.000000 241.000000 -0.292023 0.003140
441.000000 241.000000 0.379945 0.003140
458.000000 241.000000 0.433325 0.003140
566.000000 241.000000 0.772449 0.003140
53.000000 242.000000 -0.838390 0.006280
453.000000 242.000000 0.417625 0.006280
484.000000 242.000000 0.514966 0.006280
511.000000 242.000000 0.599747 0.006280
522.000000 242.000000 0.634288 0.006280
222.000000 243.000000 -0.307724 0.009420
229.000000 243.000000 -0.285743 0.009420
383.000000 243.000000 0.197822 0.009420
391.000000 243.000000 0.222943 0.009420
430.000000 244.000000 0.345404 0.012560
539.000000 244.000000 0.687668 0.012560
38.000000 245.000000 -0.885490 0.015700
195.000000 245.000000 -0.392505 0.015700
227.000000 245.000000 -0.292023 0.015700
235.000000 245.000000 -0.266903 0.015700
427.000000 246.000000 0.335984 0.018840
434.000000 246.000000 0.357964 0.018840
371.000000 247.000000 0.160142 0.021980
432.000000 247.000000 0.351684 0.021980
472.000000 248.000000 0.477286 0.025120
485.000000 248.000000 0.518106 0.025120
604.000000 248.000000 0.891771 0.025120
436.000000 249.000000 0.364244 0.028260
453.000000 249.000000 0.417625 0.028260
243.000000 250.000000 -0.241783 0.031400
455.000000 250.000000 0.423905 0.031400
501.000000 250.000000 0.568347 0.031400
422.000000 251.000000 0.320284 0.034540
457.000000 251.000000 0.430185 0.034540
107.000000 252.000000 -0.668828 0.037680
171.000000 252.000000 -0.467866 0.037680
250.000000 252.000000 -0.219803 0.037680
356.000000 252.000000 0.113041 0.037680
380.000000 252.000000 0.188402 0.037680
464.000000 252.000000 0.452165 0.037680
378.000000 253.000000 0.182122 0.040820
494.000000 253.000000 0.546366 0.040820
514.000000 253.000000 0.609167 0.040820
355.000000 254.000000 0.109901 0.043961
446.000000 254.000000 0.395645 0.043961
470.000000 254.000000 0.471006 0.043961
546.000000 254.000000 0.709648 0.043961
626.000000 254.000000 0.960851 0.043961
244.000000 255.000000 -0.238643 0.047101
269.000000 255.000000 -0.160142 0.047101
380.000000 255.000000 0.188402 0.047101
418.000000 255.000000 0.307724 0.047101
487.000000 255.000000 0.524386 0.047101
493.000000 255.000000 0.543226 0.047101
533.000000 255.000000 0.668828 0.047101
589.000000 255.000000 0.844670 0.047101
596.000000 255.000000 0.866650 0.047101
633.000000 255.000000 0.982832 0.047101
203.000000 256.000000 -0.367384 0.050241
190.000000 257.000000 -0.408205 0.053381
255.000000 257.000000 -0.204102 0.053381
382.000000 257.000000 0.194682 0.053381
385.000000 257.000000 0.204102 0.053381
552.000000 257.000000 0.728489 0.053381
632.000000 257.000000 0.979692 0.053381
245.000000 258.000000 -0.235503 0.056521
261.000000 258.000000 -0.185262 0.056521
357.000000 258.000000 0.116181 0.056521
361.000000 258.000000 0.128742 0.056521
370.000000 258.000000 0.157002 0.056521
373.000000 258.000000 0.166422 0.056521
376.000000 258.000000 0.175842 0.056521
418.000000 258.000000 0.307724 0.056521
101.000000 259.000000 -0.687668 0.059661
114.000000 259.000000 -0.646848 0.059661
240.000000 259.000000 -0.251203 0.059661
465.000000 259.000000 0.455305 0.059661
356.000000 260.000000 0.113041 0.062801
365.000000 260.000000 0.141302 0.062801
377.000000 261.000000 0.178982 0.065941
381.000000 261.000000 0.191542 0.065941
253.000000 262.000000 -0.210382 0.069081
523.000000 262.000000 0.637428 0.069081
277.000000 263.000000 -0.135022 0.072221
397.000000 263.000000 0.241783 0.072221
156.000000 264.000000 -0.514966 0.075361
467.000000 264.000000 0.461585 0.075361
481.000000 264.000000 0.505546 0.075361
566.000000 264.000000 0.772449 0.075361
66.000000 265.000000 -0.797569 0.078501
301.000000 265.000000 -0.059661 0.078501
375.000000 265.000000 0.172702 0.078501
449.000000 265.000000 0.405065 0.078501
545.000000 265.000000 0.706508 0.078501
55.000000 266.000000 -0.832110 0.081641
388.000000 266.000000 0.213523 0.081641
462.000000 266.000000 0.445885 0.081641
501.000000 266.000000 0.568347 0.081641
517.000000 266.000000 0.618587 0.081641
52.000000 267.000000 -0.841530 0.084781
58.000000 267.000000 -0.822690 0.084781
67.000000 267.000000 -0.794429 0.084781
230.000000 267.000000 -0.282603 0.084781
243.000000 267.000000 -0.241783 0.084781
162.000000 268.000000 -0.496126 0.087921
228.000000 268.000000 -0.288883 0.087921
246.000000 268.000000 -0.232363 0.087921
96.000000 269.000000 -0.703368 0.091061
133.000000 269.000000 -0.587187 0.091061
222.000000 269.000000 -0.307724 0.091061
594.000000 269.000000 0.860370 0.091061
125.000000 270.000000 -0.612307 0.094201
243.000000 270.000000 -0.241783 0.094201
533.000000 270.000000 0.668828 0.094201
55.000000 271.000000 -0.832110 0.097341
62.000000 271.000000 -0.810130 0.097341
458.000000 271.000000 0.433325 0.097341
500.000000 271.000000 0.565207 0.097341
519.000000 271.000000 0.624867 0.097341
576.000000 271.000000 0.803850 0.097341
84.000000 272.000000 -0.741049 0.100481
587.000000 272.000000 0.838390 0.100481
151.000000 273.000000 -0.530666 0.103621
217.000000 273.000000 -0.323424 0.103621
264.000000 273.000000 -0.175842 0.103621
442.000000 273.000000 0.383085 0.103621
474.000000 273.000000 0.483566 0.103621
582.000000 273.000000 0.822690 0.103621
71.000000 274.000000 -0.781869 0.106761
206.000000 274.000000 -0.357964 0.106761
227.000000 274.000000 -0.292023 0.106761
409.000000 274.000000 0.279463 0.106761
461.000000 275.000000 0.442745 0.109901
474.000000 275.000000 0.483566 0.109901
140.000000 276.000000 -0.565207 0.113041
341.000000 276.000000 0.065941 0.113041
212.000000 277.000000 -0.339124 0.116181
471.000000 277.000000 0.474146 0.116181
626.000000 277.000000 0.960851 0.116181
160.000000 278.000000 -0.502406 0.119321
368.000000 278.000000 0.150722 0.119321
549.000000 278.000000 0.719069 0.119321
147.000000 279.000000 -0.543226 0.122461
365.000000 279.000000 0.141302 0.122461
462.000000 279.000000 0.445885 0.122461
526.000000 279.000000 0.646848 0.122461
626.000000 279.000000 0.960851 0.122461
107.000000 280.000000 -0.668828 0.125601
111.000000 280.000000 -0.656268 0.125601
126.000000 280.000000 -0.609167 0.125601
515.000000 280.000000 0.612307 0.125601
521.000000 280.000000 0.631147 0.125601
569.000000 280.000000 0.781869 0.125601
202.000000 282.000000 -0.370524 0.131882
379.000000 282.000000 0.185262 0.131882
392.000000 282.000000 0.226083 0.131882
399.000000 282.000000 0.248063 0.131882
451.000000 282.000000 0.411345 0.131882
538.000000 282.000000 0.684528 0.131882
91.000000 283.000000 -0.719069 0.135022
143.000000 283.000000 -0.555787 0.135022
368.000000 283.000000 0.150722 0.135022
404.000000 283.000000 0.263763 0.135022
118.000000 284.000000 -0.634288 0.138162
373.000000 284.000000 0.166422 0.138162
71.000000 285.000000 -0.781869 0.141302
188.000000 285.000000 -0.414485 0.141302
232.000000 285.000000 -0.276323 0.141302
443.000000 285.000000 0.386225 0.141302
100.000000 286.000000 -0.690808 0.144442
143.000000 286.000000 -0.555787 0.144442
265.000000 286.000000 -0.172702 0.144442
460.000000 286.000000 0.439605 0.144442
470.000000 286.000000 0.471006 0.144442
326.000000 287.000000 0.018840 0.147582
365.000000 287.000000 0.141302 0.147582
442.000000 287.000000 0.383085 0.147582
486.000000 287.000000 0.521246 0.147582
582.000000 287.000000 0.822690 0.147582
635.000000 287.000000 0.989112 0.147582
49.000000 288.000000 -0.850950 0.150722
212.000000 288.000000 -0.339124 0.150722
446.000000 288.000000 0.395645 0.150722
618.000000 288.000000 0.935731 0.150722
18.000000 289.000000 -0.948291 0.153862
24.000000 289.000000 -0.929451 0.153862
108.000000 289.000000 -0.665688 0.153862
154.000000 289.000000 -0.521246 0.153862
364.000000 289.000000 0.138162 0.153862
389.000000 289.000000 0.216663 0.153862
594.000000 289.000000 0.860370 0.153862
219.000000 290.000000 -0.317144 0.157002
391.000000 291.000000 0.222943 0.160142
396.000000 291.000000 0.238643 0.160142
625.000000 291.000000 0.957711 0.160142
213.000000 292.000000 -0.335984 0.163282
613.000000 292.000000 0.920031 0.163282
222.000000 293.000000 -0.307724 0.166422
224.000000 293.000000 -0.301444 0.166422
466.000000 293.000000 0.458445 0.166422
581.000000 293.000000 0.819550 0.166422
52.000000 294.000000 -0.841530 0.169562
156.000000 294.000000 -0.514966 0.169562
169.000000 294.000000 -0.474146 0.169562
196.000000 294.000000 -0.389365 0.169562
393.000000 294.000000 0.229223 0.169562
441.000000 294.000000 0.379945 0.169562
478.000000 294.000000 0.496126 0.169562
38.000000 295.000000 -0.885490 0.172702
50.000000 295.000000 -0.847810 0.172702
400.000000 295.000000 0.251203 0.172702
443.000000 295.000000 0.386225 0.172702
446.000000 295.000000 0.395645 0.172702
335.000000 296.000000 0.047101 0.175842
359.000000 296.000000 0.122461 0.175842
367.000000 296.000000 0.147582 0.175842
370.000000 296.000000 0.157002 0.175842
372.000000 296.000000 0.163282 0.175842
528.000000 296.000000 0.653128 0.175842
555.000000 296.000000 0.737909 0.175842
124.000000 297.000000 -0.615447 0.178982
193.000000 297.000000 -0.398785 0.178982
449.000000 297.000000 0.405065 0.178982
58.000000 298.000000 -0.822690 0.182122
200.000000 298.000000 -0.376804 0.182122
393.000000 298.000000 0.229223 0.182122
443.000000 298.000000 0.386225 0.182122
568.000000 298.000000 0.778729 0.182122
62.000000 299.000000 -0.810130 0.185262
448.000000 299.000000 0.401925 0.185262
467.000000 299.000000 0.461585 0.185262
478.000000 299.000000 0.496126 0.185262
180.000000 300.000000 -0.439605 0.188402
192.000000 300.000000 -0.401925 0.188402
365.000000 300.000000 0.141302 0.188402
480.000000 300.000000 0.502406 0.188402
28.000000 301.000000 -0.916891 0.191542
161.000000 301.000000 -0.499266 0.191542
454.000000 301.000000 0.420765 0.191542
163.000000 302.000000 -0.492986 0.194682
503.000000 302.000000 0.574627 0.194682
526.000000 302.000000 0.646848 0.194682
636.000000 302.000000 0.992252 0.194682
22.000000 303.000000 -0.935731 0.197822
228.000000 303.000000 -0.288883 0.197822
368.000000 303.000000 0.150722 0.197822
515.000000 303.000000 0.612307 0.197822
10.000000 304.000000 -0.973412 0.200962
18.000000 304.000000 -0.948291 0.200962
178.000000 304.000000 -0.445885 0.200962
209.000000 304.000000 -0.348544 0.200962
365.000000 304.000000 0.141302 0.200962
394.000000 304.000000 0.232363 0.200962
456.000000 304.000000 0.427045 0.200962
633.000000 304.000000 0.982832 0.200962
198.000000 305.000000 -0.383085 0.204102
214.000000 305.000000 -0.332844 0.204102
451.000000 305.000000 0.411345 0.204102
467.000000 305.000000 0.461585 0.204102
478.000000 305.000000 0.496126 0.204102
536.000000 305.000000 0.678248 0.204102
158.000000 306.000000 -0.508686 0.207242
394.000000 306.000000 0.232363 0.207242
513.000000 306.000000 0.606027 0.207242
519.000000 306.000000 0.624867 0.207242
577.000000 306.000000 0.806990 0.207242
6.000000 307.000000 -0.985972 0.210382
8.000000 307.000000 -0.979692 0.210382
365.000000 307.000000 0.141302 0.210382
432.000000 307.000000 0.351684 0.210382
455.000000 307.000000 0.423905 0.210382
38.000000 308.000000 -0.885490 0.213523
54.000000 308.000000 -0.835250 0.213523
181.000000 308.000000 -0.436465 0.213523
273.000000 308.000000 -0.147582 0.213523
185.000000 309.000000 -0.423905 0.216663
220.000000 309.000000 -0.314004 0.216663
276.000000 309.000000 -0.138162 0.216663
365.000000 309.000000 0.141302 0.216663
154.000000 310.000000 -0.521246 0.219803
328.000000 310.000000 0.025120 0.219803
393.000000 310.000000 0.229223 0.219803
397.000000 310.000000 0.241783 0.219803
74.000000 311.000000 -0.772449 0.222943
130.000000 311.000000 -0.596607 0.222943
230.000000 311.000000 -0.282603 0.222943
363.000000 311.000000 0.135022 0.222943
374.000000 311.000000 0.169562 0.222943
499.000000 311.000000 0.562067 0.222943
619.000000 311.000000 0.938871 0.222943
127.000000 312.000000 -0.606027 0.226083
245.000000 312.000000 -0.235503 0.226083
272.000000 312.000000 -0.150722 0.226083
331.000000 312.000000 0.034540 0.226083
365.000000 312.000000 0.141302 0.226083
394.000000 312.000000 0.232363 0.226083
427.000000 312.000000 0.335984 0.226083
471.000000 312.000000 0.474146 0.226083
513.000000 312.000000 0.606027 0.226083
36.000000 313.000000 -0.891771 0.229223
239.000000 313.000000 -0.254343 0.229223
54.000000 314.000000 -0.835250 0.232363
105.000000 314.000000 -0.675108 0.232363
118.000000 314.000000 -0.634288 0.232363
176.000000 314.000000 -0.452165 0.232363
327.000000 314.000000 0.021980 0.232363
595.000000 314.000000 0.863510 0.232363
71.000000 315.000000 -0.781869 0.235503
83.000000 315.000000 -0.744189 0.235503
274.000000 315.000000 -0.144442 0.235503
329.000000 315.000000 0.028260 0.235503
347.000000 315.000000 0.084781 0.235503
436.000000 315.000000 0.364244 0.235503
488.000000 315.000000 0.527526 0.235503
497.000000 315.000000 0.555787 0.235503
74.000000 316.000000 -0.772449 0.238643
90.000000 316.000000 -0.722209 0.238643
110.000000 316.000000 -0.659408 0.238643
118.000000 316.000000 -0.634288 0.238643
282.000000 316.000000 -0.119321 0.238643
304.000000 316.000000 -0.050241 0.238643
362.000000 316.000000 0.131882 0.238643
70.000000 317.000000 -0.785009 0.241783
86.000000 317.000000 -0.734769 0.241783
286.000000 317.000000 -0.106761 0.241783
367.000000 317.000000 0.147582 0.241783
92.000000 318.000000 -0.715928 0.244923
100.000000 318.000000 -0.690808 0.244923
102.000000 318.000000 -0.684528 0.244923
118.000000 318.000000 -0.634288 0.244923
142.000000 318.000000 -0.558927 0.244923
179.000000 318.000000 -0.442745 0.244923
273.000000 318.000000 -0.147582 0.244923
327.000000 318.000000 0.021980 0.244923
514.000000 318.000000 0.609167 0.244923
618.000000 318.000000 0.935731 0.244923
10.000000 319.000000 -0.973412 0.248063
50.000000 319.000000 -0.847810 0.248063
67.000000 319.000000 -0.794429 0.248063
111.000000 319.000000 -0.656268 0.248063
151.000000 319.000000 -0.530666 0.248063
264.000000 319.000000 -0.175842 0.248063
352.000000 319.000000 0.100481 0.248063
416.000000 319.000000 0.301444 0.248063
84.000000 320.000000 -0.741049 0.251203
399.000000 320.000000 0.248063 0.251203
87.000000 321.000000 -0.731629 0.254343
113.000000 321.000000 -0.649988 0.254343
136.000000 321.000000 -0.577767 0.254343
149.000000 321.000000 -0.536946 0.254343
167.000000 321.000000 -0.480426 0.254343
463.000000 321.000000 0.449025 0.254343
522.000000 321.000000 0.634288 0.254343
629.000000 321.000000 0.970271 0.254343
110.000000 322.000000 -0.659408 0.257483
132.000000 322.000000 -0.590327 0.257483
306.000000 322.000000 -0.043961 0.257483
326.000000 322.000000 0.018840 0.257483
454.000000 322.000000 0.420765 0.257483
482.000000 322.000000 0.508686 0.257483
487.000000 322.000000 0.524386 0.257483
301.000000 323.000000 -0.059661 0.260623
627.000000 323.000000 0.963991 0.260623
16.000000 324.000000 -0.954571 0.263763
32.000000 324.000000 -0.904331 0.263763
34.000000 324.000000 -0.898051 0.263763
36.000000 324.000000 -0.891771 0.263763
57.000000 324.000000 -0.825830 0.263763
80.000000 324.000000 -0.753609 0.263763
84.000000 324.000000 -0.741049 0.263763
148.000000 324.000000 -0.540086 0.263763
345.000000 324.000000 0.078501 0.263763
486.000000 324.000000 0.521246 0.263763
594.000000 324.000000 0.860370 0.263763
42.000000 325.000000 -0.872930 0.266903
109.000000 325.000000 -0.662548 0.266903
291.000000 325.000000 -0.091061 0.266903
300.000000 325.000000 -0.062801 0.266903
311.000000 325.000000 -0.028260 0.266903
367.000000 325.000000 0.147582 0.266903
497.000000 325.000000 0.555787 0.266903
35.000000 326.000000 -0.894911 0.270043
83.000000 326.000000 -0.744189 0.270043
146.000000 326.000000 -0.546366 0.270043
316.000000 326.000000 -0.012560 0.270043
326.000000 326.000000 0.018840 0.270043
329.000000 327.000000 0.028260 0.273183
395.000000 327.000000 0.235503 0.273183
485.000000 327.000000 0.518106 0.273183
48.000000 328.000000 -0.854090 0.276323
54.000000 328.000000 -0.835250 0.276323
63.000000 328.000000 -0.806990 0.276323
103.000000 328.000000 -0.681388 0.276323
180.000000 328.000000 -0.439605 0.276323
290.000000 328.000000 -0.094201 0.276323
418.000000 328.000000 0.307724 0.276323
517.000000 328.000000 0.618587 0.276323
42.000000 329.000000 -0.872930 0.279463
156.000000 329.000000 -0.514966 0.279463
304.000000 329.000000 -0.050241 0.279463
363.000000 329.000000 0.135022 0.279463
498.000000 329.000000 0.558927 0.279463
3.000000 330.000000 -0.995392 0.282603
19.000000 330.000000 -0.945151 0.282603
35.000000 330.000000 -0.894911 0.282603
98.000000 330.000000 -0.697088 0.282603
373.000000 330.000000 0.166422 0.282603
386.000000 330.000000 0.207242 0.282603
390.000000 330.000000 0.219803 0.282603
612.000000 330.000000 0.916891 0.282603
40.000000 331.000000 -0.879210 0.285743
110.000000 331.000000 -0.659408 0.285743
119.000000 331.000000 -0.631147 0.285743
123.000000 331.000000 -0.618587 0.285743
407.000000 331.000000 0.273183 0.285743
545.000000 331.000000 0.706508 0.285743
568.000000 331.000000 0.778729 0.285743
624.000000 331.000000 0.954571 0.285743
195.000000 332.000000 -0.392505 0.288883
301.000000 332.000000 -0.059661 0.288883
310.000000 332.000000 -0.031400 0.288883
325.000000 332.000000 0.015700 0.288883
350.000000 332.000000 0.094201 0.288883
364.000000 332.000000 0.138162 0.288883
384.000000 332.000000 0.200962 0.288883
397.000000 332.000000 0.241783 0.288883
454.000000 332.000000 0.420765 0.288883
558.000000 332.000000 0.747329 0.288883
58.000000 333.000000 -0.822690 0.292023
76.000000 333.000000 -0.766169 0.292023
141.000000 333.000000 -0.562067 0.292023
150.000000 333.000000 -0.533806 0.292023
342.000000 333.000000 0.069081 0.292023
375.000000 333.000000 0.172702 0.292023
54.000000 334.000000 -0.835250 0.295163
67.000000 334.000000 -0.794429 0.295163
199.000000 334.000000 -0.379945 0.295163
311.000000 334.000000 -0.028260 0.295163
314.000000 334.000000 -0.018840 0.295163
348.000000 334.000000 0.087921 0.295163
391.000000 334.000000 0.222943 0.295163
534.000000 334.000000 0.671968 0.295163
133.000000 335.000000 -0.587187 0.298304
150.000000 335.000000 -0.533806 0.298304
303.000000 335.000000 -0.053381 0.298304
364.000000 335.000000 0.138162 0.298304
384.000000 335.000000 0.200962 0.298304
35.000000 336.000000 -0.894911 0.301444
74.000000 336.000000 -0.772449 0.301444
123.000000 336.000000 -0.618587 0.301444
137.000000 336.000000 -0.574627 0.301444
318.000000 336.000000 -0.006280 0.301444
361.000000 336.000000 0.128742 0.301444
60.000000 337.000000 -0.816410 0.304584
89.000000 337.000000 -0.725349 0.304584
146.000000 337.000000 -0.546366 0.304584
364.000000 337.000000 0.138162 0.304584
374.000000 337.000000 0.169562 0.304584
388.000000 337.000000 0.213523 0.304584
398.000000 337.000000 0.244923 0.304584
297.000000 338.000000 -0.072221 0.307724
303.000000 338.000000 -0.053381 0.307724
324.000000 338.000000 0.012560 0.307724
369.000000 338.000000 0.153862 0.307724
392.000000 338.000000 0.226083 0.307724
402.000000 338.000000 0.257483 0.307724
625.000000 338.000000 0.957711 0.307724
9.000000 339.000000 -0.976552 0.310864
192.000000 339.000000 -0.401925 0.310864
386.000000 339.000000 0.207242 0.310864
390.000000 339.000000 0.219803 0.310864
406.000000 339.000000 0.270043 0.310864
87.000000 340.000000 -0.731629 0.314004
109.000000 340.000000 -0.662548 0.314004
155.000000 340.000000 -0.518106 0.314004
370.000000 340.000000 0.157002 0.314004
380.000000 340.000000 0.188402 0.314004
392.000000 340.000000 0.226083 0.314004
622.000000 340.000000 0.948291 0.314004
193.000000 341.000000 -0.398785 0.317144
196.000000 341.000000 -0.389365 0.317144
314.000000 341.000000 -0.018840 0.317144
390.000000 341.000000 0.219803 0.317144
469.000000 341.000000 0.467866 0.317144
481.000000 341.000000 0.505546 0.317144
522.000000 341.000000 0.634288 0.317144
4.000000 342.000000 -0.992252 0.320284
326.000000 342.000000 0.018840 0.320284
336.000000 342.000000 0.050241 0.320284
349.000000 342.000000 0.091061 0.320284
367.000000 342.000000 0.147582 0.320284
381.000000 342.000000 0.191542 0.320284
415.000000 342.000000 0.298304 0.320284
51.000000 343.000000 -0.844670 0.323424
136.000000 343.000000 -0.577767 0.323424
157.000000 343.000000 -0.511826 0.323424
321.000000 343.000000 0.003140 0.323424
375.000000 343.000000 0.172702 0.323424
496.000000 343.000000 0.552647 0.323424
44.000000 344.000000 -0.866650 0.326564
357.000000 344.000000 0.116181 0.326564
407.000000 344.000000 0.273183 0.326564
30.000000 345.000000 -0.910611 0.329704
101.000000 345.000000 -0.687668 0.329704
134.000000 345.000000 -0.584047 0.329704
195.000000 345.000000 -0.392505 0.329704
316.000000 345.000000 -0.012560 0.329704
350.000000 345.000000 0.094201 0.329704
354.000000 345.000000 0.106761 0.329704
374.000000 345.000000 0.169562 0.329704
384.000000 345.000000 0.200962 0.329704
25.000000 346.000000 -0.926311 0.332844
69.000000 346.000000 -0.788149 0.332844
95.000000 346.000000 -0.706508 0.332844
390.000000 346.000000 0.219803 0.332844
604.000000 346.000000 0.891771 0.332844
7.000000 347.000000 -0.982832 0.335984
67.000000 347.000000 -0.794429 0.335984
75.000000 347.000000 -0.769309 0.335984
101.000000 347.000000 -0.687668 0.335984
106.000000 347.000000 -0.671968 0.335984
197.000000 347.000000 -0.386225 0.335984
354.000000 347.000000 0.106761 0.335984
359.000000 347.000000 0.122461 0.335984
618.000000 347.000000 0.935731 0.335984
29.000000 348.000000 -0.913751 0.339124
52.000000 348.000000 -0.841530 0.339124
157.000000 348.000000 -0.511826 0.339124
310.000000 348.000000 -0.031400 0.339124
24.000000 349.000000 -0.929451 0.342264
45.000000 349.000000 -0.863510 0.342264
66.000000 349.000000 -0.797569 0.342264
382.000000 349.000000 0.194682 0.342264
447.000000 349.000000 0.398785 0.342264
380.000000 350.000000 0.188402 0.345404
11.000000 351.000000 -0.970271 0.348544
36.000000 351.000000 -0.891771 0.348544
132.000000 351.000000 -0.590327 0.348544
135.000000 351.000000 -0.580907 0.348544
157.000000 351.000000 -0.511826 0.348544
161.000000 351.000000 -0.499266 0.348544
307.000000 351.000000 -0.040820 0.348544
369.000000 351.000000 0.153862 0.348544
391.000000 351.000000 0.222943 0.348544
428.000000 351.000000 0.339124 0.348544
534.000000 351.000000 0.671968 0.348544
590.000000 351.000000 0.847810 0.348544
59.000000 352.000000 -0.819550 0.351684
64.000000 352.000000 -0.803850 0.351684
88.000000 352.000000 -0.728489 0.351684
145.000000 352.000000 -0.549506 0.351684
394.000000 352.000000 0.232363 0.351684
404.000000 352.000000 0.263763 0.351684
519.000000 352.000000 0.624867 0.351684
617.000000 352.000000 0.932591 0.351684
48.000000 353.000000 -0.854090 0.354824
124.000000 353.000000 -0.615447 0.354824
385.000000 353.000000 0.204102 0.354824
600.000000 353.000000 0.879210 0.354824
71.000000 354.000000 -0.781869 0.357964
156.000000 354.000000 -0.514966 0.357964
365.000000 354.000000 0.141302 0.357964
378.000000 354.000000 0.182122 0.357964
431.000000 354.000000 0.348544 0.357964
443.000000 354.000000 0.386225 0.357964
555.000000 354.000000 0.737909 0.357964
636.000000 354.000000 0.992252 0.357964
15.000000 355.000000 -0.957711 0.361104
5.000000 356.000000 -0.989112 0.364244
76.000000 356.000000 -0.766169 0.364244
92.000000 356.000000 -0.715928 0.364244
307.000000 356.000000 -0.040820 0.364244
390.000000 356.000000 0.219803 0.364244
42.000000 357.000000 -0.872930 0.367384
73.000000 357.000000 -0.775589 0.367384
112.000000 357.000000 -0.653128 0.367384
242.000000 357.000000 -0.244923 0.367384
294.000000 357.000000 -0.081641 0.367384
414.000000 357.000000 0.295163 0.367384
78.000000 358.000000 -0.759889 0.370524
85.000000 358.000000 -0.737909 0.370524
461.000000 358.000000 0.442745 0.370524
6.000000 359.000000 -0.985972 0.373664
306.000000 359.000000 -0.043961 0.373664
408.000000 359.000000 0.276323 0.373664
451.000000 359.000000 0.411345 0.373664
454.000000 359.000000 0.420765 0.373664
69.000000 360.000000 -0.788149 0.376804
534.000000 360.000000 0.671968 0.376804
23.000000 361.000000 -0.932591 0.379945
45.000000 361.000000 -0.863510 0.379945
50.000000 361.000000 -0.847810 0.379945
53.000000 361.000000 -0.838390 0.379945
417.000000 361.000000 0.304584 0.379945
473.000000 361.000000 0.480426 0.379945
617.000000 361.000000 0.932591 0.379945
90.000000 362.000000 -0.722209 0.383085
202.000000 362.000000 -0.370524 0.383085
324.000000 362.000000 0.012560 0.383085
64.000000 363.000000 -0.803850 0.386225
310.000000 363.000000 -0.031400 0.386225
364.000000 363.000000 0.138162 0.386225
378.000000 363.000000 0.182122 0.386225
414.000000 363.000000 0.295163 0.386225
417.000000 363.000000 0.304584 0.386225
468.000000 363.000000 0.464725 0.386225
602.000000 363.000000 0.885490 0.386225
34.000000 364.000000 -0.898051 0.389365
349.000000 364.000000 0.091061 0.389365
372.000000 364.000000 0.163282 0.389365
419.000000 364.000000 0.310864 0.389365
15.000000 365.000000 -0.957711 0.392505
28.000000 365.000000 -0.916891 0.392505
62.000000 365.000000 -0.810130 0.392505
272.000000 365.000000 -0.150722 0.392505
279.000000 365.000000 -0.128742 0.392505
322.000000 365.000000 0.006280 0.392505
379.000000 365.000000 0.185262 0.392505
382.000000 365.000000 0.194682 0.392505
403.000000 365.000000 0.260623 0.392505
5.000000 366.000000 -0.989112 0.395645
124.000000 366.000000 -0.615447 0.395645
316.000000 366.000000 -0.012560 0.395645
524.000000 366.000000 0.640568 0.395645
554.000000 366.000000 0.734769 0.395645
42.000000 367.000000 -0.872930 0.398785
87.000000 367.000000 -0.731629 0.398785
105.000000 367.000000 -0.675108 0.398785
352.000000 367.000000 0.100481 0.398785
455.000000 367.000000 0.423905 0.398785
488.000000 367.000000 0.527526 0.398785
588.000000 367.000000 0.841530 0.398785
21.000000 368.000000 -0.938871 0.401925
53.000000 368.000000 -0.838390 0.401925
140.000000 368.000000 -0.565207 0.401925
149.000000 368.000000 -0.536946 0.401925
322.000000 368.000000 0.006280 0.401925
332.000000 368.000000 0.037680 0.401925
362.000000 368.000000 0.131882 0.401925
385.000000 368.000000 0.204102 0.401925
399.000000 368.000000 0.248063 0.401925
465.000000 368.000000 0.455305 0.401925
467.000000 368.000000 0.461585 0.401925
93.000000 369.000000 -0.712788 0.405065
458.000000 369.000000 0.433325 0.405065
461.000000 369.000000 0.442745 0.405065
496.000000 369.000000 0.552647 0.405065
76.000000 370.000000 -0.766169 0.408205
382.000000 370.000000 0.194682 0.408205
468.000000 370.000000 0.464725 0.408205
8.000000 372.000000 -0.979692 0.414485
541.000000 372.000000 0.693948 0.414485
569.000000 372.000000 0.781869 0.414485
622.000000 372.000000 0.948291 0.414485
54.000000 373.000000 -0.835250 0.417625
206.000000 373.000000 -0.357964 0.417625
378.000000 373.000000 0.182122 0.417625
442.000000 373.000000 0.383085 0.417625
4.000000 374.000000 -0.992252 0.420765
67.000000 374.000000 -0.794429 0.420765
82.000000 374.000000 -0.747329 0.420765
321.000000 374.000000 0.003140 0.420765
65.000000 375.000000 -0.800709 0.423905
282.000000 375.000000 -0.119321 0.423905
435.000000 375.000000 0.361104 0.423905
9.000000 376.000000 -0.976552 0.427045
562.000000 376.000000 0.759889 0.427045
566.000000 376.000000 0.772449 0.427045
595.000000 376.000000 0.863510 0.427045
635.000000 376.000000 0.989112 0.427045
286.000000 377.000000 -0.106761 0.430185
380.000000 377.000000 0.188402 0.430185
487.000000 377.000000 0.524386 0.430185
549.000000 377.000000 0.719069 0.430185
75.000000 378.000000 -0.769309 0.433325
348.000000 378.000000 0.087921 0.433325
370.000000 378.000000 0.157002 0.433325
372.000000 378.000000 0.163282 0.433325
388.000000 378.000000 0.213523 0.433325
504.000000 378.000000 0.577767 0.433325
517.000000 378.000000 0.618587 0.433325
563.000000 378.000000 0.763029 0.433325
621.000000 378.000000 0.945151 0.433325
266.000000 379.000000 -0.169562 0.436465
269.000000 379.000000 -0.160142 0.436465
391.000000 379.000000 0.222943 0.436465
574.000000 379.000000 0.797569 0.436465
54.000000 380.000000 -0.835250 0.439605
283.000000 380.000000 -0.116181 0.439605
380.000000 380.000000 0.188402 0.439605
595.000000 380.000000 0.863510 0.439605
619.000000 380.000000 0.938871 0.439605
147.000000 381.000000 -0.543226 0.442745
192.000000 381.000000 -0.401925 0.442745
313.000000 381.000000 -0.021980 0.442745
323.000000 381.000000 0.009420 0.442745
397.000000 381.000000 0.241783 0.442745
15.000000 382.000000 -0.957711 0.445885
39.000000 382.000000 -0.882350 0.445885
605.000000 382.000000 0.894911 0.445885
628.000000 382.000000 0.967131 0.445885
405.000000 383.000000 0.266903 0.449025
94.000000 384.000000 -0.709648 0.452165
302.000000 384.000000 -0.056521 0.452165
314.000000 384.000000 -0.018840 0.452165
322.000000 384.000000 0.006280 0.452165
74.000000 385.000000 -0.772449 0.455305
230.000000 385.000000 -0.282603 0.455305
335.000000 385.000000 0.047101 0.455305
350.000000 385.000000 0.094201 0.455305
402.000000 385.000000 0.257483 0.455305
327.000000 386.000000 0.021980 0.458445
325.000000 387.000000 0.015700 0.461585
355.000000 387.000000 0.109901 0.461585
330.000000 389.000000 0.031400 0.467866
406.000000 389.000000 0.270043 0.467866
392.000000 390.000000 0.226083 0.471006
29.000000 391.000000 -0.913751 0.474146
53.000000 391.000000 -0.838390 0.474146
208.000000 391.000000 -0.351684 0.474146
210.000000 391.000000 -0.345404 0.474146
284.000000 391.000000 -0.113041 0.474146
389.000000 391.000000 0.216663 0.474146
601.000000 391.000000 0.882350 0.474146
393.000000 392.000000 0.229223 0.477286
384.000000 393.000000 0.200962 0.480426
633.000000 393.000000 0.982832 0.480426
98.000000 394.000000 -0.697088 0.483566
350.000000 394.000000 0.094201 0.483566
400.000000 394.000000 0.251203 0.483566
506.000000 394.000000 0.584047 0.483566
83.000000 395.000000 -0.744189 0.486706
391.000000 395.000000 0.222943 0.486706
192.000000 396.000000 -0.401925 0.489846
544.000000 396.000000 0.703368 0.489846
106.000000 397.000000 -0.671968 0.492986
342.000000 397.000000 0.069081 0.492986
431.000000 397.000000 0.348544 0.492986
438.000000 397.000000 0.370524 0.492986
450.000000 397.000000 0.408205 0.492986
488.000000 397.000000 0.527526 0.492986
333.000000 398.000000 0.040820 0.496126
392.000000 398.000000 0.226083 0.496126
433.000000 398.000000 0.354824 0.496126
615.000000 398.000000 0.926311 0.496126
47.000000 399.000000 -0.857230 0.499266
188.000000 399.000000 -0.414485 0.499266
320.000000 399.000000 -0.000000 0.499266
383.000000 399.000000 0.197822 0.499266
512.000000 399.000000 0.602887 0.499266
633.000000 399.000000 0.982832 0.499266
23.000000 400.000000 -0.932591 0.502406
27.000000 400.000000 -0.920031 0.502406
369.000000 400.000000 0.153862 0.502406
404.000000 400.000000 0.263763 0.502406
91.000000 401.000000 -0.719069 0.505546
389.000000 401.000000 0.216663 0.505546
397.000000 401.000000 0.241783 0.505546
413.000000 401.000000 0.292023 0.505546
431.000000 401.000000 0.348544 0.505546
463.000000 401.000000 0.449025 0.505546
478.000000 401.000000 0.496126 0.505546
186.000000 402.000000 -0.420765 0.508686
191.000000 402.000000 -0.405065 0.508686
335.000000 402.000000 0.047101 0.508686
364.000000 402.000000 0.138162 0.508686
407.000000 402.000000 0.273183 0.508686
458.000000 402.000000 0.433325 0.508686
503.000000 402.000000 0.574627 0.508686
589.000000 402.000000 0.844670 0.508686
631.000000 402.000000 0.976552 0.508686
313.000000 403.000000 -0.021980 0.511826
373.000000 403.000000 0.166422 0.511826
451.000000 403.000000 0.411345 0.511826
491.000000 403.000000 0.536946 0.511826
359.000000 404.000000 0.122461 0.514966
134.000000 405.000000 -0.584047 0.518106
199.000000 405.000000 -0.379945 0.518106
319.000000 405.000000 -0.003140 0.518106
396.000000 405.000000 0.238643 0.518106
322.000000 406.000000 0.006280 0.521246
337.000000 406.000000 0.053381 0.521246
377.000000 406.000000 0.178982 0.521246
380.000000 406.000000 0.188402 0.521246
394.000000 406.000000 0.232363 0.521246
467.000000 406.000000 0.461585 0.521246
608.000000 406.000000 0.904331 0.521246
350.000000 407.000000 0.094201 0.524386
363.000000 407.000000 0.135022 0.524386
389.000000 408.000000 0.216663 0.527526
4.000000 409.000000 -0.992252 0.530666
146.000000 409.000000 -0.546366 0.530666
194.000000 409.000000 -0.395645 0.530666
323.000000 409.000000 0.009420 0.530666
399.000000 409.000000 0.248063 0.530666
626.000000 409.000000 0.960851 0.530666
313.000000 410.000000 -0.021980 0.533806
362.000000 410.000000 0.131882 0.533806
370.000000 410.000000 0.157002 0.533806
394.000000 410.000000 0.232363 0.533806
405.000000 410.000000 0.266903 0.533806
413.000000 410.000000 0.292023 0.533806
474.000000 410.000000 0.483566 0.533806
320.000000 411.000000 -0.000000 0.536946
337.000000 411.000000 0.053381 0.536946
379.000000 411.000000 0.185262 0.536946
363.000000 412.000000 0.135022 0.540086
387.000000 412.000000 0.210382 0.540086
320.000000 413.000000 -0.000000 0.543226
349.000000 413.000000 0.091061 0.543226
443.000000 413.000000 0.386225 0.543226
66.000000 414.000000 -0.797569 0.546366
364.000000 414.000000 0.138162 0.546366
368.000000 414.000000 0.150722 0.546366
375.000000 414.000000 0.172702 0.546366
488.000000 414.000000 0.527526 0.546366
311.000000 415.000000 -0.028260 0.549506
332.000000 416.000000 0.037680 0.552647
345.000000 416.000000 0.078501 0.552647
365.000000 416.000000 0.141302 0.552647
367.000000 416.000000 0.147582 0.552647
355.000000 417.000000 0.109901 0.555787
410.000000 417.000000 0.282603 0.555787
433.000000 417.000000 0.354824 0.555787
170.000000 418.000000 -0.471006 0.558927
348.000000 418.000000 0.087921 0.558927
369.000000 418.000000 0.153862 0.558927
454.000000 418.000000 0.420765 0.558927
218.000000 419.000000 -0.320284 0.562067
289.000000 419.000000 -0.097341 0.562067
295.000000 419.000000 -0.078501 0.562067
338.000000 419.000000 0.056521 0.562067
341.000000 419.000000 0.065941 0.562067
360.000000 420.000000 0.125601 0.565207
424.000000 420.000000 0.326564 0.565207
196.000000 421.000000 -0.389365 0.568347
307.000000 421.000000 -0.040820 0.568347
321.000000 421.000000 0.003140 0.568347
358.000000 421.000000 0.119321 0.568347
403.000000 421.000000 0.260623 0.568347
206.000000 422.000000 -0.357964 0.571487
284.000000 422.000000 -0.113041 0.571487
287.000000 422.000000 -0.103621 0.571487
342.000000 422.000000 0.069081 0.571487
600.000000 422.000000 0.879210 0.571487
200.000000 423.000000 -0.376804 0.574627
317.000000 423.000000 -0.009420 0.574627
463.000000 423.000000 0.449025 0.574627
478.000000 423.000000 0.496126 0.574627
20.000000 424.000000 -0.942011 0.577767
87.000000 424.000000 -0.731629 0.577767
282.000000 424.000000 -0.119321 0.577767
300.000000 424.000000 -0.062801 0.577767
474.000000 424.000000 0.483566 0.577767
307.000000 425.000000 -0.040820 0.580907
334.000000 425.000000 0.043961 0.580907
357.000000 425.000000 0.116181 0.580907
438.000000 425.000000 0.370524 0.580907
469.000000 425.000000 0.467866 0.580907
342.000000 426.000000 0.069081 0.584047
371.000000 426.000000 0.160142 0.584047
408.000000 426.000000 0.276323 0.584047
491.000000 426.000000 0.536946 0.584047
51.000000 427.000000 -0.844670 0.587187
180.000000 427.000000 -0.439605 0.587187
300.000000 428.000000 -0.062801 0.590327
311.000000 428.000000 -0.028260 0.590327
405.000000 428.000000 0.266903 0.590327
516.000000 429.000000 0.615447 0.593467
339.000000 430.000000 0.059661 0.596607
442.000000 430.000000 0.383085 0.596607
492.000000 430.000000 0.540086 0.596607
499.000000 430.000000 0.562067 0.596607
386.000000 431.000000 0.207242 0.599747
437.000000 431.000000 0.367384 0.599747
612.000000 431.000000 0.916891 0.599747
200.000000 432.000000 -0.376804 0.602887
329.000000 432.000000 0.028260 0.602887
340.000000 432.000000 0.062801 0.602887
344.000000 432.000000 0.075361 0.602887
353.000000 432.000000 0.103621 0.602887
210.000000 433.000000 -0.345404 0.606027
320.000000 433.000000 -0.000000 0.606027
363.000000 433.000000 0.135022 0.606027
378.000000 433.000000 0.182122 0.606027
389.000000 433.000000 0.216663 0.606027
447.000000 433.000000 0.398785 0.606027
544.000000 433.000000 0.703368 0.606027
358.000000 434.000000 0.119321 0.609167
366.000000 434.000000 0.144442 0.609167
393.000000 434.000000 0.229223 0.609167
438.000000 434.000000 0.370524 0.609167
452.000000 434.000000 0.414485 0.609167
546.000000 434.000000 0.709648 0.609167
635.000000 434.000000 0.989112 0.609167
191.000000 435.000000 -0.405065 0.612307
331.000000 435.000000 0.034540 0.612307
376.000000 435.000000 0.175842 0.612307
383.000000 435.000000 0.197822 0.612307
395.000000 435.000000 0.235503 0.612307
525.000000 435.000000 0.643708 0.612307
353.000000 436.000000 0.103621 0.615447
357.000000 436.000000 0.116181 0.615447
410.000000 437.000000 0.282603 0.618587
458.000000 437.000000 0.433325 0.618587
489.000000 437.000000 0.530666 0.618587
265.000000 438.000000 -0.172702 0.621727
267.000000 438.000000 -0.166422 0.621727
307.000000 438.000000 -0.040820 0.621727
319.000000 438.000000 -0.003140 0.621727
425.000000 438.000000 0.329704 0.621727
212.000000 439.000000 -0.339124 0.624867
367.000000 439.000000 0.147582 0.624867
380.000000 440.000000 0.188402 0.628007
386.000000 440.000000 0.207242 0.628007
555.000000 440.000000 0.737909 0.628007
210.000000 441.000000 -0.345404 0.631147
263.000000 441.000000 -0.178982 0.631147
330.000000 441.000000 0.031400 0.631147
388.000000 442.000000 0.213523 0.634288
410.000000 442.000000 0.282603 0.634288
524.000000 442.000000 0.640568 0.634288
275.000000 443.000000 -0.141302 0.637428
291.000000 443.000000 -0.091061 0.637428
321.000000 443.000000 0.003140 0.637428
323.000000 443.000000 0.009420 0.637428
412.000000 443.000000 0.288883 0.637428
433.000000 443.000000 0.354824 0.637428
439.000000 443.000000 0.373664 0.637428
395.000000 444.000000 0.235503 0.640568
259.000000 445.000000 -0.191542 0.643708
288.000000 445.000000 -0.100481 0.643708
326.000000 445.000000 0.018840 0.643708
371.000000 445.000000 0.160142 0.643708
381.000000 445.000000 0.191542 0.643708
256.000000 446.000000 -0.200962 0.646848
208.000000 447.000000 -0.351684 0.649988
296.000000 447.000000 -0.075361 0.649988
459.000000 447.000000 0.436465 0.649988
485.000000 447.000000 0.518106 0.649988
9.000000 448.000000 -0.976552 0.653128
42.000000 448.000000 -0.872930 0.653128
239.000000 448.000000 -0.254343 0.653128
286.000000 448.000000 -0.106761 0.653128
376.000000 448.000000 0.175842 0.653128
391.000000 448.000000 0.222943 0.653128
420.000000 448.000000 0.314004 0.653128
476.000000 448.000000 0.489846 0.653128
604.000000 448.000000 0.891771 0.653128
248.000000 449.000000 -0.226083 0.656268
413.000000 449.000000 0.292023 0.656268
485.000000 449.000000 0.518106 0.656268
586.000000 449.000000 0.835250 0.656268
595.000000 449.000000 0.863510 0.656268
43.000000 450.000000 -0.869790 0.659408
49.000000 450.000000 -0.850950 0.659408
409.000000 450.000000 0.279463 0.659408
428.000000 450.000000 0.339124 0.659408
318.000000 451.000000 -0.006280 0.662548
326.000000 451.000000 0.018840 0.662548
457.000000 451.000000 0.430185 0.662548
633.000000 451.000000 0.982832 0.662548
256.000000 452.000000 -0.200962 0.665688
336.000000 453.000000 0.050241 0.668828
389.000000 453.000000 0.216663 0.668828
481.000000 453.000000 0.505546 0.668828
41.000000 454.000000 -0.876070 0.671968
230.000000 454.000000 -0.282603 0.671968
93.000000 455.000000 -0.712788 0.675108
241.000000 455.000000 -0.248063 0.675108
251.000000 455.000000 -0.216663 0.675108
400.000000 455.000000 0.251203 0.675108
226.000000 456.000000 -0.295163 0.678248
254.000000 456.000000 -0.207242 0.678248
414.000000 457.000000 0.295163 0.681388
577.000000 457.000000 0.806990 0.681388
223.000000 458.000000 -0.304584 0.684528
248.000000 458.000000 -0.226083 0.684528
341.000000 458.000000 0.065941 0.684528
421.000000 459.000000 0.317144 0.687668
228.000000 460.000000 -0.288883 0.690808
298.000000 460.000000 -0.069081 0.690808
330.000000 461.000000 0.031400 0.693948
476.000000 461.000000 0.489846 0.693948
228.000000 462.000000 -0.288883 0.697088
271.000000 462.000000 -0.153862 0.697088
293.000000 462.000000 -0.084781 0.697088
411.000000 462.000000 0.285743 0.697088
296.000000 463.000000 -0.075361 0.700228
361.000000 463.000000 0.128742 0.700228
294.000000 464.000000 -0.081641 0.703368
311.000000 464.000000 -0.028260 0.703368
459.000000 464.000000 0.436465 0.703368
57.000000 465.000000 -0.825830 0.706508
234.000000 465.000000 -0.270043 0.706508
325.000000 465.000000 0.015700 0.706508
25.000000 466.000000 -0.926311 0.709648
490.000000 466.000000 0.533806 0.709648
96.000000 467.000000 -0.703368 0.712788
412.000000 467.000000 0.288883 0.712788
243.000000 468.000000 -0.241783 0.715928
374.000000 468.000000 0.169562 0.715928
328.000000 469.000000 0.025120 0.719069
372.000000 469.000000 0.163282 0.719069
11.000000 470.000000 -0.970271 0.722209
368.000000 470.000000 0.150722 0.722209
486.000000 470.000000 0.521246 0.722209
370.000000 471.000000 0.157002 0.725349
425.000000 471.000000 0.329704 0.725349
106.000000 472.000000 -0.671968 0.728489
217.000000 472.000000 -0.323424 0.728489
382.000000 472.000000 0.194682 0.728489
591.000000 472.000000 0.850950 0.728489
74.000000 473.000000 -0.772449 0.731629
220.000000 473.000000 -0.314004 0.731629
352.000000 473.000000 0.100481 0.731629
354.000000 473.000000 0.106761 0.731629
495.000000 473.000000 0.549506 0.731629
504.000000 473.000000 0.577767 0.731629
632.000000 473.000000 0.979692 0.731629
110.000000 474.000000 -0.659408 0.734769
366.000000 474.000000 0.144442 0.734769
403.000000 474.000000 0.260623 0.734769
42.000000 475.000000 -0.872930 0.737909
313.000000 475.000000 -0.021980 0.737909
563.000000 475.000000 0.763029 0.737909
212.000000 476.000000 -0.339124 0.741049
467.000000 476.000000 0.461585 0.741049
502.000000 476.000000 0.571487 0.741049
