379.000000 3.000000 0.185262 -0.744189
580.000000 4.000000 0.816410 -0.741049
380.000000 5.000000 0.188402 -0.737909
463.000000 5.000000 0.449025 -0.737909
601.000000 5.000000 0.882350 -0.737909
527.000000 6.000000 0.649988 -0.734769
447.000000 9.000000 0.398785 -0.725349
595.000000 9.000000 0.863510 -0.725349
545.000000 10.000000 0.706508 -0.722209
584.000000 10.000000 0.828970 -0.722209
370.000000 11.000000 0.157002 -0.719069
564.000000 11.000000 0.766169 -0.719069
380.000000 12.000000 0.188402 -0.715928
370.000000 13.000000 0.157002 -0.712788
533.000000 13.000000 0.668828 -0.712788
521.000000 15.000000 0.631147 -0.706508
566.000000 16.000000 0.772449 -0.703368
383.000000 17.000000 0.197822 -0.700228
437.000000 17.000000 0.367384 -0.700228
559.000000 17.000000 0.750469 -0.700228
614.000000 17.000000 0.923171 -0.700228
594.000000 18.000000 0.860370 -0.697088
606.000000 18.000000 0.898051 -0.697088
431.000000 20.000000 0.348544 -0.690808
433.000000 20.000000 0.354824 -0.690808
371.000000 21.000000 0.160142 -0.687668
605.000000 21.000000 0.894911 -0.687668
378.000000 22.000000 0.182122 -0.684528
443.000000 22.000000 0.386225 -0.684528
550.000000 22.000000 0.722209 -0.684528
371.000000 23.000000 0.160142 -0.681388
422.000000 23.000000 0.320284 -0.681388
526.000000 23.000000 0.646848 -0.681388
385.000000 25.000000 0.204102 -0.675108
465.000000 27.000000 0.455305 -0.668828
554.000000 27.000000 0.734769 -0.668828
588.000000 29.000000 0.841530 -0.662548
541.000000 30.000000 0.693948 -0.659408
443.000000 31.000000 0.386225 -0.656268
574.000000 31.000000 0.797569 -0.656268
372.000000 32.000000 0.163282 -0.653128
469.000000 32.000000 0.467866 -0.653128
409.000000 33.000000 0.279463 -0.649988
372.000000 34.000000 0.163282 -0.646848
443.000000 34.000000 0.386225 -0.646848
364.000000 35.000000 0.138162 -0.643708
393.000000 36.000000 0.229223 -0.640568
632.000000 37.000000 0.979692 -0.637428
363.000000 38.000000 0.135022 -0.634288
429.000000 38.000000 0.342264 -0.634288
608.000000 39.000000 0.904331 -0.631147
363.000000 40.000000 0.135022 -0.628007
373.000000 42.000000 0.166422 -0.621727
426.000000 42.000000 0.332844 -0.621727
373.000000 44.000000 0.166422 -0.615447
402.000000 44.000000 0.257483 -0.615447
407.000000 46.000000 0.273183 -0.609167
546.000000 46.000000 0.709648 -0.609167
388.000000 50.000000 0.213523 -0.596607
431.000000 50.000000 0.348544 -0.596607
470.000000 50.000000 0.471006 -0.596607
534.000000 50.000000 0.671968 -0.596607
402.000000 51.000000 0.257483 -0.593467
427.000000 52.000000 0.335984 -0.590327
513.000000 54.000000 0.606027 -0.584047
532.000000 58.000000 0.665688 -0.571487
451.000000 60.000000 0.411345 -0.565207
620.000000 60.000000 0.942011 -0.565207
466.000000 62.000000 0.458445 -0.558927
436.000000 64.000000 0.364244 -0.552647
554.000000 65.000000 0.734769 -0.549506
431.000000 68.000000 0.348544 -0.540086
436.000000 68.000000 0.364244 -0.540086
614.000000 69.000000 0.923171 -0.536946
368.000000 71.000000 0.150722 -0.530666
370.000000 74.000000 0.157002 -0.521246
510.000000 76.000000 0.596607 -0.514966
355.000000 77.000000 0.109901 -0.511826
369.000000 77.000000 0.153862 -0.511826
380.000000 77.000000 0.188402 -0.511826
391.000000 78.000000 0.222943 -0.508686
402.000000 78.000000 0.257483 -0.508686
446.000000 78.000000 0.395645 -0.508686
532.000000 78.000000 0.665688 -0.508686
369.000000 80.000000 0.153862 -0.502406
413.000000 80.000000 0.292023 -0.502406
440.000000 80.000000 0.376804 -0.502406
546.000000 80.000000 0.709648 -0.502406
574.000000 80.000000 0.797569 -0.502406
425.000000 82.000000 0.329704 -0.496126
531.000000 82.000000 0.662548 -0.496126
547.000000 83.000000 0.712788 -0.492986
402.000000 84.000000 0.257483 -0.489846
424.000000 84.000000 0.326564 -0.489846
469.000000 84.000000 0.467866 -0.489846
629.000000 85.000000 0.970271 -0.486706
424.000000 86.000000 0.326564 -0.483566
522.000000 86.000000 0.634288 -0.483566
530.000000 86.000000 0.659408 -0.483566
354.000000 87.000000 0.106761 -0.480426
370.000000 88.000000 0.157002 -0.477286
629.000000 88.000000 0.970271 -0.477286
558.000000 89.000000 0.747329 -0.474146
626.000000 89.000000 0.960851 -0.474146
431.000000 91.000000 0.348544 -0.467866
466.000000 91.000000 0.458445 -0.467866
423.000000 92.000000 0.323424 -0.464725
490.000000 93.000000 0.533806 -0.461585
422.000000 94.000000 0.320284 -0.458445
429.000000 94.000000 0.342264 -0.458445
545.000000 95.000000 0.706508 -0.455305
420.000000 101.000000 0.314004 -0.436465
524.000000 101.000000 0.640568 -0.436465
544.000000 102.000000 0.703368 -0.433325
584.000000 102.000000 0.828970 -0.433325
371.000000 103.000000 0.160142 -0.430185
632.000000 103.000000 0.979692 -0.430185
380.000000 104.000000 0.188402 -0.427045
431.000000 104.000000 0.348544 -0.427045
504.000000 104.000000 0.577767 -0.427045
391.000000 105.000000 0.222943 -0.423905
601.000000 105.000000 0.882350 -0.423905
409.000000 107.000000 0.279463 -0.417625
419.000000 107.000000 0.310864 -0.417625
454.000000 107.000000 0.420765 -0.417625
534.000000 107.000000 0.671968 -0.417625
501.000000 108.000000 0.568347 -0.414485
506.000000 108.000000 0.584047 -0.414485
579.000000 108.000000 0.813270 -0.414485
510.000000 109.000000 0.596607 -0.411345
350.000000 110.000000 0.094201 -0.408205
505.000000 110.000000 0.580907 -0.408205
518.000000 110.000000 0.621727 -0.408205
468.000000 111.000000 0.464725 -0.405065
513.000000 111.000000 0.606027 -0.405065
573.000000 111.000000 0.794429 -0.405065
59.000000 112.000000 -0.819550 -0.401925
122.000000 112.000000 -0.621727 -0.401925
449.000000 112.000000 0.405065 -0.401925
524.000000 112.000000 0.640568 -0.401925
600.000000 113.000000 0.879210 -0.398785
130.000000 115.000000 -0.596607 -0.392505
373.000000 115.000000 0.166422 -0.392505
418.000000 115.000000 0.307724 -0.392505
557.000000 115.000000 0.744189 -0.392505
152.000000 116.000000 -0.527526 -0.389365
415.000000 116.000000 0.298304 -0.389365
67.000000 117.000000 -0.794429 -0.386225
76.000000 117.000000 -0.766169 -0.386225
96.000000 117.000000 -0.703368 -0.386225
127.000000 117.000000 -0.606027 -0.386225
417.000000 117.000000 0.304584 -0.386225
498.000000 117.000000 0.558927 -0.386225
554.000000 117.000000 0.734769 -0.386225
370.000000 118.000000 0.157002 -0.383085
90.000000 119.000000 -0.722209 -0.379945
92.000000 119.000000 -0.715928 -0.379945
147.000000 119.000000 -0.543226 -0.379945
152.000000 119.000000 -0.527526 -0.379945
415.000000 119.000000 0.298304 -0.379945
417.000000 119.000000 0.304584 -0.379945
497.000000 119.000000 0.555787 -0.379945
567.000000 119.000000 0.775589 -0.379945
66.000000 120.000000 -0.797569 -0.376804
95.000000 120.000000 -0.706508 -0.376804
122.000000 120.000000 -0.621727 -0.376804
133.000000 120.000000 -0.587187 -0.376804
159.000000 120.000000 -0.505546 -0.376804
396.000000 120.000000 0.238643 -0.376804
59.000000 121.000000 -0.819550 -0.373664
103.000000 121.000000 -0.681388 -0.373664
141.000000 121.000000 -0.562067 -0.373664
163.000000 121.000000 -0.492986 -0.373664
523.000000 121.000000 0.637428 -0.373664
74.000000 122.000000 -0.772449 -0.370524
108.000000 122.000000 -0.665688 -0.370524
148.000000 122.000000 -0.540086 -0.370524
169.000000 122.000000 -0.474146 -0.370524
415.000000 122.000000 0.298304 -0.370524
93.000000 123.000000 -0.712788 -0.367384
113.000000 123.000000 -0.649988 -0.367384
151.000000 124.000000 -0.530666 -0.364244
173.000000 124.000000 -0.461585 -0.364244
395.000000 124.000000 0.235503 -0.364244
521.000000 124.000000 0.631147 -0.364244
550.000000 124.000000 0.722209 -0.364244
588.000000 124.000000 0.841530 -0.364244
66.000000 125.000000 -0.797569 -0.361104
95.000000 125.000000 -0.706508 -0.361104
101.000000 125.000000 -0.687668 -0.361104
148.000000 125.000000 -0.540086 -0.361104
371.000000 125.000000 0.160142 -0.361104
414.000000 125.000000 0.295163 -0.361104
416.000000 125.000000 0.301444 -0.361104
134.000000 126.000000 -0.584047 -0.357964
154.000000 126.000000 -0.521246 -0.357964
382.000000 126.000000 0.194682 -0.357964
516.000000 126.000000 0.615447 -0.357964
557.000000 126.000000 0.744189 -0.357964
159.000000 127.000000 -0.505546 -0.354824
374.000000 127.000000 0.169562 -0.354824
425.000000 127.000000 0.329704 -0.354824
542.000000 127.000000 0.697088 -0.354824
577.000000 127.000000 0.806990 -0.354824
31.000000 128.000000 -0.907471 -0.351684
96.000000 128.000000 -0.703368 -0.351684
99.000000 128.000000 -0.693948 -0.351684
129.000000 128.000000 -0.599747 -0.351684
372.000000 128.000000 0.163282 -0.351684
377.000000 128.000000 0.178982 -0.351684
413.000000 128.000000 0.292023 -0.351684
509.000000 128.000000 0.593467 -0.351684
551.000000 128.000000 0.725349 -0.351684
37.000000 129.000000 -0.888631 -0.348544
42.000000 129.000000 -0.872930 -0.348544
515.000000 129.000000 0.612307 -0.348544
524.000000 129.000000 0.640568 -0.348544
69.000000 130.000000 -0.788149 -0.345404
101.000000 130.000000 -0.687668 -0.345404
104.000000 130.000000 -0.678248 -0.345404
366.000000 130.000000 0.144442 -0.345404
372.000000 130.000000 0.163282 -0.345404
377.000000 130.000000 0.178982 -0.345404
415.000000 130.000000 0.298304 -0.345404
424.000000 130.000000 0.326564 -0.345404
96.000000 131.000000 -0.703368 -0.342264
172.000000 131.000000 -0.464725 -0.342264
413.000000 131.000000 0.292023 -0.342264
445.000000 131.000000 0.392505 -0.342264
98.000000 132.000000 -0.697088 -0.339124
45.000000 133.000000 -0.863510 -0.335984
91.000000 133.000000 -0.719069 -0.335984
96.000000 133.000000 -0.703368 -0.335984
121.000000 133.000000 -0.624867 -0.335984
133.000000 133.000000 -0.587187 -0.335984
536.000000 133.000000 0.678248 -0.335984
634.000000 133.000000 0.985972 -0.335984
57.000000 134.000000 -0.825830 -0.332844
77.000000 134.000000 -0.763029 -0.332844
360.000000 134.000000 0.125601 -0.332844
372.000000 134.000000 0.163282 -0.332844
380.000000 134.000000 0.188402 -0.332844
625.000000 134.000000 0.957711 -0.332844
368.000000 135.000000 0.150722 -0.329704
376.000000 135.000000 0.175842 -0.329704
555.000000 135.000000 0.737909 -0.329704
568.000000 135.000000 0.778729 -0.329704
69.000000 136.000000 -0.788149 -0.326564
129.000000 136.000000 -0.599747 -0.326564
172.000000 136.000000 -0.464725 -0.326564
412.000000 136.000000 0.288883 -0.326564
619.000000 136.000000 0.938871 -0.326564
74.000000 137.000000 -0.772449 -0.323424
79.000000 137.000000 -0.756749 -0.323424
98.000000 137.000000 -0.697088 -0.323424
386.000000 138.000000 0.207242 -0.320284
81.000000 139.000000 -0.750469 -0.317144
536.000000 139.000000 0.678248 -0.317144
128.000000 140.000000 -0.602887 -0.314004
227.000000 140.000000 -0.292023 -0.314004
361.000000 140.000000 0.128742 -0.314004
372.000000 140.000000 0.163282 -0.314004
186.000000 141.000000 -0.420765 -0.310864
325.000000 141.000000 0.015700 -0.310864
342.000000 141.000000 0.069081 -0.310864
347.000000 141.000000 0.084781 -0.310864
359.000000 141.000000 0.122461 -0.310864
367.000000 141.000000 0.147582 -0.310864
369.000000 141.000000 0.153862 -0.310864
374.000000 141.000000 0.169562 -0.310864
411.000000 141.000000 0.285743 -0.310864
190.000000 142.000000 -0.408205 -0.307724
230.000000 142.000000 -0.282603 -0.307724
328.000000 142.000000 0.025120 -0.307724
337.000000 142.000000 0.053381 -0.307724
521.000000 142.000000 0.631147 -0.307724
95.000000 143.000000 -0.706508 -0.304584
102.000000 143.000000 -0.684528 -0.304584
176.000000 143.000000 -0.452165 -0.304584
226.000000 143.000000 -0.295163 -0.304584
240.000000 143.000000 -0.251203 -0.304584
244.000000 143.000000 -0.238643 -0.304584
349.000000 143.000000 0.091061 -0.304584
359.000000 143.000000 0.122461 -0.304584
372.000000 143.000000 0.163282 -0.304584
374.000000 143.000000 0.169562 -0.304584
382.000000 143.000000 0.194682 -0.304584
394.000000 143.000000 0.232363 -0.304584
585.000000 143.000000 0.832110 -0.304584
99.000000 144.000000 -0.693948 -0.301444
129.000000 144.000000 -0.599747 -0.301444
171.000000 144.000000 -0.467866 -0.301444
181.000000 144.000000 -0.436465 -0.301444
191.000000 144.000000 -0.405065 -0.301444
199.000000 144.000000 -0.379945 -0.301444
238.000000 144.000000 -0.257483 -0.301444
352.000000 144.000000 0.100481 -0.301444
354.000000 144.000000 0.106761 -0.301444
544.000000 144.000000 0.703368 -0.301444
568.000000 144.000000 0.778729 -0.301444
131.000000 145.000000 -0.593467 -0.298304
226.000000 145.000000 -0.295163 -0.298304
233.000000 145.000000 -0.273183 -0.298304
359.000000 145.000000 0.122461 -0.298304
410.000000 145.000000 0.282603 -0.298304
442.000000 145.000000 0.383085 -0.298304
557.000000 145.000000 0.744189 -0.298304
171.000000 146.000000 -0.467866 -0.295163
188.000000 146.000000 -0.414485 -0.295163
205.000000 146.000000 -0.361104 -0.295163
207.000000 146.000000 -0.354824 -0.295163
240.000000 146.000000 -0.251203 -0.295163
252.000000 146.000000 -0.213523 -0.295163
328.000000 146.000000 0.025120 -0.295163
569.000000 146.000000 0.781869 -0.295163
147.000000 147.000000 -0.543226 -0.292023
177.000000 147.000000 -0.449025 -0.292023
181.000000 147.000000 -0.436465 -0.292023
198.000000 147.000000 -0.383085 -0.292023
230.000000 147.000000 -0.282603 -0.292023
233.000000 147.000000 -0.273183 -0.292023
370.000000 147.000000 0.157002 -0.292023
374.000000 147.000000 0.169562 -0.292023
416.000000 147.000000 0.301444 -0.292023
94.000000 148.000000 -0.709648 -0.288883
240.000000 148.000000 -0.251203 -0.288883
243.000000 148.000000 -0.241783 -0.288883
383.000000 148.000000 0.197822 -0.288883
395.000000 148.000000 0.235503 -0.288883
409.000000 148.000000 0.279463 -0.288883
525.000000 148.000000 0.643708 -0.288883
145.000000 149.000000 -0.549506 -0.285743
208.000000 149.000000 -0.351684 -0.285743
215.000000 149.000000 -0.329704 -0.285743
221.000000 149.000000 -0.310864 -0.285743
230.000000 149.000000 -0.282603 -0.285743
391.000000 149.000000 0.222943 -0.285743
400.000000 149.000000 0.251203 -0.285743
412.000000 149.000000 0.288883 -0.285743
508.000000 149.000000 0.590327 -0.285743
624.000000 149.000000 0.954571 -0.285743
191.000000 150.000000 -0.405065 -0.282603
206.000000 150.000000 -0.357964 -0.282603
226.000000 150.000000 -0.295163 -0.282603
389.000000 150.000000 0.216663 -0.282603
405.000000 150.000000 0.266903 -0.282603
410.000000 150.000000 0.282603 -0.282603
422.000000 150.000000 0.320284 -0.282603
545.000000 150.000000 0.706508 -0.282603
551.000000 150.000000 0.725349 -0.282603
175.000000 151.000000 -0.455305 -0.279463
196.000000 151.000000 -0.389365 -0.279463
202.000000 151.000000 -0.370524 -0.279463
209.000000 151.000000 -0.348544 -0.279463
235.000000 151.000000 -0.266903 -0.279463
243.000000 151.000000 -0.241783 -0.279463
392.000000 151.000000 0.226083 -0.279463
402.000000 151.000000 0.257483 -0.279463
418.000000 151.000000 0.307724 -0.279463
525.000000 151.000000 0.643708 -0.279463
173.000000 152.000000 -0.461585 -0.276323
219.000000 152.000000 -0.317144 -0.276323
230.000000 152.000000 -0.282603 -0.276323
352.000000 152.000000 0.100481 -0.276323
386.000000 152.000000 0.207242 -0.276323
414.000000 152.000000 0.295163 -0.276323
424.000000 152.000000 0.326564 -0.276323
428.000000 152.000000 0.339124 -0.276323
501.000000 152.000000 0.568347 -0.276323
536.000000 152.000000 0.678248 -0.276323
550.000000 152.000000 0.722209 -0.276323
569.000000 152.000000 0.781869 -0.276323
193.000000 153.000000 -0.398785 -0.273183
212.000000 153.000000 -0.339124 -0.273183
226.000000 153.000000 -0.295163 -0.273183
232.000000 153.000000 -0.276323 -0.273183
234.000000 153.000000 -0.270043 -0.273183
276.000000 153.000000 -0.138162 -0.273183
345.000000 153.000000 0.078501 -0.273183
347.000000 153.000000 0.084781 -0.273183
358.000000 153.000000 0.119321 -0.273183
364.000000 153.000000 0.138162 -0.273183
375.000000 153.000000 0.172702 -0.273183
417.000000 153.000000 0.304584 -0.273183
422.000000 153.000000 0.320284 -0.273183
538.000000 153.000000 0.684528 -0.273183
186.000000 154.000000 -0.420765 -0.270043
201.000000 154.000000 -0.373664 -0.270043
257.000000 154.000000 -0.197822 -0.270043
352.000000 154.000000 0.100481 -0.270043
355.000000 154.000000 0.109901 -0.270043
367.000000 154.000000 0.147582 -0.270043
373.000000 154.000000 0.166422 -0.270043
385.000000 154.000000 0.204102 -0.270043
430.000000 154.000000 0.345404 -0.270043
435.000000 154.000000 0.361104 -0.270043
199.000000 155.000000 -0.379945 -0.266903
205.000000 155.000000 -0.361104 -0.266903
261.000000 155.000000 -0.185262 -0.266903
267.000000 155.000000 -0.166422 -0.266903
270.000000 155.000000 -0.157002 -0.266903
286.000000 155.000000 -0.106761 -0.266903
375.000000 155.000000 0.172702 -0.266903
418.000000 155.000000 0.307724 -0.266903
427.000000 155.000000 0.335984 -0.266903
443.000000 155.000000 0.386225 -0.266903
449.000000 155.000000 0.405065 -0.266903
524.000000 155.000000 0.640568 -0.266903
227.000000 156.000000 -0.292023 -0.263763
265.000000 156.000000 -0.172702 -0.263763
276.000000 156.000000 -0.138162 -0.263763
378.000000 156.000000 0.182122 -0.263763
381.000000 156.000000 0.191542 -0.263763
458.000000 156.000000 0.433325 -0.263763
623.000000 156.000000 0.951431 -0.263763
218.000000 157.000000 -0.320284 -0.260623
231.000000 157.000000 -0.279463 -0.260623
262.000000 157.000000 -0.182122 -0.260623
278.000000 157.000000 -0.131882 -0.260623
366.000000 157.000000 0.144442 -0.260623
390.000000 157.000000 0.219803 -0.260623
414.000000 157.000000 0.295163 -0.260623
477.000000 157.000000 0.492986 -0.260623
506.000000 157.000000 0.584047 -0.260623
531.000000 157.000000 0.662548 -0.260623
147.000000 158.000000 -0.543226 -0.257483
222.000000 158.000000 -0.307724 -0.257483
226.000000 158.000000 -0.295163 -0.257483
236.000000 158.000000 -0.263763 -0.257483
383.000000 158.000000 0.197822 -0.257483
386.000000 158.000000 0.207242 -0.257483
393.000000 158.000000 0.229223 -0.257483
397.000000 158.000000 0.241783 -0.257483
434.000000 158.000000 0.357964 -0.257483
452.000000 158.000000 0.414485 -0.257483
515.000000 158.000000 0.612307 -0.257483
618.000000 158.000000 0.935731 -0.257483
216.000000 159.000000 -0.326564 -0.254343
257.000000 159.000000 -0.197822 -0.254343
288.000000 159.000000 -0.100481 -0.254343
353.000000 159.000000 0.103621 -0.254343
389.000000 159.000000 0.216663 -0.254343
405.000000 159.000000 0.266903 -0.254343
486.000000 159.000000 0.521246 -0.254343
513.000000 159.000000 0.606027 -0.254343
523.000000 159.000000 0.637428 -0.254343
536.000000 159.000000 0.678248 -0.254343
559.000000 159.000000 0.750469 -0.254343
147.000000 160.000000 -0.543226 -0.251203
224.000000 160.000000 -0.301444 -0.251203
231.000000 160.000000 -0.279463 -0.251203
233.000000 160.000000 -0.273183 -0.251203
270.000000 160.000000 -0.157002 -0.251203
272.000000 160.000000 -0.150722 -0.251203
347.000000 160.000000 0.084781 -0.251203
396.000000 160.000000 0.238643 -0.251203
402.000000 160.000000 0.257483 -0.251203
413.000000 160.000000 0.292023 -0.251203
451.000000 160.000000 0.411345 -0.251203
567.000000 160.000000 0.775589 -0.251203
576.000000 160.000000 0.803850 -0.251203
584.000000 160.000000 0.828970 -0.251203
257.000000 161.000000 -0.197822 -0.248063
303.000000 161.000000 -0.053381 -0.248063
343.000000 161.000000 0.072221 -0.248063
353.000000 161.000000 0.103621 -0.248063
368.000000 161.000000 0.150722 -0.248063
408.000000 161.000000 0.276323 -0.248063
421.000000 161.000000 0.317144 -0.248063
589.000000 161.000000 0.844670 -0.248063
593.000000 161.000000 0.857230 -0.248063
287.000000 162.000000 -0.103621 -0.244923
309.000000 162.000000 -0.034540 -0.244923
364.000000 162.000000 0.138162 -0.244923
377.000000 162.000000 0.178982 -0.244923
413.000000 162.000000 0.292023 -0.244923
415.000000 162.000000 0.298304 -0.244923
425.000000 162.000000 0.329704 -0.244923
538.000000 162.000000 0.684528 -0.244923
576.000000 162.000000 0.803850 -0.244923
603.000000 162.000000 0.888631 -0.244923
632.000000 162.000000 0.979692 -0.244923
635.000000 162.000000 0.989112 -0.244923
83.000000 163.000000 -0.744189 -0.241783
235.000000 163.000000 -0.266903 -0.241783
256.000000 163.000000 -0.200962 -0.241783
260.000000 163.000000 -0.188402 -0.241783
277.000000 163.000000 -0.135022 -0.241783
347.000000 163.000000 0.084781 -0.241783
397.000000 163.000000 0.241783 -0.241783
499.000000 163.000000 0.562067 -0.241783
516.000000 163.000000 0.615447 -0.241783
522.000000 163.000000 0.634288 -0.241783
563.000000 163.000000 0.763029 -0.241783
585.000000 163.000000 0.832110 -0.241783
610.000000 163.000000 0.910611 -0.241783
304.000000 164.000000 -0.050241 -0.238643
314.000000 164.000000 -0.018840 -0.238643
349.000000 164.000000 0.091061 -0.238643
353.000000 164.000000 0.103621 -0.238643
381.000000 164.000000 0.191542 -0.238643
391.000000 164.000000 0.222943 -0.238643
414.000000 164.000000 0.295163 -0.238643
422.000000 164.000000 0.320284 -0.238643
448.000000 164.000000 0.401925 -0.238643
234.000000 165.000000 -0.270043 -0.235503
365.000000 165.000000 0.141302 -0.235503
378.000000 165.000000 0.182122 -0.235503
388.000000 165.000000 0.213523 -0.235503
617.000000 165.000000 0.932591 -0.235503
148.000000 166.000000 -0.540086 -0.232363
301.000000 166.000000 -0.059661 -0.232363
303.000000 166.000000 -0.053381 -0.232363
355.000000 166.000000 0.109901 -0.232363
384.000000 166.000000 0.200962 -0.232363
394.000000 166.000000 0.232363 -0.232363
458.000000 166.000000 0.433325 -0.232363
513.000000 166.000000 0.606027 -0.232363
539.000000 166.000000 0.687668 -0.232363
598.000000 166.000000 0.872930 -0.232363
233.000000 167.000000 -0.273183 -0.229223
262.000000 167.000000 -0.182122 -0.229223
398.000000 167.000000 0.244923 -0.229223
402.000000 167.000000 0.257483 -0.229223
412.000000 167.000000 0.288883 -0.229223
421.000000 167.000000 0.317144 -0.229223
431.000000 167.000000 0.348544 -0.229223
453.000000 167.000000 0.417625 -0.229223
521.000000 167.000000 0.631147 -0.229223
351.000000 168.000000 0.097341 -0.226083
377.000000 168.000000 0.178982 -0.226083
410.000000 168.000000 0.282603 -0.226083
419.000000 168.000000 0.310864 -0.226083
466.000000 168.000000 0.458445 -0.226083
498.000000 168.000000 0.558927 -0.226083
233.000000 169.000000 -0.273183 -0.222943
279.000000 169.000000 -0.128742 -0.222943
302.000000 169.000000 -0.056521 -0.222943
366.000000 169.000000 0.144442 -0.222943
421.000000 169.000000 0.317144 -0.222943
227.000000 170.000000 -0.292023 -0.219803
296.000000 170.000000 -0.075361 -0.219803
355.000000 170.000000 0.109901 -0.219803
512.000000 170.000000 0.602887 -0.219803
528.000000 170.000000 0.653128 -0.219803
588.000000 170.000000 0.841530 -0.219803
306.000000 171.000000 -0.043961 -0.216663
314.000000 171.000000 -0.018840 -0.216663
322.000000 171.000000 0.006280 -0.216663
351.000000 171.000000 0.097341 -0.216663
389.000000 171.000000 0.216663 -0.216663
398.000000 171.000000 0.244923 -0.216663
468.000000 171.000000 0.464725 -0.216663
470.000000 171.000000 0.471006 -0.216663
520.000000 171.000000 0.628007 -0.216663
303.000000 172.000000 -0.053381 -0.213523
312.000000 172.000000 -0.025120 -0.213523
318.000000 172.000000 -0.006280 -0.213523
327.000000 172.000000 0.021980 -0.213523
414.000000 172.000000 0.295163 -0.213523
636.000000 172.000000 0.992252 -0.213523
234.000000 173.000000 -0.270043 -0.210382
307.000000 173.000000 -0.040820 -0.210382
334.000000 173.000000 0.043961 -0.210382
354.000000 173.000000 0.106761 -0.210382
377.000000 173.000000 0.178982 -0.210382
380.000000 173.000000 0.188402 -0.210382
392.000000 173.000000 0.226083 -0.210382
422.000000 173.000000 0.320284 -0.210382
473.000000 173.000000 0.480426 -0.210382
14.000000 174.000000 -0.960851 -0.207242
16.000000 174.000000 -0.954571 -0.207242
303.000000 174.000000 -0.053381 -0.207242
318.000000 174.000000 -0.006280 -0.207242
340.000000 174.000000 0.062801 -0.207242
351.000000 174.000000 0.097341 -0.207242
406.000000 174.000000 0.270043 -0.207242
420.000000 174.000000 0.314004 -0.207242
460.000000 174.000000 0.439605 -0.207242
487.000000 174.000000 0.524386 -0.207242
495.000000 174.000000 0.549506 -0.207242
527.000000 174.000000 0.649988 -0.207242
584.000000 174.000000 0.828970 -0.207242
45.000000 175.000000 -0.863510 -0.204102
83.000000 175.000000 -0.744189 -0.204102
233.000000 175.000000 -0.273183 -0.204102
281.000000 175.000000 -0.122461 -0.204102
397.000000 175.000000 0.241783 -0.204102
399.000000 175.000000 0.248063 -0.204102
428.000000 175.000000 0.339124 -0.204102
511.000000 175.000000 0.599747 -0.204102
518.000000 175.000000 0.621727 -0.204102
561.000000 175.000000 0.756749 -0.204102
577.000000 175.000000 0.806990 -0.204102
609.000000 175.000000 0.907471 -0.204102
377.000000 176.000000 0.178982 -0.200962
467.000000 176.000000 0.461585 -0.200962
571.000000 176.000000 0.788149 -0.200962
615.000000 176.000000 0.926311 -0.200962
129.000000 177.000000 -0.599747 -0.197822
232.000000 177.000000 -0.276323 -0.197822
365.000000 177.000000 0.141302 -0.197822
374.000000 177.000000 0.169562 -0.197822
415.000000 177.000000 0.298304 -0.197822
446.000000 177.000000 0.395645 -0.197822
568.000000 177.000000 0.778729 -0.197822
146.000000 178.000000 -0.546366 -0.194682
204.000000 178.000000 -0.364244 -0.194682
349.000000 178.000000 0.091061 -0.194682
377.000000 178.000000 0.178982 -0.194682
395.000000 178.000000 0.235503 -0.194682
398.000000 178.000000 0.244923 -0.194682
517.000000 178.000000 0.618587 -0.194682
604.000000 178.000000 0.891771 -0.194682
85.000000 179.000000 -0.737909 -0.191542
304.000000 179.000000 -0.050241 -0.191542
353.000000 179.000000 0.103621 -0.191542
371.000000 179.000000 0.160142 -0.191542
387.000000 179.000000 0.210382 -0.191542
392.000000 179.000000 0.226083 -0.191542
232.000000 180.000000 -0.276323 -0.188402
277.000000 180.000000 -0.135022 -0.188402
361.000000 180.000000 0.128742 -0.188402
408.000000 180.000000 0.276323 -0.188402
416.000000 180.000000 0.301444 -0.188402
444.000000 180.000000 0.389365 -0.188402
504.000000 180.000000 0.577767 -0.188402
583.000000 180.000000 0.825830 -0.188402
587.000000 180.000000 0.838390 -0.188402
595.000000 180.000000 0.863510 -0.188402
280.000000 181.000000 -0.125601 -0.185262
356.000000 181.000000 0.113041 -0.185262
366.000000 181.000000 0.144442 -0.185262
421.000000 181.000000 0.317144 -0.185262
467.000000 181.000000 0.461585 -0.185262
553.000000 181.000000 0.731629 -0.185262
557.000000 181.000000 0.744189 -0.185262
282.000000 182.000000 -0.119321 -0.182122
313.000000 182.000000 -0.021980 -0.182122
344.000000 182.000000 0.075361 -0.182122
369.000000 182.000000 0.153862 -0.182122
385.000000 182.000000 0.204102 -0.182122
388.000000 182.000000 0.213523 -0.182122
517.000000 182.000000 0.618587 -0.182122
544.000000 182.000000 0.703368 -0.182122
233.000000 183.000000 -0.273183 -0.178982
278.000000 183.000000 -0.131882 -0.178982
318.000000 183.000000 -0.006280 -0.178982
348.000000 183.000000 0.087921 -0.178982
391.000000 183.000000 0.222943 -0.178982
399.000000 183.000000 0.248063 -0.178982
408.000000 183.000000 0.276323 -0.178982
444.000000 183.000000 0.389365 -0.178982
456.000000 183.000000 0.427045 -0.178982
560.000000 183.000000 0.753609 -0.178982
203.000000 184.000000 -0.367384 -0.175842
356.000000 184.000000 0.113041 -0.175842
377.000000 184.000000 0.178982 -0.175842
385.000000 184.000000 0.204102 -0.175842
421.000000 184.000000 0.317144 -0.175842
433.000000 184.000000 0.354824 -0.175842
449.000000 184.000000 0.405065 -0.175842
480.000000 184.000000 0.502406 -0.175842
543.000000 184.000000 0.700228 -0.175842
558.000000 184.000000 0.747329 -0.175842
576.000000 184.000000 0.803850 -0.175842
205.000000 185.000000 -0.361104 -0.172702
368.000000 185.000000 0.150722 -0.172702
391.000000 185.000000 0.222943 -0.172702
407.000000 185.000000 0.273183 -0.172702
425.000000 185.000000 0.329704 -0.172702
463.000000 185.000000 0.449025 -0.172702
548.000000 185.000000 0.715928 -0.172702
615.000000 185.000000 0.926311 -0.172702
232.000000 186.000000 -0.276323 -0.169562
363.000000 186.000000 0.135022 -0.169562
399.000000 186.000000 0.248063 -0.169562
415.000000 186.000000 0.298304 -0.169562
423.000000 186.000000 0.323424 -0.169562
444.000000 186.000000 0.389365 -0.169562
516.000000 186.000000 0.615447 -0.169562
519.000000 186.000000 0.624867 -0.169562
525.000000 186.000000 0.643708 -0.169562
543.000000 186.000000 0.700228 -0.169562
230.000000 187.000000 -0.282603 -0.166422
401.000000 187.000000 0.254343 -0.166422
403.000000 187.000000 0.260623 -0.166422
430.000000 187.000000 0.345404 -0.166422
599.000000 187.000000 0.876070 -0.166422
317.000000 188.000000 -0.009420 -0.163282
367.000000 188.000000 0.147582 -0.163282
391.000000 188.000000 0.222943 -0.163282
410.000000 188.000000 0.282603 -0.163282
437.000000 188.000000 0.367384 -0.163282
543.000000 188.000000 0.700228 -0.163282
548.000000 188.000000 0.715928 -0.163282
231.000000 189.000000 -0.279463 -0.160142
239.000000 189.000000 -0.254343 -0.160142
312.000000 189.000000 -0.025120 -0.160142
347.000000 189.000000 0.084781 -0.160142
376.000000 189.000000 0.175842 -0.160142
395.000000 189.000000 0.235503 -0.160142
414.000000 189.000000 0.295163 -0.160142
462.000000 189.000000 0.445885 -0.160142
507.000000 189.000000 0.587187 -0.160142
523.000000 189.000000 0.637428 -0.160142
102.000000 190.000000 -0.684528 -0.157002
203.000000 190.000000 -0.367384 -0.157002
206.000000 190.000000 -0.357964 -0.157002
301.000000 190.000000 -0.059661 -0.157002
384.000000 190.000000 0.200962 -0.157002
444.000000 190.000000 0.389365 -0.157002
576.000000 190.000000 0.803850 -0.157002
603.000000 190.000000 0.888631 -0.157002
366.000000 191.000000 0.144442 -0.153862
382.000000 191.000000 0.194682 -0.153862
387.000000 191.000000 0.210382 -0.153862
400.000000 191.000000 0.251203 -0.153862
517.000000 191.000000 0.618587 -0.153862
571.000000 191.000000 0.788149 -0.153862
204.000000 192.000000 -0.364244 -0.150722
302.000000 192.000000 -0.056521 -0.150722
402.000000 192.000000 0.257483 -0.150722
414.000000 192.000000 0.295163 -0.150722
463.000000 192.000000 0.449025 -0.150722
231.000000 193.000000 -0.279463 -0.147582
239.000000 193.000000 -0.254343 -0.147582
300.000000 193.000000 -0.062801 -0.147582
389.000000 193.000000 0.216663 -0.147582
392.000000 193.000000 0.226083 -0.147582
360.000000 194.000000 0.125601 -0.144442
372.000000 194.000000 0.163282 -0.144442
380.000000 194.000000 0.188402 -0.144442
412.000000 194.000000 0.288883 -0.144442
446.000000 194.000000 0.395645 -0.144442
609.000000 194.000000 0.907471 -0.144442
277.000000 195.000000 -0.135022 -0.141302
310.000000 195.000000 -0.031400 -0.141302
347.000000 195.000000 0.084781 -0.141302
462.000000 195.000000 0.445885 -0.141302
202.000000 196.000000 -0.370524 -0.138162
204.000000 196.000000 -0.364244 -0.138162
282.000000 196.000000 -0.119321 -0.138162
299.000000 196.000000 -0.065941 -0.138162
304.000000 196.000000 -0.050241 -0.138162
365.000000 196.000000 0.141302 -0.138162
399.000000 196.000000 0.248063 -0.138162
442.000000 196.000000 0.383085 -0.138162
460.000000 196.000000 0.439605 -0.138162
468.000000 196.000000 0.464725 -0.138162
278.000000 197.000000 -0.131882 -0.135022
350.000000 197.000000 0.094201 -0.135022
476.000000 197.000000 0.489846 -0.135022
514.000000 197.000000 0.609167 -0.135022
202.000000 198.000000 -0.370524 -0.131882
291.000000 198.000000 -0.091061 -0.131882
303.000000 198.000000 -0.053381 -0.131882
359.000000 198.000000 0.122461 -0.131882
455.000000 198.000000 0.423905 -0.131882
462.000000 198.000000 0.445885 -0.131882
482.000000 198.000000 0.508686 -0.131882
230.000000 199.000000 -0.282603 -0.128742
278.000000 199.000000 -0.131882 -0.128742
282.000000 199.000000 -0.119321 -0.128742
298.000000 199.000000 -0.069081 -0.128742
489.000000 199.000000 0.530666 -0.128742
509.000000 199.000000 0.593467 -0.128742
207.000000 200.000000 -0.354824 -0.125601
280.000000 200.000000 -0.125601 -0.125601
373.000000 200.000000 0.166422 -0.125601
414.000000 200.000000 0.295163 -0.125601
465.000000 200.000000 0.455305 -0.125601
496.000000 200.000000 0.552647 -0.125601
556.000000 200.000000 0.741049 -0.125601
444.000000 201.000000 0.389365 -0.122461
461.000000 201.000000 0.442745 -0.122461
502.000000 201.000000 0.571487 -0.122461
587.000000 201.000000 0.838390 -0.122461
593.000000 201.000000 0.857230 -0.122461
278.000000 202.000000 -0.131882 -0.119321
346.000000 202.000000 0.081641 -0.119321
400.000000 202.000000 0.251203 -0.119321
459.000000 202.000000 0.436465 -0.119321
477.000000 202.000000 0.492986 -0.119321
480.000000 202.000000 0.502406 -0.119321
483.000000 202.000000 0.511826 -0.119321
524.000000 202.000000 0.640568 -0.119321
535.000000 202.000000 0.675108 -0.119321
611.000000 202.000000 0.913751 -0.119321
214.000000 203.000000 -0.332844 -0.116181
230.000000 203.000000 -0.282603 -0.116181
298.000000 203.000000 -0.069081 -0.116181
300.000000 203.000000 -0.062801 -0.116181
305.000000 203.000000 -0.047101 -0.116181
307.000000 203.000000 -0.040820 -0.116181
312.000000 203.000000 -0.025120 -0.116181
350.000000 203.000000 0.094201 -0.116181
487.000000 203.000000 0.524386 -0.116181
542.000000 203.000000 0.697088 -0.116181
548.000000 203.000000 0.715928 -0.116181
550.000000 203.000000 0.722209 -0.116181
358.000000 204.000000 0.119321 -0.113041
360.000000 204.000000 0.125601 -0.113041
365.000000 204.000000 0.141302 -0.113041
458.000000 204.000000 0.433325 -0.113041
462.000000 204.000000 0.445885 -0.113041
493.000000 204.000000 0.543226 -0.113041
315.000000 205.000000 -0.015700 -0.109901
362.000000 205.000000 0.131882 -0.109901
371.000000 205.000000 0.160142 -0.109901
499.000000 205.000000 0.562067 -0.109901
569.000000 205.000000 0.781869 -0.109901
574.000000 205.000000 0.797569 -0.109901
592.000000 205.000000 0.854090 -0.109901
607.000000 205.000000 0.901191 -0.109901
145.000000 206.000000 -0.549506 -0.106761
231.000000 206.000000 -0.279463 -0.106761
348.000000 206.000000 0.087921 -0.106761
368.000000 206.000000 0.150722 -0.106761
478.000000 206.000000 0.496126 -0.106761
505.000000 206.000000 0.580907 -0.106761
507.000000 206.000000 0.587187 -0.106761
521.000000 206.000000 0.631147 -0.106761
535.000000 206.000000 0.675108 -0.106761
218.000000 207.000000 -0.320284 -0.103621
360.000000 207.000000 0.125601 -0.103621
374.000000 207.000000 0.169562 -0.103621
397.000000 207.000000 0.241783 -0.103621
511.000000 207.000000 0.599747 -0.103621
513.000000 207.000000 0.606027 -0.103621
527.000000 207.000000 0.649988 -0.103621
278.000000 208.000000 -0.131882 -0.100481
383.000000 208.000000 0.197822 -0.100481
390.000000 208.000000 0.219803 -0.100481
467.000000 208.000000 0.461585 -0.100481
491.000000 208.000000 0.536946 -0.100481
518.000000 208.000000 0.621727 -0.100481
520.000000 208.000000 0.628007 -0.100481
548.000000 208.000000 0.715928 -0.100481
222.000000 209.000000 -0.307724 -0.097341
230.000000 209.000000 -0.282603 -0.097341
272.000000 209.000000 -0.150722 -0.097341
339.000000 209.000000 0.059661 -0.097341
387.000000 209.000000 0.210382 -0.097341
399.000000 209.000000 0.248063 -0.097341
497.000000 209.000000 0.555787 -0.097341
565.000000 209.000000 0.769309 -0.097341
348.000000 210.000000 0.087921 -0.094201
382.000000 210.000000 0.194682 -0.094201
393.000000 210.000000 0.229223 -0.094201
440.000000 210.000000 0.376804 -0.094201
457.000000 210.000000 0.430185 -0.094201
525.000000 210.000000 0.643708 -0.094201
563.000000 210.000000 0.763029 -0.094201
580.000000 210.000000 0.816410 -0.094201
82.000000 211.000000 -0.747329 -0.091061
201.000000 211.000000 -0.373664 -0.091061
228.000000 211.000000 -0.288883 -0.091061
258.000000 211.000000 -0.194682 -0.091061
334.000000 211.000000 0.043961 -0.091061
341.000000 211.000000 0.065941 -0.091061
388.000000 211.000000 0.213523 -0.091061
509.000000 211.000000 0.593467 -0.091061
511.000000 211.000000 0.599747 -0.091061
561.000000 211.000000 0.756749 -0.091061
571.000000 211.000000 0.788149 -0.091061
199.000000 212.000000 -0.379945 -0.087921
263.000000 212.000000 -0.178982 -0.087921
339.000000 212.000000 0.059661 -0.087921
406.000000 212.000000 0.270043 -0.087921
473.000000 212.000000 0.480426 -0.087921
531.000000 212.000000 0.662548 -0.087921
567.000000 212.000000 0.775589 -0.087921
575.000000 212.000000 0.800709 -0.087921
385.000000 213.000000 0.204102 -0.084781
545.000000 213.000000 0.706508 -0.084781
558.000000 213.000000 0.747329 -0.084781
238.000000 214.000000 -0.257483 -0.081641
251.000000 214.000000 -0.216663 -0.081641
364.000000 214.000000 0.138162 -0.081641
368.000000 214.000000 0.150722 -0.081641
370.000000 214.000000 0.157002 -0.081641
392.000000 214.000000 0.226083 -0.081641
439.000000 214.000000 0.373664 -0.081641
456.000000 214.000000 0.427045 -0.081641
471.000000 214.000000 0.474146 -0.081641
540.000000 214.000000 0.690808 -0.081641
396.000000 215.000000 0.238643 -0.078501
545.000000 215.000000 0.706508 -0.078501
235.000000 216.000000 -0.266903 -0.075361
245.000000 216.000000 -0.235503 -0.075361
340.000000 216.000000 0.062801 -0.075361
407.000000 216.000000 0.273183 -0.075361
472.000000 216.000000 0.477286 -0.075361
550.000000 216.000000 0.722209 -0.075361
200.000000 217.000000 -0.376804 -0.072221
239.000000 217.000000 -0.254343 -0.072221
337.000000 217.000000 0.053381 -0.072221
417.000000 217.000000 0.304584 -0.072221
458.000000 217.000000 0.433325 -0.072221
632.000000 217.000000 0.979692 -0.072221
11.000000 218.000000 -0.970271 -0.069081
144.000000 218.000000 -0.552647 -0.069081
332.000000 218.000000 0.037680 -0.069081
397.000000 218.000000 0.241783 -0.069081
424.000000 218.000000 0.326564 -0.069081
455.000000 218.000000 0.423905 -0.069081
204.000000 219.000000 -0.364244 -0.065941
227.000000 219.000000 -0.292023 -0.065941
377.000000 219.000000 0.178982 -0.065941
457.000000 219.000000 0.430185 -0.065941
550.000000 219.000000 0.722209 -0.065941
554.000000 219.000000 0.734769 -0.065941
144.000000 220.000000 -0.552647 -0.062801
224.000000 220.000000 -0.301444 -0.062801
330.000000 220.000000 0.031400 -0.062801
368.000000 220.000000 0.150722 -0.062801
371.000000 220.000000 0.160142 -0.062801
374.000000 220.000000 0.169562 -0.062801
383.000000 220.000000 0.197822 -0.062801
436.000000 220.000000 0.364244 -0.062801
455.000000 220.000000 0.423905 -0.062801
471.000000 220.000000 0.474146 -0.062801
478.000000 220.000000 0.496126 -0.062801
511.000000 220.000000 0.599747 -0.062801
566.000000 220.000000 0.772449 -0.062801
591.000000 220.000000 0.850950 -0.062801
200.000000 221.000000 -0.376804 -0.059661
217.000000 221.000000 -0.323424 -0.059661
376.000000 221.000000 0.175842 -0.059661
389.000000 221.000000 0.216663 -0.059661
407.000000 221.000000 0.273183 -0.059661
506.000000 221.000000 0.584047 -0.059661
620.000000 221.000000 0.942011 -0.059661
215.000000 222.000000 -0.329704 -0.056521
396.000000 222.000000 0.238643 -0.056521
398.000000 222.000000 0.244923 -0.056521
403.000000 222.000000 0.260623 -0.056521
458.000000 222.000000 0.433325 -0.056521
487.000000 222.000000 0.524386 -0.056521
322.000000 223.000000 0.006280 -0.053381
325.000000 223.000000 0.015700 -0.053381
386.000000 223.000000 0.207242 -0.053381
614.000000 223.000000 0.923171 -0.053381
144.000000 224.000000 -0.552647 -0.050241
204.000000 224.000000 -0.364244 -0.050241
319.000000 224.000000 -0.003140 -0.050241
454.000000 224.000000 0.420765 -0.050241
199.000000 225.000000 -0.379945 -0.047101
316.000000 225.000000 -0.012560 -0.047101
399.000000 225.000000 0.248063 -0.047101
436.000000 225.000000 0.364244 -0.047101
439.000000 225.000000 0.373664 -0.047101
610.000000 225.000000 0.910611 -0.047101
169.000000 226.000000 -0.474146 -0.043961
401.000000 226.000000 0.254343 -0.043961
441.000000 226.000000 0.379945 -0.043961
444.000000 226.000000 0.389365 -0.043961
450.000000 226.000000 0.408205 -0.043961
456.000000 226.000000 0.427045 -0.043961
480.000000 226.000000 0.502406 -0.043961
531.000000 226.000000 0.662548 -0.043961
544.000000 226.000000 0.703368 -0.043961
408.000000 227.000000 0.276323 -0.040820
447.000000 227.000000 0.398785 -0.040820
635.000000 227.000000 0.989112 -0.040820
316.000000 228.000000 -0.012560 -0.037680
402.000000 228.000000 0.257483 -0.037680
405.000000 228.000000 0.266903 -0.037680
414.000000 228.000000 0.295163 -0.037680
457.000000 228.000000 0.430185 -0.037680
491.000000 228.000000 0.536946 -0.037680
543.000000 228.000000 0.700228 -0.037680
597.000000 228.000000 0.869790 -0.037680
419.000000 229.000000 0.310864 -0.034540
460.000000 229.000000 0.439605 -0.034540
464.000000 229.000000 0.452165 -0.034540
516.000000 229.000000 0.615447 -0.034540
528.000000 229.000000 0.653128 -0.034540
562.000000 229.000000 0.759889 -0.034540
313.000000 230.000000 -0.021980 -0.031400
426.000000 230.000000 0.332844 -0.031400
472.000000 230.000000 0.477286 -0.031400
578.000000 230.000000 0.810130 -0.031400
582.000000 230.000000 0.822690 -0.031400
311.000000 231.000000 -0.028260 -0.028260
349.000000 231.000000 0.091061 -0.028260
477.000000 231.000000 0.492986 -0.028260
479.000000 231.000000 0.499266 -0.028260
482.000000 231.000000 0.508686 -0.028260
533.000000 231.000000 0.668828 -0.028260
309.000000 232.000000 -0.034540 -0.025120
438.000000 232.000000 0.370524 -0.025120
440.000000 232.000000 0.376804 -0.025120
484.000000 232.000000 0.514966 -0.025120
504.000000 232.000000 0.577767 -0.025120
539.000000 232.000000 0.687668 -0.025120
97.000000 233.000000 -0.700228 -0.021980
141.000000 233.000000 -0.562067 -0.021980
445.000000 233.000000 0.392505 -0.021980
487.000000 233.000000 0.524386 -0.021980
490.000000 233.000000 0.533806 -0.021980
493.000000 233.000000 0.543226 -0.021980
496.000000 233.000000 0.552647 -0.021980
528.000000 233.000000 0.653128 -0.021980
533.000000 233.000000 0.668828 -0.021980
616.000000 233.000000 0.929451 -0.021980
448.000000 234.000000 0.401925 -0.018840
454.000000 234.000000 0.420765 -0.018840
456.000000 235.000000 0.427045 -0.015700
458.000000 235.000000 0.433325 -0.015700
497.000000 235.000000 0.555787 -0.015700
501.000000 235.000000 0.568347 -0.015700
535.000000 235.000000 0.675108 -0.015700
100.000000 236.000000 -0.690808 -0.012560
137.000000 236.000000 -0.574627 -0.012560
139.000000 236.000000 -0.568347 -0.012560
143.000000 236.000000 -0.555787 -0.012560
302.000000 236.000000 -0.056521 -0.012560
503.000000 236.000000 0.574627 -0.012560
550.000000 236.000000 0.722209 -0.012560
621.000000 236.000000 0.945151 -0.012560
290.000000 237.000000 -0.094201 -0.009420
392.000000 237.000000 0.226083 -0.009420
394.000000 237.000000 0.232363 -0.009420
508.000000 237.000000 0.590327 -0.009420
511.000000 237.000000 0.599747 -0.009420
515.000000 237.000000 0.612307 -0.009420
93.000000 238.000000 -0.712788 -0.006280
388.000000 238.000000 0.213523 -0.006280
398.000000 238.000000 0.244923 -0.006280
540.000000 238.000000 0.690808 -0.006280
581.000000 238.000000 0.819550 -0.006280
585.000000 238.000000 0.832110 -0.006280
294.000000 239.000000 -0.081641 -0.003140
297.000000 239.000000 -0.072221 -0.003140
413.000000 239.000000 0.292023 -0.003140
425.000000 239.000000 0.329704 -0.003140
482.000000 239.000000 0.508686 -0.003140
511.000000 239.000000 0.599747 -0.003140
95.000000 240.000000 -0.706508 0.000000
395.000000 240.000000 0.235503 0.000000
400.000000 240.000000 0.251203 0.000000
403.000000 240.000000 0.260623 0.000000
429.000000 240.000000 0.342264 0.000000
486.000000 240.000000 0.521246 0.000000
517.000000 240.000000 0.618587 0.000000
294.000000 241.000000 -0.081641 0.003140
410.000000 241.000000 0.282603 0.003140
435.000000 241.000000 0.361104 0.003140
438.000000 241.000000 0.370524 0.003140
493.000000 241.000000 0.543226 0.003140
497.000000 241.000000 0.555787 0.003140
580.000000 241.000000 0.816410 0.003140
398.000000 242.000000 0.244923 0.006280
401.000000 242.000000 0.254343 0.006280
441.000000 242.000000 0.379945 0.006280
444.000000 242.000000 0.389365 0.006280
499.000000 242.000000 0.562067 0.006280
502.000000 242.000000 0.571487 0.006280
412.000000 243.000000 0.288883 0.009420
447.000000 243.000000 0.398785 0.009420
450.000000 243.000000 0.408205 0.009420
406.000000 244.000000 0.270043 0.012560
455.000000 244.000000 0.423905 0.012560
81.000000 245.000000 -0.750469 0.015700
410.000000 245.000000 0.282603 0.015700
412.000000 245.000000 0.288883 0.015700
458.000000 245.000000 0.433325 0.015700
461.000000 245.000000 0.442745 0.015700
506.000000 245.000000 0.584047 0.015700
536.000000 245.000000 0.678248 0.015700
96.000000 246.000000 -0.703368 0.018840
277.000000 246.000000 -0.135022 0.018840
286.000000 246.000000 -0.106761 0.018840
420.000000 246.000000 0.314004 0.018840
464.000000 246.000000 0.452165 0.018840
511.000000 246.000000 0.599747 0.018840
602.000000 246.000000 0.885490 0.018840
78.000000 247.000000 -0.759889 0.021980
82.000000 247.000000 -0.747329 0.021980
284.000000 247.000000 -0.113041 0.021980
470.000000 247.000000 0.471006 0.021980
620.000000 247.000000 0.942011 0.021980
84.000000 248.000000 -0.741049 0.025120
412.000000 248.000000 0.288883 0.025120
476.000000 248.000000 0.489846 0.025120
633.000000 248.000000 0.982832 0.025120
96.000000 249.000000 -0.703368 0.028260
416.000000 249.000000 0.301444 0.028260
480.000000 249.000000 0.502406 0.028260
482.000000 249.000000 0.508686 0.028260
506.000000 249.000000 0.584047 0.028260
568.000000 249.000000 0.778729 0.028260
624.000000 249.000000 0.954571 0.028260
61.000000 250.000000 -0.813270 0.031400
93.000000 250.000000 -0.712788 0.031400
486.000000 250.000000 0.521246 0.031400
488.000000 250.000000 0.527526 0.031400
502.000000 250.000000 0.571487 0.031400
536.000000 250.000000 0.678248 0.031400
66.000000 251.000000 -0.797569 0.034540
97.000000 251.000000 -0.700228 0.034540
278.000000 251.000000 -0.131882 0.034540
495.000000 251.000000 0.549506 0.034540
563.000000 251.000000 0.763029 0.034540
584.000000 251.000000 0.828970 0.034540
101.000000 252.000000 -0.687668 0.037680
109.000000 252.000000 -0.662548 0.037680
276.000000 252.000000 -0.138162 0.037680
500.000000 252.000000 0.565207 0.037680
604.000000 252.000000 0.891771 0.037680
608.000000 252.000000 0.904331 0.037680
303.000000 253.000000 -0.053381 0.040820
417.000000 253.000000 0.304584 0.040820
495.000000 253.000000 0.549506 0.040820
534.000000 253.000000 0.671968 0.040820
624.000000 253.000000 0.954571 0.040820
630.000000 253.000000 0.973412 0.040820
273.000000 254.000000 -0.147582 0.043961
538.000000 254.000000 0.684528 0.043961
632.000000 254.000000 0.979692 0.043961
282.000000 255.000000 -0.119321 0.047101
534.000000 255.000000 0.671968 0.047101
413.000000 256.000000 0.292023 0.050241
580.000000 256.000000 0.816410 0.050241
597.000000 256.000000 0.869790 0.050241
636.000000 256.000000 0.992252 0.050241
263.000000 257.000000 -0.178982 0.053381
276.000000 257.000000 -0.138162 0.053381
416.000000 257.000000 0.301444 0.053381
526.000000 257.000000 0.646848 0.053381
543.000000 257.000000 0.700228 0.053381
592.000000 257.000000 0.854090 0.053381
259.000000 258.000000 -0.191542 0.056521
613.000000 258.000000 0.920031 0.056521
274.000000 259.000000 -0.144442 0.059661
325.000000 259.000000 0.015700 0.059661
332.000000 259.000000 0.037680 0.059661
412.000000 259.000000 0.288883 0.059661
569.000000 259.000000 0.781869 0.059661
631.000000 259.000000 0.976552 0.059661
258.000000 260.000000 -0.194682 0.062801
263.000000 260.000000 -0.178982 0.062801
272.000000 260.000000 -0.150722 0.062801
419.000000 260.000000 0.310864 0.062801
490.000000 260.000000 0.533806 0.062801
493.000000 260.000000 0.543226 0.062801
522.000000 260.000000 0.634288 0.062801
606.000000 260.000000 0.898051 0.062801
260.000000 262.000000 -0.188402 0.069081
575.000000 262.000000 0.800709 0.069081
428.000000 263.000000 0.339124 0.072221
128.000000 264.000000 -0.602887 0.075361
130.000000 264.000000 -0.596607 0.075361
257.000000 264.000000 -0.197822 0.075361
558.000000 264.000000 0.747329 0.075361
578.000000 264.000000 0.810130 0.075361
420.000000 265.000000 0.314004 0.078501
478.000000 265.000000 0.496126 0.078501
475.000000 266.000000 0.486706 0.081641
634.000000 266.000000 0.985972 0.081641
472.000000 267.000000 0.477286 0.084781
481.000000 267.000000 0.505546 0.084781
602.000000 267.000000 0.885490 0.084781
409.000000 268.000000 0.279463 0.087921
478.000000 268.000000 0.496126 0.087921
623.000000 268.000000 0.951431 0.087921
487.000000 269.000000 0.524386 0.091061
634.000000 269.000000 0.985972 0.091061
150.000000 270.000000 -0.533806 0.094201
247.000000 270.000000 -0.229223 0.094201
412.000000 270.000000 0.288883 0.094201
200.000000 271.000000 -0.376804 0.097341
245.000000 271.000000 -0.235503 0.097341
492.000000 271.000000 0.540086 0.097341
592.000000 271.000000 0.854090 0.097341
600.000000 271.000000 0.879210 0.097341
225.000000 272.000000 -0.298304 0.100481
230.000000 273.000000 -0.282603 0.103621
473.000000 273.000000 0.480426 0.103621
615.000000 273.000000 0.926311 0.103621
428.000000 274.000000 0.339124 0.106761
431.000000 274.000000 0.348544 0.106761
487.000000 274.000000 0.524386 0.106761
232.000000 275.000000 -0.276323 0.109901
235.000000 275.000000 -0.266903 0.109901
636.000000 275.000000 0.992252 0.109901
495.000000 276.000000 0.549506 0.113041
490.000000 277.000000 0.533806 0.116181
504.000000 277.000000 0.577767 0.116181
592.000000 277.000000 0.854090 0.116181
416.000000 278.000000 0.301444 0.119321
462.000000 278.000000 0.445885 0.119321
483.000000 278.000000 0.511826 0.119321
510.000000 278.000000 0.596607 0.119321
549.000000 278.000000 0.719069 0.119321
226.000000 279.000000 -0.295163 0.122461
388.000000 279.000000 0.213523 0.122461
591.000000 279.000000 0.850950 0.122461
603.000000 279.000000 0.888631 0.122461
192.000000 280.000000 -0.401925 0.125601
419.000000 280.000000 0.310864 0.125601
500.000000 280.000000 0.565207 0.125601
586.000000 280.000000 0.835250 0.125601
235.000000 281.000000 -0.266903 0.128742
237.000000 281.000000 -0.260623 0.128742
239.000000 281.000000 -0.254343 0.128742
493.000000 281.000000 0.543226 0.128742
230.000000 282.000000 -0.282603 0.131882
386.000000 282.000000 0.207242 0.131882
388.000000 282.000000 0.213523 0.131882
406.000000 282.000000 0.270043 0.131882
603.000000 282.000000 0.888631 0.131882
521.000000 283.000000 0.631147 0.135022
610.000000 283.000000 0.910611 0.135022
40.000000 284.000000 -0.879210 0.138162
212.000000 284.000000 -0.339124 0.138162
113.000000 285.000000 -0.649988 0.141302
387.000000 285.000000 0.210382 0.141302
410.000000 285.000000 0.282603 0.141302
413.000000 285.000000 0.292023 0.141302
426.000000 286.000000 0.332844 0.144442
517.000000 286.000000 0.618587 0.144442
587.000000 286.000000 0.838390 0.144442
394.000000 287.000000 0.232363 0.147582
398.000000 287.000000 0.244923 0.147582
408.000000 287.000000 0.276323 0.147582
623.000000 287.000000 0.951431 0.147582
559.000000 288.000000 0.750469 0.150722
621.000000 288.000000 0.945151 0.150722
27.000000 289.000000 -0.920031 0.153862
235.000000 289.000000 -0.266903 0.153862
260.000000 289.000000 -0.188402 0.153862
417.000000 289.000000 0.304584 0.153862
524.000000 289.000000 0.640568 0.153862
390.000000 290.000000 0.219803 0.157002
411.000000 290.000000 0.285743 0.157002
512.000000 290.000000 0.602887 0.157002
84.000000 291.000000 -0.741049 0.160142
274.000000 291.000000 -0.144442 0.160142
419.000000 291.000000 0.310864 0.160142
521.000000 291.000000 0.631147 0.160142
394.000000 292.000000 0.232363 0.163282
440.000000 292.000000 0.376804 0.163282
523.000000 292.000000 0.637428 0.163282
584.000000 292.000000 0.828970 0.163282
14.000000 293.000000 -0.960851 0.166422
574.000000 293.000000 0.797569 0.166422
605.000000 293.000000 0.894911 0.166422
11.000000 294.000000 -0.970271 0.169562
91.000000 294.000000 -0.719069 0.169562
253.000000 294.000000 -0.210382 0.169562
496.000000 294.000000 0.552647 0.169562
7.000000 295.000000 -0.982832 0.172702
247.000000 295.000000 -0.229223 0.172702
510.000000 295.000000 0.596607 0.172702
523.000000 295.000000 0.637428 0.172702
183.000000 296.000000 -0.430185 0.175842
274.000000 296.000000 -0.144442 0.175842
582.000000 296.000000 0.822690 0.175842
632.000000 296.000000 0.979692 0.175842
159.000000 297.000000 -0.505546 0.178982
281.000000 297.000000 -0.122461 0.178982
481.000000 297.000000 0.505546 0.178982
504.000000 297.000000 0.577767 0.178982
550.000000 297.000000 0.722209 0.178982
618.000000 297.000000 0.935731 0.178982
130.000000 298.000000 -0.596607 0.182122
275.000000 298.000000 -0.141302 0.182122
308.000000 299.000000 -0.037680 0.185262
431.000000 299.000000 0.348544 0.185262
532.000000 299.000000 0.665688 0.185262
581.000000 299.000000 0.819550 0.185262
200.000000 300.000000 -0.376804 0.188402
214.000000 300.000000 -0.332844 0.188402
251.000000 300.000000 -0.216663 0.188402
271.000000 300.000000 -0.153862 0.188402
296.000000 300.000000 -0.075361 0.188402
296.000000 302.000000 -0.075361 0.194682
191.000000 303.000000 -0.405065 0.197822
246.000000 303.000000 -0.232363 0.197822
303.000000 303.000000 -0.053381 0.197822
313.000000 303.000000 -0.021980 0.197822
318.000000 303.000000 -0.006280 0.197822
515.000000 303.000000 0.612307 0.197822
609.000000 303.000000 0.907471 0.197822
7.000000 304.000000 -0.982832 0.200962
336.000000 304.000000 0.050241 0.200962
566.000000 304.000000 0.772449 0.200962
260.000000 305.000000 -0.188402 0.204102
267.000000 305.000000 -0.166422 0.204102
512.000000 305.000000 0.602887 0.204102
580.000000 305.000000 0.816410 0.204102
613.000000 305.000000 0.920031 0.204102
262.000000 306.000000 -0.182122 0.207242
275.000000 306.000000 -0.141302 0.207242
316.000000 306.000000 -0.012560 0.207242
451.000000 306.000000 0.411345 0.207242
258.000000 307.000000 -0.194682 0.210382
265.000000 307.000000 -0.172702 0.210382
308.000000 307.000000 -0.037680 0.210382
122.000000 308.000000 -0.621727 0.213523
218.000000 308.000000 -0.320284 0.213523
229.000000 309.000000 -0.285743 0.216663
332.000000 310.000000 0.037680 0.219803
513.000000 310.000000 0.606027 0.219803
627.000000 310.000000 0.963991 0.219803
635.000000 310.000000 0.989112 0.219803
234.000000 311.000000 -0.270043 0.222943
238.000000 311.000000 -0.257483 0.222943
507.000000 311.000000 0.587187 0.222943
599.000000 311.000000 0.876070 0.222943
117.000000 312.000000 -0.637428 0.226083
241.000000 312.000000 -0.248063 0.226083
272.000000 312.000000 -0.150722 0.226083
274.000000 312.000000 -0.144442 0.226083
284.000000 312.000000 -0.113041 0.226083
436.000000 312.000000 0.364244 0.226083
636.000000 312.000000 0.992252 0.226083
57.000000 313.000000 -0.825830 0.229223
229.000000 313.000000 -0.285743 0.229223
369.000000 313.000000 0.153862 0.229223
247.000000 314.000000 -0.229223 0.232363
517.000000 314.000000 0.618587 0.232363
27.000000 315.000000 -0.920031 0.235503
59.000000 315.000000 -0.819550 0.235503
81.000000 315.000000 -0.750469 0.235503
196.000000 315.000000 -0.389365 0.235503
222.000000 315.000000 -0.307724 0.235503
63.000000 316.000000 -0.806990 0.238643
219.000000 316.000000 -0.317144 0.238643
368.000000 316.000000 0.150722 0.238643
502.000000 316.000000 0.571487 0.238643
597.000000 316.000000 0.869790 0.238643
122.000000 317.000000 -0.621727 0.241783
229.000000 317.000000 -0.285743 0.241783
233.000000 317.000000 -0.273183 0.241783
221.000000 318.000000 -0.310864 0.244923
629.000000 318.000000 0.970271 0.244923
633.000000 318.000000 0.982832 0.244923
305.000000 320.000000 -0.047101 0.251203
406.000000 320.000000 0.270043 0.251203
538.000000 320.000000 0.684528 0.251203
28.000000 321.000000 -0.916891 0.254343
61.000000 321.000000 -0.813270 0.254343
225.000000 321.000000 -0.298304 0.254343
383.000000 321.000000 0.197822 0.254343
6.000000 322.000000 -0.985972 0.257483
11.000000 322.000000 -0.970271 0.257483
57.000000 322.000000 -0.825830 0.257483
217.000000 322.000000 -0.323424 0.257483
220.000000 322.000000 -0.314004 0.257483
406.000000 322.000000 0.270043 0.257483
443.000000 322.000000 0.386225 0.257483
448.000000 322.000000 0.401925 0.257483
4.000000 323.000000 -0.992252 0.260623
223.000000 323.000000 -0.304584 0.260623
249.000000 323.000000 -0.222943 0.260623
277.000000 323.000000 -0.135022 0.260623
401.000000 323.000000 0.254343 0.260623
455.000000 323.000000 0.423905 0.260623
504.000000 323.000000 0.577767 0.260623
17.000000 324.000000 -0.951431 0.263763
75.000000 324.000000 -0.769309 0.263763
625.000000 324.000000 0.957711 0.263763
254.000000 325.000000 -0.207242 0.266903
266.000000 325.000000 -0.169562 0.266903
312.000000 325.000000 -0.025120 0.266903
418.000000 325.000000 0.307724 0.266903
442.000000 325.000000 0.383085 0.266903
553.000000 325.000000 0.731629 0.266903
559.000000 325.000000 0.750469 0.266903
589.000000 325.000000 0.844670 0.266903
618.000000 325.000000 0.935731 0.266903
42.000000 326.000000 -0.872930 0.270043
46.000000 326.000000 -0.860370 0.270043
223.000000 326.000000 -0.304584 0.270043
9.000000 327.000000 -0.976552 0.273183
53.000000 327.000000 -0.838390 0.273183
220.000000 327.000000 -0.314004 0.273183
319.000000 327.000000 -0.003140 0.273183
560.000000 327.000000 0.753609 0.273183
635.000000 327.000000 0.989112 0.273183
227.000000 328.000000 -0.292023 0.276323
321.000000 328.000000 0.003140 0.276323
441.000000 328.000000 0.379945 0.276323
459.000000 328.000000 0.436465 0.276323
609.000000 328.000000 0.907471 0.276323
12.000000 329.000000 -0.967131 0.279463
224.000000 329.000000 -0.301444 0.279463
310.000000 329.000000 -0.031400 0.279463
406.000000 329.000000 0.270043 0.279463
413.000000 329.000000 0.292023 0.279463
415.000000 329.000000 0.298304 0.279463
417.000000 329.000000 0.304584 0.279463
419.000000 329.000000 0.310864 0.279463
427.000000 329.000000 0.335984 0.279463
542.000000 329.000000 0.697088 0.279463
10.000000 330.000000 -0.973412 0.282603
80.000000 330.000000 -0.753609 0.282603
460.000000 330.000000 0.439605 0.282603
589.000000 330.000000 0.844670 0.282603
28.000000 331.000000 -0.916891 0.285743
45.000000 331.000000 -0.863510 0.285743
66.000000 331.000000 -0.797569 0.285743
140.000000 331.000000 -0.565207 0.285743
196.000000 331.000000 -0.389365 0.285743
417.000000 331.000000 0.304584 0.285743
43.000000 332.000000 -0.869790 0.288883
62.000000 332.000000 -0.810130 0.288883
122.000000 332.000000 -0.621727 0.288883
442.000000 332.000000 0.383085 0.288883
612.000000 332.000000 0.916891 0.288883
24.000000 333.000000 -0.929451 0.292023
88.000000 333.000000 -0.728489 0.292023
106.000000 333.000000 -0.671968 0.292023
215.000000 333.000000 -0.329704 0.292023
412.000000 333.000000 0.288883 0.292023
434.000000 333.000000 0.357964 0.292023
37.000000 334.000000 -0.888631 0.295163
368.000000 334.000000 0.150722 0.295163
416.000000 334.000000 0.301444 0.295163
545.000000 334.000000 0.706508 0.295163
435.000000 335.000000 0.361104 0.298304
589.000000 335.000000 0.844670 0.298304
20.000000 336.000000 -0.942011 0.301444
322.000000 336.000000 0.006280 0.301444
377.000000 336.000000 0.178982 0.301444
585.000000 336.000000 0.832110 0.301444
37.000000 337.000000 -0.888631 0.304584
213.000000 337.000000 -0.335984 0.304584
369.000000 337.000000 0.153862 0.304584
405.000000 337.000000 0.266903 0.304584
417.000000 337.000000 0.304584 0.304584
432.000000 337.000000 0.351684 0.304584
509.000000 337.000000 0.593467 0.304584
594.000000 337.000000 0.860370 0.304584
52.000000 338.000000 -0.841530 0.307724
29.000000 339.000000 -0.913751 0.310864
33.000000 339.000000 -0.901191 0.310864
97.000000 339.000000 -0.700228 0.310864
417.000000 339.000000 0.304584 0.310864
448.000000 339.000000 0.401925 0.310864
508.000000 339.000000 0.590327 0.310864
407.000000 340.000000 0.273183 0.314004
497.000000 340.000000 0.555787 0.314004
596.000000 340.000000 0.866650 0.314004
5.000000 341.000000 -0.989112 0.317144
15.000000 341.000000 -0.957711 0.317144
21.000000 341.000000 -0.938871 0.317144
26.000000 341.000000 -0.923171 0.317144
91.000000 341.000000 -0.719069 0.317144
218.000000 341.000000 -0.320284 0.317144
351.000000 341.000000 0.097341 0.317144
533.000000 341.000000 0.668828 0.317144
142.000000 342.000000 -0.558927 0.320284
188.000000 342.000000 -0.414485 0.320284
620.000000 342.000000 0.942011 0.320284
61.000000 343.000000 -0.813270 0.323424
96.000000 343.000000 -0.703368 0.323424
105.000000 343.000000 -0.675108 0.323424
131.000000 343.000000 -0.593467 0.323424
339.000000 343.000000 0.059661 0.323424
442.000000 343.000000 0.383085 0.323424
565.000000 343.000000 0.769309 0.323424
78.000000 344.000000 -0.759889 0.326564
137.000000 344.000000 -0.574627 0.326564
229.000000 344.000000 -0.285743 0.326564
234.000000 344.000000 -0.270043 0.326564
267.000000 344.000000 -0.166422 0.326564
446.000000 344.000000 0.395645 0.326564
628.000000 344.000000 0.967131 0.326564
64.000000 345.000000 -0.803850 0.329704
401.000000 345.000000 0.254343 0.329704
433.000000 345.000000 0.354824 0.329704
359.000000 346.000000 0.122461 0.332844
406.000000 346.000000 0.270043 0.332844
534.000000 346.000000 0.671968 0.332844
115.000000 347.000000 -0.643708 0.335984
181.000000 347.000000 -0.436465 0.335984
229.000000 347.000000 -0.285743 0.335984
262.000000 347.000000 -0.182122 0.335984
592.000000 347.000000 0.854090 0.335984
602.000000 347.000000 0.885490 0.335984
44.000000 348.000000 -0.866650 0.339124
112.000000 348.000000 -0.653128 0.339124
320.000000 348.000000 -0.000000 0.339124
423.000000 348.000000 0.323424 0.339124
582.000000 348.000000 0.822690 0.339124
628.000000 348.000000 0.967131 0.339124
588.000000 349.000000 0.841530 0.342264
590.000000 349.000000 0.847810 0.342264
600.000000 349.000000 0.879210 0.342264
92.000000 350.000000 -0.715928 0.345404
137.000000 350.000000 -0.574627 0.345404
417.000000 350.000000 0.304584 0.345404
437.000000 350.000000 0.367384 0.345404
8.000000 351.000000 -0.979692 0.348544
210.000000 351.000000 -0.345404 0.348544
281.000000 351.000000 -0.122461 0.348544
399.000000 351.000000 0.248063 0.348544
401.000000 351.000000 0.254343 0.348544
555.000000 351.000000 0.737909 0.348544
574.000000 351.000000 0.797569 0.348544
584.000000 351.000000 0.828970 0.348544
81.000000 352.000000 -0.750469 0.351684
103.000000 352.000000 -0.681388 0.351684
274.000000 352.000000 -0.144442 0.351684
345.000000 352.000000 0.078501 0.351684
403.000000 352.000000 0.260623 0.351684
441.000000 352.000000 0.379945 0.351684
592.000000 352.000000 0.854090 0.351684
73.000000 353.000000 -0.775589 0.354824
127.000000 353.000000 -0.606027 0.354824
140.000000 353.000000 -0.565207 0.354824
168.000000 353.000000 -0.477286 0.354824
209.000000 353.000000 -0.348544 0.354824
360.000000 353.000000 0.125601 0.354824
407.000000 353.000000 0.273183 0.354824
446.000000 353.000000 0.395645 0.354824
99.000000 354.000000 -0.693948 0.357964
144.000000 354.000000 -0.552647 0.357964
523.000000 354.000000 0.637428 0.357964
627.000000 354.000000 0.963991 0.357964
66.000000 355.000000 -0.797569 0.361104
270.000000 355.000000 -0.157002 0.361104
559.000000 355.000000 0.750469 0.361104
82.000000 356.000000 -0.747329 0.364244
175.000000 356.000000 -0.455305 0.364244
330.000000 356.000000 0.031400 0.364244
551.000000 356.000000 0.725349 0.364244
88.000000 357.000000 -0.728489 0.367384
152.000000 357.000000 -0.527526 0.367384
187.000000 357.000000 -0.417625 0.367384
333.000000 357.000000 0.040820 0.367384
358.000000 357.000000 0.119321 0.367384
408.000000 357.000000 0.276323 0.367384
415.000000 357.000000 0.298304 0.367384
444.000000 357.000000 0.389365 0.367384
149.000000 358.000000 -0.536946 0.370524
52.000000 359.000000 -0.841530 0.373664
141.000000 359.000000 -0.562067 0.373664
184.000000 359.000000 -0.427045 0.373664
421.000000 359.000000 0.317144 0.373664
627.000000 359.000000 0.963991 0.373664
35.000000 360.000000 -0.894911 0.376804
80.000000 360.000000 -0.753609 0.376804
86.000000 360.000000 -0.734769 0.376804
105.000000 360.000000 -0.675108 0.376804
410.000000 360.000000 0.282603 0.376804
30.000000 361.000000 -0.910611 0.379945
98.000000 361.000000 -0.697088 0.379945
199.000000 361.000000 -0.379945 0.379945
366.000000 361.000000 0.144442 0.379945
415.000000 361.000000 0.298304 0.379945
17.000000 362.000000 -0.951431 0.383085
404.000000 362.000000 0.263763 0.383085
26.000000 363.000000 -0.923171 0.386225
50.000000 363.000000 -0.847810 0.386225
168.000000 363.000000 -0.477286 0.386225
195.000000 363.000000 -0.392505 0.386225
591.000000 363.000000 0.850950 0.386225
118.000000 364.000000 -0.634288 0.389365
216.000000 365.000000 -0.326564 0.392505
439.000000 365.000000 0.373664 0.392505
470.000000 365.000000 0.471006 0.392505
40.000000 366.000000 -0.879210 0.395645
56.000000 366.000000 -0.828970 0.395645
113.000000 366.000000 -0.649988 0.395645
311.000000 366.000000 -0.028260 0.395645
336.000000 366.000000 0.050241 0.395645
415.000000 366.000000 0.298304 0.395645
170.000000 367.000000 -0.471006 0.398785
182.000000 367.000000 -0.433325 0.398785
212.000000 367.000000 -0.339124 0.398785
214.000000 367.000000 -0.332844 0.398785
325.000000 367.000000 0.015700 0.398785
495.000000 367.000000 0.549506 0.398785
556.000000 367.000000 0.741049 0.398785
614.000000 367.000000 0.923171 0.398785
53.000000 368.000000 -0.838390 0.401925
186.000000 368.000000 -0.420765 0.401925
403.000000 368.000000 0.260623 0.401925
438.000000 368.000000 0.370524 0.401925
597.000000 368.000000 0.869790 0.401925
70.000000 369.000000 -0.785009 0.405065
180.000000 369.000000 -0.439605 0.405065
228.000000 369.000000 -0.288883 0.405065
234.000000 369.000000 -0.270043 0.405065
174.000000 370.000000 -0.458445 0.408205
217.000000 371.000000 -0.323424 0.411345
365.000000 371.000000 0.141302 0.411345
478.000000 371.000000 0.496126 0.411345
30.000000 372.000000 -0.910611 0.414485
72.000000 372.000000 -0.778729 0.414485
221.000000 372.000000 -0.310864 0.414485
224.000000 373.000000 -0.301444 0.417625
577.000000 373.000000 0.806990 0.417625
627.000000 373.000000 0.963991 0.417625
98.000000 374.000000 -0.697088 0.420765
119.000000 374.000000 -0.631147 0.420765
139.000000 374.000000 -0.568347 0.420765
193.000000 374.000000 -0.398785 0.420765
227.000000 374.000000 -0.292023 0.420765
443.000000 374.000000 0.386225 0.420765
468.000000 374.000000 0.464725 0.420765
605.000000 374.000000 0.894911 0.420765
114.000000 375.000000 -0.646848 0.423905
132.000000 375.000000 -0.590327 0.423905
184.000000 375.000000 -0.427045 0.423905
230.000000 375.000000 -0.282603 0.423905
236.000000 375.000000 -0.263763 0.423905
247.000000 375.000000 -0.229223 0.423905
251.000000 375.000000 -0.216663 0.423905
425.000000 375.000000 0.329704 0.423905
463.000000 375.000000 0.449025 0.423905
499.000000 375.000000 0.562067 0.423905
559.000000 375.000000 0.750469 0.423905
163.000000 376.000000 -0.492986 0.427045
174.000000 376.000000 -0.458445 0.427045
189.000000 376.000000 -0.411345 0.427045
233.000000 376.000000 -0.273183 0.427045
391.000000 376.000000 0.222943 0.427045
458.000000 376.000000 0.433325 0.427045
572.000000 376.000000 0.791289 0.427045
179.000000 377.000000 -0.442745 0.430185
132.000000 378.000000 -0.590327 0.433325
146.000000 378.000000 -0.546366 0.433325
452.000000 378.000000 0.414485 0.433325
627.000000 378.000000 0.963991 0.433325
28.000000 379.000000 -0.916891 0.436465
166.000000 379.000000 -0.483566 0.436465
244.000000 379.000000 -0.238643 0.436465
396.000000 379.000000 0.238643 0.436465
146.000000 380.000000 -0.546366 0.439605
71.000000 381.000000 -0.781869 0.442745
82.000000 381.000000 -0.747329 0.442745
105.000000 382.000000 -0.675108 0.445885
165.000000 382.000000 -0.486706 0.445885
217.000000 382.000000 -0.323424 0.445885
219.000000 382.000000 -0.317144 0.445885
374.000000 382.000000 0.169562 0.445885
206.000000 383.000000 -0.357964 0.449025
279.000000 383.000000 -0.128742 0.449025
285.000000 383.000000 -0.109901 0.449025
622.000000 383.000000 0.948291 0.449025
70.000000 384.000000 -0.785009 0.452165
174.000000 384.000000 -0.458445 0.452165
131.000000 385.000000 -0.593467 0.455305
212.000000 385.000000 -0.339124 0.455305
360.000000 385.000000 0.125601 0.455305
150.000000 386.000000 -0.533806 0.458445
325.000000 386.000000 0.015700 0.458445
75.000000 387.000000 -0.769309 0.461585
366.000000 387.000000 0.144442 0.461585
417.000000 387.000000 0.304584 0.461585
445.000000 387.000000 0.392505 0.461585
325.000000 388.000000 0.015700 0.464725
125.000000 389.000000 -0.612307 0.467866
130.000000 389.000000 -0.596607 0.467866
189.000000 389.000000 -0.411345 0.467866
218.000000 389.000000 -0.320284 0.467866
225.000000 389.000000 -0.298304 0.467866
429.000000 389.000000 0.342264 0.467866
172.000000 390.000000 -0.464725 0.471006
242.000000 390.000000 -0.244923 0.471006
509.000000 390.000000 0.593467 0.471006
192.000000 391.000000 -0.401925 0.474146
217.000000 391.000000 -0.323424 0.474146
222.000000 391.000000 -0.307724 0.474146
244.000000 391.000000 -0.238643 0.474146
160.000000 392.000000 -0.502406 0.477286
181.000000 392.000000 -0.436465 0.477286
229.000000 392.000000 -0.285743 0.477286
258.000000 392.000000 -0.194682 0.477286
321.000000 392.000000 0.003140 0.477286
611.000000 392.000000 0.913751 0.477286
174.000000 393.000000 -0.458445 0.480426
245.000000 393.000000 -0.235503 0.480426
255.000000 393.000000 -0.204102 0.480426
298.000000 393.000000 -0.069081 0.480426
307.000000 393.000000 -0.040820 0.480426
319.000000 393.000000 -0.003140 0.480426
411.000000 393.000000 0.285743 0.480426
501.000000 393.000000 0.568347 0.480426
618.000000 393.000000 0.935731 0.480426
487.000000 394.000000 0.524386 0.483566
120.000000 395.000000 -0.628007 0.486706
235.000000 395.000000 -0.266903 0.486706
242.000000 395.000000 -0.244923 0.486706
99.000000 396.000000 -0.693948 0.489846
324.000000 396.000000 0.012560 0.489846
331.000000 396.000000 0.034540 0.489846
585.000000 396.000000 0.832110 0.489846
164.000000 397.000000 -0.489846 0.492986
217.000000 397.000000 -0.323424 0.492986
391.000000 397.000000 0.222943 0.492986
416.000000 397.000000 0.301444 0.492986
591.000000 397.000000 0.850950 0.492986
273.000000 398.000000 -0.147582 0.496126
426.000000 398.000000 0.332844 0.496126
459.000000 398.000000 0.436465 0.496126
613.000000 398.000000 0.920031 0.496126
435.000000 399.000000 0.361104 0.499266
449.000000 399.000000 0.405065 0.499266
476.000000 399.000000 0.489846 0.499266
487.000000 399.000000 0.524386 0.499266
577.000000 399.000000 0.806990 0.499266
61.000000 400.000000 -0.813270 0.502406
211.000000 400.000000 -0.342264 0.502406
360.000000 400.000000 0.125601 0.502406
495.000000 400.000000 0.549506 0.502406
500.000000 400.000000 0.565207 0.502406
154.000000 401.000000 -0.521246 0.505546
181.000000 401.000000 -0.436465 0.505546
249.000000 401.000000 -0.222943 0.505546
285.000000 401.000000 -0.109901 0.505546
338.000000 401.000000 0.056521 0.505546
436.000000 401.000000 0.364244 0.505546
473.000000 401.000000 0.480426 0.505546
625.000000 401.000000 0.957711 0.505546
25.000000 402.000000 -0.926311 0.508686
238.000000 402.000000 -0.257483 0.508686
295.000000 402.000000 -0.078501 0.508686
381.000000 402.000000 0.191542 0.508686
466.000000 402.000000 0.458445 0.508686
554.000000 402.000000 0.734769 0.508686
233.000000 403.000000 -0.273183 0.511826
270.000000 403.000000 -0.157002 0.511826
284.000000 403.000000 -0.113041 0.511826
125.000000 404.000000 -0.612307 0.514966
155.000000 404.000000 -0.518106 0.514966
249.000000 404.000000 -0.222943 0.514966
265.000000 404.000000 -0.172702 0.514966
286.000000 404.000000 -0.106761 0.514966
426.000000 404.000000 0.332844 0.514966
457.000000 404.000000 0.430185 0.514966
471.000000 404.000000 0.474146 0.514966
244.000000 405.000000 -0.238643 0.518106
267.000000 405.000000 -0.166422 0.518106
282.000000 405.000000 -0.119321 0.518106
300.000000 405.000000 -0.062801 0.518106
356.000000 405.000000 0.113041 0.518106
433.000000 405.000000 0.354824 0.518106
263.000000 406.000000 -0.178982 0.521246
396.000000 406.000000 0.238643 0.521246
497.000000 406.000000 0.555787 0.521246
521.000000 406.000000 0.631147 0.521246
357.000000 407.000000 0.116181 0.524386
517.000000 407.000000 0.618587 0.524386
559.000000 407.000000 0.750469 0.524386
128.000000 408.000000 -0.602887 0.527526
265.000000 408.000000 -0.172702 0.527526
295.000000 409.000000 -0.078501 0.530666
353.000000 409.000000 0.103621 0.530666
384.000000 409.000000 0.200962 0.530666
463.000000 409.000000 0.449025 0.530666
613.000000 410.000000 0.920031 0.533806
318.000000 411.000000 -0.006280 0.536946
93.000000 412.000000 -0.712788 0.540086
250.000000 412.000000 -0.219803 0.540086
364.000000 412.000000 0.138162 0.540086
404.000000 412.000000 0.263763 0.540086
490.000000 412.000000 0.533806 0.540086
596.000000 412.000000 0.866650 0.540086
103.000000 413.000000 -0.681388 0.543226
188.000000 413.000000 -0.414485 0.543226
308.000000 413.000000 -0.037680 0.543226
396.000000 413.000000 0.238643 0.543226
325.000000 414.000000 0.015700 0.546366
327.000000 414.000000 0.021980 0.546366
329.000000 414.000000 0.028260 0.546366
392.000000 414.000000 0.226083 0.546366
398.000000 414.000000 0.244923 0.546366
475.000000 414.000000 0.486706 0.546366
495.000000 414.000000 0.549506 0.546366
170.000000 415.000000 -0.471006 0.549506
293.000000 415.000000 -0.084781 0.549506
370.000000 415.000000 0.157002 0.549506
373.000000 415.000000 0.166422 0.549506
425.000000 415.000000 0.329704 0.549506
462.000000 415.000000 0.445885 0.549506
471.000000 415.000000 0.474146 0.549506
111.000000 416.000000 -0.656268 0.552647
227.000000 416.000000 -0.292023 0.552647
337.000000 416.000000 0.053381 0.552647
376.000000 416.000000 0.175842 0.552647
460.000000 416.000000 0.439605 0.552647
508.000000 416.000000 0.590327 0.552647
510.000000 416.000000 0.596607 0.552647
633.000000 416.000000 0.982832 0.552647
66.000000 417.000000 -0.797569 0.555787
74.000000 417.000000 -0.772449 0.555787
134.000000 417.000000 -0.584047 0.555787
269.000000 417.000000 -0.160142 0.555787
324.000000 417.000000 0.012560 0.555787
342.000000 417.000000 0.069081 0.555787
345.000000 417.000000 0.078501 0.555787
253.000000 418.000000 -0.210382 0.558927
392.000000 418.000000 0.226083 0.558927
152.000000 419.000000 -0.527526 0.562067
218.000000 419.000000 -0.320284 0.562067
301.000000 419.000000 -0.059661 0.562067
329.000000 419.000000 0.028260 0.562067
338.000000 419.000000 0.056521 0.562067
386.000000 419.000000 0.207242 0.562067
496.000000 419.000000 0.552647 0.562067
509.000000 419.000000 0.593467 0.562067
184.000000 420.000000 -0.427045 0.565207
79.000000 421.000000 -0.756749 0.568347
120.000000 421.000000 -0.628007 0.568347
194.000000 421.000000 -0.395645 0.568347
338.000000 421.000000 0.056521 0.568347
421.000000 421.000000 0.317144 0.568347
61.000000 422.000000 -0.813270 0.571487
360.000000 422.000000 0.125601 0.571487
409.000000 422.000000 0.279463 0.571487
587.000000 422.000000 0.838390 0.571487
264.000000 423.000000 -0.175842 0.574627
315.000000 423.000000 -0.015700 0.574627
330.000000 423.000000 0.031400 0.574627
605.000000 423.000000 0.894911 0.574627
559.000000 424.000000 0.750469 0.577767
141.000000 425.000000 -0.562067 0.580907
297.000000 425.000000 -0.072221 0.580907
322.000000 425.000000 0.006280 0.580907
373.000000 425.000000 0.166422 0.580907
601.000000 425.000000 0.882350 0.580907
78.000000 426.000000 -0.759889 0.584047
376.000000 426.000000 0.175842 0.584047
351.000000 427.000000 0.097341 0.587187
303.000000 428.000000 -0.053381 0.590327
310.000000 428.000000 -0.031400 0.590327
462.000000 428.000000 0.445885 0.590327
539.000000 428.000000 0.687668 0.590327
66.000000 429.000000 -0.797569 0.593467
349.000000 429.000000 0.091061 0.593467
399.000000 429.000000 0.248063 0.593467
440.000000 429.000000 0.376804 0.593467
475.000000 429.000000 0.486706 0.593467
486.000000 429.000000 0.521246 0.593467
37.000000 430.000000 -0.888631 0.596607
383.000000 430.000000 0.197822 0.596607
390.000000 430.000000 0.219803 0.596607
128.000000 431.000000 -0.602887 0.599747
303.000000 431.000000 -0.053381 0.599747
320.000000 431.000000 -0.000000 0.599747
343.000000 431.000000 0.072221 0.599747
371.000000 431.000000 0.160142 0.599747
623.000000 431.000000 0.951431 0.599747
406.000000 433.000000 0.270043 0.606027
379.000000 434.000000 0.185262 0.609167
625.000000 434.000000 0.957711 0.609167
367.000000 435.000000 0.147582 0.612307
392.000000 435.000000 0.226083 0.612307
497.000000 435.000000 0.555787 0.612307
598.000000 435.000000 0.872930 0.612307
616.000000 435.000000 0.929451 0.612307
34.000000 436.000000 -0.898051 0.615447
360.000000 436.000000 0.125601 0.615447
364.000000 436.000000 0.138162 0.615447
607.000000 436.000000 0.901191 0.615447
243.000000 437.000000 -0.241783 0.618587
396.000000 437.000000 0.238643 0.618587
434.000000 437.000000 0.357964 0.618587
609.000000 437.000000 0.907471 0.618587
386.000000 438.000000 0.207242 0.621727
401.000000 440.000000 0.254343 0.628007
411.000000 440.000000 0.285743 0.628007
433.000000 440.000000 0.354824 0.628007
443.000000 440.000000 0.386225 0.628007
632.000000 440.000000 0.979692 0.628007
357.000000 441.000000 0.116181 0.631147
403.000000 441.000000 0.260623 0.631147
427.000000 441.000000 0.335984 0.631147
454.000000 441.000000 0.420765 0.631147
405.000000 442.000000 0.266903 0.634288
372.000000 443.000000 0.163282 0.637428
605.000000 443.000000 0.894911 0.637428
340.000000 444.000000 0.062801 0.640568
427.000000 444.000000 0.335984 0.640568
494.000000 444.000000 0.546366 0.640568
347.000000 445.000000 0.084781 0.643708
412.000000 445.000000 0.288883 0.643708
415.000000 445.000000 0.298304 0.643708
44.000000 446.000000 -0.866650 0.646848
117.000000 446.000000 -0.637428 0.646848
372.000000 446.000000 0.163282 0.646848
430.000000 446.000000 0.345404 0.646848
440.000000 446.000000 0.376804 0.646848
503.000000 446.000000 0.574627 0.646848
39.000000 447.000000 -0.882350 0.649988
89.000000 447.000000 -0.725349 0.649988
91.000000 447.000000 -0.719069 0.649988
414.000000 447.000000 0.295163 0.649988
473.000000 447.000000 0.480426 0.649988
571.000000 447.000000 0.788149 0.649988
65.000000 448.000000 -0.800709 0.653128
445.000000 448.000000 0.392505 0.653128
466.000000 448.000000 0.458445 0.653128
489.000000 448.000000 0.530666 0.653128
491.000000 448.000000 0.536946 0.653128
533.000000 448.000000 0.668828 0.653128
417.000000 449.000000 0.304584 0.656268
433.000000 449.000000 0.354824 0.656268
156.000000 450.000000 -0.514966 0.659408
455.000000 450.000000 0.423905 0.659408
475.000000 450.000000 0.486706 0.659408
492.000000 450.000000 0.540086 0.659408
409.000000 451.000000 0.279463 0.662548
156.000000 452.000000 -0.514966 0.665688
422.000000 452.000000 0.320284 0.665688
425.000000 452.000000 0.329704 0.665688
427.000000 452.000000 0.335984 0.665688
511.000000 452.000000 0.599747 0.665688
363.000000 453.000000 0.135022 0.668828
438.000000 453.000000 0.370524 0.668828
24.000000 454.000000 -0.929451 0.671968
320.000000 454.000000 -0.000000 0.671968
322.000000 454.000000 0.006280 0.671968
88.000000 455.000000 -0.728489 0.675108
399.000000 455.000000 0.248063 0.675108
442.000000 455.000000 0.383085 0.675108
447.000000 455.000000 0.398785 0.675108
522.000000 455.000000 0.634288 0.675108
351.000000 456.000000 0.097341 0.678248
433.000000 456.000000 0.354824 0.678248
498.000000 456.000000 0.558927 0.678248
32.000000 457.000000 -0.904331 0.681388
356.000000 458.000000 0.113041 0.684528
443.000000 458.000000 0.386225 0.684528
467.000000 459.000000 0.461585 0.687668
405.000000 460.000000 0.266903 0.690808
12.000000 461.000000 -0.967131 0.693948
346.000000 461.000000 0.081641 0.693948
348.000000 461.000000 0.087921 0.693948
473.000000 461.000000 0.480426 0.693948
30.000000 462.000000 -0.910611 0.697088
270.000000 462.000000 -0.157002 0.697088
295.000000 462.000000 -0.078501 0.697088
327.000000 462.000000 0.021980 0.697088
415.000000 462.000000 0.298304 0.697088
440.000000 462.000000 0.376804 0.697088
483.000000 462.000000 0.511826 0.697088
514.000000 462.000000 0.609167 0.697088
98.000000 463.000000 -0.697088 0.700228
546.000000 463.000000 0.709648 0.700228
609.000000 463.000000 0.907471 0.700228
327.000000 464.000000 0.021980 0.703368
335.000000 464.000000 0.047101 0.703368
358.000000 464.000000 0.119321 0.703368
619.000000 464.000000 0.938871 0.703368
319.000000 465.000000 -0.003140 0.706508
295.000000 466.000000 -0.078501 0.709648
298.000000 466.000000 -0.069081 0.709648
322.000000 466.000000 0.006280 0.709648
272.000000 467.000000 -0.150722 0.712788
301.000000 467.000000 -0.059661 0.712788
362.000000 467.000000 0.131882 0.712788
296.000000 469.000000 -0.075361 0.719069
448.000000 469.000000 0.401925 0.719069
454.000000 469.000000 0.420765 0.719069
532.000000 469.000000 0.665688 0.719069
446.000000 470.000000 0.395645 0.722209
59.000000 471.000000 -0.819550 0.725349
93.000000 471.000000 -0.712788 0.725349
308.000000 471.000000 -0.037680 0.725349
448.000000 471.000000 0.401925 0.725349
470.000000 471.000000 0.471006 0.725349
557.000000 472.000000 0.744189 0.728489
576.000000 472.000000 0.803850 0.728489
571.000000 473.000000 0.788149 0.731629
462.000000 475.000000 0.445885 0.737909
471.000000 475.000000 0.474146 0.737909
33.000000 476.000000 -0.901191 0.741049
339.000000 476.000000 0.059661 0.741049
567.000000 476.000000 0.775589 0.741049
