603.000000 4.000000 0.888631 -0.741049
589.000000 5.000000 0.844670 -0.737909
378.000000 6.000000 0.182122 -0.734769
510.000000 7.000000 0.596607 -0.731629
545.000000 7.000000 0.706508 -0.731629
579.000000 7.000000 0.813270 -0.731629
555.000000 8.000000 0.737909 -0.728489
369.000000 9.000000 0.153862 -0.725349
514.000000 9.000000 0.609167 -0.725349
608.000000 9.000000 0.904331 -0.725349
633.000000 9.000000 0.982832 -0.725349
453.000000 10.000000 0.417625 -0.722209
464.000000 10.000000 0.452165 -0.722209
497.000000 10.000000 0.555787 -0.722209
380.000000 11.000000 0.188402 -0.719069
546.000000 11.000000 0.709648 -0.719069
450.000000 13.000000 0.408205 -0.712788
484.000000 13.000000 0.514966 -0.712788
467.000000 14.000000 0.461585 -0.709648
577.000000 15.000000 0.806990 -0.706508
556.000000 16.000000 0.741049 -0.703368
380.000000 17.000000 0.188402 -0.700228
577.000000 17.000000 0.806990 -0.700228
523.000000 18.000000 0.637428 -0.697088
596.000000 18.000000 0.866650 -0.697088
381.000000 21.000000 0.191542 -0.687668
570.000000 21.000000 0.785009 -0.687668
371.000000 22.000000 0.160142 -0.684528
469.000000 22.000000 0.467866 -0.684528
556.000000 23.000000 0.741049 -0.681388
602.000000 23.000000 0.885490 -0.681388
371.000000 24.000000 0.160142 -0.678248
436.000000 24.000000 0.364244 -0.678248
446.000000 25.000000 0.395645 -0.675108
464.000000 26.000000 0.452165 -0.671968
598.000000 26.000000 0.872930 -0.671968
381.000000 27.000000 0.191542 -0.668828
383.000000 27.000000 0.197822 -0.668828
566.000000 28.000000 0.772449 -0.665688
576.000000 29.000000 0.803850 -0.662548
545.000000 30.000000 0.706508 -0.659408
556.000000 30.000000 0.741049 -0.659408
448.000000 31.000000 0.401925 -0.656268
582.000000 31.000000 0.822690 -0.656268
399.000000 33.000000 0.248063 -0.649988
426.000000 33.000000 0.332844 -0.649988
447.000000 33.000000 0.398785 -0.649988
464.000000 33.000000 0.452165 -0.649988
482.000000 33.000000 0.508686 -0.649988
488.000000 34.000000 0.527526 -0.646848
557.000000 34.000000 0.744189 -0.646848
565.000000 34.000000 0.769309 -0.646848
391.000000 35.000000 0.222943 -0.643708
560.000000 35.000000 0.753609 -0.643708
562.000000 35.000000 0.759889 -0.643708
575.000000 35.000000 0.800709 -0.643708
575.000000 37.000000 0.800709 -0.637428
618.000000 39.000000 0.935731 -0.631147
496.000000 41.000000 0.552647 -0.624867
380.000000 42.000000 0.188402 -0.621727
564.000000 42.000000 0.766169 -0.621727
462.000000 43.000000 0.445885 -0.618587
364.000000 44.000000 0.138162 -0.615447
366.000000 44.000000 0.144442 -0.615447
493.000000 47.000000 0.543226 -0.606027
597.000000 47.000000 0.869790 -0.606027
473.000000 48.000000 0.480426 -0.602887
624.000000 50.000000 0.954571 -0.596607
437.000000 54.000000 0.367384 -0.584047
589.000000 56.000000 0.844670 -0.577767
501.000000 57.000000 0.568347 -0.574627
551.000000 57.000000 0.725349 -0.574627
597.000000 57.000000 0.869790 -0.574627
395.000000 58.000000 0.235503 -0.571487
423.000000 58.000000 0.323424 -0.571487
431.000000 58.000000 0.348544 -0.571487
367.000000 59.000000 0.147582 -0.568347
568.000000 59.000000 0.778729 -0.568347
591.000000 59.000000 0.850950 -0.568347
444.000000 61.000000 0.389365 -0.562067
367.000000 62.000000 0.147582 -0.558927
445.000000 64.000000 0.392505 -0.552647
604.000000 64.000000 0.891771 -0.552647
551.000000 66.000000 0.725349 -0.546366
443.000000 69.000000 0.386225 -0.536946
548.000000 72.000000 0.715928 -0.527526
593.000000 73.000000 0.857230 -0.524386
461.000000 74.000000 0.442745 -0.521246
502.000000 75.000000 0.571487 -0.518106
442.000000 76.000000 0.383085 -0.514966
419.000000 78.000000 0.310864 -0.508686
442.000000 78.000000 0.383085 -0.508686
578.000000 79.000000 0.810130 -0.505546
427.000000 80.000000 0.335984 -0.502406
582.000000 80.000000 0.822690 -0.502406
586.000000 80.000000 0.835250 -0.502406
432.000000 82.000000 0.351684 -0.496126
442.000000 82.000000 0.383085 -0.496126
476.000000 82.000000 0.489846 -0.496126
587.000000 82.000000 0.838390 -0.496126
540.000000 83.000000 0.690808 -0.492986
432.000000 85.000000 0.351684 -0.486706
563.000000 86.000000 0.763029 -0.483566
579.000000 86.000000 0.813270 -0.483566
433.000000 87.000000 0.354824 -0.480426
374.000000 88.000000 0.169562 -0.477286
586.000000 88.000000 0.835250 -0.477286
610.000000 88.000000 0.910611 -0.477286
432.000000 89.000000 0.351684 -0.474146
441.000000 89.000000 0.379945 -0.474146
588.000000 89.000000 0.841530 -0.474146
454.000000 90.000000 0.420765 -0.471006
374.000000 91.000000 0.169562 -0.467866
558.000000 92.000000 0.747329 -0.464725
585.000000 92.000000 0.832110 -0.464725
432.000000 94.000000 0.351684 -0.458445
440.000000 94.000000 0.376804 -0.458445
440.000000 97.000000 0.376804 -0.449025
572.000000 97.000000 0.791289 -0.449025
428.000000 98.000000 0.339124 -0.445885
479.000000 98.000000 0.499266 -0.445885
397.000000 99.000000 0.241783 -0.442745
617.000000 99.000000 0.932591 -0.442745
440.000000 100.000000 0.376804 -0.439605
527.000000 102.000000 0.649988 -0.433325
530.000000 102.000000 0.659408 -0.433325
431.000000 103.000000 0.348544 -0.430185
438.000000 103.000000 0.370524 -0.430185
557.000000 103.000000 0.744189 -0.430185
618.000000 103.000000 0.935731 -0.430185
626.000000 103.000000 0.960851 -0.430185
537.000000 104.000000 0.681388 -0.427045
544.000000 104.000000 0.703368 -0.427045
430.000000 105.000000 0.345404 -0.423905
510.000000 105.000000 0.596607 -0.423905
566.000000 105.000000 0.772449 -0.423905
624.000000 105.000000 0.954571 -0.423905
519.000000 106.000000 0.624867 -0.420765
372.000000 107.000000 0.163282 -0.417625
610.000000 107.000000 0.910611 -0.417625
536.000000 108.000000 0.678248 -0.414485
430.000000 111.000000 0.345404 -0.405065
584.000000 111.000000 0.828970 -0.405065
591.000000 111.000000 0.850950 -0.405065
372.000000 113.000000 0.163282 -0.398785
378.000000 113.000000 0.182122 -0.398785
380.000000 113.000000 0.188402 -0.398785
382.000000 113.000000 0.194682 -0.398785
424.000000 114.000000 0.326564 -0.395645
371.000000 115.000000 0.160142 -0.392505
529.000000 115.000000 0.656268 -0.392505
585.000000 115.000000 0.832110 -0.392505
562.000000 116.000000 0.759889 -0.389365
620.000000 116.000000 0.942011 -0.389365
372.000000 117.000000 0.163282 -0.386225
576.000000 118.000000 0.803850 -0.383085
460.000000 119.000000 0.439605 -0.379945
519.000000 120.000000 0.624867 -0.376804
552.000000 120.000000 0.728489 -0.376804
630.000000 120.000000 0.973412 -0.376804
425.000000 121.000000 0.329704 -0.373664
357.000000 122.000000 0.116181 -0.370524
371.000000 122.000000 0.160142 -0.370524
574.000000 122.000000 0.797569 -0.370524
578.000000 122.000000 0.810130 -0.370524
616.000000 122.000000 0.929451 -0.370524
543.000000 124.000000 0.700228 -0.364244
550.000000 124.000000 0.722209 -0.364244
561.000000 124.000000 0.756749 -0.364244
380.000000 125.000000 0.188402 -0.361104
459.000000 126.000000 0.436465 -0.357964
371.000000 127.000000 0.160142 -0.354824
383.000000 127.000000 0.197822 -0.354824
405.000000 127.000000 0.266903 -0.354824
565.000000 127.000000 0.769309 -0.354824
377.000000 128.000000 0.178982 -0.351684
478.000000 128.000000 0.496126 -0.351684
426.000000 129.000000 0.332844 -0.348544
371.000000 130.000000 0.160142 -0.345404
446.000000 130.000000 0.395645 -0.345404
464.000000 130.000000 0.452165 -0.345404
581.000000 130.000000 0.819550 -0.345404
424.000000 132.000000 0.326564 -0.339124
575.000000 132.000000 0.800709 -0.339124
370.000000 133.000000 0.157002 -0.335984
476.000000 134.000000 0.489846 -0.332844
379.000000 135.000000 0.185262 -0.329704
425.000000 135.000000 0.329704 -0.329704
592.000000 136.000000 0.854090 -0.326564
370.000000 137.000000 0.157002 -0.323424
382.000000 137.000000 0.194682 -0.323424
564.000000 137.000000 0.766169 -0.323424
109.000000 138.000000 -0.662548 -0.320284
376.000000 138.000000 0.175842 -0.320284
100.000000 139.000000 -0.690808 -0.317144
132.000000 139.000000 -0.590327 -0.317144
425.000000 139.000000 0.329704 -0.317144
375.000000 140.000000 0.172702 -0.314004
386.000000 140.000000 0.207242 -0.314004
423.000000 140.000000 0.323424 -0.314004
380.000000 141.000000 0.188402 -0.310864
487.000000 141.000000 0.524386 -0.310864
111.000000 142.000000 -0.656268 -0.307724
116.000000 142.000000 -0.640568 -0.307724
133.000000 142.000000 -0.587187 -0.307724
538.000000 142.000000 0.684528 -0.307724
566.000000 142.000000 0.772449 -0.307724
23.000000 143.000000 -0.932591 -0.304584
25.000000 143.000000 -0.926311 -0.304584
30.000000 143.000000 -0.910611 -0.304584
105.000000 143.000000 -0.675108 -0.304584
120.000000 143.000000 -0.628007 -0.304584
126.000000 143.000000 -0.609167 -0.304584
369.000000 143.000000 0.153862 -0.304584
423.000000 143.000000 0.323424 -0.304584
461.000000 143.000000 0.442745 -0.304584
592.000000 143.000000 0.854090 -0.304584
14.000000 144.000000 -0.960851 -0.301444
132.000000 144.000000 -0.590327 -0.301444
141.000000 144.000000 -0.562067 -0.301444
390.000000 144.000000 0.219803 -0.301444
55.000000 145.000000 -0.832110 -0.298304
147.000000 145.000000 -0.543226 -0.298304
376.000000 145.000000 0.175842 -0.298304
381.000000 145.000000 0.191542 -0.298304
423.000000 145.000000 0.323424 -0.298304
103.000000 146.000000 -0.681388 -0.295163
153.000000 146.000000 -0.524386 -0.295163
391.000000 146.000000 0.222943 -0.295163
100.000000 147.000000 -0.690808 -0.292023
123.000000 147.000000 -0.618587 -0.292023
395.000000 147.000000 0.235503 -0.292023
565.000000 147.000000 0.769309 -0.292023
26.000000 148.000000 -0.923171 -0.288883
32.000000 148.000000 -0.904331 -0.288883
56.000000 148.000000 -0.828970 -0.288883
162.000000 148.000000 -0.496126 -0.288883
422.000000 148.000000 0.320284 -0.288883
439.000000 148.000000 0.373664 -0.288883
538.000000 148.000000 0.684528 -0.288883
48.000000 149.000000 -0.854090 -0.285743
53.000000 149.000000 -0.838390 -0.285743
61.000000 149.000000 -0.813270 -0.285743
405.000000 149.000000 0.266903 -0.285743
68.000000 150.000000 -0.791289 -0.282603
104.000000 150.000000 -0.678248 -0.282603
112.000000 150.000000 -0.653128 -0.282603
136.000000 150.000000 -0.577767 -0.282603
392.000000 150.000000 0.226083 -0.282603
590.000000 150.000000 0.847810 -0.282603
38.000000 151.000000 -0.885490 -0.279463
57.000000 151.000000 -0.825830 -0.279463
75.000000 151.000000 -0.769309 -0.279463
129.000000 151.000000 -0.599747 -0.279463
382.000000 151.000000 0.194682 -0.279463
560.000000 151.000000 0.753609 -0.279463
23.000000 152.000000 -0.932591 -0.276323
54.000000 152.000000 -0.835250 -0.276323
84.000000 152.000000 -0.741049 -0.276323
131.000000 152.000000 -0.593467 -0.276323
139.000000 152.000000 -0.568347 -0.276323
369.000000 152.000000 0.153862 -0.276323
423.000000 152.000000 0.323424 -0.276323
469.000000 152.000000 0.467866 -0.276323
484.000000 152.000000 0.514966 -0.276323
563.000000 152.000000 0.763029 -0.276323
569.000000 152.000000 0.781869 -0.276323
573.000000 152.000000 0.794429 -0.276323
588.000000 152.000000 0.841530 -0.276323
630.000000 152.000000 0.973412 -0.276323
19.000000 153.000000 -0.945151 -0.273183
28.000000 153.000000 -0.916891 -0.273183
56.000000 153.000000 -0.828970 -0.273183
92.000000 153.000000 -0.715928 -0.273183
107.000000 153.000000 -0.668828 -0.273183
145.000000 153.000000 -0.549506 -0.273183
351.000000 153.000000 0.097341 -0.273183
361.000000 153.000000 0.128742 -0.273183
364.000000 153.000000 0.138162 -0.273183
381.000000 153.000000 0.191542 -0.273183
393.000000 153.000000 0.229223 -0.273183
579.000000 153.000000 0.813270 -0.273183
15.000000 154.000000 -0.957711 -0.270043
44.000000 154.000000 -0.866650 -0.270043
99.000000 154.000000 -0.693948 -0.270043
152.000000 154.000000 -0.527526 -0.270043
338.000000 154.000000 0.056521 -0.270043
342.000000 154.000000 0.069081 -0.270043
346.000000 154.000000 0.081641 -0.270043
373.000000 154.000000 0.166422 -0.270043
379.000000 154.000000 0.185262 -0.270043
383.000000 154.000000 0.197822 -0.270043
391.000000 154.000000 0.222943 -0.270043
562.000000 154.000000 0.759889 -0.270043
572.000000 154.000000 0.791289 -0.270043
589.000000 154.000000 0.844670 -0.270043
618.000000 154.000000 0.935731 -0.270043
55.000000 155.000000 -0.832110 -0.266903
63.000000 155.000000 -0.806990 -0.266903
159.000000 155.000000 -0.505546 -0.266903
333.000000 155.000000 0.040820 -0.266903
348.000000 155.000000 0.087921 -0.266903
369.000000 155.000000 0.153862 -0.266903
425.000000 155.000000 0.329704 -0.266903
428.000000 155.000000 0.339124 -0.266903
455.000000 155.000000 0.423905 -0.266903
59.000000 156.000000 -0.819550 -0.263763
106.000000 156.000000 -0.671968 -0.263763
421.000000 156.000000 0.317144 -0.263763
565.000000 156.000000 0.769309 -0.263763
378.000000 157.000000 0.182122 -0.260623
386.000000 157.000000 0.207242 -0.260623
411.000000 157.000000 0.285743 -0.260623
425.000000 157.000000 0.329704 -0.260623
563.000000 157.000000 0.763029 -0.260623
24.000000 158.000000 -0.929451 -0.257483
57.000000 158.000000 -0.825830 -0.257483
59.000000 158.000000 -0.819550 -0.257483
364.000000 158.000000 0.138162 -0.257483
381.000000 158.000000 0.191542 -0.257483
395.000000 158.000000 0.235503 -0.257483
404.000000 158.000000 0.263763 -0.257483
406.000000 158.000000 0.270043 -0.257483
409.000000 158.000000 0.279463 -0.257483
431.000000 158.000000 0.348544 -0.257483
352.000000 159.000000 0.100481 -0.254343
400.000000 159.000000 0.251203 -0.254343
402.000000 159.000000 0.257483 -0.254343
422.000000 159.000000 0.320284 -0.254343
426.000000 159.000000 0.332844 -0.254343
440.000000 159.000000 0.376804 -0.254343
451.000000 159.000000 0.411345 -0.254343
456.000000 159.000000 0.427045 -0.254343
65.000000 160.000000 -0.800709 -0.251203
364.000000 160.000000 0.138162 -0.251203
445.000000 160.000000 0.392505 -0.251203
458.000000 160.000000 0.433325 -0.251203
469.000000 160.000000 0.467866 -0.251203
606.000000 160.000000 0.898051 -0.251203
75.000000 161.000000 -0.769309 -0.248063
77.000000 161.000000 -0.763029 -0.248063
159.000000 161.000000 -0.505546 -0.248063
399.000000 161.000000 0.248063 -0.248063
415.000000 161.000000 0.298304 -0.248063
464.000000 161.000000 0.452165 -0.248063
509.000000 161.000000 0.593467 -0.248063
578.000000 161.000000 0.810130 -0.248063
47.000000 162.000000 -0.857230 -0.244923
85.000000 162.000000 -0.737909 -0.244923
87.000000 162.000000 -0.731629 -0.244923
108.000000 162.000000 -0.665688 -0.244923
226.000000 162.000000 -0.295163 -0.244923
433.000000 162.000000 0.354824 -0.244923
95.000000 163.000000 -0.706508 -0.241783
228.000000 163.000000 -0.288883 -0.241783
238.000000 163.000000 -0.257483 -0.241783
245.000000 163.000000 -0.235503 -0.241783
375.000000 163.000000 0.172702 -0.241783
378.000000 163.000000 0.182122 -0.241783
385.000000 163.000000 0.204102 -0.241783
395.000000 163.000000 0.235503 -0.241783
561.000000 163.000000 0.756749 -0.241783
26.000000 164.000000 -0.923171 -0.238643
163.000000 164.000000 -0.492986 -0.238643
167.000000 164.000000 -0.480426 -0.238643
226.000000 164.000000 -0.295163 -0.238643
361.000000 164.000000 0.128742 -0.238643
387.000000 164.000000 0.210382 -0.238643
470.000000 164.000000 0.471006 -0.238643
587.000000 164.000000 0.838390 -0.238643
40.000000 165.000000 -0.879210 -0.235503
45.000000 165.000000 -0.863510 -0.235503
107.000000 165.000000 -0.668828 -0.235503
243.000000 165.000000 -0.241783 -0.235503
354.000000 165.000000 0.106761 -0.235503
356.000000 165.000000 0.113041 -0.235503
358.000000 165.000000 0.119321 -0.235503
378.000000 165.000000 0.182122 -0.235503
381.000000 165.000000 0.191542 -0.235503
451.000000 165.000000 0.411345 -0.235503
59.000000 166.000000 -0.819550 -0.232363
225.000000 166.000000 -0.298304 -0.232363
367.000000 166.000000 0.147582 -0.232363
385.000000 166.000000 0.204102 -0.232363
390.000000 166.000000 0.219803 -0.232363
394.000000 166.000000 0.232363 -0.232363
400.000000 166.000000 0.251203 -0.232363
432.000000 166.000000 0.351684 -0.232363
442.000000 166.000000 0.383085 -0.232363
414.000000 167.000000 0.295163 -0.229223
418.000000 167.000000 0.307724 -0.229223
36.000000 168.000000 -0.891771 -0.226083
231.000000 168.000000 -0.279463 -0.226083
245.000000 168.000000 -0.235503 -0.226083
399.000000 168.000000 0.248063 -0.226083
402.000000 168.000000 0.257483 -0.226083
405.000000 168.000000 0.266903 -0.226083
433.000000 168.000000 0.354824 -0.226083
447.000000 168.000000 0.398785 -0.226083
561.000000 168.000000 0.756749 -0.226083
620.000000 168.000000 0.942011 -0.226083
202.000000 169.000000 -0.370524 -0.222943
228.000000 169.000000 -0.288883 -0.222943
409.000000 169.000000 0.279463 -0.222943
417.000000 169.000000 0.304584 -0.222943
467.000000 169.000000 0.461585 -0.222943
586.000000 169.000000 0.835250 -0.222943
38.000000 170.000000 -0.885490 -0.219803
61.000000 170.000000 -0.813270 -0.219803
197.000000 170.000000 -0.386225 -0.219803
199.000000 170.000000 -0.379945 -0.219803
226.000000 170.000000 -0.295163 -0.219803
253.000000 170.000000 -0.210382 -0.219803
429.000000 170.000000 0.342264 -0.219803
533.000000 170.000000 0.668828 -0.219803
633.000000 170.000000 0.982832 -0.219803
131.000000 171.000000 -0.593467 -0.216663
134.000000 171.000000 -0.584047 -0.216663
179.000000 171.000000 -0.442745 -0.216663
212.000000 171.000000 -0.339124 -0.216663
218.000000 171.000000 -0.320284 -0.216663
245.000000 171.000000 -0.235503 -0.216663
363.000000 171.000000 0.135022 -0.216663
377.000000 171.000000 0.178982 -0.216663
543.000000 171.000000 0.700228 -0.216663
624.000000 171.000000 0.954571 -0.216663
28.000000 172.000000 -0.916891 -0.213523
160.000000 172.000000 -0.502406 -0.213523
205.000000 172.000000 -0.361104 -0.213523
235.000000 172.000000 -0.266903 -0.213523
281.000000 172.000000 -0.122461 -0.213523
290.000000 172.000000 -0.094201 -0.213523
356.000000 172.000000 0.113041 -0.213523
375.000000 172.000000 0.172702 -0.213523
394.000000 172.000000 0.232363 -0.213523
550.000000 172.000000 0.722209 -0.213523
33.000000 173.000000 -0.901191 -0.210382
42.000000 173.000000 -0.872930 -0.210382
192.000000 173.000000 -0.401925 -0.210382
196.000000 173.000000 -0.389365 -0.210382
226.000000 173.000000 -0.295163 -0.210382
261.000000 173.000000 -0.185262 -0.210382
295.000000 173.000000 -0.078501 -0.210382
359.000000 173.000000 0.122461 -0.210382
369.000000 173.000000 0.153862 -0.210382
391.000000 173.000000 0.222943 -0.210382
397.000000 173.000000 0.241783 -0.210382
467.000000 173.000000 0.461585 -0.210382
560.000000 173.000000 0.753609 -0.210382
60.000000 174.000000 -0.816410 -0.207242
174.000000 174.000000 -0.458445 -0.207242
186.000000 174.000000 -0.420765 -0.207242
201.000000 174.000000 -0.373664 -0.207242
228.000000 174.000000 -0.288883 -0.207242
231.000000 174.000000 -0.279463 -0.207242
236.000000 174.000000 -0.263763 -0.207242
264.000000 174.000000 -0.175842 -0.207242
270.000000 174.000000 -0.157002 -0.207242
272.000000 174.000000 -0.150722 -0.207242
293.000000 174.000000 -0.084781 -0.207242
354.000000 174.000000 0.106761 -0.207242
394.000000 174.000000 0.232363 -0.207242
407.000000 174.000000 0.273183 -0.207242
409.000000 174.000000 0.279463 -0.207242
429.000000 174.000000 0.342264 -0.207242
477.000000 174.000000 0.492986 -0.207242
575.000000 174.000000 0.800709 -0.207242
65.000000 175.000000 -0.800709 -0.204102
108.000000 175.000000 -0.665688 -0.204102
192.000000 175.000000 -0.401925 -0.204102
283.000000 175.000000 -0.116181 -0.204102
401.000000 175.000000 0.254343 -0.204102
403.000000 175.000000 0.260623 -0.204102
423.000000 175.000000 0.323424 -0.204102
426.000000 175.000000 0.332844 -0.204102
440.000000 175.000000 0.376804 -0.204102
513.000000 175.000000 0.606027 -0.204102
568.000000 175.000000 0.778729 -0.204102
585.000000 175.000000 0.832110 -0.204102
626.000000 175.000000 0.960851 -0.204102
62.000000 176.000000 -0.810130 -0.200962
121.000000 176.000000 -0.624867 -0.200962
129.000000 176.000000 -0.599747 -0.200962
178.000000 176.000000 -0.445885 -0.200962
205.000000 176.000000 -0.361104 -0.200962
210.000000 176.000000 -0.345404 -0.200962
215.000000 176.000000 -0.329704 -0.200962
218.000000 176.000000 -0.320284 -0.200962
274.000000 176.000000 -0.144442 -0.200962
293.000000 176.000000 -0.084781 -0.200962
357.000000 176.000000 0.116181 -0.200962
363.000000 176.000000 0.135022 -0.200962
415.000000 176.000000 0.298304 -0.200962
419.000000 176.000000 0.310864 -0.200962
434.000000 176.000000 0.357964 -0.200962
598.000000 176.000000 0.872930 -0.200962
600.000000 176.000000 0.879210 -0.200962
57.000000 177.000000 -0.825830 -0.197822
168.000000 177.000000 -0.477286 -0.197822
223.000000 177.000000 -0.304584 -0.197822
227.000000 177.000000 -0.292023 -0.197822
259.000000 177.000000 -0.191542 -0.197822
261.000000 177.000000 -0.185262 -0.197822
316.000000 177.000000 -0.012560 -0.197822
451.000000 177.000000 0.411345 -0.197822
472.000000 177.000000 0.477286 -0.197822
30.000000 178.000000 -0.910611 -0.194682
162.000000 178.000000 -0.496126 -0.194682
202.000000 178.000000 -0.370524 -0.194682
267.000000 178.000000 -0.166422 -0.194682
275.000000 178.000000 -0.141302 -0.194682
311.000000 178.000000 -0.028260 -0.194682
321.000000 178.000000 0.003140 -0.194682
323.000000 178.000000 0.009420 -0.194682
382.000000 178.000000 0.194682 -0.194682
574.000000 178.000000 0.797569 -0.194682
43.000000 179.000000 -0.869790 -0.191542
127.000000 179.000000 -0.606027 -0.191542
195.000000 179.000000 -0.392505 -0.191542
197.000000 179.000000 -0.386225 -0.191542
205.000000 179.000000 -0.361104 -0.191542
283.000000 179.000000 -0.116181 -0.191542
293.000000 179.000000 -0.084781 -0.191542
362.000000 179.000000 0.131882 -0.191542
377.000000 179.000000 0.178982 -0.191542
388.000000 179.000000 0.213523 -0.191542
428.000000 179.000000 0.339124 -0.191542
439.000000 179.000000 0.373664 -0.191542
467.000000 179.000000 0.461585 -0.191542
474.000000 179.000000 0.483566 -0.191542
559.000000 179.000000 0.750469 -0.191542
584.000000 179.000000 0.828970 -0.191542
604.000000 179.000000 0.891771 -0.191542
236.000000 180.000000 -0.263763 -0.188402
401.000000 180.000000 0.254343 -0.188402
412.000000 180.000000 0.288883 -0.188402
430.000000 180.000000 0.345404 -0.188402
561.000000 180.000000 0.756749 -0.188402
567.000000 180.000000 0.775589 -0.188402
623.000000 180.000000 0.951431 -0.188402
206.000000 181.000000 -0.357964 -0.185262
228.000000 181.000000 -0.288883 -0.185262
262.000000 181.000000 -0.182122 -0.185262
406.000000 181.000000 0.270043 -0.185262
409.000000 181.000000 0.279463 -0.185262
43.000000 182.000000 -0.869790 -0.182122
58.000000 182.000000 -0.822690 -0.182122
159.000000 182.000000 -0.505546 -0.182122
237.000000 182.000000 -0.260623 -0.182122
283.000000 182.000000 -0.116181 -0.182122
311.000000 182.000000 -0.028260 -0.182122
403.000000 182.000000 0.260623 -0.182122
420.000000 182.000000 0.314004 -0.182122
433.000000 182.000000 0.354824 -0.182122
531.000000 182.000000 0.662548 -0.182122
577.000000 182.000000 0.806990 -0.182122
615.000000 182.000000 0.926311 -0.182122
255.000000 183.000000 -0.204102 -0.178982
265.000000 183.000000 -0.172702 -0.178982
320.000000 183.000000 -0.000000 -0.178982
362.000000 183.000000 0.131882 -0.178982
389.000000 183.000000 0.216663 -0.178982
394.000000 183.000000 0.232363 -0.178982
360.000000 184.000000 0.125601 -0.175842
413.000000 184.000000 0.292023 -0.175842
558.000000 184.000000 0.747329 -0.175842
228.000000 185.000000 -0.288883 -0.172702
365.000000 185.000000 0.141302 -0.172702
423.000000 185.000000 0.323424 -0.172702
458.000000 185.000000 0.433325 -0.172702
469.000000 185.000000 0.467866 -0.172702
566.000000 185.000000 0.772449 -0.172702
236.000000 186.000000 -0.263763 -0.169562
311.000000 186.000000 -0.028260 -0.169562
328.000000 186.000000 0.025120 -0.169562
332.000000 186.000000 0.037680 -0.169562
361.000000 186.000000 0.128742 -0.169562
466.000000 186.000000 0.458445 -0.169562
542.000000 186.000000 0.697088 -0.169562
561.000000 186.000000 0.756749 -0.169562
575.000000 186.000000 0.800709 -0.169562
605.000000 186.000000 0.894911 -0.169562
267.000000 187.000000 -0.166422 -0.166422
287.000000 187.000000 -0.103621 -0.166422
301.000000 187.000000 -0.059661 -0.166422
315.000000 187.000000 -0.015700 -0.166422
323.000000 187.000000 0.009420 -0.166422
342.000000 187.000000 0.069081 -0.166422
389.000000 187.000000 0.216663 -0.166422
408.000000 187.000000 0.276323 -0.166422
424.000000 187.000000 0.326564 -0.166422
459.000000 187.000000 0.436465 -0.166422
464.000000 187.000000 0.452165 -0.166422
386.000000 188.000000 0.207242 -0.163282
405.000000 188.000000 0.266903 -0.163282
412.000000 188.000000 0.288883 -0.163282
433.000000 188.000000 0.354824 -0.163282
485.000000 188.000000 0.518106 -0.163282
561.000000 188.000000 0.756749 -0.163282
234.000000 189.000000 -0.270043 -0.160142
236.000000 189.000000 -0.263763 -0.160142
312.000000 189.000000 -0.025120 -0.160142
315.000000 189.000000 -0.015700 -0.160142
476.000000 189.000000 0.489846 -0.160142
479.000000 189.000000 0.499266 -0.160142
557.000000 189.000000 0.744189 -0.160142
571.000000 189.000000 0.788149 -0.160142
576.000000 189.000000 0.803850 -0.160142
67.000000 190.000000 -0.794429 -0.157002
383.000000 190.000000 0.197822 -0.157002
400.000000 190.000000 0.251203 -0.157002
424.000000 190.000000 0.326564 -0.157002
471.000000 190.000000 0.474146 -0.157002
484.000000 190.000000 0.514966 -0.157002
287.000000 191.000000 -0.103621 -0.153862
312.000000 191.000000 -0.025120 -0.153862
315.000000 191.000000 -0.015700 -0.153862
365.000000 191.000000 0.141302 -0.153862
417.000000 191.000000 0.304584 -0.153862
452.000000 191.000000 0.414485 -0.153862
599.000000 191.000000 0.876070 -0.153862
321.000000 192.000000 0.003140 -0.150722
393.000000 192.000000 0.229223 -0.150722
398.000000 192.000000 0.244923 -0.150722
412.000000 192.000000 0.288883 -0.150722
615.000000 192.000000 0.926311 -0.150722
236.000000 193.000000 -0.263763 -0.147582
361.000000 193.000000 0.128742 -0.147582
366.000000 193.000000 0.144442 -0.147582
381.000000 193.000000 0.191542 -0.147582
405.000000 193.000000 0.266903 -0.147582
484.000000 193.000000 0.514966 -0.147582
510.000000 193.000000 0.596607 -0.147582
537.000000 193.000000 0.681388 -0.147582
561.000000 193.000000 0.756749 -0.147582
288.000000 194.000000 -0.100481 -0.144442
291.000000 194.000000 -0.091061 -0.144442
379.000000 194.000000 0.185262 -0.144442
399.000000 194.000000 0.248063 -0.144442
415.000000 194.000000 0.298304 -0.144442
236.000000 195.000000 -0.263763 -0.141302
354.000000 195.000000 0.106761 -0.141302
373.000000 195.000000 0.166422 -0.141302
393.000000 195.000000 0.229223 -0.141302
405.000000 195.000000 0.266903 -0.141302
413.000000 195.000000 0.292023 -0.141302
448.000000 195.000000 0.401925 -0.141302
484.000000 195.000000 0.514966 -0.141302
564.000000 195.000000 0.766169 -0.141302
569.000000 195.000000 0.781869 -0.141302
310.000000 196.000000 -0.031400 -0.138162
313.000000 196.000000 -0.021980 -0.138162
368.000000 196.000000 0.150722 -0.138162
407.000000 196.000000 0.273183 -0.138162
467.000000 196.000000 0.461585 -0.138162
66.000000 197.000000 -0.797569 -0.135022
131.000000 197.000000 -0.593467 -0.135022
375.000000 197.000000 0.172702 -0.135022
398.000000 197.000000 0.244923 -0.135022
417.000000 197.000000 0.304584 -0.135022
538.000000 197.000000 0.684528 -0.135022
236.000000 198.000000 -0.263763 -0.131882
327.000000 198.000000 0.021980 -0.131882
404.000000 198.000000 0.263763 -0.131882
406.000000 198.000000 0.270043 -0.131882
411.000000 198.000000 0.285743 -0.131882
419.000000 198.000000 0.310864 -0.131882
463.000000 198.000000 0.449025 -0.131882
557.000000 198.000000 0.744189 -0.131882
32.000000 199.000000 -0.904331 -0.128742
309.000000 199.000000 -0.034540 -0.128742
312.000000 199.000000 -0.025120 -0.128742
362.000000 199.000000 0.131882 -0.128742
380.000000 199.000000 0.188402 -0.128742
389.000000 199.000000 0.216663 -0.128742
417.000000 199.000000 0.304584 -0.128742
483.000000 199.000000 0.511826 -0.128742
560.000000 199.000000 0.753609 -0.128742
288.000000 200.000000 -0.100481 -0.125601
290.000000 200.000000 -0.094201 -0.125601
368.000000 200.000000 0.150722 -0.125601
464.000000 200.000000 0.452165 -0.125601
467.000000 200.000000 0.461585 -0.125601
526.000000 200.000000 0.646848 -0.125601
574.000000 200.000000 0.797569 -0.125601
54.000000 201.000000 -0.835250 -0.122461
234.000000 201.000000 -0.270043 -0.122461
397.000000 201.000000 0.241783 -0.122461
414.000000 201.000000 0.295163 -0.122461
485.000000 201.000000 0.518106 -0.122461
505.000000 201.000000 0.580907 -0.122461
528.000000 201.000000 0.653128 -0.122461
44.000000 202.000000 -0.866650 -0.119321
202.000000 202.000000 -0.370524 -0.119321
236.000000 202.000000 -0.263763 -0.119321
285.000000 202.000000 -0.109901 -0.119321
287.000000 202.000000 -0.103621 -0.119321
363.000000 202.000000 0.135022 -0.119321
407.000000 202.000000 0.273183 -0.119321
462.000000 202.000000 0.445885 -0.119321
495.000000 202.000000 0.549506 -0.119321
552.000000 202.000000 0.728489 -0.119321
374.000000 203.000000 0.169562 -0.116181
380.000000 203.000000 0.188402 -0.116181
403.000000 203.000000 0.260623 -0.116181
411.000000 203.000000 0.285743 -0.116181
414.000000 203.000000 0.295163 -0.116181
417.000000 203.000000 0.304584 -0.116181
489.000000 203.000000 0.530666 -0.116181
506.000000 203.000000 0.584047 -0.116181
508.000000 203.000000 0.590327 -0.116181
510.000000 203.000000 0.596607 -0.116181
388.000000 204.000000 0.213523 -0.113041
500.000000 204.000000 0.565207 -0.113041
502.000000 204.000000 0.571487 -0.113041
504.000000 204.000000 0.577767 -0.113041
520.000000 204.000000 0.628007 -0.113041
523.000000 204.000000 0.637428 -0.113041
545.000000 204.000000 0.706508 -0.113041
233.000000 205.000000 -0.273183 -0.109901
235.000000 205.000000 -0.266903 -0.109901
385.000000 205.000000 0.204102 -0.109901
533.000000 205.000000 0.668828 -0.109901
536.000000 205.000000 0.678248 -0.109901
552.000000 205.000000 0.728489 -0.109901
554.000000 205.000000 0.734769 -0.109901
363.000000 206.000000 0.135022 -0.106761
382.000000 206.000000 0.194682 -0.106761
483.000000 206.000000 0.511826 -0.106761
494.000000 206.000000 0.546366 -0.106761
497.000000 206.000000 0.555787 -0.106761
528.000000 206.000000 0.653128 -0.106761
560.000000 206.000000 0.753609 -0.106761
566.000000 206.000000 0.772449 -0.106761
360.000000 207.000000 0.125601 -0.103621
373.000000 207.000000 0.166422 -0.103621
393.000000 207.000000 0.229223 -0.103621
504.000000 207.000000 0.577767 -0.103621
311.000000 208.000000 -0.028260 -0.100481
378.000000 208.000000 0.182122 -0.100481
387.000000 208.000000 0.210382 -0.100481
423.000000 208.000000 0.323424 -0.100481
512.000000 208.000000 0.602887 -0.100481
519.000000 208.000000 0.624867 -0.100481
372.000000 209.000000 0.163282 -0.097341
413.000000 209.000000 0.292023 -0.097341
530.000000 209.000000 0.659408 -0.097341
583.000000 209.000000 0.825830 -0.097341
235.000000 210.000000 -0.266903 -0.094201
286.000000 210.000000 -0.106761 -0.094201
538.000000 210.000000 0.684528 -0.094201
233.000000 211.000000 -0.273183 -0.091061
310.000000 211.000000 -0.031400 -0.091061
313.000000 211.000000 -0.021980 -0.091061
413.000000 211.000000 0.292023 -0.091061
481.000000 211.000000 0.505546 -0.091061
106.000000 212.000000 -0.671968 -0.087921
235.000000 212.000000 -0.266903 -0.087921
345.000000 212.000000 0.078501 -0.087921
499.000000 212.000000 0.562067 -0.087921
16.000000 213.000000 -0.954571 -0.084781
201.000000 213.000000 -0.373664 -0.084781
363.000000 213.000000 0.135022 -0.084781
516.000000 213.000000 0.615447 -0.084781
546.000000 213.000000 0.709648 -0.084781
577.000000 213.000000 0.806990 -0.084781
45.000000 214.000000 -0.863510 -0.081641
286.000000 214.000000 -0.106761 -0.081641
460.000000 214.000000 0.439605 -0.081641
556.000000 214.000000 0.741049 -0.081641
558.000000 214.000000 0.747329 -0.081641
235.000000 215.000000 -0.266903 -0.078501
310.000000 215.000000 -0.031400 -0.078501
313.000000 215.000000 -0.021980 -0.078501
342.000000 215.000000 0.069081 -0.078501
366.000000 215.000000 0.144442 -0.078501
368.000000 215.000000 0.150722 -0.078501
495.000000 215.000000 0.549506 -0.078501
535.000000 215.000000 0.675108 -0.078501
564.000000 215.000000 0.766169 -0.078501
568.000000 215.000000 0.778729 -0.078501
33.000000 216.000000 -0.901191 -0.075361
53.000000 216.000000 -0.838390 -0.075361
201.000000 216.000000 -0.373664 -0.075361
286.000000 216.000000 -0.106761 -0.075361
289.000000 216.000000 -0.097341 -0.075361
377.000000 216.000000 0.178982 -0.075361
379.000000 216.000000 0.185262 -0.075361
425.000000 216.000000 0.329704 -0.075361
509.000000 216.000000 0.593467 -0.075361
572.000000 216.000000 0.791289 -0.075361
621.000000 216.000000 0.945151 -0.075361
353.000000 217.000000 0.103621 -0.072221
372.000000 217.000000 0.163282 -0.072221
388.000000 217.000000 0.213523 -0.072221
390.000000 217.000000 0.219803 -0.072221
480.000000 217.000000 0.502406 -0.072221
518.000000 217.000000 0.621727 -0.072221
522.000000 217.000000 0.634288 -0.072221
579.000000 217.000000 0.813270 -0.072221
591.000000 217.000000 0.850950 -0.072221
614.000000 217.000000 0.923171 -0.072221
201.000000 218.000000 -0.373664 -0.069081
291.000000 218.000000 -0.091061 -0.069081
336.000000 218.000000 0.050241 -0.069081
359.000000 218.000000 0.122461 -0.069081
377.000000 218.000000 0.178982 -0.069081
383.000000 218.000000 0.197822 -0.069081
385.000000 218.000000 0.204102 -0.069081
399.000000 218.000000 0.248063 -0.069081
412.000000 218.000000 0.288883 -0.069081
531.000000 218.000000 0.662548 -0.069081
542.000000 218.000000 0.697088 -0.069081
549.000000 218.000000 0.719069 -0.069081
130.000000 219.000000 -0.596607 -0.065941
203.000000 219.000000 -0.367384 -0.065941
233.000000 219.000000 -0.273183 -0.065941
287.000000 219.000000 -0.103621 -0.065941
313.000000 219.000000 -0.021980 -0.065941
366.000000 219.000000 0.144442 -0.065941
379.000000 219.000000 0.185262 -0.065941
394.000000 219.000000 0.232363 -0.065941
397.000000 219.000000 0.241783 -0.065941
480.000000 219.000000 0.502406 -0.065941
554.000000 219.000000 0.734769 -0.065941
622.000000 219.000000 0.948291 -0.065941
316.000000 220.000000 -0.012560 -0.062801
324.000000 220.000000 0.012560 -0.062801
405.000000 220.000000 0.266903 -0.062801
409.000000 220.000000 0.279463 -0.062801
461.000000 220.000000 0.442745 -0.062801
201.000000 221.000000 -0.373664 -0.059661
283.000000 221.000000 -0.116181 -0.059661
291.000000 221.000000 -0.091061 -0.059661
304.000000 221.000000 -0.050241 -0.059661
353.000000 221.000000 0.103621 -0.059661
397.000000 221.000000 0.241783 -0.059661
624.000000 221.000000 0.954571 -0.059661
58.000000 222.000000 -0.822690 -0.056521
253.000000 222.000000 -0.210382 -0.056521
308.000000 222.000000 -0.037680 -0.056521
327.000000 222.000000 0.021980 -0.056521
404.000000 222.000000 0.263763 -0.056521
408.000000 222.000000 0.276323 -0.056521
459.000000 222.000000 0.436465 -0.056521
550.000000 222.000000 0.722209 -0.056521
357.000000 223.000000 0.116181 -0.053381
383.000000 223.000000 0.197822 -0.053381
422.000000 223.000000 0.320284 -0.053381
449.000000 223.000000 0.405065 -0.053381
497.000000 223.000000 0.555787 -0.053381
287.000000 224.000000 -0.103621 -0.050241
290.000000 224.000000 -0.094201 -0.050241
362.000000 224.000000 0.131882 -0.050241
392.000000 224.000000 0.226083 -0.050241
607.000000 224.000000 0.901191 -0.050241
615.000000 224.000000 0.926311 -0.050241
51.000000 225.000000 -0.844670 -0.047101
234.000000 225.000000 -0.270043 -0.047101
357.000000 225.000000 0.116181 -0.047101
412.000000 225.000000 0.288883 -0.047101
479.000000 225.000000 0.499266 -0.047101
291.000000 226.000000 -0.091061 -0.043961
355.000000 226.000000 0.109901 -0.043961
372.000000 226.000000 0.163282 -0.043961
374.000000 226.000000 0.169562 -0.043961
379.000000 226.000000 0.185262 -0.043961
453.000000 226.000000 0.417625 -0.043961
484.000000 226.000000 0.514966 -0.043961
510.000000 226.000000 0.596607 -0.043961
610.000000 226.000000 0.910611 -0.043961
208.000000 227.000000 -0.351684 -0.040820
347.000000 227.000000 0.084781 -0.040820
382.000000 227.000000 0.194682 -0.040820
423.000000 227.000000 0.323424 -0.040820
431.000000 227.000000 0.348544 -0.040820
502.000000 227.000000 0.571487 -0.040820
523.000000 227.000000 0.637428 -0.040820
552.000000 227.000000 0.728489 -0.040820
561.000000 227.000000 0.756749 -0.040820
636.000000 227.000000 0.992252 -0.040820
210.000000 228.000000 -0.345404 -0.037680
235.000000 228.000000 -0.266903 -0.037680
288.000000 228.000000 -0.100481 -0.037680
352.000000 228.000000 0.100481 -0.037680
357.000000 228.000000 0.116181 -0.037680
439.000000 228.000000 0.373664 -0.037680
491.000000 228.000000 0.536946 -0.037680
512.000000 228.000000 0.602887 -0.037680
535.000000 228.000000 0.675108 -0.037680
541.000000 228.000000 0.693948 -0.037680
554.000000 228.000000 0.734769 -0.037680
286.000000 229.000000 -0.106761 -0.034540
366.000000 229.000000 0.144442 -0.034540
464.000000 229.000000 0.452165 -0.034540
46.000000 230.000000 -0.860370 -0.031400
351.000000 230.000000 0.097341 -0.031400
372.000000 230.000000 0.163282 -0.031400
376.000000 230.000000 0.175842 -0.031400
380.000000 230.000000 0.188402 -0.031400
468.000000 230.000000 0.464725 -0.031400
528.000000 230.000000 0.653128 -0.031400
563.000000 230.000000 0.763029 -0.031400
569.000000 230.000000 0.781869 -0.031400
597.000000 230.000000 0.869790 -0.031400
265.000000 231.000000 -0.172702 -0.028260
281.000000 231.000000 -0.122461 -0.028260
345.000000 231.000000 0.078501 -0.028260
354.000000 231.000000 0.106761 -0.028260
362.000000 231.000000 0.131882 -0.028260
399.000000 231.000000 0.248063 -0.028260
411.000000 231.000000 0.285743 -0.028260
478.000000 231.000000 0.496126 -0.028260
482.000000 231.000000 0.508686 -0.028260
620.000000 231.000000 0.942011 -0.028260
69.000000 232.000000 -0.788149 -0.025120
200.000000 232.000000 -0.376804 -0.025120
235.000000 232.000000 -0.266903 -0.025120
351.000000 232.000000 0.097341 -0.025120
357.000000 232.000000 0.116181 -0.025120
393.000000 232.000000 0.229223 -0.025120
396.000000 232.000000 0.238643 -0.025120
426.000000 232.000000 0.332844 -0.025120
233.000000 233.000000 -0.273183 -0.021980
355.000000 233.000000 0.109901 -0.021980
390.000000 233.000000 0.219803 -0.021980
403.000000 233.000000 0.260623 -0.021980
405.000000 233.000000 0.266903 -0.021980
478.000000 233.000000 0.496126 -0.021980
508.000000 233.000000 0.590327 -0.021980
624.000000 233.000000 0.954571 -0.021980
218.000000 234.000000 -0.320284 -0.018840
221.000000 234.000000 -0.310864 -0.018840
265.000000 234.000000 -0.172702 -0.018840
386.000000 234.000000 0.207242 -0.018840
397.000000 234.000000 0.241783 -0.018840
416.000000 234.000000 0.301444 -0.018840
422.000000 234.000000 0.320284 -0.018840
480.000000 234.000000 0.502406 -0.018840
234.000000 235.000000 -0.270043 -0.015700
271.000000 235.000000 -0.153862 -0.015700
458.000000 235.000000 0.433325 -0.015700
462.000000 235.000000 0.445885 -0.015700
466.000000 235.000000 0.458445 -0.015700
469.000000 235.000000 0.467866 -0.015700
474.000000 235.000000 0.483566 -0.015700
232.000000 236.000000 -0.276323 -0.012560
226.000000 237.000000 -0.295163 -0.009420
485.000000 237.000000 0.518106 -0.009420
488.000000 237.000000 0.527526 -0.009420
491.000000 237.000000 0.536946 -0.009420
64.000000 238.000000 -0.803850 -0.006280
259.000000 238.000000 -0.191542 -0.006280
500.000000 238.000000 0.565207 -0.006280
46.000000 239.000000 -0.860370 -0.003140
227.000000 239.000000 -0.292023 -0.003140
233.000000 239.000000 -0.273183 -0.003140
345.000000 239.000000 0.078501 -0.003140
427.000000 239.000000 0.335984 -0.003140
431.000000 239.000000 0.348544 -0.003140
509.000000 239.000000 0.593467 -0.003140
229.000000 240.000000 -0.285743 0.000000
253.000000 240.000000 -0.210382 0.000000
339.000000 240.000000 0.059661 0.000000
423.000000 240.000000 0.323424 0.000000
436.000000 240.000000 0.364244 0.000000
504.000000 240.000000 0.577767 0.000000
517.000000 240.000000 0.618587 0.000000
521.000000 240.000000 0.631147 0.000000
425.000000 241.000000 0.329704 0.003140
440.000000 241.000000 0.376804 0.003140
550.000000 241.000000 0.722209 0.003140
198.000000 242.000000 -0.383085 0.006280
235.000000 242.000000 -0.266903 0.006280
238.000000 242.000000 -0.257483 0.006280
240.000000 242.000000 -0.251203 0.006280
340.000000 242.000000 0.062801 0.006280
449.000000 242.000000 0.405065 0.006280
533.000000 242.000000 0.668828 0.006280
546.000000 242.000000 0.709648 0.006280
552.000000 242.000000 0.728489 0.006280
244.000000 243.000000 -0.238643 0.009420
335.000000 243.000000 0.047101 0.009420
464.000000 243.000000 0.452165 0.009420
537.000000 243.000000 0.681388 0.009420
541.000000 243.000000 0.693948 0.009420
614.000000 243.000000 0.923171 0.009420
634.000000 243.000000 0.985972 0.009420
471.000000 244.000000 0.474146 0.012560
555.000000 244.000000 0.737909 0.012560
558.000000 244.000000 0.747329 0.012560
612.000000 244.000000 0.916891 0.012560
238.000000 245.000000 -0.257483 0.015700
333.000000 245.000000 0.040820 0.015700
481.000000 245.000000 0.505546 0.015700
486.000000 245.000000 0.521246 0.015700
594.000000 245.000000 0.860370 0.015700
330.000000 246.000000 0.031400 0.018840
232.000000 247.000000 -0.276323 0.021980
561.000000 247.000000 0.756749 0.021980
227.000000 248.000000 -0.292023 0.025120
511.000000 248.000000 0.599747 0.025120
515.000000 248.000000 0.612307 0.025120
602.000000 248.000000 0.885490 0.025120
204.000000 249.000000 -0.364244 0.028260
329.000000 249.000000 0.028260 0.028260
471.000000 249.000000 0.474146 0.028260
518.000000 249.000000 0.621727 0.028260
524.000000 249.000000 0.640568 0.028260
226.000000 250.000000 -0.295163 0.031400
528.000000 250.000000 0.653128 0.031400
535.000000 250.000000 0.675108 0.031400
200.000000 251.000000 -0.376804 0.034540
218.000000 251.000000 -0.320284 0.034540
220.000000 251.000000 -0.314004 0.034540
326.000000 251.000000 0.018840 0.034540
519.000000 251.000000 0.624867 0.034540
213.000000 252.000000 -0.335984 0.037680
560.000000 252.000000 0.753609 0.037680
47.000000 253.000000 -0.857230 0.040820
211.000000 253.000000 -0.342264 0.040820
324.000000 253.000000 0.012560 0.040820
625.000000 253.000000 0.957711 0.040820
413.000000 254.000000 0.292023 0.043961
416.000000 254.000000 0.301444 0.043961
182.000000 255.000000 -0.433325 0.047101
205.000000 255.000000 -0.361104 0.047101
322.000000 255.000000 0.006280 0.047101
408.000000 255.000000 0.276323 0.047101
419.000000 255.000000 0.310864 0.047101
437.000000 255.000000 0.367384 0.047101
457.000000 255.000000 0.430185 0.047101
47.000000 256.000000 -0.857230 0.050241
203.000000 256.000000 -0.367384 0.050241
467.000000 256.000000 0.461585 0.050241
609.000000 256.000000 0.907471 0.050241
435.000000 257.000000 0.361104 0.053381
475.000000 257.000000 0.486706 0.053381
477.000000 257.000000 0.492986 0.053381
604.000000 257.000000 0.891771 0.053381
619.000000 257.000000 0.938871 0.053381
195.000000 258.000000 -0.392505 0.056521
427.000000 258.000000 0.335984 0.056521
431.000000 258.000000 0.348544 0.056521
437.000000 258.000000 0.367384 0.056521
484.000000 258.000000 0.514966 0.056521
486.000000 258.000000 0.521246 0.056521
560.000000 258.000000 0.753609 0.056521
316.000000 259.000000 -0.012560 0.059661
422.000000 259.000000 0.320284 0.059661
495.000000 259.000000 0.549506 0.059661
558.000000 259.000000 0.747329 0.059661
35.000000 260.000000 -0.894911 0.062801
428.000000 260.000000 0.339124 0.062801
501.000000 260.000000 0.568347 0.062801
503.000000 260.000000 0.574627 0.062801
585.000000 260.000000 0.832110 0.062801
631.000000 260.000000 0.976552 0.062801
130.000000 261.000000 -0.596607 0.065941
314.000000 261.000000 -0.018840 0.065941
438.000000 261.000000 0.370524 0.065941
512.000000 261.000000 0.602887 0.065941
434.000000 262.000000 0.357964 0.069081
443.000000 262.000000 0.386225 0.069081
521.000000 262.000000 0.631147 0.069081
557.000000 262.000000 0.744189 0.069081
591.000000 262.000000 0.850950 0.069081
34.000000 263.000000 -0.898051 0.072221
161.000000 263.000000 -0.499266 0.072221
530.000000 263.000000 0.659408 0.072221
536.000000 263.000000 0.678248 0.072221
129.000000 264.000000 -0.599747 0.075361
311.000000 264.000000 -0.028260 0.075361
436.000000 264.000000 0.364244 0.075361
440.000000 264.000000 0.376804 0.075361
448.000000 264.000000 0.401925 0.075361
541.000000 264.000000 0.693948 0.075361
543.000000 264.000000 0.700228 0.075361
300.000000 265.000000 -0.062801 0.078501
549.000000 265.000000 0.719069 0.078501
439.000000 266.000000 0.373664 0.081641
556.000000 266.000000 0.741049 0.081641
565.000000 267.000000 0.769309 0.084781
577.000000 267.000000 0.806990 0.084781
129.000000 268.000000 -0.599747 0.087921
302.000000 268.000000 -0.056521 0.087921
307.000000 268.000000 -0.040820 0.087921
443.000000 268.000000 0.386225 0.087921
556.000000 268.000000 0.741049 0.087921
575.000000 268.000000 0.800709 0.087921
305.000000 269.000000 -0.047101 0.091061
568.000000 269.000000 0.778729 0.091061
443.000000 270.000000 0.386225 0.094201
579.000000 270.000000 0.813270 0.094201
132.000000 271.000000 -0.590327 0.097341
53.000000 272.000000 -0.838390 0.100481
59.000000 272.000000 -0.819550 0.100481
574.000000 272.000000 0.797569 0.100481
583.000000 272.000000 0.825830 0.100481
601.000000 272.000000 0.882350 0.100481
629.000000 272.000000 0.970271 0.100481
128.000000 273.000000 -0.602887 0.103621
446.000000 273.000000 0.395645 0.103621
556.000000 273.000000 0.741049 0.103621
569.000000 274.000000 0.781869 0.106761
128.000000 275.000000 -0.602887 0.109901
444.000000 275.000000 0.389365 0.109901
555.000000 275.000000 0.737909 0.109901
35.000000 276.000000 -0.894911 0.113041
296.000000 276.000000 -0.075361 0.113041
592.000000 276.000000 0.854090 0.113041
48.000000 277.000000 -0.854090 0.116181
125.000000 277.000000 -0.612307 0.116181
443.000000 277.000000 0.386225 0.116181
620.000000 277.000000 0.942011 0.116181
131.000000 278.000000 -0.593467 0.119321
137.000000 278.000000 -0.574627 0.119321
285.000000 278.000000 -0.109901 0.119321
611.000000 278.000000 0.913751 0.119321
292.000000 279.000000 -0.087921 0.122461
447.000000 280.000000 0.398785 0.125601
286.000000 281.000000 -0.106761 0.128742
294.000000 281.000000 -0.081641 0.128742
614.000000 281.000000 0.923171 0.128742
444.000000 282.000000 0.389365 0.131882
452.000000 284.000000 0.414485 0.138162
552.000000 284.000000 0.728489 0.138162
605.000000 284.000000 0.894911 0.138162
293.000000 285.000000 -0.084781 0.141302
625.000000 285.000000 0.957711 0.141302
69.000000 286.000000 -0.788149 0.144442
597.000000 286.000000 0.869790 0.144442
61.000000 287.000000 -0.813270 0.147582
64.000000 287.000000 -0.803850 0.147582
463.000000 287.000000 0.449025 0.147582
532.000000 287.000000 0.665688 0.147582
452.000000 288.000000 0.414485 0.150722
49.000000 289.000000 -0.850950 0.153862
291.000000 290.000000 -0.091061 0.157002
450.000000 290.000000 0.408205 0.157002
532.000000 290.000000 0.665688 0.157002
614.000000 290.000000 0.923171 0.157002
289.000000 291.000000 -0.097341 0.160142
442.000000 291.000000 0.383085 0.160142
49.000000 292.000000 -0.850950 0.163282
285.000000 292.000000 -0.109901 0.163282
338.000000 292.000000 0.056521 0.163282
61.000000 293.000000 -0.813270 0.166422
522.000000 293.000000 0.634288 0.166422
453.000000 294.000000 0.417625 0.169562
64.000000 295.000000 -0.803850 0.172702
528.000000 295.000000 0.653128 0.172702
267.000000 296.000000 -0.166422 0.175842
574.000000 296.000000 0.797569 0.175842
596.000000 296.000000 0.866650 0.175842
252.000000 297.000000 -0.213523 0.178982
264.000000 297.000000 -0.175842 0.178982
441.000000 297.000000 0.379945 0.178982
49.000000 298.000000 -0.850950 0.182122
278.000000 298.000000 -0.131882 0.182122
446.000000 298.000000 0.395645 0.182122
528.000000 298.000000 0.653128 0.182122
36.000000 299.000000 -0.891771 0.185262
66.000000 299.000000 -0.797569 0.185262
262.000000 299.000000 -0.182122 0.185262
521.000000 299.000000 0.631147 0.185262
563.000000 299.000000 0.763029 0.185262
265.000000 300.000000 -0.172702 0.188402
554.000000 300.000000 0.734769 0.188402
354.000000 301.000000 0.106761 0.191542
460.000000 301.000000 0.439605 0.191542
509.000000 301.000000 0.593467 0.191542
606.000000 301.000000 0.898051 0.191542
39.000000 302.000000 -0.882350 0.194682
41.000000 302.000000 -0.876070 0.194682
43.000000 302.000000 -0.869790 0.194682
45.000000 302.000000 -0.863510 0.194682
335.000000 302.000000 0.047101 0.194682
470.000000 302.000000 0.471006 0.194682
448.000000 303.000000 0.401925 0.197822
465.000000 303.000000 0.455305 0.197822
57.000000 304.000000 -0.825830 0.200962
67.000000 304.000000 -0.794429 0.200962
507.000000 304.000000 0.587187 0.200962
588.000000 304.000000 0.841530 0.200962
62.000000 305.000000 -0.810130 0.204102
73.000000 305.000000 -0.775589 0.204102
235.000000 305.000000 -0.266903 0.204102
455.000000 305.000000 0.423905 0.204102
474.000000 305.000000 0.483566 0.204102
582.000000 305.000000 0.822690 0.204102
67.000000 306.000000 -0.794429 0.207242
69.000000 306.000000 -0.788149 0.207242
65.000000 307.000000 -0.800709 0.210382
562.000000 307.000000 0.759889 0.210382
21.000000 308.000000 -0.938871 0.213523
532.000000 308.000000 0.665688 0.213523
556.000000 308.000000 0.741049 0.213523
58.000000 310.000000 -0.822690 0.219803
557.000000 310.000000 0.744189 0.219803
428.000000 311.000000 0.339124 0.222943
578.000000 311.000000 0.810130 0.222943
381.000000 312.000000 0.191542 0.226083
420.000000 313.000000 0.314004 0.229223
569.000000 313.000000 0.781869 0.229223
535.000000 314.000000 0.675108 0.232363
583.000000 314.000000 0.825830 0.232363
593.000000 314.000000 0.857230 0.232363
628.000000 314.000000 0.967131 0.232363
50.000000 315.000000 -0.847810 0.235503
55.000000 315.000000 -0.832110 0.235503
505.000000 315.000000 0.580907 0.235503
579.000000 315.000000 0.813270 0.235503
601.000000 315.000000 0.882350 0.235503
368.000000 316.000000 0.150722 0.238643
443.000000 316.000000 0.386225 0.238643
615.000000 317.000000 0.926311 0.241783
450.000000 318.000000 0.408205 0.244923
400.000000 319.000000 0.251203 0.248063
448.000000 319.000000 0.401925 0.248063
452.000000 319.000000 0.414485 0.248063
576.000000 319.000000 0.803850 0.248063
527.000000 320.000000 0.649988 0.251203
544.000000 320.000000 0.703368 0.251203
99.000000 322.000000 -0.693948 0.257483
469.000000 322.000000 0.467866 0.257483
102.000000 323.000000 -0.684528 0.260623
219.000000 323.000000 -0.317144 0.260623
189.000000 324.000000 -0.411345 0.263763
232.000000 325.000000 -0.276323 0.266903
459.000000 325.000000 0.436465 0.266903
107.000000 326.000000 -0.668828 0.270043
229.000000 326.000000 -0.285743 0.270043
450.000000 328.000000 0.408205 0.276323
475.000000 328.000000 0.486706 0.276323
528.000000 328.000000 0.653128 0.276323
536.000000 328.000000 0.678248 0.276323
563.000000 328.000000 0.763029 0.276323
125.000000 329.000000 -0.612307 0.279463
207.000000 329.000000 -0.354824 0.279463
485.000000 329.000000 0.518106 0.279463
489.000000 329.000000 0.530666 0.279463
514.000000 329.000000 0.609167 0.279463
532.000000 329.000000 0.665688 0.279463
572.000000 329.000000 0.791289 0.279463
592.000000 329.000000 0.854090 0.279463
48.000000 330.000000 -0.854090 0.282603
138.000000 330.000000 -0.571487 0.282603
461.000000 330.000000 0.442745 0.282603
424.000000 331.000000 0.326564 0.285743
568.000000 332.000000 0.778729 0.288883
93.000000 333.000000 -0.712788 0.292023
177.000000 333.000000 -0.449025 0.292023
191.000000 334.000000 -0.405065 0.295163
523.000000 334.000000 0.637428 0.295163
153.000000 335.000000 -0.524386 0.298304
218.000000 335.000000 -0.320284 0.298304
198.000000 336.000000 -0.383085 0.301444
215.000000 336.000000 -0.329704 0.301444
229.000000 338.000000 -0.285743 0.307724
597.000000 338.000000 0.869790 0.307724
635.000000 338.000000 0.989112 0.307724
208.000000 339.000000 -0.351684 0.310864
219.000000 339.000000 -0.317144 0.310864
223.000000 339.000000 -0.304584 0.310864
569.000000 339.000000 0.781869 0.310864
174.000000 340.000000 -0.458445 0.314004
25.000000 342.000000 -0.926311 0.320284
620.000000 342.000000 0.942011 0.320284
97.000000 343.000000 -0.700228 0.323424
170.000000 343.000000 -0.471006 0.323424
573.000000 343.000000 0.794429 0.323424
476.000000 344.000000 0.489846 0.326564
606.000000 344.000000 0.898051 0.326564
23.000000 345.000000 -0.932591 0.329704
198.000000 345.000000 -0.383085 0.329704
603.000000 345.000000 0.888631 0.329704
75.000000 346.000000 -0.769309 0.332844
255.000000 346.000000 -0.204102 0.332844
615.000000 346.000000 0.926311 0.332844
633.000000 346.000000 0.982832 0.332844
17.000000 347.000000 -0.951431 0.335984
268.000000 347.000000 -0.163282 0.335984
593.000000 347.000000 0.857230 0.335984
605.000000 347.000000 0.894911 0.335984
12.000000 348.000000 -0.967131 0.339124
602.000000 348.000000 0.885490 0.339124
257.000000 349.000000 -0.197822 0.342264
65.000000 350.000000 -0.800709 0.345404
136.000000 350.000000 -0.577767 0.345404
231.000000 350.000000 -0.279463 0.345404
279.000000 350.000000 -0.128742 0.345404
618.000000 350.000000 0.935731 0.345404
528.000000 351.000000 0.653128 0.348544
57.000000 352.000000 -0.825830 0.351684
505.000000 352.000000 0.580907 0.351684
102.000000 353.000000 -0.684528 0.354824
266.000000 353.000000 -0.169562 0.354824
268.000000 353.000000 -0.163282 0.354824
39.000000 355.000000 -0.882350 0.361104
309.000000 355.000000 -0.034540 0.361104
507.000000 355.000000 0.587187 0.361104
141.000000 356.000000 -0.562067 0.364244
279.000000 356.000000 -0.128742 0.364244
281.000000 356.000000 -0.122461 0.364244
246.000000 357.000000 -0.232363 0.367384
249.000000 358.000000 -0.222943 0.370524
278.000000 358.000000 -0.131882 0.370524
509.000000 358.000000 0.593467 0.370524
69.000000 359.000000 -0.788149 0.373664
245.000000 359.000000 -0.235503 0.373664
274.000000 359.000000 -0.144442 0.373664
293.000000 359.000000 -0.084781 0.373664
243.000000 360.000000 -0.241783 0.376804
278.000000 360.000000 -0.131882 0.376804
66.000000 361.000000 -0.797569 0.379945
253.000000 361.000000 -0.210382 0.379945
294.000000 361.000000 -0.081641 0.379945
330.000000 361.000000 0.031400 0.379945
332.000000 361.000000 0.037680 0.379945
544.000000 361.000000 0.703368 0.379945
300.000000 362.000000 -0.062801 0.383085
603.000000 362.000000 0.888631 0.383085
174.000000 363.000000 -0.458445 0.386225
266.000000 363.000000 -0.169562 0.386225
268.000000 363.000000 -0.163282 0.386225
308.000000 363.000000 -0.037680 0.386225
324.000000 363.000000 0.012560 0.386225
278.000000 364.000000 -0.131882 0.389365
320.000000 364.000000 -0.000000 0.389365
337.000000 364.000000 0.053381 0.389365
607.000000 364.000000 0.901191 0.389365
61.000000 365.000000 -0.813270 0.392505
275.000000 365.000000 -0.141302 0.392505
331.000000 365.000000 0.034540 0.392505
348.000000 365.000000 0.087921 0.392505
351.000000 365.000000 0.097341 0.392505
514.000000 365.000000 0.609167 0.392505
78.000000 366.000000 -0.759889 0.395645
252.000000 366.000000 -0.213523 0.395645
487.000000 366.000000 0.524386 0.395645
598.000000 366.000000 0.872930 0.395645
76.000000 367.000000 -0.766169 0.398785
373.000000 367.000000 0.166422 0.398785
278.000000 368.000000 -0.131882 0.401925
316.000000 368.000000 -0.012560 0.401925
344.000000 368.000000 0.075361 0.401925
310.000000 369.000000 -0.031400 0.405065
634.000000 369.000000 0.985972 0.405065
91.000000 370.000000 -0.719069 0.408205
131.000000 370.000000 -0.593467 0.408205
112.000000 371.000000 -0.653128 0.411345
157.000000 371.000000 -0.511826 0.411345
296.000000 371.000000 -0.075361 0.411345
518.000000 371.000000 0.621727 0.411345
615.000000 371.000000 0.926311 0.411345
230.000000 372.000000 -0.282603 0.414485
604.000000 372.000000 0.891771 0.414485
105.000000 373.000000 -0.675108 0.417625
244.000000 373.000000 -0.238643 0.417625
247.000000 373.000000 -0.229223 0.417625
279.000000 373.000000 -0.128742 0.417625
300.000000 373.000000 -0.062801 0.417625
327.000000 373.000000 0.021980 0.417625
343.000000 373.000000 0.072221 0.417625
359.000000 373.000000 0.122461 0.417625
46.000000 374.000000 -0.860370 0.420765
73.000000 374.000000 -0.775589 0.420765
108.000000 374.000000 -0.665688 0.420765
520.000000 374.000000 0.628007 0.420765
18.000000 375.000000 -0.948291 0.423905
24.000000 375.000000 -0.929451 0.423905
86.000000 375.000000 -0.734769 0.423905
133.000000 375.000000 -0.587187 0.423905
403.000000 375.000000 0.260623 0.423905
16.000000 376.000000 -0.954571 0.427045
32.000000 376.000000 -0.904331 0.427045
109.000000 376.000000 -0.662548 0.427045
122.000000 376.000000 -0.621727 0.427045
357.000000 376.000000 0.116181 0.427045
499.000000 376.000000 0.562067 0.427045
104.000000 377.000000 -0.678248 0.430185
408.000000 377.000000 0.276323 0.430185
20.000000 378.000000 -0.942011 0.433325
108.000000 378.000000 -0.665688 0.433325
289.000000 378.000000 -0.097341 0.433325
323.000000 378.000000 0.009420 0.433325
505.000000 378.000000 0.580907 0.433325
62.000000 379.000000 -0.810130 0.436465
176.000000 379.000000 -0.452165 0.436465
368.000000 379.000000 0.150722 0.436465
415.000000 379.000000 0.298304 0.436465
510.000000 379.000000 0.596607 0.436465
523.000000 379.000000 0.637428 0.436465
64.000000 380.000000 -0.803850 0.439605
173.000000 380.000000 -0.461585 0.439605
206.000000 380.000000 -0.357964 0.439605
256.000000 380.000000 -0.200962 0.439605
32.000000 381.000000 -0.904331 0.442745
99.000000 381.000000 -0.693948 0.442745
311.000000 381.000000 -0.028260 0.442745
320.000000 381.000000 -0.000000 0.442745
323.000000 381.000000 0.009420 0.442745
377.000000 381.000000 0.178982 0.442745
386.000000 381.000000 0.207242 0.442745
416.000000 381.000000 0.301444 0.442745
9.000000 382.000000 -0.976552 0.445885
28.000000 382.000000 -0.916891 0.445885
82.000000 382.000000 -0.747329 0.445885
381.000000 383.000000 0.191542 0.449025
405.000000 383.000000 0.266903 0.449025
509.000000 383.000000 0.593467 0.449025
21.000000 384.000000 -0.938871 0.452165
282.000000 384.000000 -0.119321 0.452165
411.000000 384.000000 0.285743 0.452165
505.000000 384.000000 0.580907 0.452165
612.000000 384.000000 0.916891 0.452165
635.000000 384.000000 0.989112 0.452165
154.000000 385.000000 -0.521246 0.455305
158.000000 385.000000 -0.508686 0.455305
261.000000 385.000000 -0.185262 0.455305
319.000000 385.000000 -0.003140 0.455305
438.000000 385.000000 0.370524 0.455305
527.000000 385.000000 0.649988 0.455305
72.000000 386.000000 -0.778729 0.458445
80.000000 386.000000 -0.753609 0.458445
403.000000 386.000000 0.260623 0.458445
20.000000 387.000000 -0.942011 0.461585
50.000000 387.000000 -0.847810 0.461585
70.000000 387.000000 -0.785009 0.461585
459.000000 387.000000 0.436465 0.461585
73.000000 388.000000 -0.775589 0.464725
133.000000 388.000000 -0.587187 0.464725
220.000000 388.000000 -0.314004 0.464725
278.000000 388.000000 -0.131882 0.464725
472.000000 388.000000 0.477286 0.464725
529.000000 388.000000 0.656268 0.464725
274.000000 389.000000 -0.144442 0.467866
16.000000 390.000000 -0.954571 0.471006
60.000000 390.000000 -0.816410 0.471006
430.000000 390.000000 0.345404 0.471006
471.000000 390.000000 0.474146 0.471006
612.000000 390.000000 0.916891 0.471006
531.000000 391.000000 0.662548 0.474146
16.000000 392.000000 -0.954571 0.477286
56.000000 392.000000 -0.828970 0.477286
218.000000 392.000000 -0.320284 0.477286
228.000000 392.000000 -0.288883 0.477286
396.000000 392.000000 0.238643 0.477286
427.000000 392.000000 0.335984 0.477286
7.000000 393.000000 -0.982832 0.480426
63.000000 393.000000 -0.806990 0.480426
81.000000 393.000000 -0.750469 0.480426
300.000000 394.000000 -0.062801 0.483566
435.000000 394.000000 0.361104 0.483566
528.000000 394.000000 0.653128 0.483566
62.000000 395.000000 -0.810130 0.486706
230.000000 395.000000 -0.282603 0.486706
254.000000 395.000000 -0.207242 0.486706
464.000000 395.000000 0.452165 0.486706
506.000000 395.000000 0.584047 0.486706
519.000000 395.000000 0.624867 0.486706
57.000000 396.000000 -0.825830 0.489846
60.000000 396.000000 -0.816410 0.489846
246.000000 396.000000 -0.232363 0.489846
502.000000 396.000000 0.571487 0.489846
72.000000 397.000000 -0.778729 0.492986
124.000000 397.000000 -0.615447 0.492986
173.000000 397.000000 -0.461585 0.492986
243.000000 397.000000 -0.241783 0.492986
220.000000 398.000000 -0.314004 0.496126
252.000000 398.000000 -0.213523 0.496126
254.000000 398.000000 -0.207242 0.496126
307.000000 398.000000 -0.040820 0.496126
615.000000 398.000000 0.926311 0.496126
4.000000 399.000000 -0.992252 0.499266
42.000000 399.000000 -0.872930 0.499266
55.000000 399.000000 -0.832110 0.499266
244.000000 399.000000 -0.238643 0.499266
475.000000 399.000000 0.486706 0.499266
560.000000 399.000000 0.753609 0.499266
46.000000 400.000000 -0.860370 0.502406
149.000000 400.000000 -0.536946 0.502406
264.000000 400.000000 -0.175842 0.502406
486.000000 400.000000 0.521246 0.502406
119.000000 401.000000 -0.631147 0.505546
227.000000 401.000000 -0.292023 0.505546
241.000000 401.000000 -0.248063 0.505546
322.000000 401.000000 0.006280 0.505546
395.000000 401.000000 0.235503 0.505546
506.000000 401.000000 0.584047 0.505546
619.000000 401.000000 0.938871 0.505546
251.000000 402.000000 -0.216663 0.508686
259.000000 404.000000 -0.191542 0.514966
182.000000 405.000000 -0.433325 0.518106
217.000000 405.000000 -0.323424 0.518106
336.000000 406.000000 0.050241 0.521246
478.000000 406.000000 0.496126 0.521246
537.000000 406.000000 0.681388 0.521246
495.000000 407.000000 0.549506 0.524386
509.000000 407.000000 0.593467 0.524386
515.000000 407.000000 0.612307 0.524386
597.000000 407.000000 0.869790 0.524386
441.000000 408.000000 0.379945 0.527526
569.000000 408.000000 0.781869 0.527526
148.000000 409.000000 -0.540086 0.530666
273.000000 409.000000 -0.147582 0.530666
211.000000 410.000000 -0.342264 0.533806
326.000000 410.000000 0.018840 0.533806
438.000000 410.000000 0.370524 0.533806
54.000000 411.000000 -0.835250 0.536946
243.000000 411.000000 -0.241783 0.536946
415.000000 411.000000 0.298304 0.536946
433.000000 411.000000 0.354824 0.536946
326.000000 412.000000 0.018840 0.540086
339.000000 412.000000 0.059661 0.540086
205.000000 413.000000 -0.361104 0.543226
223.000000 413.000000 -0.304584 0.543226
265.000000 413.000000 -0.172702 0.543226
288.000000 413.000000 -0.100481 0.543226
322.000000 413.000000 0.006280 0.543226
337.000000 413.000000 0.053381 0.543226
472.000000 413.000000 0.477286 0.543226
501.000000 413.000000 0.568347 0.543226
584.000000 413.000000 0.828970 0.543226
195.000000 414.000000 -0.392505 0.546366
240.000000 414.000000 -0.251203 0.546366
270.000000 414.000000 -0.157002 0.546366
313.000000 414.000000 -0.021980 0.546366
333.000000 414.000000 0.040820 0.546366
346.000000 414.000000 0.081641 0.546366
68.000000 415.000000 -0.791289 0.549506
242.000000 415.000000 -0.244923 0.549506
370.000000 415.000000 0.157002 0.549506
402.000000 415.000000 0.257483 0.549506
461.000000 415.000000 0.442745 0.549506
633.000000 415.000000 0.982832 0.549506
361.000000 416.000000 0.128742 0.552647
418.000000 416.000000 0.307724 0.552647
485.000000 416.000000 0.518106 0.552647
494.000000 416.000000 0.546366 0.552647
624.000000 416.000000 0.954571 0.552647
629.000000 416.000000 0.970271 0.552647
147.000000 417.000000 -0.543226 0.555787
153.000000 417.000000 -0.524386 0.555787
266.000000 417.000000 -0.169562 0.555787
316.000000 417.000000 -0.012560 0.555787
464.000000 417.000000 0.452165 0.555787
505.000000 417.000000 0.580907 0.555787
74.000000 418.000000 -0.772449 0.558927
205.000000 418.000000 -0.361104 0.558927
212.000000 418.000000 -0.339124 0.558927
301.000000 418.000000 -0.059661 0.558927
332.000000 418.000000 0.037680 0.558927
496.000000 418.000000 0.552647 0.558927
502.000000 418.000000 0.571487 0.558927
44.000000 419.000000 -0.866650 0.562067
64.000000 419.000000 -0.803850 0.562067
103.000000 419.000000 -0.681388 0.562067
218.000000 419.000000 -0.320284 0.562067
234.000000 419.000000 -0.270043 0.562067
297.000000 419.000000 -0.072221 0.562067
304.000000 419.000000 -0.050241 0.562067
313.000000 419.000000 -0.021980 0.562067
373.000000 419.000000 0.166422 0.562067
396.000000 419.000000 0.238643 0.562067
416.000000 419.000000 0.301444 0.562067
467.000000 419.000000 0.461585 0.562067
279.000000 420.000000 -0.128742 0.565207
333.000000 420.000000 0.040820 0.565207
3.000000 421.000000 -0.995392 0.568347
217.000000 421.000000 -0.323424 0.568347
235.000000 421.000000 -0.266903 0.568347
222.000000 422.000000 -0.307724 0.571487
326.000000 422.000000 0.018840 0.571487
374.000000 422.000000 0.169562 0.571487
206.000000 423.000000 -0.357964 0.574627
290.000000 423.000000 -0.094201 0.574627
380.000000 423.000000 0.188402 0.574627
404.000000 423.000000 0.263763 0.574627
479.000000 423.000000 0.499266 0.574627
624.000000 423.000000 0.954571 0.574627
109.000000 424.000000 -0.662548 0.577767
8.000000 425.000000 -0.979692 0.580907
38.000000 425.000000 -0.885490 0.580907
89.000000 425.000000 -0.725349 0.580907
195.000000 425.000000 -0.392505 0.580907
210.000000 425.000000 -0.345404 0.580907
322.000000 425.000000 0.006280 0.580907
340.000000 425.000000 0.062801 0.580907
422.000000 425.000000 0.320284 0.580907
449.000000 425.000000 0.405065 0.580907
476.000000 425.000000 0.489846 0.580907
527.000000 425.000000 0.649988 0.580907
618.000000 425.000000 0.935731 0.580907
372.000000 426.000000 0.163282 0.584047
380.000000 426.000000 0.188402 0.584047
388.000000 426.000000 0.213523 0.584047
406.000000 426.000000 0.270043 0.584047
201.000000 427.000000 -0.373664 0.587187
296.000000 427.000000 -0.075361 0.587187
367.000000 427.000000 0.147582 0.587187
393.000000 427.000000 0.229223 0.587187
413.000000 427.000000 0.292023 0.587187
220.000000 429.000000 -0.314004 0.593467
246.000000 429.000000 -0.232363 0.593467
255.000000 429.000000 -0.204102 0.593467
316.000000 429.000000 -0.012560 0.593467
354.000000 429.000000 0.106761 0.593467
392.000000 429.000000 0.226083 0.593467
451.000000 429.000000 0.411345 0.593467
105.000000 430.000000 -0.675108 0.596607
435.000000 430.000000 0.361104 0.596607
300.000000 431.000000 -0.062801 0.599747
354.000000 431.000000 0.106761 0.599747
422.000000 431.000000 0.320284 0.599747
484.000000 431.000000 0.514966 0.599747
243.000000 432.000000 -0.241783 0.602887
326.000000 432.000000 0.018840 0.602887
365.000000 432.000000 0.141302 0.602887
419.000000 432.000000 0.310864 0.602887
446.000000 432.000000 0.395645 0.602887
272.000000 433.000000 -0.150722 0.606027
478.000000 433.000000 0.496126 0.606027
520.000000 433.000000 0.628007 0.606027
535.000000 433.000000 0.675108 0.606027
574.000000 433.000000 0.797569 0.606027
589.000000 433.000000 0.844670 0.606027
79.000000 434.000000 -0.756749 0.609167
201.000000 434.000000 -0.373664 0.609167
329.000000 434.000000 0.028260 0.609167
142.000000 435.000000 -0.558927 0.612307
324.000000 436.000000 0.012560 0.615447
338.000000 436.000000 0.056521 0.615447
378.000000 436.000000 0.182122 0.615447
146.000000 437.000000 -0.546366 0.618587
233.000000 437.000000 -0.273183 0.618587
287.000000 437.000000 -0.103621 0.618587
312.000000 437.000000 -0.025120 0.618587
327.000000 437.000000 0.021980 0.618587
400.000000 437.000000 0.251203 0.618587
433.000000 437.000000 0.354824 0.618587
497.000000 437.000000 0.555787 0.618587
158.000000 438.000000 -0.508686 0.621727
290.000000 438.000000 -0.094201 0.621727
349.000000 438.000000 0.091061 0.621727
402.000000 438.000000 0.257483 0.621727
465.000000 438.000000 0.455305 0.621727
500.000000 438.000000 0.565207 0.621727
518.000000 438.000000 0.621727 0.621727
284.000000 439.000000 -0.113041 0.624867
347.000000 439.000000 0.084781 0.624867
610.000000 439.000000 0.910611 0.624867
189.000000 440.000000 -0.411345 0.628007
259.000000 440.000000 -0.191542 0.628007
338.000000 440.000000 0.056521 0.628007
615.000000 440.000000 0.926311 0.628007
252.000000 441.000000 -0.213523 0.631147
284.000000 441.000000 -0.113041 0.631147
462.000000 441.000000 0.445885 0.631147
598.000000 441.000000 0.872930 0.631147
9.000000 442.000000 -0.976552 0.634288
205.000000 442.000000 -0.361104 0.634288
310.000000 442.000000 -0.031400 0.634288
328.000000 442.000000 0.025120 0.634288
340.000000 442.000000 0.062801 0.634288
209.000000 443.000000 -0.348544 0.637428
284.000000 443.000000 -0.113041 0.637428
289.000000 443.000000 -0.097341 0.637428
409.000000 443.000000 0.279463 0.637428
500.000000 443.000000 0.565207 0.637428
389.000000 444.000000 0.216663 0.640568
205.000000 445.000000 -0.361104 0.643708
247.000000 445.000000 -0.229223 0.643708
367.000000 445.000000 0.147582 0.643708
369.000000 446.000000 0.153862 0.646848
406.000000 446.000000 0.270043 0.646848
171.000000 447.000000 -0.467866 0.649988
202.000000 447.000000 -0.370524 0.649988
335.000000 447.000000 0.047101 0.649988
176.000000 448.000000 -0.452165 0.653128
222.000000 448.000000 -0.307724 0.653128
298.000000 448.000000 -0.069081 0.653128
172.000000 449.000000 -0.464725 0.656268
331.000000 449.000000 0.034540 0.656268
381.000000 449.000000 0.191542 0.656268
536.000000 449.000000 0.678248 0.656268
586.000000 449.000000 0.835250 0.656268
198.000000 450.000000 -0.383085 0.659408
378.000000 450.000000 0.182122 0.659408
262.000000 451.000000 -0.182122 0.662548
291.000000 451.000000 -0.091061 0.662548
404.000000 451.000000 0.263763 0.662548
486.000000 451.000000 0.521246 0.662548
525.000000 451.000000 0.643708 0.662548
297.000000 452.000000 -0.072221 0.665688
385.000000 453.000000 0.204102 0.668828
268.000000 454.000000 -0.163282 0.671968
360.000000 454.000000 0.125601 0.671968
387.000000 454.000000 0.210382 0.671968
428.000000 454.000000 0.339124 0.671968
49.000000 455.000000 -0.850950 0.675108
301.000000 455.000000 -0.059661 0.675108
13.000000 456.000000 -0.963991 0.678248
205.000000 456.000000 -0.361104 0.678248
277.000000 456.000000 -0.135022 0.678248
316.000000 456.000000 -0.012560 0.678248
348.000000 456.000000 0.087921 0.678248
376.000000 456.000000 0.175842 0.678248
388.000000 456.000000 0.213523 0.678248
390.000000 456.000000 0.219803 0.678248
557.000000 457.000000 0.744189 0.681388
193.000000 458.000000 -0.398785 0.684528
342.000000 458.000000 0.069081 0.684528
460.000000 458.000000 0.439605 0.684528
245.000000 459.000000 -0.235503 0.687668
345.000000 459.000000 0.078501 0.687668
381.000000 459.000000 0.191542 0.687668
450.000000 459.000000 0.408205 0.687668
465.000000 459.000000 0.455305 0.687668
253.000000 461.000000 -0.210382 0.693948
282.000000 461.000000 -0.119321 0.693948
426.000000 461.000000 0.332844 0.693948
250.000000 462.000000 -0.219803 0.697088
416.000000 462.000000 0.301444 0.697088
499.000000 462.000000 0.562067 0.697088
50.000000 463.000000 -0.847810 0.700228
200.000000 463.000000 -0.376804 0.700228
260.000000 463.000000 -0.188402 0.700228
304.000000 463.000000 -0.050241 0.700228
365.000000 463.000000 0.141302 0.700228
149.000000 464.000000 -0.536946 0.703368
356.000000 464.000000 0.113041 0.703368
463.000000 464.000000 0.449025 0.703368
466.000000 464.000000 0.458445 0.703368
621.000000 464.000000 0.945151 0.703368
260.000000 465.000000 -0.188402 0.706508
383.000000 465.000000 0.197822 0.706508
516.000000 465.000000 0.615447 0.706508
533.000000 465.000000 0.668828 0.706508
238.000000 466.000000 -0.257483 0.709648
281.000000 466.000000 -0.122461 0.709648
300.000000 466.000000 -0.062801 0.709648
361.000000 466.000000 0.128742 0.709648
455.000000 466.000000 0.423905 0.709648
458.000000 466.000000 0.433325 0.709648
580.000000 466.000000 0.816410 0.709648
40.000000 467.000000 -0.879210 0.712788
226.000000 467.000000 -0.295163 0.712788
264.000000 467.000000 -0.175842 0.712788
350.000000 467.000000 0.094201 0.712788
368.000000 467.000000 0.150722 0.712788
428.000000 467.000000 0.339124 0.712788
615.000000 467.000000 0.926311 0.712788
48.000000 469.000000 -0.854090 0.719069
285.000000 469.000000 -0.109901 0.719069
406.000000 469.000000 0.270043 0.719069
416.000000 469.000000 0.301444 0.719069
578.000000 469.000000 0.810130 0.719069
147.000000 470.000000 -0.543226 0.722209
281.000000 470.000000 -0.122461 0.722209
431.000000 470.000000 0.348544 0.722209
585.000000 470.000000 0.832110 0.722209
274.000000 471.000000 -0.144442 0.725349
381.000000 471.000000 0.191542 0.725349
437.000000 471.000000 0.367384 0.725349
296.000000 472.000000 -0.075361 0.728489
334.000000 472.000000 0.043961 0.728489
391.000000 472.000000 0.222943 0.728489
420.000000 472.000000 0.314004 0.728489
188.000000 473.000000 -0.414485 0.731629
257.000000 473.000000 -0.197822 0.731629
274.000000 473.000000 -0.144442 0.731629
338.000000 473.000000 0.056521 0.731629
436.000000 473.000000 0.364244 0.731629
248.000000 474.000000 -0.226083 0.734769
345.000000 474.000000 0.078501 0.734769
394.000000 474.000000 0.232363 0.734769
300.000000 475.000000 -0.062801 0.737909
364.000000 475.000000 0.138162 0.737909
435.000000 475.000000 0.361104 0.737909
229.000000 476.000000 -0.285743 0.741049
296.000000 476.000000 -0.075361 0.741049
431.000000 476.000000 0.348544 0.741049
