361.000000 3.000000 0.128742 -0.744189
555.000000 4.000000 0.737909 -0.741049
624.000000 7.000000 0.954571 -0.731629
353.000000 8.000000 0.103621 -0.728489
362.000000 9.000000 0.131882 -0.725349
597.000000 10.000000 0.869790 -0.722209
353.000000 11.000000 0.103621 -0.719069
519.000000 13.000000 0.624867 -0.712788
353.000000 14.000000 0.103621 -0.709648
363.000000 14.000000 0.135022 -0.709648
585.000000 15.000000 0.832110 -0.706508
353.000000 16.000000 0.103621 -0.703368
585.000000 17.000000 0.832110 -0.700228
353.000000 19.000000 0.103621 -0.693948
364.000000 19.000000 0.138162 -0.693948
552.000000 19.000000 0.728489 -0.693948
633.000000 21.000000 0.982832 -0.687668
353.000000 22.000000 0.103621 -0.684528
355.000000 22.000000 0.109901 -0.684528
438.000000 22.000000 0.370524 -0.684528
627.000000 23.000000 0.963991 -0.681388
633.000000 23.000000 0.982832 -0.681388
428.000000 24.000000 0.339124 -0.678248
465.000000 24.000000 0.455305 -0.678248
549.000000 24.000000 0.719069 -0.678248
620.000000 24.000000 0.942011 -0.678248
365.000000 25.000000 0.141302 -0.675108
546.000000 25.000000 0.709648 -0.675108
601.000000 27.000000 0.882350 -0.668828
635.000000 27.000000 0.989112 -0.668828
423.000000 28.000000 0.323424 -0.665688
479.000000 28.000000 0.499266 -0.665688
557.000000 28.000000 0.744189 -0.665688
621.000000 28.000000 0.945151 -0.665688
434.000000 29.000000 0.357964 -0.662548
593.000000 29.000000 0.857230 -0.662548
366.000000 30.000000 0.144442 -0.659408
613.000000 30.000000 0.920031 -0.659408
615.000000 31.000000 0.926311 -0.656268
437.000000 32.000000 0.367384 -0.653128
424.000000 33.000000 0.326564 -0.649988
615.000000 34.000000 0.926311 -0.646848
367.000000 35.000000 0.147582 -0.643708
371.000000 35.000000 0.160142 -0.643708
436.000000 35.000000 0.364244 -0.643708
358.000000 36.000000 0.119321 -0.640568
369.000000 39.000000 0.153862 -0.631147
367.000000 41.000000 0.147582 -0.624867
380.000000 41.000000 0.188402 -0.624867
411.000000 41.000000 0.285743 -0.624867
592.000000 42.000000 0.854090 -0.621727
621.000000 42.000000 0.945151 -0.621727
598.000000 45.000000 0.872930 -0.612307
575.000000 46.000000 0.800709 -0.609167
627.000000 46.000000 0.963991 -0.609167
478.000000 47.000000 0.496126 -0.606027
619.000000 48.000000 0.938871 -0.602887
353.000000 49.000000 0.103621 -0.599747
419.000000 50.000000 0.310864 -0.596607
478.000000 50.000000 0.496126 -0.596607
353.000000 51.000000 0.103621 -0.593467
444.000000 51.000000 0.389365 -0.593467
498.000000 51.000000 0.558927 -0.593467
546.000000 51.000000 0.709648 -0.593467
607.000000 51.000000 0.901191 -0.593467
620.000000 51.000000 0.942011 -0.593467
352.000000 54.000000 0.100481 -0.584047
451.000000 54.000000 0.411345 -0.584047
591.000000 54.000000 0.850950 -0.584047
565.000000 57.000000 0.769309 -0.574627
409.000000 62.000000 0.279463 -0.558927
417.000000 62.000000 0.304584 -0.558927
436.000000 62.000000 0.364244 -0.558927
400.000000 63.000000 0.251203 -0.555787
619.000000 63.000000 0.938871 -0.555787
391.000000 64.000000 0.222943 -0.552647
522.000000 64.000000 0.634288 -0.552647
365.000000 65.000000 0.141302 -0.549506
382.000000 65.000000 0.194682 -0.549506
428.000000 65.000000 0.339124 -0.549506
444.000000 65.000000 0.389365 -0.549506
452.000000 65.000000 0.414485 -0.549506
374.000000 66.000000 0.169562 -0.546366
437.000000 66.000000 0.367384 -0.546366
590.000000 67.000000 0.847810 -0.543226
366.000000 69.000000 0.144442 -0.536946
435.000000 70.000000 0.361104 -0.533806
475.000000 71.000000 0.486706 -0.530666
477.000000 72.000000 0.492986 -0.527526
479.000000 72.000000 0.499266 -0.527526
612.000000 72.000000 0.916891 -0.527526
526.000000 73.000000 0.646848 -0.524386
586.000000 73.000000 0.835250 -0.524386
595.000000 73.000000 0.863510 -0.524386
484.000000 74.000000 0.514966 -0.521246
631.000000 75.000000 0.976552 -0.518106
587.000000 77.000000 0.838390 -0.511826
570.000000 78.000000 0.785009 -0.508686
575.000000 78.000000 0.800709 -0.508686
575.000000 81.000000 0.800709 -0.499266
580.000000 81.000000 0.816410 -0.499266
447.000000 82.000000 0.398785 -0.496126
588.000000 84.000000 0.841530 -0.489846
585.000000 85.000000 0.832110 -0.486706
352.000000 86.000000 0.100481 -0.483566
569.000000 86.000000 0.781869 -0.483566
574.000000 86.000000 0.797569 -0.483566
588.000000 86.000000 0.841530 -0.483566
554.000000 87.000000 0.734769 -0.480426
565.000000 88.000000 0.769309 -0.477286
571.000000 88.000000 0.788149 -0.477286
555.000000 89.000000 0.737909 -0.474146
423.000000 90.000000 0.323424 -0.471006
549.000000 90.000000 0.719069 -0.471006
413.000000 91.000000 0.292023 -0.467866
456.000000 91.000000 0.427045 -0.467866
401.000000 92.000000 0.254343 -0.464725
627.000000 92.000000 0.963991 -0.464725
380.000000 93.000000 0.188402 -0.461585
390.000000 93.000000 0.219803 -0.461585
366.000000 95.000000 0.144442 -0.455305
369.000000 95.000000 0.153862 -0.455305
374.000000 95.000000 0.169562 -0.455305
583.000000 95.000000 0.825830 -0.455305
436.000000 96.000000 0.364244 -0.452165
580.000000 96.000000 0.816410 -0.452165
630.000000 96.000000 0.973412 -0.452165
556.000000 97.000000 0.741049 -0.449025
595.000000 99.000000 0.863510 -0.442745
473.000000 100.000000 0.480426 -0.439605
593.000000 100.000000 0.857230 -0.439605
435.000000 101.000000 0.361104 -0.436465
554.000000 101.000000 0.734769 -0.436465
615.000000 101.000000 0.926311 -0.436465
634.000000 101.000000 0.985972 -0.436465
374.000000 102.000000 0.169562 -0.433325
556.000000 102.000000 0.741049 -0.433325
554.000000 103.000000 0.734769 -0.430185
630.000000 103.000000 0.973412 -0.430185
585.000000 104.000000 0.832110 -0.427045
434.000000 105.000000 0.357964 -0.423905
597.000000 107.000000 0.869790 -0.417625
628.000000 107.000000 0.967131 -0.417625
595.000000 108.000000 0.863510 -0.414485
593.000000 109.000000 0.857230 -0.411345
435.000000 111.000000 0.361104 -0.405065
568.000000 111.000000 0.778729 -0.405065
558.000000 112.000000 0.747329 -0.401925
587.000000 112.000000 0.838390 -0.401925
599.000000 113.000000 0.876070 -0.398785
541.000000 114.000000 0.693948 -0.395645
362.000000 115.000000 0.131882 -0.392505
481.000000 115.000000 0.505546 -0.392505
635.000000 115.000000 0.989112 -0.392505
630.000000 116.000000 0.973412 -0.389365
363.000000 117.000000 0.135022 -0.386225
410.000000 119.000000 0.282603 -0.379945
601.000000 119.000000 0.882350 -0.379945
634.000000 119.000000 0.985972 -0.379945
397.000000 120.000000 0.241783 -0.376804
456.000000 120.000000 0.427045 -0.376804
569.000000 120.000000 0.781869 -0.376804
609.000000 120.000000 0.907471 -0.376804
383.000000 121.000000 0.197822 -0.373664
575.000000 121.000000 0.800709 -0.373664
370.000000 122.000000 0.157002 -0.370524
453.000000 122.000000 0.417625 -0.370524
503.000000 122.000000 0.574627 -0.370524
584.000000 122.000000 0.828970 -0.370524
626.000000 122.000000 0.960851 -0.370524
401.000000 123.000000 0.254343 -0.367384
395.000000 126.000000 0.235503 -0.357964
435.000000 126.000000 0.361104 -0.357964
597.000000 126.000000 0.869790 -0.357964
611.000000 127.000000 0.913751 -0.354824
534.000000 129.000000 0.671968 -0.348544
557.000000 129.000000 0.744189 -0.348544
611.000000 129.000000 0.913751 -0.348544
352.000000 131.000000 0.100481 -0.342264
401.000000 133.000000 0.254343 -0.335984
607.000000 133.000000 0.901191 -0.335984
376.000000 134.000000 0.175842 -0.332844
474.000000 134.000000 0.483566 -0.332844
609.000000 135.000000 0.907471 -0.329704
435.000000 136.000000 0.361104 -0.326564
461.000000 136.000000 0.442745 -0.326564
603.000000 136.000000 0.888631 -0.326564
373.000000 137.000000 0.166422 -0.323424
401.000000 137.000000 0.254343 -0.323424
636.000000 137.000000 0.992252 -0.323424
435.000000 138.000000 0.361104 -0.320284
601.000000 140.000000 0.882350 -0.314004
574.000000 142.000000 0.797569 -0.307724
376.000000 143.000000 0.175842 -0.304584
419.000000 143.000000 0.310864 -0.304584
366.000000 144.000000 0.144442 -0.301444
558.000000 144.000000 0.747329 -0.301444
362.000000 145.000000 0.131882 -0.298304
383.000000 145.000000 0.197822 -0.298304
388.000000 145.000000 0.213523 -0.298304
507.000000 145.000000 0.587187 -0.298304
379.000000 146.000000 0.185262 -0.295163
415.000000 146.000000 0.298304 -0.295163
423.000000 146.000000 0.323424 -0.295163
450.000000 146.000000 0.408205 -0.295163
513.000000 146.000000 0.606027 -0.295163
534.000000 146.000000 0.671968 -0.295163
598.000000 146.000000 0.872930 -0.295163
387.000000 147.000000 0.210382 -0.292023
383.000000 148.000000 0.197822 -0.288883
423.000000 148.000000 0.323424 -0.288883
612.000000 148.000000 0.916891 -0.288883
420.000000 149.000000 0.314004 -0.285743
581.000000 149.000000 0.819550 -0.285743
365.000000 150.000000 0.141302 -0.282603
372.000000 150.000000 0.163282 -0.282603
377.000000 150.000000 0.178982 -0.282603
533.000000 151.000000 0.668828 -0.279463
376.000000 152.000000 0.175842 -0.276323
386.000000 152.000000 0.207242 -0.276323
388.000000 152.000000 0.213523 -0.276323
394.000000 152.000000 0.232363 -0.276323
473.000000 152.000000 0.480426 -0.276323
600.000000 152.000000 0.879210 -0.276323
374.000000 153.000000 0.169562 -0.273183
426.000000 153.000000 0.332844 -0.273183
452.000000 153.000000 0.414485 -0.273183
525.000000 153.000000 0.643708 -0.273183
537.000000 153.000000 0.681388 -0.273183
378.000000 154.000000 0.182122 -0.270043
391.000000 154.000000 0.222943 -0.270043
394.000000 154.000000 0.232363 -0.270043
374.000000 155.000000 0.169562 -0.266903
595.000000 157.000000 0.863510 -0.260623
381.000000 159.000000 0.191542 -0.254343
390.000000 160.000000 0.219803 -0.251203
422.000000 160.000000 0.320284 -0.251203
448.000000 160.000000 0.401925 -0.251203
617.000000 160.000000 0.932591 -0.251203
375.000000 161.000000 0.172702 -0.248063
401.000000 161.000000 0.254343 -0.248063
433.000000 161.000000 0.354824 -0.248063
459.000000 161.000000 0.436465 -0.248063
478.000000 161.000000 0.496126 -0.248063
587.000000 161.000000 0.838390 -0.248063
377.000000 162.000000 0.178982 -0.244923
380.000000 162.000000 0.188402 -0.244923
382.000000 162.000000 0.194682 -0.244923
390.000000 162.000000 0.219803 -0.244923
421.000000 162.000000 0.317144 -0.244923
438.000000 162.000000 0.370524 -0.244923
451.000000 162.000000 0.411345 -0.244923
470.000000 162.000000 0.471006 -0.244923
488.000000 162.000000 0.527526 -0.244923
412.000000 163.000000 0.288883 -0.241783
446.000000 163.000000 0.395645 -0.241783
456.000000 163.000000 0.427045 -0.241783
478.000000 163.000000 0.496126 -0.241783
494.000000 163.000000 0.546366 -0.241783
540.000000 163.000000 0.690808 -0.241783
610.000000 163.000000 0.910611 -0.241783
352.000000 164.000000 0.100481 -0.238643
401.000000 164.000000 0.254343 -0.238643
418.000000 164.000000 0.307724 -0.238643
422.000000 164.000000 0.320284 -0.238643
429.000000 164.000000 0.342264 -0.238643
587.000000 164.000000 0.838390 -0.238643
599.000000 164.000000 0.876070 -0.238643
349.000000 165.000000 0.091061 -0.235503
361.000000 165.000000 0.128742 -0.235503
367.000000 165.000000 0.147582 -0.235503
397.000000 165.000000 0.241783 -0.235503
354.000000 166.000000 0.106761 -0.232363
363.000000 166.000000 0.135022 -0.232363
402.000000 166.000000 0.257483 -0.232363
404.000000 166.000000 0.263763 -0.232363
477.000000 166.000000 0.492986 -0.232363
575.000000 166.000000 0.800709 -0.232363
621.000000 166.000000 0.945151 -0.232363
349.000000 167.000000 0.091061 -0.229223
382.000000 167.000000 0.194682 -0.229223
458.000000 167.000000 0.433325 -0.229223
552.000000 167.000000 0.728489 -0.229223
364.000000 168.000000 0.138162 -0.226083
399.000000 168.000000 0.248063 -0.226083
401.000000 168.000000 0.254343 -0.226083
405.000000 168.000000 0.266903 -0.226083
409.000000 168.000000 0.279463 -0.226083
424.000000 168.000000 0.326564 -0.226083
461.000000 168.000000 0.442745 -0.226083
329.000000 169.000000 0.028260 -0.222943
413.000000 169.000000 0.292023 -0.222943
590.000000 169.000000 0.847810 -0.222943
602.000000 169.000000 0.885490 -0.222943
625.000000 169.000000 0.957711 -0.222943
418.000000 170.000000 0.307724 -0.219803
568.000000 170.000000 0.778729 -0.219803
600.000000 170.000000 0.879210 -0.219803
356.000000 171.000000 0.113041 -0.216663
392.000000 171.000000 0.226083 -0.216663
398.000000 171.000000 0.244923 -0.216663
400.000000 171.000000 0.251203 -0.216663
437.000000 171.000000 0.367384 -0.216663
586.000000 171.000000 0.835250 -0.216663
620.000000 171.000000 0.942011 -0.216663
366.000000 172.000000 0.144442 -0.213523
377.000000 172.000000 0.178982 -0.213523
388.000000 172.000000 0.213523 -0.213523
484.000000 172.000000 0.514966 -0.213523
630.000000 172.000000 0.973412 -0.213523
82.000000 173.000000 -0.747329 -0.210382
338.000000 173.000000 0.056521 -0.210382
421.000000 173.000000 0.317144 -0.210382
425.000000 173.000000 0.329704 -0.210382
376.000000 174.000000 0.175842 -0.207242
385.000000 174.000000 0.204102 -0.207242
393.000000 174.000000 0.229223 -0.207242
395.000000 174.000000 0.235503 -0.207242
428.000000 174.000000 0.339124 -0.207242
368.000000 175.000000 0.150722 -0.204102
372.000000 175.000000 0.163282 -0.204102
401.000000 175.000000 0.254343 -0.204102
420.000000 175.000000 0.314004 -0.204102
424.000000 175.000000 0.326564 -0.204102
507.000000 175.000000 0.587187 -0.204102
609.000000 175.000000 0.907471 -0.204102
44.000000 176.000000 -0.866650 -0.200962
84.000000 176.000000 -0.741049 -0.200962
413.000000 176.000000 0.292023 -0.200962
598.000000 176.000000 0.872930 -0.200962
81.000000 177.000000 -0.750469 -0.197822
88.000000 177.000000 -0.728489 -0.197822
95.000000 177.000000 -0.706508 -0.197822
97.000000 177.000000 -0.700228 -0.197822
354.000000 177.000000 0.106761 -0.197822
364.000000 177.000000 0.138162 -0.197822
416.000000 177.000000 0.301444 -0.197822
435.000000 177.000000 0.361104 -0.197822
444.000000 177.000000 0.389365 -0.197822
448.000000 177.000000 0.401925 -0.197822
455.000000 177.000000 0.423905 -0.197822
470.000000 177.000000 0.471006 -0.197822
58.000000 178.000000 -0.822690 -0.194682
60.000000 178.000000 -0.816410 -0.194682
64.000000 178.000000 -0.803850 -0.194682
69.000000 178.000000 -0.788149 -0.194682
103.000000 178.000000 -0.681388 -0.194682
84.000000 179.000000 -0.741049 -0.191542
122.000000 179.000000 -0.621727 -0.191542
124.000000 179.000000 -0.615447 -0.191542
435.000000 179.000000 0.361104 -0.191542
617.000000 179.000000 0.932591 -0.191542
52.000000 180.000000 -0.841530 -0.188402
397.000000 180.000000 0.241783 -0.188402
433.000000 180.000000 0.354824 -0.188402
442.000000 180.000000 0.383085 -0.188402
548.000000 180.000000 0.715928 -0.188402
606.000000 180.000000 0.898051 -0.188402
73.000000 181.000000 -0.775589 -0.185262
413.000000 181.000000 0.292023 -0.185262
420.000000 181.000000 0.314004 -0.185262
436.000000 181.000000 0.364244 -0.185262
447.000000 181.000000 0.398785 -0.185262
569.000000 181.000000 0.781869 -0.185262
86.000000 182.000000 -0.734769 -0.182122
380.000000 182.000000 0.188402 -0.182122
386.000000 182.000000 0.207242 -0.182122
397.000000 182.000000 0.241783 -0.182122
430.000000 182.000000 0.345404 -0.182122
601.000000 182.000000 0.882350 -0.182122
617.000000 182.000000 0.932591 -0.182122
625.000000 182.000000 0.957711 -0.182122
629.000000 182.000000 0.970271 -0.182122
636.000000 182.000000 0.992252 -0.182122
52.000000 183.000000 -0.841530 -0.178982
73.000000 183.000000 -0.775589 -0.178982
76.000000 183.000000 -0.766169 -0.178982
79.000000 183.000000 -0.756749 -0.178982
84.000000 184.000000 -0.741049 -0.175842
354.000000 184.000000 0.106761 -0.175842
356.000000 184.000000 0.113041 -0.175842
358.000000 184.000000 0.119321 -0.175842
367.000000 184.000000 0.147582 -0.175842
371.000000 184.000000 0.160142 -0.175842
87.000000 185.000000 -0.731629 -0.172702
374.000000 185.000000 0.169562 -0.172702
437.000000 185.000000 0.367384 -0.172702
444.000000 185.000000 0.389365 -0.172702
446.000000 185.000000 0.395645 -0.172702
484.000000 185.000000 0.514966 -0.172702
604.000000 185.000000 0.891771 -0.172702
611.000000 185.000000 0.913751 -0.172702
45.000000 186.000000 -0.863510 -0.169562
85.000000 186.000000 -0.737909 -0.169562
354.000000 186.000000 0.106761 -0.169562
368.000000 186.000000 0.150722 -0.169562
440.000000 186.000000 0.376804 -0.169562
502.000000 186.000000 0.571487 -0.169562
552.000000 186.000000 0.728489 -0.169562
636.000000 186.000000 0.992252 -0.169562
89.000000 187.000000 -0.725349 -0.166422
212.000000 187.000000 -0.339124 -0.166422
233.000000 187.000000 -0.273183 -0.166422
415.000000 187.000000 0.298304 -0.166422
420.000000 187.000000 0.314004 -0.166422
606.000000 187.000000 0.898051 -0.166422
83.000000 188.000000 -0.744189 -0.163282
107.000000 188.000000 -0.668828 -0.163282
115.000000 188.000000 -0.643708 -0.163282
120.000000 188.000000 -0.628007 -0.163282
217.000000 188.000000 -0.323424 -0.163282
225.000000 188.000000 -0.298304 -0.163282
241.000000 188.000000 -0.248063 -0.163282
366.000000 188.000000 0.144442 -0.163282
379.000000 188.000000 0.185262 -0.163282
389.000000 188.000000 0.216663 -0.163282
403.000000 188.000000 0.260623 -0.163282
476.000000 188.000000 0.489846 -0.163282
604.000000 188.000000 0.891771 -0.163282
228.000000 189.000000 -0.288883 -0.160142
233.000000 189.000000 -0.273183 -0.160142
357.000000 189.000000 0.116181 -0.160142
364.000000 189.000000 0.138162 -0.160142
383.000000 189.000000 0.197822 -0.160142
399.000000 189.000000 0.248063 -0.160142
424.000000 189.000000 0.326564 -0.160142
430.000000 189.000000 0.345404 -0.160142
598.000000 189.000000 0.872930 -0.160142
213.000000 190.000000 -0.335984 -0.157002
216.000000 190.000000 -0.326564 -0.157002
378.000000 190.000000 0.182122 -0.157002
406.000000 190.000000 0.270043 -0.157002
417.000000 190.000000 0.304584 -0.157002
475.000000 190.000000 0.486706 -0.157002
496.000000 190.000000 0.552647 -0.157002
554.000000 190.000000 0.734769 -0.157002
622.000000 190.000000 0.948291 -0.157002
229.000000 191.000000 -0.285743 -0.153862
291.000000 191.000000 -0.091061 -0.153862
599.000000 191.000000 0.876070 -0.153862
612.000000 191.000000 0.916891 -0.153862
627.000000 191.000000 0.963991 -0.153862
234.000000 192.000000 -0.270043 -0.150722
277.000000 192.000000 -0.135022 -0.150722
284.000000 192.000000 -0.113041 -0.150722
391.000000 192.000000 0.222943 -0.150722
476.000000 192.000000 0.489846 -0.150722
482.000000 192.000000 0.508686 -0.150722
486.000000 192.000000 0.521246 -0.150722
542.000000 192.000000 0.697088 -0.150722
553.000000 192.000000 0.731629 -0.150722
569.000000 192.000000 0.781869 -0.150722
580.000000 192.000000 0.816410 -0.150722
590.000000 192.000000 0.847810 -0.150722
213.000000 193.000000 -0.335984 -0.147582
413.000000 193.000000 0.292023 -0.147582
417.000000 193.000000 0.304584 -0.147582
560.000000 193.000000 0.753609 -0.147582
606.000000 193.000000 0.898051 -0.147582
575.000000 194.000000 0.800709 -0.144442
604.000000 194.000000 0.891771 -0.144442
216.000000 195.000000 -0.326564 -0.141302
234.000000 195.000000 -0.270043 -0.141302
269.000000 195.000000 -0.160142 -0.141302
278.000000 195.000000 -0.131882 -0.141302
291.000000 195.000000 -0.091061 -0.141302
309.000000 195.000000 -0.034540 -0.141302
318.000000 195.000000 -0.006280 -0.141302
322.000000 195.000000 0.006280 -0.141302
408.000000 195.000000 0.276323 -0.141302
411.000000 195.000000 0.285743 -0.141302
416.000000 195.000000 0.301444 -0.141302
429.000000 195.000000 0.342264 -0.141302
456.000000 195.000000 0.427045 -0.141302
461.000000 195.000000 0.442745 -0.141302
519.000000 195.000000 0.624867 -0.141302
563.000000 195.000000 0.763029 -0.141302
572.000000 195.000000 0.791289 -0.141302
592.000000 195.000000 0.854090 -0.141302
32.000000 196.000000 -0.904331 -0.138162
37.000000 196.000000 -0.888631 -0.138162
253.000000 196.000000 -0.210382 -0.138162
266.000000 196.000000 -0.169562 -0.138162
276.000000 196.000000 -0.138162 -0.138162
496.000000 196.000000 0.552647 -0.138162
604.000000 196.000000 0.891771 -0.138162
128.000000 197.000000 -0.602887 -0.135022
134.000000 197.000000 -0.584047 -0.135022
144.000000 197.000000 -0.552647 -0.135022
146.000000 197.000000 -0.546366 -0.135022
149.000000 197.000000 -0.536946 -0.135022
152.000000 197.000000 -0.527526 -0.135022
154.000000 197.000000 -0.521246 -0.135022
203.000000 197.000000 -0.367384 -0.135022
224.000000 197.000000 -0.301444 -0.135022
269.000000 197.000000 -0.160142 -0.135022
388.000000 197.000000 0.213523 -0.135022
435.000000 197.000000 0.361104 -0.135022
131.000000 198.000000 -0.593467 -0.131882
169.000000 198.000000 -0.474146 -0.131882
220.000000 198.000000 -0.314004 -0.131882
290.000000 198.000000 -0.094201 -0.131882
323.000000 198.000000 0.009420 -0.131882
366.000000 198.000000 0.144442 -0.131882
403.000000 198.000000 0.260623 -0.131882
415.000000 198.000000 0.298304 -0.131882
478.000000 198.000000 0.496126 -0.131882
602.000000 198.000000 0.885490 -0.131882
175.000000 199.000000 -0.455305 -0.128742
183.000000 199.000000 -0.430185 -0.128742
189.000000 199.000000 -0.411345 -0.128742
207.000000 199.000000 -0.354824 -0.128742
212.000000 199.000000 -0.339124 -0.128742
279.000000 199.000000 -0.128742 -0.128742
310.000000 199.000000 -0.031400 -0.128742
378.000000 199.000000 0.182122 -0.128742
496.000000 199.000000 0.552647 -0.128742
549.000000 199.000000 0.719069 -0.128742
553.000000 199.000000 0.731629 -0.128742
555.000000 199.000000 0.737909 -0.128742
634.000000 199.000000 0.985972 -0.128742
33.000000 200.000000 -0.901191 -0.125601
177.000000 200.000000 -0.449025 -0.125601
196.000000 200.000000 -0.389365 -0.125601
218.000000 200.000000 -0.320284 -0.125601
221.000000 200.000000 -0.310864 -0.125601
226.000000 200.000000 -0.295163 -0.125601
252.000000 200.000000 -0.213523 -0.125601
270.000000 200.000000 -0.157002 -0.125601
276.000000 200.000000 -0.138162 -0.125601
386.000000 200.000000 0.207242 -0.125601
395.000000 200.000000 0.235503 -0.125601
401.000000 200.000000 0.254343 -0.125601
407.000000 200.000000 0.273183 -0.125601
409.000000 200.000000 0.279463 -0.125601
420.000000 200.000000 0.314004 -0.125601
577.000000 200.000000 0.806990 -0.125601
594.000000 200.000000 0.860370 -0.125601
128.000000 201.000000 -0.602887 -0.122461
215.000000 201.000000 -0.329704 -0.122461
309.000000 201.000000 -0.034540 -0.122461
353.000000 201.000000 0.103621 -0.122461
417.000000 201.000000 0.304584 -0.122461
583.000000 201.000000 0.825830 -0.122461
177.000000 202.000000 -0.449025 -0.119321
226.000000 202.000000 -0.295163 -0.119321
253.000000 202.000000 -0.210382 -0.119321
328.000000 202.000000 0.025120 -0.119321
368.000000 202.000000 0.150722 -0.119321
380.000000 202.000000 0.188402 -0.119321
402.000000 202.000000 0.257483 -0.119321
404.000000 202.000000 0.263763 -0.119321
409.000000 202.000000 0.279463 -0.119321
429.000000 202.000000 0.342264 -0.119321
431.000000 202.000000 0.348544 -0.119321
512.000000 202.000000 0.602887 -0.119321
516.000000 202.000000 0.615447 -0.119321
541.000000 202.000000 0.693948 -0.119321
547.000000 202.000000 0.712788 -0.119321
198.000000 203.000000 -0.383085 -0.116181
214.000000 203.000000 -0.332844 -0.116181
255.000000 203.000000 -0.204102 -0.116181
279.000000 203.000000 -0.128742 -0.116181
324.000000 203.000000 0.012560 -0.116181
375.000000 203.000000 0.172702 -0.116181
382.000000 203.000000 0.194682 -0.116181
477.000000 203.000000 0.492986 -0.116181
582.000000 203.000000 0.822690 -0.116181
595.000000 203.000000 0.863510 -0.116181
630.000000 203.000000 0.973412 -0.116181
187.000000 204.000000 -0.417625 -0.113041
193.000000 204.000000 -0.398785 -0.113041
205.000000 204.000000 -0.361104 -0.113041
216.000000 204.000000 -0.326564 -0.113041
225.000000 204.000000 -0.298304 -0.113041
270.000000 204.000000 -0.157002 -0.113041
298.000000 204.000000 -0.069081 -0.113041
369.000000 204.000000 0.153862 -0.113041
373.000000 204.000000 0.166422 -0.113041
419.000000 204.000000 0.310864 -0.113041
505.000000 204.000000 0.580907 -0.113041
512.000000 204.000000 0.602887 -0.113041
514.000000 204.000000 0.609167 -0.113041
590.000000 204.000000 0.847810 -0.113041
214.000000 205.000000 -0.332844 -0.109901
282.000000 205.000000 -0.119321 -0.109901
304.000000 205.000000 -0.050241 -0.109901
309.000000 205.000000 -0.034540 -0.109901
384.000000 205.000000 0.200962 -0.109901
407.000000 205.000000 0.273183 -0.109901
415.000000 205.000000 0.298304 -0.109901
421.000000 205.000000 0.317144 -0.109901
426.000000 205.000000 0.332844 -0.109901
198.000000 206.000000 -0.383085 -0.106761
205.000000 206.000000 -0.361104 -0.106761
220.000000 206.000000 -0.314004 -0.106761
260.000000 206.000000 -0.188402 -0.106761
312.000000 206.000000 -0.025120 -0.106761
315.000000 206.000000 -0.015700 -0.106761
329.000000 206.000000 0.028260 -0.106761
497.000000 206.000000 0.555787 -0.106761
577.000000 206.000000 0.806990 -0.106761
211.000000 207.000000 -0.342264 -0.103621
252.000000 207.000000 -0.213523 -0.103621
257.000000 207.000000 -0.197822 -0.103621
370.000000 207.000000 0.157002 -0.103621
409.000000 207.000000 0.279463 -0.103621
413.000000 207.000000 0.292023 -0.103621
495.000000 207.000000 0.549506 -0.103621
499.000000 207.000000 0.562067 -0.103621
536.000000 207.000000 0.678248 -0.103621
553.000000 207.000000 0.731629 -0.103621
558.000000 207.000000 0.747329 -0.103621
585.000000 207.000000 0.832110 -0.103621
5.000000 208.000000 -0.989112 -0.100481
216.000000 208.000000 -0.326564 -0.100481
224.000000 208.000000 -0.301444 -0.100481
311.000000 208.000000 -0.028260 -0.100481
377.000000 208.000000 0.178982 -0.100481
418.000000 208.000000 0.307724 -0.100481
194.000000 209.000000 -0.395645 -0.097341
221.000000 209.000000 -0.310864 -0.097341
226.000000 209.000000 -0.295163 -0.097341
262.000000 209.000000 -0.182122 -0.097341
383.000000 209.000000 0.197822 -0.097341
412.000000 209.000000 0.288883 -0.097341
475.000000 209.000000 0.486706 -0.097341
187.000000 210.000000 -0.417625 -0.094201
218.000000 210.000000 -0.320284 -0.094201
399.000000 210.000000 0.248063 -0.094201
401.000000 210.000000 0.254343 -0.094201
84.000000 211.000000 -0.741049 -0.091061
89.000000 211.000000 -0.725349 -0.091061
178.000000 211.000000 -0.445885 -0.091061
183.000000 211.000000 -0.430185 -0.091061
157.000000 212.000000 -0.511826 -0.087921
172.000000 212.000000 -0.464725 -0.087921
191.000000 212.000000 -0.405065 -0.087921
199.000000 212.000000 -0.379945 -0.087921
226.000000 212.000000 -0.295163 -0.087921
498.000000 212.000000 0.558927 -0.087921
576.000000 212.000000 0.803850 -0.087921
585.000000 212.000000 0.832110 -0.087921
603.000000 212.000000 0.888631 -0.087921
620.000000 212.000000 0.942011 -0.087921
635.000000 212.000000 0.989112 -0.087921
169.000000 213.000000 -0.474146 -0.084781
175.000000 213.000000 -0.455305 -0.084781
358.000000 213.000000 0.119321 -0.084781
382.000000 213.000000 0.194682 -0.084781
581.000000 213.000000 0.819550 -0.084781
605.000000 213.000000 0.894911 -0.084781
609.000000 213.000000 0.907471 -0.084781
85.000000 214.000000 -0.737909 -0.081641
149.000000 214.000000 -0.536946 -0.081641
162.000000 214.000000 -0.496126 -0.081641
289.000000 214.000000 -0.097341 -0.081641
377.000000 214.000000 0.178982 -0.081641
440.000000 214.000000 0.376804 -0.081641
494.000000 214.000000 0.546366 -0.081641
556.000000 214.000000 0.741049 -0.081641
603.000000 214.000000 0.888631 -0.081641
615.000000 214.000000 0.926311 -0.081641
621.000000 214.000000 0.945151 -0.081641
623.000000 214.000000 0.951431 -0.081641
128.000000 215.000000 -0.602887 -0.078501
131.000000 215.000000 -0.593467 -0.078501
226.000000 215.000000 -0.295163 -0.078501
286.000000 215.000000 -0.106761 -0.078501
384.000000 215.000000 0.200962 -0.078501
389.000000 215.000000 0.216663 -0.078501
479.000000 215.000000 0.499266 -0.078501
499.000000 215.000000 0.562067 -0.078501
270.000000 216.000000 -0.157002 -0.075361
313.000000 216.000000 -0.021980 -0.075361
548.000000 216.000000 0.715928 -0.075361
225.000000 217.000000 -0.298304 -0.072221
475.000000 217.000000 0.486706 -0.072221
376.000000 218.000000 0.175842 -0.069081
381.000000 218.000000 0.191542 -0.069081
495.000000 218.000000 0.549506 -0.069081
538.000000 218.000000 0.684528 -0.069081
603.000000 218.000000 0.888631 -0.069081
58.000000 219.000000 -0.822690 -0.065941
125.000000 219.000000 -0.612307 -0.065941
225.000000 219.000000 -0.298304 -0.065941
322.000000 219.000000 0.006280 -0.065941
552.000000 219.000000 0.728489 -0.065941
576.000000 219.000000 0.803850 -0.065941
590.000000 219.000000 0.847810 -0.065941
595.000000 219.000000 0.863510 -0.065941
620.000000 219.000000 0.942011 -0.065941
64.000000 220.000000 -0.803850 -0.062801
328.000000 220.000000 0.025120 -0.062801
376.000000 220.000000 0.175842 -0.062801
434.000000 220.000000 0.357964 -0.062801
606.000000 220.000000 0.898051 -0.062801
632.000000 220.000000 0.979692 -0.062801
81.000000 221.000000 -0.750469 -0.059661
289.000000 221.000000 -0.097341 -0.059661
479.000000 221.000000 0.499266 -0.059661
481.000000 221.000000 0.505546 -0.059661
581.000000 221.000000 0.819550 -0.059661
225.000000 222.000000 -0.298304 -0.056521
285.000000 222.000000 -0.109901 -0.056521
375.000000 222.000000 0.172702 -0.056521
587.000000 222.000000 0.838390 -0.056521
471.000000 223.000000 0.474146 -0.053381
226.000000 224.000000 -0.295163 -0.050241
284.000000 224.000000 -0.113041 -0.050241
423.000000 224.000000 0.323424 -0.050241
435.000000 224.000000 0.361104 -0.050241
477.000000 224.000000 0.492986 -0.050241
495.000000 224.000000 0.549506 -0.050241
499.000000 225.000000 0.562067 -0.047101
575.000000 225.000000 0.800709 -0.047101
367.000000 226.000000 0.147582 -0.043961
225.000000 227.000000 -0.298304 -0.040820
446.000000 227.000000 0.395645 -0.040820
555.000000 227.000000 0.737909 -0.040820
611.000000 227.000000 0.913751 -0.040820
227.000000 228.000000 -0.292023 -0.037680
368.000000 228.000000 0.150722 -0.037680
384.000000 228.000000 0.200962 -0.037680
389.000000 228.000000 0.216663 -0.037680
418.000000 228.000000 0.307724 -0.037680
626.000000 228.000000 0.960851 -0.037680
315.000000 229.000000 -0.015700 -0.034540
372.000000 229.000000 0.163282 -0.034540
396.000000 229.000000 0.238643 -0.034540
422.000000 229.000000 0.320284 -0.034540
435.000000 229.000000 0.361104 -0.034540
494.000000 229.000000 0.546366 -0.034540
593.000000 229.000000 0.857230 -0.034540
611.000000 229.000000 0.913751 -0.034540
285.000000 230.000000 -0.109901 -0.031400
399.000000 230.000000 0.248063 -0.031400
309.000000 231.000000 -0.034540 -0.028260
369.000000 231.000000 0.153862 -0.028260
422.000000 231.000000 0.320284 -0.028260
227.000000 232.000000 -0.292023 -0.025120
434.000000 232.000000 0.357964 -0.025120
467.000000 232.000000 0.461585 -0.025120
575.000000 232.000000 0.800709 -0.025120
614.000000 232.000000 0.923171 -0.025120
224.000000 233.000000 -0.301444 -0.021980
313.000000 233.000000 -0.021980 -0.021980
439.000000 233.000000 0.373664 -0.021980
316.000000 234.000000 -0.012560 -0.018840
390.000000 234.000000 0.219803 -0.018840
498.000000 234.000000 0.558927 -0.018840
224.000000 235.000000 -0.301444 -0.015700
226.000000 235.000000 -0.295163 -0.015700
309.000000 235.000000 -0.034540 -0.015700
360.000000 235.000000 0.125601 -0.015700
474.000000 236.000000 0.483566 -0.012560
485.000000 236.000000 0.518106 -0.012560
543.000000 236.000000 0.700228 -0.012560
310.000000 237.000000 -0.031400 -0.009420
363.000000 237.000000 0.135022 -0.009420
367.000000 237.000000 0.147582 -0.009420
460.000000 237.000000 0.439605 -0.009420
583.000000 237.000000 0.825830 -0.009420
226.000000 238.000000 -0.295163 -0.006280
308.000000 238.000000 -0.037680 -0.006280
319.000000 238.000000 -0.003140 -0.006280
327.000000 238.000000 0.021980 -0.006280
386.000000 238.000000 0.207242 -0.006280
478.000000 238.000000 0.496126 -0.006280
497.000000 238.000000 0.555787 -0.006280
553.000000 238.000000 0.731629 -0.006280
624.000000 238.000000 0.954571 -0.006280
330.000000 239.000000 0.031400 -0.003140
389.000000 239.000000 0.216663 -0.003140
491.000000 239.000000 0.536946 -0.003140
286.000000 240.000000 -0.106761 0.000000
315.000000 240.000000 -0.015700 0.000000
353.000000 240.000000 0.103621 0.000000
357.000000 240.000000 0.116181 0.000000
363.000000 240.000000 0.135022 0.000000
498.000000 240.000000 0.558927 0.000000
532.000000 240.000000 0.665688 0.000000
571.000000 240.000000 0.788149 0.000000
574.000000 240.000000 0.797569 0.000000
577.000000 240.000000 0.806990 0.000000
186.000000 241.000000 -0.420765 0.003140
271.000000 241.000000 -0.153862 0.003140
311.000000 241.000000 -0.028260 0.003140
361.000000 241.000000 0.128742 0.003140
427.000000 241.000000 0.335984 0.003140
446.000000 241.000000 0.395645 0.003140
513.000000 241.000000 0.606027 0.003140
520.000000 241.000000 0.628007 0.003140
540.000000 241.000000 0.690808 0.003140
544.000000 241.000000 0.703368 0.003140
548.000000 241.000000 0.715928 0.003140
580.000000 241.000000 0.816410 0.003140
226.000000 242.000000 -0.295163 0.006280
287.000000 242.000000 -0.103621 0.006280
368.000000 242.000000 0.150722 0.006280
388.000000 242.000000 0.213523 0.006280
605.000000 242.000000 0.894911 0.006280
615.000000 242.000000 0.926311 0.006280
633.000000 242.000000 0.982832 0.006280
87.000000 243.000000 -0.731629 0.009420
360.000000 243.000000 0.125601 0.009420
377.000000 243.000000 0.178982 0.009420
399.000000 243.000000 0.248063 0.009420
405.000000 243.000000 0.266903 0.009420
422.000000 243.000000 0.320284 0.009420
440.000000 243.000000 0.376804 0.009420
389.000000 244.000000 0.216663 0.012560
435.000000 244.000000 0.361104 0.012560
226.000000 245.000000 -0.295163 0.015700
305.000000 245.000000 -0.047101 0.015700
359.000000 245.000000 0.122461 0.015700
399.000000 245.000000 0.248063 0.015700
607.000000 245.000000 0.901191 0.015700
84.000000 246.000000 -0.741049 0.018840
188.000000 246.000000 -0.414485 0.018840
235.000000 246.000000 -0.266903 0.018840
364.000000 246.000000 0.138162 0.018840
368.000000 246.000000 0.150722 0.018840
394.000000 246.000000 0.232363 0.018840
300.000000 247.000000 -0.062801 0.021980
427.000000 247.000000 0.335984 0.021980
437.000000 247.000000 0.367384 0.021980
86.000000 248.000000 -0.734769 0.025120
225.000000 248.000000 -0.298304 0.025120
236.000000 248.000000 -0.263763 0.025120
201.000000 249.000000 -0.373664 0.028260
350.000000 249.000000 0.094201 0.028260
358.000000 249.000000 0.119321 0.028260
361.000000 249.000000 0.128742 0.028260
430.000000 249.000000 0.345404 0.028260
438.000000 249.000000 0.370524 0.028260
447.000000 250.000000 0.398785 0.031400
453.000000 250.000000 0.417625 0.031400
536.000000 250.000000 0.678248 0.031400
228.000000 251.000000 -0.288883 0.034540
357.000000 251.000000 0.116181 0.034540
436.000000 251.000000 0.364244 0.034540
456.000000 251.000000 0.427045 0.034540
462.000000 251.000000 0.445885 0.034540
465.000000 251.000000 0.455305 0.034540
481.000000 251.000000 0.505546 0.034540
490.000000 251.000000 0.533806 0.034540
494.000000 251.000000 0.546366 0.034540
501.000000 251.000000 0.568347 0.034540
540.000000 251.000000 0.690808 0.034540
264.000000 252.000000 -0.175842 0.037680
289.000000 252.000000 -0.097341 0.037680
355.000000 252.000000 0.109901 0.037680
439.000000 252.000000 0.373664 0.037680
472.000000 252.000000 0.477286 0.037680
538.000000 252.000000 0.684528 0.037680
551.000000 252.000000 0.725349 0.037680
558.000000 252.000000 0.747329 0.037680
564.000000 252.000000 0.766169 0.037680
614.000000 252.000000 0.923171 0.037680
225.000000 253.000000 -0.298304 0.040820
603.000000 253.000000 0.888631 0.040820
186.000000 254.000000 -0.420765 0.043961
227.000000 254.000000 -0.292023 0.043961
264.000000 254.000000 -0.175842 0.043961
543.000000 254.000000 0.700228 0.043961
388.000000 255.000000 0.213523 0.047101
264.000000 256.000000 -0.175842 0.050241
271.000000 256.000000 -0.153862 0.050241
431.000000 256.000000 0.348544 0.050241
611.000000 256.000000 0.913751 0.050241
87.000000 257.000000 -0.731629 0.053381
626.000000 257.000000 0.960851 0.053381
249.000000 258.000000 -0.222943 0.056521
264.000000 258.000000 -0.175842 0.056521
348.000000 258.000000 0.087921 0.056521
351.000000 258.000000 0.097341 0.056521
611.000000 258.000000 0.913751 0.056521
188.000000 259.000000 -0.414485 0.059661
626.000000 259.000000 0.960851 0.059661
85.000000 260.000000 -0.737909 0.062801
186.000000 260.000000 -0.420765 0.062801
614.000000 260.000000 0.923171 0.062801
265.000000 261.000000 -0.172702 0.065941
346.000000 261.000000 0.081641 0.065941
625.000000 261.000000 0.957711 0.065941
227.000000 262.000000 -0.292023 0.069081
271.000000 262.000000 -0.153862 0.069081
564.000000 262.000000 0.766169 0.069081
86.000000 263.000000 -0.734769 0.072221
221.000000 263.000000 -0.310864 0.072221
614.000000 263.000000 0.923171 0.072221
193.000000 264.000000 -0.398785 0.075361
611.000000 265.000000 0.913751 0.078501
613.000000 265.000000 0.920031 0.078501
621.000000 265.000000 0.945151 0.078501
53.000000 266.000000 -0.838390 0.081641
342.000000 266.000000 0.069081 0.081641
229.000000 267.000000 -0.285743 0.084781
257.000000 267.000000 -0.197822 0.084781
339.000000 267.000000 0.059661 0.084781
470.000000 267.000000 0.471006 0.084781
489.000000 267.000000 0.530666 0.084781
497.000000 267.000000 0.555787 0.084781
634.000000 267.000000 0.985972 0.084781
458.000000 268.000000 0.433325 0.087921
520.000000 268.000000 0.628007 0.087921
522.000000 268.000000 0.634288 0.087921
525.000000 268.000000 0.643708 0.087921
611.000000 268.000000 0.913751 0.087921
253.000000 269.000000 -0.210382 0.091061
337.000000 269.000000 0.053381 0.091061
552.000000 269.000000 0.728489 0.091061
564.000000 269.000000 0.766169 0.091061
572.000000 269.000000 0.791289 0.091061
580.000000 269.000000 0.816410 0.091061
591.000000 269.000000 0.850950 0.091061
226.000000 270.000000 -0.295163 0.094201
594.000000 270.000000 0.860370 0.094201
612.000000 270.000000 0.916891 0.094201
230.000000 271.000000 -0.282603 0.097341
250.000000 271.000000 -0.219803 0.097341
377.000000 271.000000 0.178982 0.097341
430.000000 271.000000 0.345404 0.097341
436.000000 271.000000 0.364244 0.097341
248.000000 272.000000 -0.226083 0.100481
444.000000 272.000000 0.389365 0.100481
456.000000 272.000000 0.427045 0.100481
337.000000 273.000000 0.053381 0.103621
426.000000 273.000000 0.332844 0.103621
435.000000 273.000000 0.361104 0.103621
611.000000 273.000000 0.913751 0.103621
360.000000 274.000000 0.125601 0.106761
430.000000 274.000000 0.345404 0.106761
89.000000 275.000000 -0.725349 0.109901
243.000000 275.000000 -0.241783 0.109901
448.000000 275.000000 0.401925 0.109901
452.000000 275.000000 0.414485 0.109901
457.000000 275.000000 0.430185 0.109901
230.000000 276.000000 -0.282603 0.113041
233.000000 276.000000 -0.273183 0.113041
235.000000 276.000000 -0.266903 0.113041
239.000000 276.000000 -0.254343 0.113041
241.000000 276.000000 -0.248063 0.113041
449.000000 277.000000 0.405065 0.116181
463.000000 277.000000 0.449025 0.116181
336.000000 278.000000 0.050241 0.119321
445.000000 278.000000 0.392505 0.119321
618.000000 278.000000 0.935731 0.119321
332.000000 279.000000 0.037680 0.122461
462.000000 279.000000 0.445885 0.122461
469.000000 279.000000 0.467866 0.122461
334.000000 280.000000 0.043961 0.125601
452.000000 280.000000 0.414485 0.125601
456.000000 280.000000 0.427045 0.125601
625.000000 280.000000 0.957711 0.125601
630.000000 280.000000 0.973412 0.125601
227.000000 281.000000 -0.292023 0.128742
476.000000 281.000000 0.489846 0.128742
225.000000 282.000000 -0.298304 0.131882
465.000000 282.000000 0.455305 0.131882
331.000000 283.000000 0.034540 0.135022
462.000000 283.000000 0.445885 0.135022
630.000000 283.000000 0.973412 0.135022
186.000000 284.000000 -0.420765 0.138162
222.000000 284.000000 -0.307724 0.138162
328.000000 284.000000 0.025120 0.138162
464.000000 284.000000 0.452165 0.138162
466.000000 284.000000 0.458445 0.138162
91.000000 285.000000 -0.719069 0.141302
220.000000 285.000000 -0.314004 0.141302
470.000000 285.000000 0.471006 0.141302
218.000000 286.000000 -0.320284 0.144442
189.000000 287.000000 -0.411345 0.147582
220.000000 287.000000 -0.314004 0.147582
632.000000 287.000000 0.979692 0.147582
187.000000 289.000000 -0.417625 0.153862
210.000000 289.000000 -0.345404 0.153862
321.000000 289.000000 0.003140 0.153862
191.000000 290.000000 -0.405065 0.157002
208.000000 290.000000 -0.351684 0.157002
471.000000 291.000000 0.474146 0.160142
612.000000 292.000000 0.916891 0.163282
188.000000 293.000000 -0.414485 0.166422
203.000000 293.000000 -0.367384 0.166422
319.000000 293.000000 -0.003140 0.166422
630.000000 293.000000 0.973412 0.166422
91.000000 294.000000 -0.719069 0.169562
199.000000 294.000000 -0.379945 0.169562
197.000000 295.000000 -0.386225 0.172702
474.000000 295.000000 0.483566 0.172702
195.000000 296.000000 -0.392505 0.175842
317.000000 296.000000 -0.009420 0.175842
193.000000 297.000000 -0.398785 0.178982
471.000000 297.000000 0.474146 0.178982
475.000000 297.000000 0.486706 0.178982
90.000000 298.000000 -0.722209 0.182122
191.000000 298.000000 -0.405065 0.182122
317.000000 298.000000 -0.009420 0.182122
474.000000 299.000000 0.483566 0.185262
478.000000 299.000000 0.496126 0.185262
89.000000 300.000000 -0.725349 0.188402
91.000000 300.000000 -0.719069 0.188402
186.000000 300.000000 -0.420765 0.188402
304.000000 300.000000 -0.050241 0.188402
610.000000 300.000000 0.910611 0.188402
166.000000 301.000000 -0.483566 0.191542
184.000000 301.000000 -0.427045 0.191542
308.000000 301.000000 -0.037680 0.191542
182.000000 302.000000 -0.433325 0.194682
611.000000 302.000000 0.913751 0.194682
166.000000 303.000000 -0.483566 0.197822
310.000000 303.000000 -0.031400 0.197822
538.000000 303.000000 0.684528 0.197822
632.000000 303.000000 0.979692 0.197822
308.000000 304.000000 -0.037680 0.200962
476.000000 304.000000 0.489846 0.200962
90.000000 305.000000 -0.722209 0.204102
553.000000 305.000000 0.731629 0.204102
550.000000 306.000000 0.722209 0.207242
593.000000 306.000000 0.857230 0.207242
603.000000 306.000000 0.888631 0.207242
626.000000 306.000000 0.960851 0.207242
591.000000 307.000000 0.850950 0.210382
598.000000 307.000000 0.872930 0.210382
57.000000 310.000000 -0.825830 0.219803
307.000000 310.000000 -0.040820 0.219803
489.000000 310.000000 0.530666 0.219803
305.000000 311.000000 -0.047101 0.222943
606.000000 311.000000 0.898051 0.222943
502.000000 312.000000 0.571487 0.226083
490.000000 313.000000 0.533806 0.229223
632.000000 313.000000 0.979692 0.229223
301.000000 314.000000 -0.059661 0.232363
134.000000 316.000000 -0.584047 0.238643
301.000000 317.000000 -0.059661 0.241783
591.000000 317.000000 0.850950 0.241783
593.000000 317.000000 0.857230 0.241783
599.000000 317.000000 0.876070 0.241783
604.000000 317.000000 0.891771 0.241783
94.000000 318.000000 -0.709648 0.244923
299.000000 318.000000 -0.065941 0.244923
544.000000 318.000000 0.703368 0.244923
617.000000 318.000000 0.932591 0.244923
481.000000 319.000000 0.505546 0.248063
550.000000 319.000000 0.722209 0.248063
285.000000 320.000000 -0.109901 0.251203
479.000000 320.000000 0.499266 0.251203
581.000000 320.000000 0.819550 0.251203
432.000000 321.000000 0.351684 0.254343
552.000000 321.000000 0.728489 0.254343
282.000000 322.000000 -0.119321 0.257483
286.000000 322.000000 -0.106761 0.257483
445.000000 322.000000 0.392505 0.257483
482.000000 322.000000 0.508686 0.257483
630.000000 322.000000 0.973412 0.257483
308.000000 324.000000 -0.037680 0.263763
324.000000 324.000000 0.012560 0.263763
566.000000 324.000000 0.772449 0.263763
298.000000 326.000000 -0.069081 0.270043
252.000000 328.000000 -0.213523 0.276323
595.000000 329.000000 0.863510 0.279463
367.000000 330.000000 0.147582 0.282603
567.000000 330.000000 0.775589 0.282603
272.000000 331.000000 -0.150722 0.285743
293.000000 331.000000 -0.084781 0.285743
618.000000 332.000000 0.935731 0.288883
95.000000 333.000000 -0.706508 0.292023
566.000000 333.000000 0.772449 0.292023
392.000000 335.000000 0.226083 0.298304
518.000000 335.000000 0.621727 0.298304
353.000000 336.000000 0.103621 0.301444
519.000000 337.000000 0.624867 0.304584
522.000000 337.000000 0.634288 0.304584
566.000000 337.000000 0.772449 0.304584
598.000000 337.000000 0.872930 0.304584
604.000000 337.000000 0.891771 0.304584
612.000000 337.000000 0.916891 0.304584
92.000000 338.000000 -0.715928 0.307724
513.000000 338.000000 0.606027 0.307724
241.000000 339.000000 -0.248063 0.310864
500.000000 339.000000 0.565207 0.310864
104.000000 340.000000 -0.678248 0.314004
514.000000 340.000000 0.609167 0.314004
291.000000 341.000000 -0.091061 0.317144
293.000000 341.000000 -0.084781 0.317144
512.000000 341.000000 0.602887 0.317144
89.000000 342.000000 -0.725349 0.320284
96.000000 342.000000 -0.703368 0.320284
104.000000 342.000000 -0.678248 0.320284
288.000000 342.000000 -0.100481 0.320284
259.000000 343.000000 -0.191542 0.323424
503.000000 343.000000 0.574627 0.323424
567.000000 343.000000 0.775589 0.323424
621.000000 346.000000 0.945151 0.332844
375.000000 348.000000 0.172702 0.339124
629.000000 348.000000 0.970271 0.339124
285.000000 350.000000 -0.109901 0.345404
63.000000 353.000000 -0.806990 0.354824
225.000000 353.000000 -0.298304 0.354824
228.000000 353.000000 -0.288883 0.354824
279.000000 353.000000 -0.128742 0.354824
351.000000 353.000000 0.097341 0.354824
617.000000 353.000000 0.932591 0.354824
251.000000 354.000000 -0.216663 0.357964
271.000000 354.000000 -0.153862 0.357964
263.000000 355.000000 -0.178982 0.361104
471.000000 356.000000 0.474146 0.364244
513.000000 356.000000 0.606027 0.364244
542.000000 356.000000 0.697088 0.364244
246.000000 357.000000 -0.232363 0.367384
250.000000 357.000000 -0.219803 0.367384
261.000000 358.000000 -0.185262 0.370524
22.000000 359.000000 -0.935731 0.373664
258.000000 359.000000 -0.194682 0.373664
272.000000 360.000000 -0.150722 0.376804
18.000000 361.000000 -0.948291 0.379945
51.000000 361.000000 -0.844670 0.379945
545.000000 361.000000 0.706508 0.379945
616.000000 361.000000 0.929451 0.379945
502.000000 363.000000 0.571487 0.386225
394.000000 373.000000 0.232363 0.417625
224.000000 374.000000 -0.301444 0.420765
229.000000 374.000000 -0.285743 0.420765
615.000000 374.000000 0.926311 0.420765
601.000000 375.000000 0.882350 0.423905
252.000000 376.000000 -0.213523 0.427045
513.000000 379.000000 0.606027 0.436465
546.000000 381.000000 0.709648 0.442745
564.000000 382.000000 0.766169 0.445885
108.000000 383.000000 -0.665688 0.449025
564.000000 384.000000 0.766169 0.452165
523.000000 388.000000 0.637428 0.464725
537.000000 389.000000 0.681388 0.467866
528.000000 390.000000 0.653128 0.471006
529.000000 392.000000 0.656268 0.477286
183.000000 393.000000 -0.430185 0.480426
19.000000 395.000000 -0.945151 0.486706
205.000000 397.000000 -0.361104 0.492986
207.000000 397.000000 -0.354824 0.492986
5.000000 398.000000 -0.989112 0.496126
612.000000 400.000000 0.916891 0.502406
529.000000 402.000000 0.656268 0.508686
563.000000 402.000000 0.763029 0.508686
557.000000 404.000000 0.744189 0.514966
79.000000 406.000000 -0.756749 0.521246
232.000000 406.000000 -0.276323 0.521246
229.000000 408.000000 -0.285743 0.527526
490.000000 408.000000 0.533806 0.527526
554.000000 409.000000 0.734769 0.530666
201.000000 410.000000 -0.373664 0.533806
484.000000 410.000000 0.514966 0.533806
528.000000 410.000000 0.653128 0.533806
196.000000 412.000000 -0.389365 0.540086
560.000000 412.000000 0.753609 0.540086
610.000000 412.000000 0.910611 0.540086
201.000000 413.000000 -0.373664 0.543226
209.000000 414.000000 -0.348544 0.546366
347.000000 414.000000 0.084781 0.546366
155.000000 415.000000 -0.518106 0.549506
212.000000 415.000000 -0.339124 0.549506
206.000000 417.000000 -0.357964 0.555787
211.000000 422.000000 -0.342264 0.571487
172.000000 424.000000 -0.464725 0.577767
181.000000 425.000000 -0.436465 0.580907
570.000000 426.000000 0.785009 0.584047
6.000000 427.000000 -0.985972 0.587187
365.000000 427.000000 0.141302 0.587187
29.000000 428.000000 -0.913751 0.590327
63.000000 429.000000 -0.806990 0.593467
543.000000 430.000000 0.700228 0.596607
95.000000 431.000000 -0.706508 0.599747
415.000000 431.000000 0.298304 0.599747
417.000000 431.000000 0.304584 0.599747
434.000000 431.000000 0.357964 0.599747
479.000000 431.000000 0.499266 0.599747
31.000000 432.000000 -0.907471 0.602887
107.000000 432.000000 -0.668828 0.602887
182.000000 432.000000 -0.433325 0.602887
20.000000 433.000000 -0.942011 0.606027
52.000000 433.000000 -0.841530 0.606027
488.000000 433.000000 0.527526 0.606027
24.000000 434.000000 -0.929451 0.609167
576.000000 434.000000 0.803850 0.609167
584.000000 434.000000 0.828970 0.609167
29.000000 435.000000 -0.913751 0.612307
26.000000 436.000000 -0.923171 0.615447
35.000000 436.000000 -0.894911 0.615447
47.000000 436.000000 -0.857230 0.615447
30.000000 437.000000 -0.910611 0.618587
44.000000 437.000000 -0.866650 0.618587
53.000000 437.000000 -0.838390 0.618587
208.000000 437.000000 -0.351684 0.618587
483.000000 437.000000 0.511826 0.618587
41.000000 438.000000 -0.876070 0.621727
99.000000 438.000000 -0.693948 0.621727
148.000000 438.000000 -0.540086 0.621727
583.000000 438.000000 0.825830 0.621727
31.000000 440.000000 -0.907471 0.628007
48.000000 440.000000 -0.854090 0.628007
101.000000 441.000000 -0.687668 0.631147
149.000000 441.000000 -0.536946 0.631147
16.000000 442.000000 -0.954571 0.634288
37.000000 442.000000 -0.888631 0.634288
424.000000 442.000000 0.326564 0.634288
616.000000 442.000000 0.929451 0.634288
10.000000 443.000000 -0.973412 0.637428
46.000000 443.000000 -0.860370 0.637428
49.000000 443.000000 -0.850950 0.637428
60.000000 443.000000 -0.816410 0.637428
68.000000 443.000000 -0.791289 0.637428
144.000000 443.000000 -0.552647 0.637428
158.000000 443.000000 -0.508686 0.637428
75.000000 444.000000 -0.769309 0.640568
185.000000 444.000000 -0.423905 0.640568
583.000000 444.000000 0.825830 0.640568
34.000000 445.000000 -0.898051 0.643708
51.000000 445.000000 -0.844670 0.643708
56.000000 445.000000 -0.828970 0.643708
150.000000 445.000000 -0.533806 0.643708
158.000000 445.000000 -0.508686 0.643708
21.000000 448.000000 -0.938871 0.653128
75.000000 448.000000 -0.769309 0.653128
162.000000 448.000000 -0.496126 0.653128
260.000000 448.000000 -0.188402 0.653128
135.000000 449.000000 -0.580907 0.656268
78.000000 450.000000 -0.759889 0.659408
86.000000 450.000000 -0.734769 0.659408
168.000000 450.000000 -0.477286 0.659408
53.000000 451.000000 -0.838390 0.662548
94.000000 451.000000 -0.709648 0.662548
208.000000 451.000000 -0.351684 0.662548
213.000000 451.000000 -0.335984 0.662548
216.000000 451.000000 -0.326564 0.662548
590.000000 451.000000 0.847810 0.662548
69.000000 452.000000 -0.788149 0.665688
232.000000 452.000000 -0.276323 0.665688
616.000000 452.000000 0.929451 0.665688
158.000000 453.000000 -0.508686 0.668828
193.000000 453.000000 -0.398785 0.668828
591.000000 453.000000 0.850950 0.668828
8.000000 455.000000 -0.979692 0.675108
105.000000 455.000000 -0.675108 0.675108
213.000000 455.000000 -0.335984 0.675108
66.000000 456.000000 -0.797569 0.678248
109.000000 456.000000 -0.662548 0.678248
240.000000 456.000000 -0.251203 0.678248
465.000000 456.000000 0.455305 0.678248
595.000000 456.000000 0.863510 0.678248
19.000000 457.000000 -0.945151 0.681388
61.000000 457.000000 -0.813270 0.681388
111.000000 457.000000 -0.656268 0.681388
122.000000 457.000000 -0.621727 0.681388
238.000000 457.000000 -0.257483 0.681388
490.000000 457.000000 0.533806 0.681388
43.000000 458.000000 -0.869790 0.684528
84.000000 458.000000 -0.741049 0.684528
176.000000 458.000000 -0.452165 0.684528
520.000000 458.000000 0.628007 0.684528
36.000000 459.000000 -0.891771 0.687668
243.000000 459.000000 -0.241783 0.687668
438.000000 459.000000 0.370524 0.687668
82.000000 460.000000 -0.747329 0.690808
113.000000 460.000000 -0.649988 0.690808
150.000000 460.000000 -0.533806 0.690808
261.000000 460.000000 -0.185262 0.690808
5.000000 461.000000 -0.989112 0.693948
173.000000 461.000000 -0.461585 0.693948
211.000000 461.000000 -0.342264 0.693948
267.000000 461.000000 -0.166422 0.693948
30.000000 462.000000 -0.910611 0.697088
192.000000 462.000000 -0.401925 0.697088
208.000000 462.000000 -0.351684 0.697088
242.000000 462.000000 -0.244923 0.697088
57.000000 463.000000 -0.825830 0.700228
127.000000 463.000000 -0.606027 0.700228
201.000000 463.000000 -0.373664 0.700228
230.000000 463.000000 -0.282603 0.700228
233.000000 463.000000 -0.273183 0.700228
542.000000 463.000000 0.697088 0.700228
584.000000 463.000000 0.828970 0.700228
606.000000 464.000000 0.898051 0.703368
114.000000 465.000000 -0.646848 0.706508
226.000000 465.000000 -0.295163 0.706508
228.000000 465.000000 -0.288883 0.706508
283.000000 465.000000 -0.116181 0.706508
285.000000 465.000000 -0.109901 0.706508
409.000000 465.000000 0.279463 0.706508
501.000000 465.000000 0.568347 0.706508
73.000000 466.000000 -0.775589 0.709648
217.000000 466.000000 -0.323424 0.709648
22.000000 467.000000 -0.935731 0.712788
71.000000 467.000000 -0.781869 0.712788
225.000000 467.000000 -0.298304 0.712788
293.000000 467.000000 -0.084781 0.712788
295.000000 467.000000 -0.078501 0.712788
15.000000 468.000000 -0.957711 0.715928
54.000000 468.000000 -0.835250 0.715928
61.000000 468.000000 -0.813270 0.715928
100.000000 468.000000 -0.690808 0.715928
113.000000 468.000000 -0.649988 0.715928
77.000000 469.000000 -0.763029 0.719069
94.000000 469.000000 -0.709648 0.719069
28.000000 470.000000 -0.916891 0.722209
245.000000 470.000000 -0.235503 0.722209
311.000000 470.000000 -0.028260 0.722209
25.000000 471.000000 -0.926311 0.725349
66.000000 471.000000 -0.797569 0.725349
188.000000 471.000000 -0.414485 0.725349
297.000000 471.000000 -0.072221 0.725349
32.000000 472.000000 -0.904331 0.728489
226.000000 472.000000 -0.295163 0.728489
325.000000 472.000000 0.015700 0.728489
54.000000 473.000000 -0.835250 0.731629
84.000000 473.000000 -0.741049 0.731629
94.000000 473.000000 -0.709648 0.731629
294.000000 473.000000 -0.081641 0.731629
392.000000 473.000000 0.226083 0.731629
503.000000 473.000000 0.574627 0.731629
80.000000 474.000000 -0.753609 0.734769
327.000000 474.000000 0.021980 0.734769
13.000000 475.000000 -0.963991 0.737909
57.000000 475.000000 -0.825830 0.737909
245.000000 475.000000 -0.235503 0.737909
254.000000 475.000000 -0.207242 0.737909
273.000000 475.000000 -0.147582 0.737909
307.000000 475.000000 -0.040820 0.737909
508.000000 475.000000 0.590327 0.737909
611.000000 475.000000 0.913751 0.737909
59.000000 476.000000 -0.819550 0.741049
339.000000 476.000000 0.059661 0.741049
