489.000000 3.000000 0.530666 -0.744189
501.000000 3.000000 0.568347 -0.744189
203.000000 4.000000 -0.367384 -0.741049
300.000000 4.000000 -0.062801 -0.741049
207.000000 5.000000 -0.354824 -0.737909
283.000000 6.000000 -0.116181 -0.734769
301.000000 6.000000 -0.059661 -0.734769
527.000000 6.000000 0.649988 -0.734769
305.000000 7.000000 -0.047101 -0.731629
568.000000 7.000000 0.778729 -0.731629
614.000000 7.000000 0.923171 -0.731629
205.000000 8.000000 -0.361104 -0.728489
490.000000 8.000000 0.533806 -0.728489
563.000000 8.000000 0.763029 -0.728489
209.000000 9.000000 -0.348544 -0.725349
300.000000 9.000000 -0.062801 -0.725349
500.000000 9.000000 0.565207 -0.725349
592.000000 9.000000 0.854090 -0.725349
206.000000 10.000000 -0.357964 -0.722209
399.000000 10.000000 0.248063 -0.722209
453.000000 10.000000 0.417625 -0.722209
491.000000 10.000000 0.536946 -0.722209
606.000000 10.000000 0.898051 -0.722209
611.000000 10.000000 0.913751 -0.722209
210.000000 11.000000 -0.345404 -0.719069
596.000000 11.000000 0.866650 -0.719069
207.000000 12.000000 -0.354824 -0.715928
211.000000 13.000000 -0.342264 -0.712788
608.000000 13.000000 0.904331 -0.712788
208.000000 14.000000 -0.351684 -0.709648
467.000000 15.000000 0.461585 -0.706508
571.000000 15.000000 0.788149 -0.706508
594.000000 15.000000 0.860370 -0.706508
74.000000 16.000000 -0.772449 -0.703368
209.000000 16.000000 -0.348544 -0.703368
358.000000 16.000000 0.119321 -0.703368
455.000000 16.000000 0.423905 -0.703368
531.000000 16.000000 0.662548 -0.703368
554.000000 16.000000 0.734769 -0.703368
558.000000 16.000000 0.747329 -0.703368
613.000000 16.000000 0.920031 -0.703368
484.000000 17.000000 0.514966 -0.700228
493.000000 17.000000 0.543226 -0.700228
626.000000 17.000000 0.960851 -0.700228
210.000000 18.000000 -0.345404 -0.697088
455.000000 18.000000 0.423905 -0.697088
608.000000 18.000000 0.904331 -0.697088
213.000000 19.000000 -0.335984 -0.693948
385.000000 19.000000 0.204102 -0.693948
211.000000 20.000000 -0.342264 -0.690808
302.000000 20.000000 -0.056521 -0.690808
308.000000 20.000000 -0.037680 -0.690808
591.000000 20.000000 0.850950 -0.690808
632.000000 21.000000 0.979692 -0.687668
212.000000 22.000000 -0.339124 -0.684528
460.000000 22.000000 0.439605 -0.684528
628.000000 22.000000 0.967131 -0.684528
457.000000 23.000000 0.430185 -0.681388
495.000000 23.000000 0.549506 -0.681388
535.000000 23.000000 0.675108 -0.681388
213.000000 24.000000 -0.335984 -0.678248
379.000000 24.000000 0.185262 -0.678248
324.000000 25.000000 0.012560 -0.675108
457.000000 25.000000 0.430185 -0.675108
462.000000 25.000000 0.445885 -0.675108
464.000000 25.000000 0.452165 -0.675108
522.000000 26.000000 0.634288 -0.671968
534.000000 26.000000 0.671968 -0.671968
458.000000 27.000000 0.433325 -0.668828
539.000000 28.000000 0.687668 -0.665688
362.000000 29.000000 0.131882 -0.662548
510.000000 30.000000 0.596607 -0.659408
205.000000 31.000000 -0.361104 -0.656268
538.000000 31.000000 0.684528 -0.656268
542.000000 32.000000 0.697088 -0.653128
297.000000 33.000000 -0.072221 -0.649988
221.000000 34.000000 -0.310864 -0.646848
535.000000 34.000000 0.675108 -0.646848
632.000000 34.000000 0.979692 -0.646848
614.000000 35.000000 0.923171 -0.643708
622.000000 35.000000 0.948291 -0.643708
506.000000 36.000000 0.584047 -0.640568
539.000000 36.000000 0.687668 -0.640568
478.000000 37.000000 0.496126 -0.637428
536.000000 37.000000 0.678248 -0.637428
599.000000 37.000000 0.876070 -0.637428
220.000000 38.000000 -0.314004 -0.634288
500.000000 38.000000 0.565207 -0.634288
544.000000 38.000000 0.703368 -0.634288
618.000000 38.000000 0.935731 -0.634288
504.000000 39.000000 0.577767 -0.631147
595.000000 39.000000 0.863510 -0.631147
604.000000 39.000000 0.891771 -0.631147
221.000000 40.000000 -0.310864 -0.628007
457.000000 40.000000 0.430185 -0.628007
486.000000 40.000000 0.521246 -0.628007
538.000000 40.000000 0.684528 -0.628007
614.000000 40.000000 0.923171 -0.628007
600.000000 41.000000 0.879210 -0.624867
618.000000 41.000000 0.935731 -0.624867
225.000000 42.000000 -0.298304 -0.621727
470.000000 42.000000 0.471006 -0.621727
504.000000 42.000000 0.577767 -0.621727
623.000000 42.000000 0.951431 -0.621727
227.000000 44.000000 -0.292023 -0.615447
508.000000 44.000000 0.590327 -0.615447
581.000000 44.000000 0.819550 -0.615447
618.000000 44.000000 0.935731 -0.615447
385.000000 45.000000 0.204102 -0.612307
616.000000 45.000000 0.929451 -0.612307
620.000000 45.000000 0.942011 -0.612307
295.000000 46.000000 -0.078501 -0.609167
476.000000 46.000000 0.489846 -0.609167
598.000000 47.000000 0.872930 -0.606027
614.000000 47.000000 0.923171 -0.606027
619.000000 47.000000 0.938871 -0.606027
621.000000 48.000000 0.945151 -0.602887
627.000000 48.000000 0.963991 -0.602887
635.000000 48.000000 0.989112 -0.602887
464.000000 49.000000 0.452165 -0.599747
476.000000 49.000000 0.489846 -0.599747
530.000000 49.000000 0.659408 -0.599747
469.000000 50.000000 0.467866 -0.596607
505.000000 50.000000 0.580907 -0.596607
510.000000 50.000000 0.596607 -0.596607
621.000000 50.000000 0.945151 -0.596607
624.000000 51.000000 0.954571 -0.593467
504.000000 52.000000 0.577767 -0.590327
617.000000 52.000000 0.932591 -0.590327
469.000000 53.000000 0.467866 -0.587187
290.000000 54.000000 -0.094201 -0.584047
466.000000 54.000000 0.458445 -0.584047
625.000000 54.000000 0.957711 -0.584047
221.000000 55.000000 -0.310864 -0.580907
225.000000 55.000000 -0.298304 -0.580907
450.000000 55.000000 0.408205 -0.580907
550.000000 55.000000 0.722209 -0.580907
565.000000 55.000000 0.769309 -0.580907
615.000000 55.000000 0.926311 -0.580907
617.000000 55.000000 0.932591 -0.580907
622.000000 55.000000 0.948291 -0.580907
627.000000 55.000000 0.963991 -0.580907
467.000000 56.000000 0.461585 -0.577767
473.000000 56.000000 0.480426 -0.577767
222.000000 57.000000 -0.307724 -0.574627
599.000000 58.000000 0.876070 -0.571487
223.000000 59.000000 -0.304584 -0.568347
437.000000 59.000000 0.367384 -0.568347
467.000000 59.000000 0.461585 -0.568347
475.000000 60.000000 0.486706 -0.565207
298.000000 61.000000 -0.069081 -0.562067
511.000000 61.000000 0.599747 -0.562067
235.000000 62.000000 -0.266903 -0.558927
493.000000 62.000000 0.543226 -0.558927
518.000000 62.000000 0.621727 -0.558927
573.000000 62.000000 0.794429 -0.558927
596.000000 62.000000 0.866650 -0.558927
606.000000 62.000000 0.898051 -0.558927
449.000000 63.000000 0.405065 -0.555787
457.000000 63.000000 0.430185 -0.555787
472.000000 63.000000 0.477286 -0.555787
609.000000 63.000000 0.907471 -0.555787
626.000000 63.000000 0.960851 -0.555787
233.000000 64.000000 -0.273183 -0.552647
239.000000 64.000000 -0.254343 -0.552647
275.000000 64.000000 -0.141302 -0.552647
341.000000 64.000000 0.065941 -0.552647
469.000000 64.000000 0.467866 -0.552647
289.000000 65.000000 -0.097341 -0.549506
308.000000 65.000000 -0.037680 -0.549506
618.000000 65.000000 0.935731 -0.549506
234.000000 66.000000 -0.270043 -0.546366
246.000000 66.000000 -0.232363 -0.546366
440.000000 66.000000 0.376804 -0.546366
484.000000 66.000000 0.514966 -0.546366
545.000000 66.000000 0.706508 -0.546366
605.000000 66.000000 0.894911 -0.546366
239.000000 67.000000 -0.254343 -0.543226
544.000000 68.000000 0.703368 -0.540086
555.000000 68.000000 0.737909 -0.540086
236.000000 69.000000 -0.263763 -0.536946
523.000000 69.000000 0.637428 -0.536946
548.000000 70.000000 0.715928 -0.533806
237.000000 71.000000 -0.260623 -0.530666
508.000000 71.000000 0.590327 -0.530666
516.000000 71.000000 0.615447 -0.530666
623.000000 71.000000 0.951431 -0.530666
292.000000 72.000000 -0.087921 -0.527526
338.000000 72.000000 0.056521 -0.527526
495.000000 72.000000 0.549506 -0.527526
602.000000 72.000000 0.885490 -0.527526
618.000000 72.000000 0.935731 -0.527526
509.000000 73.000000 0.593467 -0.524386
546.000000 73.000000 0.709648 -0.524386
548.000000 73.000000 0.715928 -0.524386
636.000000 73.000000 0.992252 -0.524386
534.000000 74.000000 0.671968 -0.521246
232.000000 76.000000 -0.276323 -0.514966
303.000000 76.000000 -0.053381 -0.514966
522.000000 76.000000 0.634288 -0.514966
582.000000 77.000000 0.822690 -0.511826
223.000000 78.000000 -0.304584 -0.508686
258.000000 78.000000 -0.194682 -0.508686
510.000000 78.000000 0.596607 -0.508686
224.000000 80.000000 -0.301444 -0.502406
480.000000 80.000000 0.502406 -0.502406
586.000000 80.000000 0.835250 -0.502406
609.000000 80.000000 0.907471 -0.502406
503.000000 81.000000 0.574627 -0.499266
515.000000 81.000000 0.612307 -0.499266
226.000000 83.000000 -0.295163 -0.492986
292.000000 83.000000 -0.087921 -0.492986
308.000000 83.000000 -0.037680 -0.492986
474.000000 83.000000 0.483566 -0.492986
581.000000 83.000000 0.819550 -0.492986
314.000000 84.000000 -0.018840 -0.489846
480.000000 84.000000 0.502406 -0.489846
517.000000 84.000000 0.618587 -0.489846
627.000000 84.000000 0.963991 -0.489846
286.000000 85.000000 -0.106761 -0.486706
303.000000 85.000000 -0.053381 -0.486706
512.000000 85.000000 0.602887 -0.486706
528.000000 86.000000 0.653128 -0.483566
362.000000 87.000000 0.131882 -0.480426
475.000000 87.000000 0.486706 -0.480426
492.000000 87.000000 0.540086 -0.480426
521.000000 87.000000 0.631147 -0.480426
229.000000 88.000000 -0.285743 -0.477286
479.000000 88.000000 0.499266 -0.477286
627.000000 88.000000 0.963991 -0.477286
634.000000 88.000000 0.985972 -0.477286
307.000000 89.000000 -0.040820 -0.474146
309.000000 89.000000 -0.034540 -0.474146
484.000000 89.000000 0.514966 -0.474146
515.000000 89.000000 0.612307 -0.474146
618.000000 89.000000 0.935731 -0.474146
270.000000 90.000000 -0.157002 -0.471006
476.000000 90.000000 0.489846 -0.471006
554.000000 90.000000 0.734769 -0.471006
628.000000 90.000000 0.967131 -0.471006
243.000000 92.000000 -0.241783 -0.464725
264.000000 92.000000 -0.175842 -0.464725
485.000000 92.000000 0.518106 -0.464725
478.000000 93.000000 0.496126 -0.461585
575.000000 93.000000 0.800709 -0.461585
599.000000 93.000000 0.876070 -0.461585
632.000000 93.000000 0.979692 -0.461585
242.000000 94.000000 -0.244923 -0.458445
374.000000 94.000000 0.169562 -0.458445
557.000000 95.000000 0.744189 -0.455305
626.000000 95.000000 0.960851 -0.455305
251.000000 96.000000 -0.216663 -0.452165
636.000000 96.000000 0.992252 -0.452165
480.000000 97.000000 0.502406 -0.449025
581.000000 97.000000 0.819550 -0.449025
608.000000 97.000000 0.904331 -0.449025
504.000000 98.000000 0.577767 -0.445885
575.000000 98.000000 0.800709 -0.445885
319.000000 100.000000 -0.003140 -0.439605
479.000000 100.000000 0.499266 -0.439605
623.000000 101.000000 0.951431 -0.436465
246.000000 102.000000 -0.232363 -0.433325
303.000000 102.000000 -0.053381 -0.433325
382.000000 103.000000 0.194682 -0.430185
601.000000 103.000000 0.882350 -0.430185
281.000000 104.000000 -0.122461 -0.427045
546.000000 104.000000 0.709648 -0.427045
573.000000 105.000000 0.794429 -0.423905
286.000000 106.000000 -0.106761 -0.420765
620.000000 106.000000 0.942011 -0.420765
634.000000 106.000000 0.985972 -0.420765
321.000000 107.000000 0.003140 -0.417625
553.000000 107.000000 0.731629 -0.417625
632.000000 107.000000 0.979692 -0.417625
315.000000 108.000000 -0.015700 -0.414485
605.000000 108.000000 0.894911 -0.414485
422.000000 109.000000 0.320284 -0.411345
549.000000 109.000000 0.719069 -0.411345
601.000000 109.000000 0.882350 -0.411345
614.000000 109.000000 0.923171 -0.411345
309.000000 110.000000 -0.034540 -0.408205
617.000000 110.000000 0.932591 -0.408205
466.000000 111.000000 0.458445 -0.405065
472.000000 111.000000 0.477286 -0.405065
636.000000 111.000000 0.992252 -0.405065
250.000000 112.000000 -0.219803 -0.401925
258.000000 113.000000 -0.194682 -0.398785
323.000000 113.000000 0.009420 -0.398785
421.000000 113.000000 0.317144 -0.398785
429.000000 113.000000 0.342264 -0.398785
575.000000 113.000000 0.800709 -0.398785
594.000000 113.000000 0.860370 -0.398785
266.000000 114.000000 -0.169562 -0.395645
296.000000 114.000000 -0.075361 -0.395645
616.000000 114.000000 0.929451 -0.395645
605.000000 115.000000 0.894911 -0.392505
609.000000 115.000000 0.907471 -0.392505
287.000000 116.000000 -0.103621 -0.389365
324.000000 116.000000 0.012560 -0.389365
626.000000 116.000000 0.960851 -0.389365
636.000000 117.000000 0.992252 -0.386225
495.000000 118.000000 0.549506 -0.383085
557.000000 118.000000 0.744189 -0.383085
607.000000 118.000000 0.901191 -0.383085
540.000000 119.000000 0.690808 -0.379945
563.000000 119.000000 0.763029 -0.379945
621.000000 119.000000 0.945151 -0.379945
235.000000 120.000000 -0.266903 -0.376804
249.000000 120.000000 -0.222943 -0.376804
274.000000 121.000000 -0.144442 -0.373664
236.000000 122.000000 -0.263763 -0.370524
268.000000 123.000000 -0.163282 -0.367384
488.000000 123.000000 0.527526 -0.367384
581.000000 123.000000 0.819550 -0.367384
602.000000 123.000000 0.885490 -0.367384
253.000000 124.000000 -0.210382 -0.364244
568.000000 125.000000 0.778729 -0.361104
254.000000 126.000000 -0.207242 -0.357964
241.000000 127.000000 -0.248063 -0.354824
262.000000 127.000000 -0.182122 -0.354824
377.000000 127.000000 0.178982 -0.354824
431.000000 127.000000 0.348544 -0.354824
596.000000 127.000000 0.866650 -0.354824
255.000000 129.000000 -0.204102 -0.348544
275.000000 129.000000 -0.141302 -0.348544
361.000000 129.000000 0.128742 -0.348544
605.000000 129.000000 0.894911 -0.348544
620.000000 129.000000 0.942011 -0.348544
625.000000 129.000000 0.957711 -0.348544
627.000000 130.000000 0.963991 -0.345404
460.000000 131.000000 0.439605 -0.342264
495.000000 132.000000 0.549506 -0.339124
400.000000 134.000000 0.251203 -0.332844
247.000000 135.000000 -0.229223 -0.329704
472.000000 135.000000 0.477286 -0.329704
448.000000 136.000000 0.401925 -0.326564
513.000000 136.000000 0.606027 -0.326564
558.000000 136.000000 0.747329 -0.326564
590.000000 136.000000 0.847810 -0.326564
600.000000 136.000000 0.879210 -0.326564
256.000000 137.000000 -0.200962 -0.323424
443.000000 137.000000 0.386225 -0.323424
513.000000 138.000000 0.606027 -0.320284
551.000000 138.000000 0.725349 -0.320284
618.000000 138.000000 0.935731 -0.320284
315.000000 139.000000 -0.015700 -0.317144
613.000000 139.000000 0.920031 -0.317144
319.000000 141.000000 -0.003140 -0.310864
326.000000 142.000000 0.018840 -0.307724
365.000000 142.000000 0.141302 -0.307724
379.000000 142.000000 0.185262 -0.307724
627.000000 142.000000 0.963991 -0.307724
412.000000 143.000000 0.288883 -0.304584
624.000000 143.000000 0.954571 -0.304584
259.000000 144.000000 -0.191542 -0.301444
604.000000 144.000000 0.891771 -0.301444
618.000000 145.000000 0.935731 -0.298304
624.000000 145.000000 0.954571 -0.298304
266.000000 146.000000 -0.169562 -0.295163
305.000000 146.000000 -0.047101 -0.295163
466.000000 146.000000 0.458445 -0.295163
597.000000 146.000000 0.869790 -0.295163
243.000000 147.000000 -0.241783 -0.292023
589.000000 147.000000 0.844670 -0.292023
591.000000 147.000000 0.850950 -0.292023
595.000000 147.000000 0.863510 -0.292023
611.000000 147.000000 0.913751 -0.292023
629.000000 147.000000 0.970271 -0.292023
329.000000 148.000000 0.028260 -0.288883
562.000000 148.000000 0.759889 -0.288883
605.000000 148.000000 0.894911 -0.288883
607.000000 148.000000 0.901191 -0.288883
614.000000 148.000000 0.923171 -0.288883
331.000000 149.000000 0.034540 -0.285743
611.000000 149.000000 0.913751 -0.285743
628.000000 149.000000 0.967131 -0.285743
633.000000 149.000000 0.982832 -0.285743
527.000000 150.000000 0.649988 -0.282603
542.000000 150.000000 0.697088 -0.282603
584.000000 150.000000 0.828970 -0.282603
262.000000 151.000000 -0.182122 -0.279463
589.000000 151.000000 0.844670 -0.279463
597.000000 151.000000 0.869790 -0.279463
617.000000 151.000000 0.932591 -0.279463
619.000000 151.000000 0.938871 -0.279463
636.000000 151.000000 0.992252 -0.279463
573.000000 152.000000 0.794429 -0.276323
271.000000 153.000000 -0.153862 -0.273183
330.000000 153.000000 0.031400 -0.273183
570.000000 153.000000 0.785009 -0.273183
263.000000 154.000000 -0.178982 -0.270043
567.000000 154.000000 0.775589 -0.270043
585.000000 154.000000 0.832110 -0.270043
332.000000 155.000000 0.037680 -0.266903
369.000000 155.000000 0.153862 -0.266903
594.000000 155.000000 0.860370 -0.266903
603.000000 155.000000 0.888631 -0.266903
627.000000 156.000000 0.963991 -0.263763
408.000000 157.000000 0.276323 -0.260623
264.000000 158.000000 -0.175842 -0.257483
280.000000 158.000000 -0.125601 -0.257483
286.000000 158.000000 -0.106761 -0.257483
305.000000 158.000000 -0.047101 -0.257483
334.000000 158.000000 0.043961 -0.257483
410.000000 158.000000 0.282603 -0.257483
541.000000 158.000000 0.693948 -0.257483
554.000000 158.000000 0.734769 -0.257483
575.000000 158.000000 0.800709 -0.257483
596.000000 158.000000 0.866650 -0.257483
538.000000 159.000000 0.684528 -0.254343
551.000000 159.000000 0.725349 -0.254343
571.000000 159.000000 0.788149 -0.254343
580.000000 159.000000 0.816410 -0.254343
612.000000 159.000000 0.916891 -0.254343
19.000000 160.000000 -0.945151 -0.251203
404.000000 160.000000 0.263763 -0.251203
548.000000 160.000000 0.715928 -0.251203
610.000000 160.000000 0.910611 -0.251203
629.000000 160.000000 0.970271 -0.251203
395.000000 161.000000 0.235503 -0.248063
509.000000 161.000000 0.593467 -0.248063
567.000000 161.000000 0.775589 -0.248063
572.000000 161.000000 0.791289 -0.248063
622.000000 161.000000 0.948291 -0.248063
306.000000 162.000000 -0.043961 -0.244923
334.000000 162.000000 0.043961 -0.244923
392.000000 162.000000 0.226083 -0.244923
565.000000 162.000000 0.769309 -0.244923
569.000000 162.000000 0.781869 -0.244923
582.000000 162.000000 0.822690 -0.244923
619.000000 162.000000 0.938871 -0.244923
412.000000 163.000000 0.288883 -0.241783
525.000000 163.000000 0.643708 -0.241783
561.000000 163.000000 0.756749 -0.241783
307.000000 164.000000 -0.040820 -0.238643
375.000000 164.000000 0.172702 -0.238643
250.000000 165.000000 -0.219803 -0.235503
334.000000 165.000000 0.043961 -0.235503
385.000000 165.000000 0.204102 -0.235503
388.000000 165.000000 0.213523 -0.235503
532.000000 165.000000 0.665688 -0.235503
548.000000 165.000000 0.715928 -0.235503
574.000000 165.000000 0.797569 -0.235503
622.000000 165.000000 0.948291 -0.235503
527.000000 166.000000 0.649988 -0.232363
543.000000 166.000000 0.700228 -0.232363
591.000000 166.000000 0.850950 -0.232363
597.000000 166.000000 0.869790 -0.232363
635.000000 166.000000 0.989112 -0.232363
382.000000 167.000000 0.194682 -0.229223
403.000000 167.000000 0.260623 -0.229223
512.000000 167.000000 0.602887 -0.229223
523.000000 167.000000 0.637428 -0.229223
553.000000 167.000000 0.731629 -0.229223
565.000000 167.000000 0.769309 -0.229223
336.000000 168.000000 0.050241 -0.226083
373.000000 168.000000 0.166422 -0.226083
378.000000 168.000000 0.182122 -0.226083
411.000000 168.000000 0.285743 -0.226083
550.000000 168.000000 0.722209 -0.226083
594.000000 168.000000 0.860370 -0.226083
276.000000 169.000000 -0.138162 -0.222943
506.000000 169.000000 0.584047 -0.222943
542.000000 169.000000 0.697088 -0.222943
612.000000 169.000000 0.916891 -0.222943
635.000000 169.000000 0.989112 -0.222943
337.000000 170.000000 0.053381 -0.219803
367.000000 170.000000 0.147582 -0.219803
373.000000 170.000000 0.166422 -0.219803
390.000000 170.000000 0.219803 -0.219803
526.000000 170.000000 0.646848 -0.219803
539.000000 170.000000 0.687668 -0.219803
545.000000 170.000000 0.706508 -0.219803
559.000000 170.000000 0.750469 -0.219803
371.000000 171.000000 0.160142 -0.216663
500.000000 171.000000 0.565207 -0.216663
528.000000 171.000000 0.653128 -0.216663
533.000000 171.000000 0.668828 -0.216663
556.000000 171.000000 0.741049 -0.216663
591.000000 171.000000 0.850950 -0.216663
336.000000 172.000000 0.050241 -0.213523
361.000000 172.000000 0.128742 -0.213523
366.000000 172.000000 0.144442 -0.213523
508.000000 172.000000 0.590327 -0.213523
552.000000 172.000000 0.728489 -0.213523
559.000000 172.000000 0.750469 -0.213523
352.000000 173.000000 0.100481 -0.210382
358.000000 173.000000 0.119321 -0.210382
363.000000 173.000000 0.135022 -0.210382
412.000000 173.000000 0.288883 -0.210382
528.000000 173.000000 0.653128 -0.210382
535.000000 173.000000 0.675108 -0.210382
360.000000 174.000000 0.125601 -0.207242
367.000000 174.000000 0.147582 -0.207242
501.000000 174.000000 0.568347 -0.207242
532.000000 174.000000 0.665688 -0.207242
544.000000 174.000000 0.703368 -0.207242
270.000000 175.000000 -0.157002 -0.204102
290.000000 175.000000 -0.094201 -0.204102
295.000000 175.000000 -0.078501 -0.204102
299.000000 175.000000 -0.065941 -0.204102
348.000000 175.000000 0.087921 -0.204102
371.000000 175.000000 0.160142 -0.204102
380.000000 175.000000 0.188402 -0.204102
405.000000 175.000000 0.266903 -0.204102
528.000000 175.000000 0.653128 -0.204102
281.000000 176.000000 -0.122461 -0.200962
286.000000 176.000000 -0.106761 -0.200962
341.000000 176.000000 0.065941 -0.200962
413.000000 176.000000 0.292023 -0.200962
469.000000 176.000000 0.467866 -0.200962
636.000000 176.000000 0.992252 -0.200962
337.000000 177.000000 0.053381 -0.197822
339.000000 177.000000 0.059661 -0.197822
353.000000 177.000000 0.103621 -0.197822
556.000000 177.000000 0.741049 -0.197822
634.000000 177.000000 0.985972 -0.197822
271.000000 178.000000 -0.153862 -0.194682
278.000000 178.000000 -0.131882 -0.194682
291.000000 178.000000 -0.091061 -0.194682
534.000000 178.000000 0.671968 -0.194682
303.000000 179.000000 -0.053381 -0.191542
489.000000 179.000000 0.530666 -0.191542
491.000000 179.000000 0.536946 -0.191542
271.000000 180.000000 -0.153862 -0.188402
363.000000 180.000000 0.135022 -0.188402
506.000000 180.000000 0.584047 -0.188402
528.000000 180.000000 0.653128 -0.188402
561.000000 180.000000 0.756749 -0.188402
610.000000 180.000000 0.910611 -0.188402
631.000000 180.000000 0.976552 -0.188402
296.000000 181.000000 -0.075361 -0.185262
298.000000 181.000000 -0.069081 -0.185262
315.000000 181.000000 -0.015700 -0.185262
348.000000 181.000000 0.087921 -0.185262
375.000000 181.000000 0.172702 -0.185262
417.000000 181.000000 0.304584 -0.185262
559.000000 181.000000 0.750469 -0.185262
608.000000 181.000000 0.904331 -0.185262
272.000000 182.000000 -0.150722 -0.182122
285.000000 182.000000 -0.109901 -0.182122
330.000000 182.000000 0.031400 -0.182122
334.000000 182.000000 0.043961 -0.182122
337.000000 182.000000 0.053381 -0.182122
339.000000 182.000000 0.059661 -0.182122
345.000000 182.000000 0.078501 -0.182122
350.000000 182.000000 0.094201 -0.182122
415.000000 182.000000 0.298304 -0.182122
508.000000 182.000000 0.590327 -0.182122
279.000000 183.000000 -0.128742 -0.178982
301.000000 183.000000 -0.059661 -0.178982
369.000000 183.000000 0.153862 -0.178982
426.000000 183.000000 0.332844 -0.178982
481.000000 183.000000 0.505546 -0.178982
498.000000 183.000000 0.558927 -0.178982
616.000000 183.000000 0.929451 -0.178982
366.000000 184.000000 0.144442 -0.175842
475.000000 184.000000 0.486706 -0.175842
495.000000 184.000000 0.549506 -0.175842
501.000000 184.000000 0.568347 -0.175842
530.000000 184.000000 0.659408 -0.175842
549.000000 184.000000 0.719069 -0.175842
626.000000 184.000000 0.960851 -0.175842
273.000000 185.000000 -0.147582 -0.172702
284.000000 185.000000 -0.113041 -0.172702
287.000000 185.000000 -0.103621 -0.172702
321.000000 185.000000 0.003140 -0.172702
469.000000 185.000000 0.467866 -0.172702
489.000000 185.000000 0.530666 -0.172702
623.000000 185.000000 0.951431 -0.172702
636.000000 185.000000 0.992252 -0.172702
290.000000 186.000000 -0.094201 -0.169562
301.000000 186.000000 -0.059661 -0.169562
313.000000 186.000000 -0.021980 -0.169562
326.000000 186.000000 0.018840 -0.169562
359.000000 186.000000 0.122461 -0.169562
369.000000 186.000000 0.153862 -0.169562
432.000000 186.000000 0.351684 -0.169562
440.000000 186.000000 0.376804 -0.169562
494.000000 186.000000 0.546366 -0.169562
612.000000 186.000000 0.916891 -0.169562
283.000000 187.000000 -0.116181 -0.166422
357.000000 187.000000 0.116181 -0.166422
365.000000 187.000000 0.141302 -0.166422
379.000000 187.000000 0.185262 -0.166422
416.000000 187.000000 0.301444 -0.166422
429.000000 187.000000 0.342264 -0.166422
485.000000 187.000000 0.518106 -0.166422
540.000000 187.000000 0.690808 -0.166422
618.000000 187.000000 0.935731 -0.166422
273.000000 188.000000 -0.147582 -0.163282
303.000000 188.000000 -0.053381 -0.163282
305.000000 188.000000 -0.047101 -0.163282
323.000000 188.000000 0.009420 -0.163282
354.000000 188.000000 0.106761 -0.163282
362.000000 188.000000 0.131882 -0.163282
419.000000 188.000000 0.310864 -0.163282
482.000000 188.000000 0.508686 -0.163282
488.000000 188.000000 0.527526 -0.163282
503.000000 188.000000 0.574627 -0.163282
530.000000 188.000000 0.659408 -0.163282
537.000000 188.000000 0.681388 -0.163282
603.000000 188.000000 0.888631 -0.163282
605.000000 188.000000 0.894911 -0.163282
636.000000 188.000000 0.992252 -0.163282
326.000000 189.000000 0.018840 -0.160142
435.000000 189.000000 0.361104 -0.160142
485.000000 189.000000 0.518106 -0.160142
497.000000 189.000000 0.555787 -0.160142
632.000000 189.000000 0.979692 -0.160142
292.000000 190.000000 -0.087921 -0.157002
304.000000 190.000000 -0.050241 -0.157002
323.000000 190.000000 0.009420 -0.157002
348.000000 190.000000 0.087921 -0.157002
351.000000 190.000000 0.097341 -0.157002
378.000000 190.000000 0.182122 -0.157002
433.000000 190.000000 0.354824 -0.157002
474.000000 190.000000 0.483566 -0.157002
477.000000 190.000000 0.492986 -0.157002
532.000000 190.000000 0.665688 -0.157002
557.000000 190.000000 0.744189 -0.157002
580.000000 190.000000 0.816410 -0.157002
288.000000 191.000000 -0.100481 -0.153862
381.000000 191.000000 0.191542 -0.153862
385.000000 191.000000 0.204102 -0.153862
429.000000 191.000000 0.342264 -0.153862
443.000000 191.000000 0.386225 -0.153862
596.000000 191.000000 0.866650 -0.153862
613.000000 191.000000 0.920031 -0.153862
303.000000 192.000000 -0.053381 -0.150722
376.000000 192.000000 0.175842 -0.150722
448.000000 192.000000 0.401925 -0.150722
467.000000 192.000000 0.461585 -0.150722
474.000000 192.000000 0.483566 -0.150722
490.000000 192.000000 0.533806 -0.150722
567.000000 192.000000 0.775589 -0.150722
588.000000 192.000000 0.841530 -0.150722
623.000000 192.000000 0.951431 -0.150722
338.000000 193.000000 0.056521 -0.147582
346.000000 193.000000 0.081641 -0.147582
382.000000 193.000000 0.194682 -0.147582
425.000000 193.000000 0.329704 -0.147582
444.000000 193.000000 0.389365 -0.147582
472.000000 193.000000 0.477286 -0.147582
569.000000 193.000000 0.781869 -0.147582
288.000000 194.000000 -0.100481 -0.144442
315.000000 194.000000 -0.015700 -0.144442
342.000000 194.000000 0.069081 -0.144442
369.000000 194.000000 0.153862 -0.144442
418.000000 194.000000 0.307724 -0.144442
421.000000 194.000000 0.317144 -0.144442
464.000000 194.000000 0.452165 -0.144442
566.000000 194.000000 0.772449 -0.144442
617.000000 194.000000 0.932591 -0.144442
324.000000 195.000000 0.012560 -0.141302
331.000000 195.000000 0.034540 -0.141302
344.000000 195.000000 0.075361 -0.141302
346.000000 195.000000 0.081641 -0.141302
443.000000 195.000000 0.386225 -0.141302
466.000000 195.000000 0.458445 -0.141302
477.000000 195.000000 0.492986 -0.141302
479.000000 195.000000 0.499266 -0.141302
532.000000 195.000000 0.665688 -0.141302
614.000000 195.000000 0.923171 -0.141302
291.000000 196.000000 -0.091061 -0.138162
315.000000 196.000000 -0.015700 -0.138162
338.000000 196.000000 0.056521 -0.138162
419.000000 196.000000 0.310864 -0.138162
447.000000 196.000000 0.398785 -0.138162
457.000000 196.000000 0.430185 -0.138162
475.000000 196.000000 0.486706 -0.138162
282.000000 197.000000 -0.119321 -0.135022
312.000000 197.000000 -0.025120 -0.135022
377.000000 197.000000 0.178982 -0.135022
454.000000 197.000000 0.420765 -0.135022
460.000000 197.000000 0.439605 -0.135022
534.000000 197.000000 0.671968 -0.135022
610.000000 197.000000 0.910611 -0.135022
323.000000 198.000000 0.009420 -0.131882
330.000000 198.000000 0.031400 -0.131882
373.000000 198.000000 0.166422 -0.131882
379.000000 198.000000 0.185262 -0.131882
383.000000 198.000000 0.197822 -0.131882
445.000000 198.000000 0.392505 -0.131882
457.000000 198.000000 0.430185 -0.131882
471.000000 198.000000 0.474146 -0.131882
506.000000 198.000000 0.584047 -0.131882
602.000000 198.000000 0.885490 -0.131882
605.000000 198.000000 0.894911 -0.131882
281.000000 199.000000 -0.122461 -0.128742
301.000000 199.000000 -0.059661 -0.128742
303.000000 199.000000 -0.053381 -0.128742
347.000000 199.000000 0.084781 -0.128742
447.000000 199.000000 0.398785 -0.128742
463.000000 199.000000 0.449025 -0.128742
469.000000 199.000000 0.467866 -0.128742
610.000000 199.000000 0.910611 -0.128742
271.000000 200.000000 -0.153862 -0.125601
276.000000 200.000000 -0.138162 -0.125601
421.000000 200.000000 0.317144 -0.125601
423.000000 200.000000 0.323424 -0.125601
450.000000 200.000000 0.408205 -0.125601
545.000000 200.000000 0.706508 -0.125601
596.000000 200.000000 0.866650 -0.125601
261.000000 201.000000 -0.185262 -0.122461
310.000000 201.000000 -0.031400 -0.122461
313.000000 201.000000 -0.021980 -0.122461
344.000000 201.000000 0.075361 -0.122461
354.000000 201.000000 0.106761 -0.122461
461.000000 201.000000 0.442745 -0.122461
467.000000 201.000000 0.461585 -0.122461
496.000000 201.000000 0.552647 -0.122461
551.000000 201.000000 0.725349 -0.122461
604.000000 201.000000 0.891771 -0.122461
263.000000 202.000000 -0.178982 -0.119321
265.000000 202.000000 -0.172702 -0.119321
305.000000 202.000000 -0.047101 -0.119321
321.000000 202.000000 0.003140 -0.119321
324.000000 202.000000 0.012560 -0.119321
364.000000 202.000000 0.138162 -0.119321
368.000000 202.000000 0.150722 -0.119321
372.000000 202.000000 0.163282 -0.119321
388.000000 202.000000 0.213523 -0.119321
403.000000 202.000000 0.260623 -0.119321
406.000000 202.000000 0.270043 -0.119321
458.000000 202.000000 0.433325 -0.119321
600.000000 202.000000 0.879210 -0.119321
269.000000 203.000000 -0.160142 -0.116181
285.000000 203.000000 -0.109901 -0.116181
316.000000 203.000000 -0.012560 -0.116181
454.000000 203.000000 0.420765 -0.116181
490.000000 203.000000 0.533806 -0.116181
576.000000 203.000000 0.803850 -0.116181
258.000000 204.000000 -0.194682 -0.113041
290.000000 204.000000 -0.094201 -0.113041
299.000000 204.000000 -0.065941 -0.113041
302.000000 204.000000 -0.056521 -0.113041
342.000000 204.000000 0.069081 -0.113041
467.000000 204.000000 0.461585 -0.113041
535.000000 204.000000 0.675108 -0.113041
427.000000 205.000000 0.335984 -0.109901
447.000000 205.000000 0.398785 -0.109901
259.000000 206.000000 -0.191542 -0.106761
279.000000 206.000000 -0.128742 -0.106761
284.000000 206.000000 -0.113041 -0.106761
359.000000 206.000000 0.122461 -0.106761
403.000000 206.000000 0.260623 -0.106761
425.000000 206.000000 0.329704 -0.106761
450.000000 206.000000 0.408205 -0.106761
465.000000 206.000000 0.455305 -0.106761
499.000000 206.000000 0.562067 -0.106761
579.000000 206.000000 0.813270 -0.106761
253.000000 207.000000 -0.210382 -0.103621
256.000000 207.000000 -0.200962 -0.103621
295.000000 207.000000 -0.078501 -0.103621
332.000000 207.000000 0.037680 -0.103621
407.000000 207.000000 0.273183 -0.103621
427.000000 207.000000 0.335984 -0.103621
477.000000 207.000000 0.492986 -0.103621
278.000000 208.000000 -0.131882 -0.100481
327.000000 208.000000 0.021980 -0.100481
353.000000 208.000000 0.103621 -0.100481
370.000000 208.000000 0.157002 -0.100481
474.000000 208.000000 0.483566 -0.100481
537.000000 208.000000 0.681388 -0.100481
292.000000 209.000000 -0.087921 -0.097341
325.000000 209.000000 0.015700 -0.097341
343.000000 209.000000 0.072221 -0.097341
345.000000 209.000000 0.078501 -0.097341
451.000000 209.000000 0.411345 -0.097341
455.000000 209.000000 0.423905 -0.097341
634.000000 209.000000 0.985972 -0.097341
256.000000 210.000000 -0.200962 -0.094201
285.000000 210.000000 -0.109901 -0.094201
341.000000 210.000000 0.065941 -0.094201
398.000000 210.000000 0.244923 -0.094201
631.000000 210.000000 0.976552 -0.094201
240.000000 211.000000 -0.251203 -0.091061
268.000000 211.000000 -0.163282 -0.091061
321.000000 211.000000 0.003140 -0.091061
345.000000 211.000000 0.078501 -0.091061
449.000000 211.000000 0.405065 -0.091061
465.000000 211.000000 0.455305 -0.091061
537.000000 211.000000 0.681388 -0.091061
237.000000 212.000000 -0.260623 -0.087921
278.000000 212.000000 -0.131882 -0.087921
317.000000 212.000000 -0.009420 -0.087921
452.000000 212.000000 0.414485 -0.087921
461.000000 212.000000 0.442745 -0.087921
469.000000 212.000000 0.467866 -0.087921
256.000000 213.000000 -0.200962 -0.084781
302.000000 213.000000 -0.056521 -0.084781
328.000000 213.000000 0.025120 -0.084781
333.000000 213.000000 0.040820 -0.084781
337.000000 213.000000 0.053381 -0.084781
377.000000 213.000000 0.178982 -0.084781
454.000000 213.000000 0.420765 -0.084781
522.000000 213.000000 0.634288 -0.084781
233.000000 214.000000 -0.273183 -0.081641
271.000000 214.000000 -0.153862 -0.081641
281.000000 214.000000 -0.122461 -0.081641
320.000000 214.000000 -0.000000 -0.081641
342.000000 214.000000 0.069081 -0.081641
300.000000 215.000000 -0.062801 -0.078501
318.000000 215.000000 -0.006280 -0.078501
340.000000 215.000000 0.062801 -0.078501
451.000000 215.000000 0.411345 -0.078501
471.000000 215.000000 0.474146 -0.078501
539.000000 215.000000 0.687668 -0.078501
252.000000 216.000000 -0.213523 -0.075361
347.000000 216.000000 0.084781 -0.075361
371.000000 216.000000 0.160142 -0.075361
301.000000 217.000000 -0.059661 -0.072221
322.000000 217.000000 0.006280 -0.072221
337.000000 217.000000 0.053381 -0.072221
344.000000 217.000000 0.075361 -0.072221
373.000000 217.000000 0.166422 -0.072221
490.000000 217.000000 0.533806 -0.072221
495.000000 217.000000 0.549506 -0.072221
314.000000 218.000000 -0.018840 -0.069081
355.000000 218.000000 0.109901 -0.069081
371.000000 218.000000 0.160142 -0.069081
471.000000 218.000000 0.474146 -0.069081
492.000000 218.000000 0.540086 -0.069081
498.000000 218.000000 0.558927 -0.069081
542.000000 218.000000 0.697088 -0.069081
318.000000 219.000000 -0.006280 -0.065941
336.000000 219.000000 0.050241 -0.065941
351.000000 219.000000 0.097341 -0.065941
487.000000 219.000000 0.524386 -0.065941
333.000000 220.000000 0.040820 -0.062801
372.000000 220.000000 0.163282 -0.062801
456.000000 220.000000 0.427045 -0.062801
485.000000 220.000000 0.518106 -0.062801
236.000000 221.000000 -0.263763 -0.059661
342.000000 221.000000 0.069081 -0.059661
347.000000 221.000000 0.084781 -0.059661
359.000000 221.000000 0.122461 -0.059661
374.000000 221.000000 0.169562 -0.059661
432.000000 221.000000 0.351684 -0.059661
479.000000 221.000000 0.499266 -0.059661
482.000000 221.000000 0.508686 -0.059661
286.000000 222.000000 -0.106761 -0.056521
309.000000 222.000000 -0.034540 -0.056521
313.000000 222.000000 -0.021980 -0.056521
355.000000 222.000000 0.109901 -0.056521
380.000000 222.000000 0.188402 -0.056521
477.000000 222.000000 0.492986 -0.056521
525.000000 222.000000 0.643708 -0.056521
528.000000 222.000000 0.653128 -0.056521
596.000000 222.000000 0.866650 -0.056521
298.000000 223.000000 -0.069081 -0.053381
342.000000 223.000000 0.069081 -0.053381
486.000000 223.000000 0.521246 -0.053381
300.000000 224.000000 -0.062801 -0.050241
368.000000 224.000000 0.150722 -0.050241
395.000000 224.000000 0.235503 -0.050241
430.000000 224.000000 0.345404 -0.050241
453.000000 224.000000 0.417625 -0.050241
523.000000 224.000000 0.637428 -0.050241
328.000000 225.000000 0.025120 -0.047101
335.000000 225.000000 0.047101 -0.047101
345.000000 225.000000 0.078501 -0.047101
373.000000 225.000000 0.166422 -0.047101
273.000000 226.000000 -0.147582 -0.043961
347.000000 226.000000 0.084781 -0.043961
466.000000 226.000000 0.458445 -0.043961
281.000000 227.000000 -0.122461 -0.040820
286.000000 227.000000 -0.106761 -0.040820
357.000000 227.000000 0.116181 -0.040820
376.000000 227.000000 0.175842 -0.040820
489.000000 227.000000 0.530666 -0.040820
510.000000 227.000000 0.596607 -0.040820
617.000000 227.000000 0.932591 -0.040820
273.000000 228.000000 -0.147582 -0.037680
316.000000 228.000000 -0.012560 -0.037680
333.000000 228.000000 0.040820 -0.037680
373.000000 228.000000 0.166422 -0.037680
313.000000 229.000000 -0.021980 -0.034540
342.000000 229.000000 0.069081 -0.034540
512.000000 229.000000 0.602887 -0.034540
277.000000 230.000000 -0.135022 -0.031400
330.000000 230.000000 0.031400 -0.031400
375.000000 230.000000 0.172702 -0.031400
501.000000 230.000000 0.568347 -0.031400
503.000000 230.000000 0.574627 -0.031400
381.000000 231.000000 0.191542 -0.028260
427.000000 231.000000 0.335984 -0.028260
432.000000 231.000000 0.351684 -0.028260
455.000000 231.000000 0.423905 -0.028260
555.000000 232.000000 0.737909 -0.025120
310.000000 233.000000 -0.031400 -0.021980
376.000000 233.000000 0.175842 -0.021980
421.000000 233.000000 0.317144 -0.021980
431.000000 233.000000 0.348544 -0.021980
560.000000 233.000000 0.753609 -0.021980
349.000000 234.000000 0.091061 -0.018840
460.000000 234.000000 0.439605 -0.018840
558.000000 234.000000 0.747329 -0.018840
278.000000 235.000000 -0.131882 -0.015700
303.000000 235.000000 -0.053381 -0.015700
312.000000 235.000000 -0.025120 -0.015700
493.000000 235.000000 0.543226 -0.015700
495.000000 235.000000 0.549506 -0.015700
310.000000 236.000000 -0.031400 -0.012560
434.000000 236.000000 0.357964 -0.012560
460.000000 236.000000 0.439605 -0.012560
486.000000 236.000000 0.521246 -0.012560
553.000000 236.000000 0.731629 -0.012560
301.000000 237.000000 -0.059661 -0.009420
306.000000 237.000000 -0.043961 -0.009420
308.000000 237.000000 -0.037680 -0.009420
329.000000 237.000000 0.028260 -0.009420
334.000000 237.000000 0.043961 -0.009420
338.000000 237.000000 0.056521 -0.009420
340.000000 237.000000 0.062801 -0.009420
370.000000 237.000000 0.157002 -0.009420
292.000000 238.000000 -0.087921 -0.006280
312.000000 238.000000 -0.025120 -0.006280
331.000000 238.000000 0.034540 -0.006280
351.000000 238.000000 0.097341 -0.006280
377.000000 238.000000 0.178982 -0.006280
477.000000 238.000000 0.492986 -0.006280
295.000000 239.000000 -0.078501 -0.003140
301.000000 239.000000 -0.059661 -0.003140
310.000000 239.000000 -0.031400 -0.003140
438.000000 239.000000 0.370524 -0.003140
449.000000 239.000000 0.405065 -0.003140
378.000000 240.000000 0.182122 0.000000
305.000000 241.000000 -0.047101 0.003140
326.000000 241.000000 0.018840 0.003140
461.000000 241.000000 0.442745 0.003140
527.000000 241.000000 0.649988 0.003140
530.000000 241.000000 0.659408 0.003140
324.000000 242.000000 0.012560 0.006280
392.000000 242.000000 0.226083 0.006280
524.000000 242.000000 0.640568 0.006280
293.000000 243.000000 -0.084781 0.009420
298.000000 243.000000 -0.069081 0.009420
312.000000 243.000000 -0.025120 0.009420
371.000000 243.000000 0.160142 0.009420
458.000000 243.000000 0.433325 0.009420
593.000000 243.000000 0.857230 0.009420
305.000000 244.000000 -0.047101 0.012560
356.000000 244.000000 0.113041 0.012560
460.000000 244.000000 0.439605 0.012560
521.000000 244.000000 0.631147 0.012560
527.000000 244.000000 0.649988 0.012560
255.000000 245.000000 -0.204102 0.015700
302.000000 245.000000 -0.056521 0.015700
321.000000 245.000000 0.003140 0.015700
329.000000 245.000000 0.028260 0.015700
363.000000 245.000000 0.135022 0.015700
456.000000 245.000000 0.427045 0.015700
524.000000 245.000000 0.640568 0.015700
537.000000 245.000000 0.681388 0.015700
539.000000 245.000000 0.687668 0.015700
298.000000 246.000000 -0.069081 0.018840
353.000000 246.000000 0.103621 0.018840
388.000000 246.000000 0.213523 0.018840
394.000000 246.000000 0.232363 0.018840
435.000000 246.000000 0.361104 0.018840
516.000000 246.000000 0.615447 0.018840
359.000000 247.000000 0.122461 0.021980
380.000000 247.000000 0.188402 0.021980
308.000000 248.000000 -0.037680 0.025120
312.000000 248.000000 -0.025120 0.025120
319.000000 248.000000 -0.003140 0.025120
324.000000 248.000000 0.012560 0.025120
335.000000 248.000000 0.047101 0.025120
373.000000 248.000000 0.166422 0.025120
429.000000 248.000000 0.342264 0.025120
449.000000 248.000000 0.405065 0.025120
275.000000 249.000000 -0.141302 0.028260
277.000000 249.000000 -0.135022 0.028260
289.000000 249.000000 -0.097341 0.028260
293.000000 249.000000 -0.084781 0.028260
298.000000 249.000000 -0.069081 0.028260
315.000000 249.000000 -0.015700 0.028260
354.000000 249.000000 0.106761 0.028260
588.000000 249.000000 0.841530 0.028260
234.000000 250.000000 -0.270043 0.031400
272.000000 250.000000 -0.150722 0.031400
307.000000 250.000000 -0.040820 0.031400
344.000000 250.000000 0.075361 0.031400
422.000000 250.000000 0.320284 0.031400
440.000000 250.000000 0.376804 0.031400
602.000000 250.000000 0.885490 0.031400
269.000000 251.000000 -0.160142 0.034540
355.000000 251.000000 0.109901 0.034540
499.000000 251.000000 0.562067 0.034540
614.000000 251.000000 0.923171 0.034540
631.000000 251.000000 0.976552 0.034540
230.000000 252.000000 -0.282603 0.037680
324.000000 252.000000 0.012560 0.037680
438.000000 252.000000 0.370524 0.037680
627.000000 252.000000 0.963991 0.037680
237.000000 253.000000 -0.260623 0.040820
313.000000 253.000000 -0.021980 0.040820
364.000000 253.000000 0.138162 0.040820
492.000000 253.000000 0.540086 0.040820
259.000000 254.000000 -0.191542 0.043961
382.000000 254.000000 0.194682 0.043961
408.000000 254.000000 0.276323 0.043961
256.000000 255.000000 -0.200962 0.047101
289.000000 255.000000 -0.097341 0.047101
307.000000 255.000000 -0.040820 0.047101
404.000000 255.000000 0.263763 0.047101
483.000000 255.000000 0.511826 0.047101
486.000000 255.000000 0.521246 0.047101
636.000000 255.000000 0.992252 0.047101
215.000000 256.000000 -0.329704 0.050241
218.000000 256.000000 -0.320284 0.050241
237.000000 256.000000 -0.260623 0.050241
310.000000 256.000000 -0.031400 0.050241
337.000000 256.000000 0.053381 0.050241
231.000000 257.000000 -0.279463 0.053381
233.000000 257.000000 -0.273183 0.053381
250.000000 257.000000 -0.219803 0.053381
304.000000 257.000000 -0.050241 0.053381
365.000000 257.000000 0.141302 0.053381
480.000000 257.000000 0.502406 0.053381
330.000000 258.000000 0.031400 0.056521
471.000000 258.000000 0.474146 0.056521
623.000000 258.000000 0.951431 0.056521
626.000000 258.000000 0.960851 0.056521
628.000000 258.000000 0.967131 0.056521
234.000000 259.000000 -0.270043 0.059661
246.000000 259.000000 -0.232363 0.059661
327.000000 259.000000 0.021980 0.059661
216.000000 260.000000 -0.326564 0.062801
308.000000 260.000000 -0.037680 0.062801
333.000000 260.000000 0.040820 0.062801
398.000000 260.000000 0.244923 0.062801
474.000000 260.000000 0.483566 0.062801
218.000000 261.000000 -0.320284 0.065941
384.000000 261.000000 0.200962 0.065941
392.000000 261.000000 0.226083 0.065941
247.000000 262.000000 -0.229223 0.069081
318.000000 262.000000 -0.006280 0.069081
463.000000 262.000000 0.449025 0.069081
465.000000 262.000000 0.455305 0.069081
237.000000 263.000000 -0.260623 0.072221
315.000000 263.000000 -0.015700 0.072221
312.000000 264.000000 -0.025120 0.075361
318.000000 264.000000 -0.006280 0.075361
375.000000 264.000000 0.172702 0.075361
389.000000 264.000000 0.216663 0.075361
408.000000 264.000000 0.276323 0.075361
464.000000 264.000000 0.452165 0.075361
612.000000 264.000000 0.916891 0.075361
308.000000 265.000000 -0.037680 0.078501
315.000000 265.000000 -0.015700 0.078501
462.000000 265.000000 0.445885 0.078501
175.000000 266.000000 -0.455305 0.081641
305.000000 266.000000 -0.047101 0.081641
217.000000 267.000000 -0.323424 0.084781
228.000000 267.000000 -0.288883 0.084781
303.000000 267.000000 -0.053381 0.084781
394.000000 267.000000 0.232363 0.084781
220.000000 268.000000 -0.314004 0.087921
225.000000 268.000000 -0.298304 0.087921
311.000000 268.000000 -0.028260 0.087921
396.000000 268.000000 0.238643 0.087921
163.000000 269.000000 -0.492986 0.091061
176.000000 269.000000 -0.452165 0.091061
229.000000 269.000000 -0.285743 0.091061
289.000000 269.000000 -0.097341 0.091061
330.000000 269.000000 0.031400 0.091061
400.000000 269.000000 0.251203 0.091061
160.000000 270.000000 -0.502406 0.094201
222.000000 270.000000 -0.307724 0.094201
224.000000 270.000000 -0.301444 0.094201
300.000000 270.000000 -0.062801 0.094201
397.000000 270.000000 0.241783 0.094201
444.000000 270.000000 0.389365 0.094201
446.000000 270.000000 0.395645 0.094201
593.000000 270.000000 0.857230 0.094201
173.000000 271.000000 -0.461585 0.097341
175.000000 271.000000 -0.455305 0.097341
228.000000 271.000000 -0.288883 0.097341
333.000000 271.000000 0.040820 0.097341
387.000000 271.000000 0.210382 0.097341
178.000000 272.000000 -0.445885 0.100481
367.000000 272.000000 0.147582 0.100481
385.000000 272.000000 0.204102 0.100481
159.000000 273.000000 -0.505546 0.103621
210.000000 273.000000 -0.345404 0.103621
223.000000 273.000000 -0.304584 0.103621
305.000000 273.000000 -0.047101 0.103621
439.000000 273.000000 0.373664 0.103621
149.000000 274.000000 -0.536946 0.106761
155.000000 274.000000 -0.518106 0.106761
176.000000 274.000000 -0.452165 0.106761
214.000000 274.000000 -0.332844 0.106761
329.000000 274.000000 0.028260 0.106761
397.000000 274.000000 0.241783 0.106761
435.000000 274.000000 0.361104 0.106761
579.000000 274.000000 0.813270 0.106761
205.000000 275.000000 -0.361104 0.109901
335.000000 275.000000 0.047101 0.109901
403.000000 275.000000 0.260623 0.109901
203.000000 276.000000 -0.367384 0.113041
302.000000 276.000000 -0.056521 0.113041
355.000000 276.000000 0.109901 0.113041
410.000000 276.000000 0.282603 0.113041
152.000000 277.000000 -0.527526 0.116181
156.000000 277.000000 -0.514966 0.116181
177.000000 277.000000 -0.449025 0.116181
199.000000 277.000000 -0.379945 0.116181
208.000000 277.000000 -0.351684 0.116181
326.000000 277.000000 0.018840 0.116181
353.000000 277.000000 0.103621 0.116181
417.000000 277.000000 0.304584 0.116181
196.000000 278.000000 -0.389365 0.119321
251.000000 278.000000 -0.216663 0.119321
333.000000 278.000000 0.040820 0.119321
336.000000 278.000000 0.050241 0.119321
348.000000 278.000000 0.087921 0.119321
351.000000 278.000000 0.097341 0.119321
355.000000 278.000000 0.109901 0.119321
566.000000 278.000000 0.772449 0.119321
568.000000 278.000000 0.778729 0.119321
194.000000 279.000000 -0.395645 0.122461
346.000000 279.000000 0.081641 0.122461
361.000000 279.000000 0.128742 0.122461
364.000000 279.000000 0.138162 0.122461
400.000000 279.000000 0.251203 0.122461
562.000000 279.000000 0.759889 0.122461
152.000000 280.000000 -0.527526 0.125601
202.000000 280.000000 -0.370524 0.125601
308.000000 280.000000 -0.037680 0.125601
319.000000 280.000000 -0.003140 0.125601
397.000000 280.000000 0.241783 0.125601
403.000000 280.000000 0.260623 0.125601
410.000000 280.000000 0.282603 0.125601
415.000000 280.000000 0.298304 0.125601
157.000000 281.000000 -0.511826 0.128742
333.000000 281.000000 0.040820 0.128742
347.000000 281.000000 0.084781 0.128742
556.000000 281.000000 0.741049 0.128742
558.000000 281.000000 0.747329 0.128742
154.000000 282.000000 -0.521246 0.131882
415.000000 282.000000 0.298304 0.131882
195.000000 283.000000 -0.392505 0.135022
417.000000 283.000000 0.304584 0.135022
344.000000 284.000000 0.075361 0.138162
420.000000 284.000000 0.314004 0.138162
226.000000 285.000000 -0.295163 0.141302
308.000000 286.000000 -0.037680 0.144442
342.000000 286.000000 0.069081 0.144442
376.000000 286.000000 0.175842 0.144442
424.000000 286.000000 0.326564 0.144442
181.000000 287.000000 -0.436465 0.147582
289.000000 287.000000 -0.097341 0.147582
330.000000 287.000000 0.031400 0.147582
537.000000 287.000000 0.681388 0.147582
612.000000 287.000000 0.916891 0.147582
226.000000 288.000000 -0.295163 0.150722
317.000000 288.000000 -0.009420 0.150722
325.000000 288.000000 0.015700 0.150722
534.000000 288.000000 0.671968 0.150722
157.000000 290.000000 -0.511826 0.157002
310.000000 290.000000 -0.031400 0.157002
297.000000 291.000000 -0.072221 0.160142
327.000000 291.000000 0.021980 0.160142
126.000000 292.000000 -0.609167 0.163282
149.000000 293.000000 -0.536946 0.166422
161.000000 293.000000 -0.499266 0.166422
168.000000 293.000000 -0.477286 0.166422
510.000000 293.000000 0.596607 0.166422
505.000000 294.000000 0.580907 0.169562
507.000000 294.000000 0.587187 0.169562
170.000000 295.000000 -0.471006 0.172702
280.000000 295.000000 -0.125601 0.172702
117.000000 296.000000 -0.637428 0.175842
122.000000 296.000000 -0.621727 0.175842
173.000000 296.000000 -0.461585 0.175842
305.000000 296.000000 -0.047101 0.175842
340.000000 296.000000 0.062801 0.175842
105.000000 297.000000 -0.675108 0.178982
119.000000 297.000000 -0.631147 0.178982
164.000000 297.000000 -0.489846 0.178982
312.000000 297.000000 -0.025120 0.178982
506.000000 297.000000 0.584047 0.178982
102.000000 298.000000 -0.684528 0.182122
125.000000 298.000000 -0.612307 0.182122
308.000000 298.000000 -0.037680 0.182122
129.000000 299.000000 -0.599747 0.185262
134.000000 299.000000 -0.584047 0.185262
159.000000 299.000000 -0.505546 0.185262
294.000000 299.000000 -0.081641 0.185262
501.000000 299.000000 0.568347 0.185262
104.000000 300.000000 -0.678248 0.188402
107.000000 300.000000 -0.668828 0.188402
120.000000 300.000000 -0.628007 0.188402
233.000000 300.000000 -0.273183 0.188402
237.000000 300.000000 -0.260623 0.188402
499.000000 300.000000 0.562067 0.188402
231.000000 301.000000 -0.279463 0.191542
256.000000 301.000000 -0.200962 0.191542
291.000000 301.000000 -0.091061 0.191542
98.000000 302.000000 -0.697088 0.194682
113.000000 302.000000 -0.649988 0.194682
129.000000 302.000000 -0.599747 0.194682
153.000000 302.000000 -0.524386 0.194682
253.000000 302.000000 -0.210382 0.194682
288.000000 302.000000 -0.100481 0.194682
311.000000 302.000000 -0.028260 0.194682
324.000000 302.000000 0.012560 0.194682
131.000000 303.000000 -0.593467 0.197822
240.000000 303.000000 -0.251203 0.197822
305.000000 303.000000 -0.047101 0.197822
314.000000 303.000000 -0.018840 0.197822
88.000000 304.000000 -0.728489 0.200962
107.000000 304.000000 -0.668828 0.200962
301.000000 304.000000 -0.059661 0.200962
310.000000 304.000000 -0.031400 0.200962
93.000000 305.000000 -0.712788 0.204102
96.000000 305.000000 -0.703368 0.204102
186.000000 305.000000 -0.420765 0.204102
246.000000 305.000000 -0.232363 0.204102
265.000000 305.000000 -0.172702 0.204102
289.000000 305.000000 -0.097341 0.204102
307.000000 305.000000 -0.040820 0.204102
40.000000 306.000000 -0.879210 0.207242
282.000000 306.000000 -0.119321 0.207242
299.000000 306.000000 -0.065941 0.207242
130.000000 307.000000 -0.596607 0.210382
178.000000 307.000000 -0.445885 0.210382
228.000000 307.000000 -0.288883 0.210382
241.000000 307.000000 -0.248063 0.210382
34.000000 308.000000 -0.898051 0.213523
94.000000 308.000000 -0.709648 0.213523
310.000000 310.000000 -0.031400 0.219803
234.000000 311.000000 -0.270043 0.222943
307.000000 311.000000 -0.040820 0.222943
365.000000 311.000000 0.141302 0.222943
586.000000 311.000000 0.835250 0.222943
91.000000 312.000000 -0.719069 0.226083
95.000000 312.000000 -0.706508 0.226083
99.000000 312.000000 -0.693948 0.226083
189.000000 312.000000 -0.411345 0.226083
231.000000 312.000000 -0.279463 0.226083
131.000000 313.000000 -0.593467 0.229223
276.000000 313.000000 -0.138162 0.229223
308.000000 313.000000 -0.037680 0.229223
12.000000 314.000000 -0.967131 0.232363
231.000000 314.000000 -0.279463 0.232363
241.000000 314.000000 -0.248063 0.232363
51.000000 315.000000 -0.844670 0.235503
186.000000 315.000000 -0.420765 0.235503
189.000000 315.000000 -0.411345 0.235503
234.000000 315.000000 -0.270043 0.235503
132.000000 316.000000 -0.590327 0.238643
111.000000 317.000000 -0.656268 0.241783
232.000000 317.000000 -0.276323 0.241783
234.000000 317.000000 -0.270043 0.241783
309.000000 317.000000 -0.034540 0.241783
481.000000 317.000000 0.505546 0.241783
40.000000 318.000000 -0.879210 0.244923
100.000000 318.000000 -0.690808 0.244923
226.000000 318.000000 -0.295163 0.244923
263.000000 318.000000 -0.178982 0.244923
306.000000 318.000000 -0.043961 0.244923
483.000000 318.000000 0.511826 0.244923
37.000000 319.000000 -0.888631 0.248063
181.000000 319.000000 -0.436465 0.248063
189.000000 319.000000 -0.411345 0.248063
230.000000 319.000000 -0.282603 0.248063
235.000000 319.000000 -0.266903 0.248063
237.000000 319.000000 -0.260623 0.248063
240.000000 319.000000 -0.251203 0.248063
300.000000 319.000000 -0.062801 0.248063
109.000000 320.000000 -0.662548 0.251203
114.000000 320.000000 -0.646848 0.251203
233.000000 320.000000 -0.273183 0.251203
117.000000 321.000000 -0.637428 0.254343
180.000000 321.000000 -0.439605 0.254343
297.000000 321.000000 -0.072221 0.254343
308.000000 321.000000 -0.037680 0.254343
486.000000 321.000000 0.521246 0.254343
106.000000 322.000000 -0.671968 0.257483
190.000000 322.000000 -0.408205 0.257483
233.000000 322.000000 -0.273183 0.257483
104.000000 323.000000 -0.678248 0.260623
236.000000 324.000000 -0.263763 0.263763
492.000000 324.000000 0.540086 0.263763
97.000000 325.000000 -0.700228 0.266903
230.000000 325.000000 -0.282603 0.266903
304.000000 326.000000 -0.050241 0.270043
303.000000 328.000000 -0.053381 0.276323
90.000000 329.000000 -0.722209 0.279463
162.000000 329.000000 -0.496126 0.279463
165.000000 329.000000 -0.486706 0.279463
232.000000 329.000000 -0.276323 0.279463
501.000000 329.000000 0.568347 0.279463
4.000000 330.000000 -0.992252 0.282603
305.000000 330.000000 -0.047101 0.282603
470.000000 330.000000 0.471006 0.282603
193.000000 331.000000 -0.398785 0.285743
460.000000 331.000000 0.439605 0.285743
465.000000 332.000000 0.455305 0.288883
505.000000 332.000000 0.580907 0.288883
509.000000 332.000000 0.593467 0.288883
81.000000 333.000000 -0.750469 0.292023
468.000000 333.000000 0.464725 0.292023
470.000000 333.000000 0.471006 0.292023
476.000000 333.000000 0.489846 0.292023
479.000000 333.000000 0.499266 0.292023
513.000000 333.000000 0.606027 0.292023
227.000000 334.000000 -0.292023 0.295163
459.000000 334.000000 0.436465 0.295163
49.000000 335.000000 -0.850950 0.298304
473.000000 335.000000 0.480426 0.298304
483.000000 335.000000 0.511826 0.298304
491.000000 335.000000 0.536946 0.298304
499.000000 335.000000 0.562067 0.298304
470.000000 336.000000 0.471006 0.301444
495.000000 336.000000 0.549506 0.301444
73.000000 337.000000 -0.775589 0.304584
481.000000 337.000000 0.505546 0.304584
501.000000 337.000000 0.568347 0.304584
506.000000 337.000000 0.584047 0.304584
514.000000 337.000000 0.609167 0.304584
520.000000 337.000000 0.628007 0.304584
509.000000 338.000000 0.593467 0.307724
518.000000 338.000000 0.621727 0.307724
526.000000 338.000000 0.646848 0.307724
51.000000 339.000000 -0.844670 0.310864
66.000000 339.000000 -0.797569 0.310864
141.000000 339.000000 -0.562067 0.310864
307.000000 339.000000 -0.040820 0.310864
453.000000 339.000000 0.417625 0.310864
505.000000 339.000000 0.580907 0.310864
530.000000 339.000000 0.659408 0.310864
536.000000 339.000000 0.678248 0.310864
304.000000 340.000000 -0.050241 0.314004
491.000000 340.000000 0.536946 0.314004
516.000000 340.000000 0.615447 0.314004
550.000000 340.000000 0.722209 0.314004
142.000000 341.000000 -0.558927 0.317144
221.000000 341.000000 -0.310864 0.317144
306.000000 341.000000 -0.043961 0.317144
310.000000 341.000000 -0.031400 0.317144
523.000000 341.000000 0.637428 0.317144
526.000000 341.000000 0.646848 0.317144
534.000000 341.000000 0.671968 0.317144
536.000000 341.000000 0.678248 0.317144
557.000000 341.000000 0.744189 0.317144
60.000000 342.000000 -0.816410 0.320284
471.000000 342.000000 0.474146 0.320284
566.000000 342.000000 0.772449 0.320284
303.000000 343.000000 -0.053381 0.323424
528.000000 343.000000 0.653128 0.323424
535.000000 343.000000 0.675108 0.323424
308.000000 344.000000 -0.037680 0.326564
447.000000 344.000000 0.398785 0.326564
481.000000 344.000000 0.505546 0.326564
562.000000 344.000000 0.759889 0.326564
55.000000 345.000000 -0.832110 0.329704
492.000000 345.000000 0.540086 0.329704
494.000000 345.000000 0.546366 0.329704
527.000000 345.000000 0.649988 0.329704
53.000000 346.000000 -0.838390 0.332844
190.000000 346.000000 -0.408205 0.332844
312.000000 346.000000 -0.025120 0.332844
530.000000 346.000000 0.659408 0.332844
554.000000 346.000000 0.734769 0.332844
302.000000 347.000000 -0.056521 0.335984
506.000000 347.000000 0.584047 0.335984
513.000000 347.000000 0.606027 0.335984
53.000000 348.000000 -0.838390 0.339124
519.000000 348.000000 0.624867 0.339124
521.000000 348.000000 0.631147 0.339124
534.000000 348.000000 0.671968 0.339124
11.000000 349.000000 -0.970271 0.342264
194.000000 349.000000 -0.395645 0.342264
306.000000 349.000000 -0.043961 0.342264
559.000000 349.000000 0.750469 0.342264
309.000000 350.000000 -0.034540 0.345404
539.000000 350.000000 0.687668 0.345404
303.000000 351.000000 -0.053381 0.348544
544.000000 351.000000 0.703368 0.348544
195.000000 352.000000 -0.392505 0.351684
311.000000 352.000000 -0.028260 0.351684
551.000000 352.000000 0.725349 0.351684
296.000000 353.000000 -0.075361 0.354824
300.000000 353.000000 -0.062801 0.354824
201.000000 354.000000 -0.373664 0.357964
292.000000 354.000000 -0.087921 0.357964
301.000000 355.000000 -0.059661 0.361104
312.000000 355.000000 -0.025120 0.361104
554.000000 355.000000 0.734769 0.361104
299.000000 356.000000 -0.065941 0.364244
307.000000 356.000000 -0.040820 0.364244
559.000000 356.000000 0.750469 0.364244
556.000000 357.000000 0.741049 0.367384
287.000000 358.000000 -0.103621 0.370524
309.000000 358.000000 -0.034540 0.370524
175.000000 359.000000 -0.455305 0.373664
198.000000 359.000000 -0.383085 0.373664
301.000000 359.000000 -0.059661 0.373664
304.000000 359.000000 -0.050241 0.373664
287.000000 360.000000 -0.103621 0.376804
551.000000 360.000000 0.725349 0.376804
305.000000 361.000000 -0.047101 0.379945
352.000000 361.000000 0.100481 0.379945
199.000000 362.000000 -0.379945 0.383085
208.000000 362.000000 -0.351684 0.383085
368.000000 362.000000 0.150722 0.383085
303.000000 364.000000 -0.053381 0.389365
341.000000 364.000000 0.065941 0.389365
301.000000 365.000000 -0.059661 0.392505
417.000000 365.000000 0.304584 0.392505
524.000000 365.000000 0.640568 0.392505
202.000000 366.000000 -0.370524 0.395645
336.000000 366.000000 0.050241 0.395645
339.000000 366.000000 0.059661 0.395645
198.000000 367.000000 -0.383085 0.398785
286.000000 369.000000 -0.106761 0.405065
151.000000 370.000000 -0.530666 0.408205
286.000000 371.000000 -0.106761 0.411345
508.000000 372.000000 0.590327 0.414485
79.000000 374.000000 -0.756749 0.420765
153.000000 374.000000 -0.524386 0.420765
300.000000 375.000000 -0.062801 0.423905
143.000000 376.000000 -0.555787 0.427045
155.000000 376.000000 -0.518106 0.427045
143.000000 378.000000 -0.555787 0.433325
152.000000 378.000000 -0.527526 0.433325
328.000000 378.000000 0.025120 0.433325
462.000000 378.000000 0.445885 0.433325
298.000000 379.000000 -0.069081 0.436465
562.000000 380.000000 0.759889 0.439605
627.000000 380.000000 0.963991 0.439605
154.000000 381.000000 -0.521246 0.442745
188.000000 382.000000 -0.414485 0.445885
286.000000 382.000000 -0.106761 0.445885
288.000000 382.000000 -0.100481 0.445885
292.000000 382.000000 -0.087921 0.445885
297.000000 384.000000 -0.072221 0.452165
611.000000 384.000000 0.913751 0.452165
139.000000 385.000000 -0.568347 0.455305
294.000000 385.000000 -0.081641 0.455305
608.000000 385.000000 0.904331 0.455305
281.000000 387.000000 -0.122461 0.461585
304.000000 387.000000 -0.050241 0.461585
610.000000 387.000000 0.910611 0.461585
612.000000 387.000000 0.916891 0.461585
330.000000 388.000000 0.031400 0.464725
416.000000 388.000000 0.301444 0.464725
281.000000 389.000000 -0.122461 0.467866
414.000000 391.000000 0.295163 0.474146
12.000000 392.000000 -0.967131 0.477286
608.000000 392.000000 0.904331 0.477286
183.000000 393.000000 -0.430185 0.480426
330.000000 393.000000 0.031400 0.480426
339.000000 393.000000 0.059661 0.480426
538.000000 394.000000 0.684528 0.483566
611.000000 394.000000 0.913751 0.483566
280.000000 396.000000 -0.125601 0.489846
14.000000 397.000000 -0.960851 0.492986
145.000000 397.000000 -0.549506 0.492986
353.000000 399.000000 0.103621 0.499266
622.000000 399.000000 0.948291 0.499266
10.000000 400.000000 -0.973412 0.502406
294.000000 400.000000 -0.081641 0.502406
577.000000 401.000000 0.806990 0.505546
16.000000 402.000000 -0.954571 0.508686
279.000000 403.000000 -0.128742 0.511826
318.000000 403.000000 -0.006280 0.511826
597.000000 403.000000 0.869790 0.511826
299.000000 404.000000 -0.065941 0.514966
512.000000 404.000000 0.602887 0.514966
628.000000 405.000000 0.967131 0.518106
16.000000 406.000000 -0.954571 0.521246
299.000000 406.000000 -0.065941 0.521246
329.000000 406.000000 0.028260 0.521246
347.000000 407.000000 0.084781 0.524386
596.000000 407.000000 0.866650 0.524386
611.000000 408.000000 0.913751 0.527526
594.000000 409.000000 0.860370 0.530666
164.000000 410.000000 -0.489846 0.533806
278.000000 410.000000 -0.131882 0.533806
299.000000 410.000000 -0.065941 0.533806
550.000000 410.000000 0.722209 0.533806
341.000000 411.000000 0.065941 0.536946
359.000000 411.000000 0.122461 0.536946
302.000000 412.000000 -0.056521 0.540086
567.000000 412.000000 0.775589 0.540086
164.000000 413.000000 -0.489846 0.543226
556.000000 413.000000 0.741049 0.543226
30.000000 414.000000 -0.910611 0.546366
320.000000 414.000000 -0.000000 0.546366
361.000000 414.000000 0.128742 0.546366
366.000000 414.000000 0.144442 0.546366
149.000000 416.000000 -0.536946 0.552647
161.000000 416.000000 -0.499266 0.552647
301.000000 416.000000 -0.059661 0.552647
586.000000 416.000000 0.835250 0.552647
564.000000 417.000000 0.766169 0.555787
277.000000 418.000000 -0.135022 0.558927
342.000000 418.000000 0.069081 0.558927
359.000000 418.000000 0.122461 0.558927
372.000000 418.000000 0.163282 0.558927
298.000000 419.000000 -0.069081 0.562067
348.000000 419.000000 0.087921 0.562067
493.000000 419.000000 0.543226 0.562067
527.000000 419.000000 0.649988 0.562067
533.000000 419.000000 0.668828 0.562067
148.000000 420.000000 -0.540086 0.565207
95.000000 421.000000 -0.706508 0.568347
302.000000 421.000000 -0.056521 0.568347
540.000000 421.000000 0.690808 0.568347
292.000000 422.000000 -0.087921 0.571487
343.000000 422.000000 0.072221 0.571487
405.000000 423.000000 0.266903 0.574627
490.000000 423.000000 0.533806 0.574627
376.000000 424.000000 0.175842 0.577767
553.000000 424.000000 0.731629 0.577767
276.000000 425.000000 -0.138162 0.580907
291.000000 425.000000 -0.091061 0.580907
304.000000 425.000000 -0.050241 0.580907
556.000000 425.000000 0.741049 0.580907
593.000000 425.000000 0.857230 0.580907
286.000000 426.000000 -0.106761 0.584047
344.000000 426.000000 0.075361 0.584047
350.000000 426.000000 0.094201 0.584047
529.000000 426.000000 0.656268 0.584047
568.000000 426.000000 0.778729 0.584047
279.000000 427.000000 -0.128742 0.587187
292.000000 427.000000 -0.087921 0.587187
355.000000 427.000000 0.109901 0.587187
522.000000 427.000000 0.634288 0.587187
276.000000 428.000000 -0.138162 0.590327
296.000000 428.000000 -0.075361 0.590327
583.000000 428.000000 0.825830 0.590327
609.000000 428.000000 0.907471 0.590327
596.000000 429.000000 0.866650 0.593467
24.000000 430.000000 -0.929451 0.596607
295.000000 430.000000 -0.078501 0.596607
421.000000 430.000000 0.317144 0.596607
510.000000 430.000000 0.596607 0.596607
586.000000 430.000000 0.835250 0.596607
13.000000 431.000000 -0.963991 0.599747
291.000000 431.000000 -0.091061 0.599747
514.000000 431.000000 0.609167 0.599747
595.000000 431.000000 0.863510 0.599747
599.000000 431.000000 0.876070 0.599747
604.000000 431.000000 0.891771 0.599747
545.000000 432.000000 0.706508 0.602887
574.000000 432.000000 0.797569 0.602887
593.000000 432.000000 0.857230 0.602887
597.000000 432.000000 0.869790 0.602887
615.000000 432.000000 0.926311 0.602887
25.000000 433.000000 -0.926311 0.606027
294.000000 433.000000 -0.081641 0.606027
296.000000 433.000000 -0.075361 0.606027
508.000000 434.000000 0.590327 0.609167
528.000000 434.000000 0.653128 0.609167
297.000000 435.000000 -0.072221 0.612307
578.000000 436.000000 0.810130 0.615447
600.000000 436.000000 0.879210 0.615447
612.000000 436.000000 0.916891 0.615447
620.000000 436.000000 0.942011 0.615447
567.000000 438.000000 0.775589 0.621727
298.000000 439.000000 -0.069081 0.624867
550.000000 439.000000 0.722209 0.624867
590.000000 439.000000 0.847810 0.624867
599.000000 439.000000 0.876070 0.624867
623.000000 439.000000 0.951431 0.624867
417.000000 440.000000 0.304584 0.628007
583.000000 440.000000 0.825830 0.628007
593.000000 440.000000 0.857230 0.628007
595.000000 440.000000 0.863510 0.628007
612.000000 442.000000 0.916891 0.634288
30.000000 443.000000 -0.910611 0.637428
136.000000 443.000000 -0.577767 0.637428
273.000000 443.000000 -0.147582 0.637428
295.000000 443.000000 -0.078501 0.637428
514.000000 443.000000 0.609167 0.637428
524.000000 443.000000 0.640568 0.637428
596.000000 443.000000 0.866650 0.637428
619.000000 443.000000 0.938871 0.637428
510.000000 444.000000 0.596607 0.640568
578.000000 444.000000 0.810130 0.640568
22.000000 445.000000 -0.935731 0.643708
296.000000 445.000000 -0.075361 0.643708
584.000000 445.000000 0.828970 0.643708
32.000000 446.000000 -0.904331 0.646848
497.000000 446.000000 0.555787 0.646848
519.000000 446.000000 0.624867 0.646848
531.000000 446.000000 0.662548 0.646848
536.000000 446.000000 0.678248 0.646848
539.000000 446.000000 0.687668 0.646848
553.000000 446.000000 0.731629 0.646848
44.000000 447.000000 -0.866650 0.649988
272.000000 447.000000 -0.150722 0.649988
296.000000 447.000000 -0.075361 0.649988
564.000000 447.000000 0.766169 0.649988
30.000000 448.000000 -0.910611 0.653128
474.000000 448.000000 0.483566 0.653128
544.000000 448.000000 0.703368 0.653128
525.000000 449.000000 0.643708 0.656268
605.000000 449.000000 0.894911 0.656268
613.000000 449.000000 0.920031 0.656268
294.000000 450.000000 -0.081641 0.659408
483.000000 450.000000 0.511826 0.659408
573.000000 451.000000 0.794429 0.662548
612.000000 451.000000 0.916891 0.662548
127.000000 452.000000 -0.606027 0.665688
508.000000 452.000000 0.590327 0.665688
518.000000 452.000000 0.621727 0.665688
523.000000 452.000000 0.637428 0.665688
582.000000 452.000000 0.822690 0.665688
585.000000 452.000000 0.832110 0.665688
34.000000 453.000000 -0.898051 0.668828
47.000000 453.000000 -0.857230 0.668828
293.000000 453.000000 -0.084781 0.668828
402.000000 453.000000 0.257483 0.668828
535.000000 453.000000 0.675108 0.668828
576.000000 453.000000 0.803850 0.668828
580.000000 453.000000 0.816410 0.668828
126.000000 454.000000 -0.609167 0.671968
492.000000 454.000000 0.540086 0.671968
513.000000 454.000000 0.606027 0.671968
563.000000 454.000000 0.763029 0.671968
616.000000 454.000000 0.929451 0.671968
623.000000 454.000000 0.951431 0.671968
34.000000 455.000000 -0.898051 0.675108
612.000000 455.000000 0.916891 0.675108
38.000000 456.000000 -0.885490 0.678248
293.000000 456.000000 -0.084781 0.678248
351.000000 456.000000 0.097341 0.678248
599.000000 456.000000 0.876070 0.678248
610.000000 456.000000 0.910611 0.678248
482.000000 457.000000 0.508686 0.681388
502.000000 457.000000 0.571487 0.681388
592.000000 457.000000 0.854090 0.681388
596.000000 457.000000 0.866650 0.681388
572.000000 458.000000 0.791289 0.684528
5.000000 459.000000 -0.989112 0.687668
42.000000 459.000000 -0.872930 0.687668
498.000000 459.000000 0.558927 0.687668
609.000000 459.000000 0.907471 0.687668
527.000000 460.000000 0.649988 0.690808
546.000000 460.000000 0.709648 0.690808
525.000000 461.000000 0.643708 0.693948
555.000000 461.000000 0.737909 0.693948
489.000000 462.000000 0.530666 0.697088
564.000000 462.000000 0.766169 0.697088
571.000000 462.000000 0.788149 0.697088
588.000000 462.000000 0.841530 0.697088
597.000000 462.000000 0.869790 0.697088
10.000000 463.000000 -0.973412 0.700228
13.000000 463.000000 -0.963991 0.700228
43.000000 463.000000 -0.869790 0.700228
387.000000 463.000000 0.210382 0.700228
575.000000 463.000000 0.800709 0.700228
607.000000 463.000000 0.901191 0.700228
3.000000 464.000000 -0.995392 0.703368
557.000000 464.000000 0.744189 0.703368
569.000000 464.000000 0.781869 0.703368
579.000000 464.000000 0.813270 0.703368
12.000000 465.000000 -0.967131 0.706508
447.000000 465.000000 0.398785 0.706508
522.000000 465.000000 0.634288 0.706508
9.000000 466.000000 -0.976552 0.709648
549.000000 466.000000 0.719069 0.709648
411.000000 467.000000 0.285743 0.712788
457.000000 467.000000 0.430185 0.712788
503.000000 467.000000 0.574627 0.712788
530.000000 467.000000 0.659408 0.712788
554.000000 467.000000 0.734769 0.712788
564.000000 467.000000 0.766169 0.712788
5.000000 468.000000 -0.989112 0.715928
12.000000 468.000000 -0.967131 0.715928
382.000000 468.000000 0.194682 0.715928
523.000000 468.000000 0.637428 0.715928
441.000000 469.000000 0.379945 0.719069
591.000000 469.000000 0.850950 0.719069
603.000000 469.000000 0.888631 0.719069
610.000000 469.000000 0.910611 0.719069
528.000000 470.000000 0.653128 0.722209
569.000000 470.000000 0.781869 0.722209
596.000000 470.000000 0.866650 0.722209
564.000000 471.000000 0.766169 0.725349
573.000000 471.000000 0.794429 0.725349
586.000000 471.000000 0.835250 0.725349
549.000000 472.000000 0.719069 0.728489
561.000000 472.000000 0.756749 0.728489
589.000000 472.000000 0.844670 0.728489
543.000000 473.000000 0.700228 0.731629
569.000000 474.000000 0.781869 0.734769
572.000000 474.000000 0.791289 0.734769
597.000000 474.000000 0.869790 0.734769
6.000000 475.000000 -0.985972 0.737909
45.000000 475.000000 -0.863510 0.737909
291.000000 476.000000 -0.091061 0.741049
321.000000 476.000000 0.003140 0.741049
350.000000 476.000000 0.094201 0.741049
561.000000 476.000000 0.756749 0.741049
603.000000 476.000000 0.888631 0.741049
