179.000000 3.000000 -0.442745 -0.744189
580.000000 4.000000 0.816410 -0.741049
180.000000 5.000000 -0.439605 -0.737909
500.000000 5.000000 0.565207 -0.737909
633.000000 5.000000 0.982832 -0.737909
184.000000 6.000000 -0.427045 -0.734769
171.000000 7.000000 -0.467866 -0.731629
354.000000 7.000000 0.106761 -0.731629
184.000000 8.000000 -0.427045 -0.728489
345.000000 8.000000 0.078501 -0.728489
391.000000 8.000000 0.222943 -0.728489
464.000000 8.000000 0.452165 -0.728489
466.000000 8.000000 0.458445 -0.728489
629.000000 8.000000 0.970271 -0.728489
278.000000 9.000000 -0.131882 -0.725349
183.000000 11.000000 -0.430185 -0.719069
186.000000 11.000000 -0.420765 -0.719069
467.000000 12.000000 0.461585 -0.715928
184.000000 13.000000 -0.427045 -0.712788
187.000000 13.000000 -0.417625 -0.712788
491.000000 13.000000 0.536946 -0.712788
490.000000 15.000000 0.533806 -0.706508
186.000000 16.000000 -0.420765 -0.703368
393.000000 16.000000 0.229223 -0.703368
468.000000 16.000000 0.464725 -0.703368
612.000000 16.000000 0.916891 -0.703368
631.000000 16.000000 0.976552 -0.703368
186.000000 18.000000 -0.420765 -0.697088
433.000000 18.000000 0.354824 -0.697088
503.000000 18.000000 0.574627 -0.697088
187.000000 20.000000 -0.417625 -0.690808
190.000000 20.000000 -0.408205 -0.690808
272.000000 20.000000 -0.150722 -0.690808
469.000000 20.000000 0.467866 -0.690808
575.000000 21.000000 0.800709 -0.687668
191.000000 22.000000 -0.405065 -0.684528
434.000000 22.000000 0.357964 -0.684528
303.000000 23.000000 -0.053381 -0.681388
359.000000 23.000000 0.122461 -0.681388
365.000000 23.000000 0.141302 -0.681388
466.000000 23.000000 0.458445 -0.681388
489.000000 23.000000 0.530666 -0.681388
577.000000 23.000000 0.806990 -0.681388
434.000000 24.000000 0.357964 -0.678248
438.000000 24.000000 0.370524 -0.678248
470.000000 24.000000 0.471006 -0.678248
519.000000 24.000000 0.624867 -0.678248
573.000000 24.000000 0.794429 -0.678248
193.000000 25.000000 -0.398785 -0.675108
272.000000 25.000000 -0.150722 -0.675108
525.000000 25.000000 0.643708 -0.675108
190.000000 26.000000 -0.408205 -0.671968
307.000000 26.000000 -0.040820 -0.671968
315.000000 26.000000 -0.015700 -0.671968
435.000000 26.000000 0.361104 -0.671968
441.000000 26.000000 0.379945 -0.671968
505.000000 26.000000 0.580907 -0.671968
597.000000 26.000000 0.869790 -0.671968
423.000000 27.000000 0.323424 -0.668828
194.000000 28.000000 -0.395645 -0.665688
435.000000 28.000000 0.361104 -0.665688
439.000000 28.000000 0.373664 -0.665688
192.000000 30.000000 -0.401925 -0.659408
436.000000 30.000000 0.364244 -0.659408
575.000000 30.000000 0.800709 -0.659408
196.000000 31.000000 -0.389365 -0.656268
436.000000 32.000000 0.364244 -0.653128
443.000000 32.000000 0.386225 -0.653128
470.000000 32.000000 0.471006 -0.653128
528.000000 32.000000 0.653128 -0.653128
601.000000 32.000000 0.882350 -0.653128
373.000000 33.000000 0.166422 -0.649988
565.000000 33.000000 0.769309 -0.649988
626.000000 33.000000 0.960851 -0.649988
437.000000 34.000000 0.367384 -0.646848
577.000000 34.000000 0.806990 -0.646848
197.000000 35.000000 -0.386225 -0.643708
579.000000 35.000000 0.813270 -0.643708
589.000000 35.000000 0.844670 -0.643708
437.000000 36.000000 0.367384 -0.640568
464.000000 36.000000 0.452165 -0.640568
514.000000 38.000000 0.609167 -0.634288
522.000000 38.000000 0.634288 -0.634288
576.000000 38.000000 0.803850 -0.634288
509.000000 39.000000 0.593467 -0.631147
585.000000 39.000000 0.832110 -0.631147
271.000000 40.000000 -0.153862 -0.628007
427.000000 40.000000 0.335984 -0.628007
476.000000 40.000000 0.489846 -0.628007
595.000000 40.000000 0.863510 -0.628007
599.000000 40.000000 0.876070 -0.628007
494.000000 41.000000 0.546366 -0.624867
514.000000 41.000000 0.609167 -0.624867
621.000000 41.000000 0.945151 -0.624867
198.000000 42.000000 -0.383085 -0.621727
293.000000 42.000000 -0.084781 -0.621727
562.000000 42.000000 0.759889 -0.621727
201.000000 43.000000 -0.373664 -0.618587
630.000000 44.000000 0.973412 -0.615447
199.000000 45.000000 -0.379945 -0.612307
456.000000 45.000000 0.427045 -0.612307
513.000000 45.000000 0.606027 -0.612307
202.000000 46.000000 -0.370524 -0.609167
482.000000 46.000000 0.508686 -0.609167
510.000000 46.000000 0.596607 -0.609167
522.000000 46.000000 0.634288 -0.609167
585.000000 46.000000 0.832110 -0.609167
348.000000 47.000000 0.087921 -0.606027
203.000000 48.000000 -0.367384 -0.602887
337.000000 48.000000 0.053381 -0.602887
477.000000 48.000000 0.492986 -0.602887
502.000000 48.000000 0.571487 -0.602887
529.000000 48.000000 0.656268 -0.602887
382.000000 49.000000 0.194682 -0.599747
273.000000 50.000000 -0.147582 -0.596607
310.000000 50.000000 -0.031400 -0.596607
482.000000 50.000000 0.508686 -0.596607
462.000000 51.000000 0.445885 -0.593467
477.000000 51.000000 0.492986 -0.593467
515.000000 51.000000 0.612307 -0.593467
250.000000 52.000000 -0.219803 -0.590327
317.000000 52.000000 -0.009420 -0.590327
369.000000 52.000000 0.153862 -0.590327
511.000000 52.000000 0.599747 -0.590327
517.000000 52.000000 0.618587 -0.590327
479.000000 53.000000 0.499266 -0.587187
483.000000 53.000000 0.511826 -0.587187
204.000000 54.000000 -0.364244 -0.584047
513.000000 54.000000 0.606027 -0.584047
622.000000 54.000000 0.948291 -0.584047
209.000000 55.000000 -0.348544 -0.580907
478.000000 55.000000 0.496126 -0.580907
493.000000 55.000000 0.543226 -0.580907
196.000000 56.000000 -0.389365 -0.577767
227.000000 56.000000 -0.292023 -0.577767
442.000000 56.000000 0.383085 -0.577767
392.000000 57.000000 0.226083 -0.574627
582.000000 57.000000 0.822690 -0.574627
197.000000 58.000000 -0.386225 -0.571487
205.000000 58.000000 -0.361104 -0.571487
301.000000 58.000000 -0.059661 -0.571487
443.000000 58.000000 0.386225 -0.571487
478.000000 58.000000 0.496126 -0.571487
551.000000 58.000000 0.725349 -0.571487
578.000000 58.000000 0.810130 -0.571487
274.000000 59.000000 -0.144442 -0.568347
564.000000 59.000000 0.766169 -0.568347
585.000000 59.000000 0.832110 -0.568347
207.000000 60.000000 -0.354824 -0.565207
443.000000 60.000000 0.386225 -0.565207
445.000000 60.000000 0.392505 -0.565207
486.000000 60.000000 0.521246 -0.565207
581.000000 60.000000 0.819550 -0.565207
448.000000 61.000000 0.401925 -0.562067
444.000000 62.000000 0.389365 -0.558927
480.000000 62.000000 0.502406 -0.558927
585.000000 62.000000 0.832110 -0.558927
207.000000 63.000000 -0.354824 -0.555787
321.000000 64.000000 0.003140 -0.552647
444.000000 64.000000 0.389365 -0.552647
448.000000 64.000000 0.401925 -0.552647
467.000000 64.000000 0.461585 -0.552647
583.000000 64.000000 0.825830 -0.552647
587.000000 65.000000 0.838390 -0.549506
631.000000 65.000000 0.976552 -0.549506
445.000000 66.000000 0.392505 -0.546366
607.000000 66.000000 0.901191 -0.546366
275.000000 67.000000 -0.141302 -0.543226
588.000000 67.000000 0.841530 -0.543226
216.000000 68.000000 -0.326564 -0.540086
277.000000 68.000000 -0.135022 -0.540086
445.000000 68.000000 0.392505 -0.540086
452.000000 68.000000 0.414485 -0.540086
538.000000 68.000000 0.684528 -0.540086
320.000000 69.000000 -0.000000 -0.536946
232.000000 71.000000 -0.276323 -0.530666
437.000000 71.000000 0.367384 -0.530666
475.000000 71.000000 0.486706 -0.530666
585.000000 71.000000 0.832110 -0.530666
602.000000 71.000000 0.885490 -0.530666
629.000000 71.000000 0.970271 -0.530666
446.000000 72.000000 0.395645 -0.527526
453.000000 72.000000 0.417625 -0.527526
562.000000 72.000000 0.759889 -0.527526
589.000000 72.000000 0.844670 -0.527526
626.000000 72.000000 0.960851 -0.527526
194.000000 73.000000 -0.395645 -0.524386
400.000000 73.000000 0.251203 -0.524386
516.000000 73.000000 0.615447 -0.524386
519.000000 73.000000 0.624867 -0.524386
429.000000 74.000000 0.342264 -0.521246
584.000000 74.000000 0.828970 -0.521246
195.000000 75.000000 -0.392505 -0.518106
279.000000 75.000000 -0.128742 -0.518106
275.000000 76.000000 -0.141302 -0.514966
288.000000 76.000000 -0.100481 -0.514966
503.000000 77.000000 0.574627 -0.511826
266.000000 78.000000 -0.169562 -0.508686
359.000000 78.000000 0.122461 -0.508686
601.000000 78.000000 0.882350 -0.508686
219.000000 79.000000 -0.317144 -0.505546
262.000000 79.000000 -0.182122 -0.505546
327.000000 79.000000 0.021980 -0.505546
519.000000 79.000000 0.624867 -0.505546
272.000000 80.000000 -0.150722 -0.502406
552.000000 80.000000 0.728489 -0.502406
253.000000 81.000000 -0.210382 -0.499266
249.000000 82.000000 -0.222943 -0.496126
484.000000 82.000000 0.514966 -0.496126
212.000000 83.000000 -0.339124 -0.492986
245.000000 83.000000 -0.235503 -0.492986
486.000000 83.000000 0.521246 -0.492986
488.000000 83.000000 0.527526 -0.492986
201.000000 85.000000 -0.373664 -0.486706
236.000000 85.000000 -0.263763 -0.486706
610.000000 85.000000 0.910611 -0.486706
212.000000 86.000000 -0.339124 -0.483566
232.000000 86.000000 -0.276323 -0.483566
520.000000 86.000000 0.628007 -0.483566
291.000000 87.000000 -0.091061 -0.480426
485.000000 87.000000 0.518106 -0.480426
420.000000 88.000000 0.314004 -0.477286
457.000000 88.000000 0.430185 -0.477286
466.000000 88.000000 0.458445 -0.477286
489.000000 88.000000 0.530666 -0.477286
605.000000 88.000000 0.894911 -0.477286
212.000000 89.000000 -0.339124 -0.474146
219.000000 89.000000 -0.317144 -0.474146
365.000000 89.000000 0.141302 -0.474146
545.000000 89.000000 0.706508 -0.474146
595.000000 89.000000 0.863510 -0.474146
603.000000 89.000000 0.888631 -0.474146
451.000000 90.000000 0.411345 -0.471006
492.000000 90.000000 0.540086 -0.471006
548.000000 90.000000 0.715928 -0.471006
621.000000 90.000000 0.945151 -0.471006
455.000000 91.000000 0.423905 -0.467866
466.000000 92.000000 0.458445 -0.464725
490.000000 92.000000 0.533806 -0.464725
215.000000 93.000000 -0.329704 -0.461585
303.000000 93.000000 -0.053381 -0.461585
488.000000 93.000000 0.527526 -0.461585
608.000000 93.000000 0.904331 -0.461585
260.000000 94.000000 -0.188402 -0.458445
491.000000 94.000000 0.536946 -0.458445
487.000000 95.000000 0.524386 -0.455305
494.000000 95.000000 0.546366 -0.455305
622.000000 95.000000 0.948291 -0.455305
217.000000 96.000000 -0.323424 -0.452165
304.000000 96.000000 -0.050241 -0.452165
455.000000 96.000000 0.423905 -0.452165
573.000000 96.000000 0.794429 -0.452165
278.000000 98.000000 -0.131882 -0.445885
294.000000 98.000000 -0.081641 -0.445885
459.000000 98.000000 0.436465 -0.445885
492.000000 98.000000 0.540086 -0.445885
584.000000 98.000000 0.828970 -0.445885
434.000000 99.000000 0.357964 -0.442745
488.000000 99.000000 0.527526 -0.442745
598.000000 99.000000 0.872930 -0.442745
561.000000 100.000000 0.756749 -0.439605
583.000000 100.000000 0.825830 -0.439605
456.000000 101.000000 0.427045 -0.436465
295.000000 102.000000 -0.078501 -0.433325
557.000000 102.000000 0.744189 -0.433325
454.000000 103.000000 0.420765 -0.430185
591.000000 103.000000 0.850950 -0.430185
462.000000 104.000000 0.445885 -0.427045
296.000000 105.000000 -0.075361 -0.423905
488.000000 105.000000 0.527526 -0.423905
565.000000 105.000000 0.769309 -0.423905
289.000000 106.000000 -0.097341 -0.420765
333.000000 106.000000 0.040820 -0.420765
219.000000 107.000000 -0.317144 -0.417625
281.000000 107.000000 -0.122461 -0.417625
285.000000 107.000000 -0.109901 -0.417625
456.000000 107.000000 0.427045 -0.417625
460.000000 107.000000 0.439605 -0.417625
595.000000 108.000000 0.863510 -0.414485
220.000000 109.000000 -0.314004 -0.411345
200.000000 110.000000 -0.376804 -0.408205
591.000000 110.000000 0.850950 -0.408205
268.000000 111.000000 -0.163282 -0.405065
535.000000 111.000000 0.675108 -0.405065
264.000000 112.000000 -0.175842 -0.401925
260.000000 113.000000 -0.188402 -0.398785
221.000000 114.000000 -0.310864 -0.395645
256.000000 114.000000 -0.200962 -0.395645
339.000000 114.000000 0.059661 -0.395645
562.000000 114.000000 0.759889 -0.395645
252.000000 115.000000 -0.213523 -0.392505
602.000000 115.000000 0.885490 -0.392505
299.000000 116.000000 -0.065941 -0.389365
503.000000 116.000000 0.574627 -0.389365
206.000000 117.000000 -0.357964 -0.386225
239.000000 118.000000 -0.254343 -0.383085
584.000000 118.000000 0.828970 -0.383085
222.000000 119.000000 -0.307724 -0.379945
235.000000 119.000000 -0.266903 -0.379945
448.000000 119.000000 0.401925 -0.379945
208.000000 120.000000 -0.351684 -0.376804
231.000000 120.000000 -0.279463 -0.376804
310.000000 120.000000 -0.031400 -0.376804
331.000000 120.000000 0.034540 -0.376804
227.000000 121.000000 -0.292023 -0.373664
622.000000 121.000000 0.948291 -0.373664
542.000000 122.000000 0.697088 -0.370524
224.000000 124.000000 -0.301444 -0.364244
461.000000 124.000000 0.442745 -0.364244
298.000000 125.000000 -0.069081 -0.361104
579.000000 125.000000 0.813270 -0.361104
581.000000 125.000000 0.819550 -0.361104
630.000000 125.000000 0.973412 -0.361104
225.000000 126.000000 -0.298304 -0.357964
295.000000 126.000000 -0.078501 -0.357964
213.000000 127.000000 -0.335984 -0.354824
336.000000 127.000000 0.050241 -0.354824
296.000000 128.000000 -0.075361 -0.351684
226.000000 129.000000 -0.295163 -0.348544
555.000000 129.000000 0.737909 -0.348544
603.000000 129.000000 0.888631 -0.348544
528.000000 130.000000 0.653128 -0.345404
592.000000 130.000000 0.854090 -0.345404
337.000000 132.000000 0.053381 -0.339124
527.000000 132.000000 0.649988 -0.339124
300.000000 133.000000 -0.062801 -0.335984
489.000000 134.000000 0.530666 -0.332844
615.000000 134.000000 0.926311 -0.332844
225.000000 136.000000 -0.298304 -0.326564
227.000000 136.000000 -0.292023 -0.326564
297.000000 136.000000 -0.072221 -0.326564
622.000000 136.000000 0.948291 -0.326564
293.000000 137.000000 -0.084781 -0.323424
228.000000 138.000000 -0.288883 -0.320284
289.000000 138.000000 -0.097341 -0.320284
376.000000 138.000000 0.175842 -0.320284
557.000000 138.000000 0.744189 -0.320284
585.000000 138.000000 0.832110 -0.320284
615.000000 138.000000 0.926311 -0.320284
207.000000 139.000000 -0.354824 -0.317144
285.000000 139.000000 -0.109901 -0.317144
529.000000 139.000000 0.656268 -0.317144
598.000000 139.000000 0.872930 -0.317144
543.000000 140.000000 0.700228 -0.314004
588.000000 140.000000 0.841530 -0.314004
604.000000 141.000000 0.891771 -0.310864
230.000000 142.000000 -0.282603 -0.307724
333.000000 142.000000 0.040820 -0.307724
586.000000 142.000000 0.835250 -0.307724
622.000000 142.000000 0.948291 -0.307724
285.000000 143.000000 -0.109901 -0.304584
300.000000 143.000000 -0.062801 -0.304584
340.000000 143.000000 0.062801 -0.304584
475.000000 143.000000 0.486706 -0.304584
597.000000 143.000000 0.869790 -0.304584
225.000000 144.000000 -0.298304 -0.301444
281.000000 144.000000 -0.122461 -0.301444
623.000000 144.000000 0.951431 -0.301444
230.000000 145.000000 -0.282603 -0.298304
277.000000 145.000000 -0.135022 -0.298304
402.000000 145.000000 0.257483 -0.298304
590.000000 145.000000 0.847810 -0.298304
273.000000 146.000000 -0.147582 -0.295163
389.000000 146.000000 0.216663 -0.295163
564.000000 146.000000 0.766169 -0.295163
616.000000 146.000000 0.929451 -0.295163
634.000000 146.000000 0.985972 -0.295163
636.000000 146.000000 0.992252 -0.295163
290.000000 147.000000 -0.094201 -0.292023
461.000000 147.000000 0.442745 -0.292023
630.000000 147.000000 0.973412 -0.292023
632.000000 147.000000 0.979692 -0.292023
265.000000 148.000000 -0.172702 -0.288883
628.000000 148.000000 0.967131 -0.288883
571.000000 149.000000 0.788149 -0.285743
576.000000 149.000000 0.803850 -0.285743
635.000000 149.000000 0.989112 -0.285743
231.000000 150.000000 -0.279463 -0.282603
302.000000 150.000000 -0.056521 -0.282603
493.000000 150.000000 0.543226 -0.282603
528.000000 150.000000 0.653128 -0.282603
589.000000 150.000000 0.844670 -0.282603
268.000000 151.000000 -0.163282 -0.279463
507.000000 151.000000 0.587187 -0.279463
234.000000 152.000000 -0.270043 -0.276323
291.000000 152.000000 -0.091061 -0.276323
593.000000 152.000000 0.857230 -0.276323
625.000000 152.000000 0.957711 -0.276323
211.000000 153.000000 -0.342264 -0.273183
231.000000 153.000000 -0.279463 -0.273183
587.000000 153.000000 0.838390 -0.273183
589.000000 153.000000 0.844670 -0.273183
492.000000 154.000000 0.540086 -0.270043
584.000000 154.000000 0.828970 -0.270043
267.000000 155.000000 -0.166422 -0.266903
603.000000 155.000000 0.888631 -0.266903
233.000000 156.000000 -0.273183 -0.263763
306.000000 156.000000 -0.043961 -0.263763
577.000000 156.000000 0.806990 -0.263763
598.000000 156.000000 0.872930 -0.263763
600.000000 156.000000 0.879210 -0.263763
304.000000 157.000000 -0.050241 -0.260623
575.000000 157.000000 0.800709 -0.260623
579.000000 157.000000 0.813270 -0.260623
594.000000 157.000000 0.860370 -0.260623
632.000000 157.000000 0.979692 -0.260623
269.000000 158.000000 -0.160142 -0.257483
277.000000 158.000000 -0.135022 -0.257483
599.000000 158.000000 0.876070 -0.257483
627.000000 158.000000 0.963991 -0.257483
213.000000 159.000000 -0.335984 -0.254343
298.000000 159.000000 -0.069081 -0.254343
383.000000 159.000000 0.197822 -0.254343
390.000000 159.000000 0.219803 -0.254343
567.000000 159.000000 0.775589 -0.254343
570.000000 159.000000 0.785009 -0.254343
235.000000 160.000000 -0.266903 -0.251203
276.000000 160.000000 -0.138162 -0.251203
379.000000 160.000000 0.185262 -0.251203
386.000000 160.000000 0.207242 -0.251203
562.000000 160.000000 0.759889 -0.251203
584.000000 160.000000 0.828970 -0.251203
213.000000 161.000000 -0.335984 -0.248063
307.000000 161.000000 -0.040820 -0.248063
375.000000 161.000000 0.172702 -0.248063
383.000000 161.000000 0.197822 -0.248063
391.000000 161.000000 0.222943 -0.248063
558.000000 161.000000 0.747329 -0.248063
560.000000 161.000000 0.753609 -0.248063
588.000000 161.000000 0.841530 -0.248063
604.000000 161.000000 0.891771 -0.248063
278.000000 162.000000 -0.131882 -0.244923
585.000000 162.000000 0.832110 -0.244923
602.000000 162.000000 0.885490 -0.244923
247.000000 163.000000 -0.229223 -0.241783
371.000000 163.000000 0.160142 -0.241783
551.000000 163.000000 0.725349 -0.241783
553.000000 163.000000 0.731629 -0.241783
562.000000 163.000000 0.759889 -0.241783
564.000000 163.000000 0.766169 -0.241783
572.000000 163.000000 0.791289 -0.241783
574.000000 163.000000 0.797569 -0.241783
581.000000 163.000000 0.819550 -0.241783
367.000000 164.000000 0.147582 -0.238643
247.000000 165.000000 -0.229223 -0.235503
346.000000 165.000000 0.081641 -0.235503
363.000000 165.000000 0.135022 -0.235503
374.000000 165.000000 0.169562 -0.235503
384.000000 165.000000 0.200962 -0.235503
392.000000 165.000000 0.226083 -0.235503
544.000000 165.000000 0.703368 -0.235503
563.000000 165.000000 0.763029 -0.235503
574.000000 165.000000 0.797569 -0.235503
589.000000 165.000000 0.844670 -0.235503
591.000000 165.000000 0.850950 -0.235503
609.000000 165.000000 0.907471 -0.235503
582.000000 166.000000 0.822690 -0.232363
616.000000 166.000000 0.929451 -0.232363
236.000000 167.000000 -0.263763 -0.229223
309.000000 167.000000 -0.034540 -0.229223
354.000000 167.000000 0.106761 -0.229223
360.000000 167.000000 0.125601 -0.229223
466.000000 167.000000 0.458445 -0.229223
537.000000 167.000000 0.681388 -0.229223
620.000000 167.000000 0.942011 -0.229223
245.000000 168.000000 -0.235503 -0.226083
356.000000 168.000000 0.113041 -0.226083
371.000000 168.000000 0.160142 -0.226083
446.000000 168.000000 0.395645 -0.226083
513.000000 168.000000 0.606027 -0.226083
535.000000 168.000000 0.675108 -0.226083
555.000000 168.000000 0.737909 -0.226083
352.000000 169.000000 0.100481 -0.222943
384.000000 169.000000 0.200962 -0.222943
389.000000 169.000000 0.216663 -0.222943
431.000000 169.000000 0.348544 -0.222943
531.000000 169.000000 0.662548 -0.222943
560.000000 169.000000 0.753609 -0.222943
380.000000 170.000000 0.188402 -0.219803
455.000000 170.000000 0.423905 -0.219803
526.000000 170.000000 0.646848 -0.219803
550.000000 170.000000 0.722209 -0.219803
558.000000 170.000000 0.747329 -0.219803
573.000000 170.000000 0.794429 -0.219803
338.000000 171.000000 0.056521 -0.216663
343.000000 171.000000 0.072221 -0.216663
345.000000 171.000000 0.078501 -0.216663
355.000000 171.000000 0.109901 -0.216663
368.000000 171.000000 0.150722 -0.216663
390.000000 171.000000 0.219803 -0.216663
547.000000 171.000000 0.712788 -0.216663
553.000000 171.000000 0.731629 -0.216663
238.000000 172.000000 -0.257483 -0.213523
334.000000 172.000000 0.043961 -0.213523
349.000000 172.000000 0.091061 -0.213523
520.000000 172.000000 0.628007 -0.213523
525.000000 172.000000 0.643708 -0.213523
541.000000 172.000000 0.693948 -0.213523
549.000000 172.000000 0.719069 -0.213523
566.000000 172.000000 0.772449 -0.213523
309.000000 173.000000 -0.034540 -0.210382
321.000000 173.000000 0.003140 -0.210382
326.000000 173.000000 0.018840 -0.210382
337.000000 173.000000 0.053381 -0.210382
517.000000 173.000000 0.618587 -0.210382
563.000000 173.000000 0.763029 -0.210382
218.000000 174.000000 -0.320284 -0.207242
328.000000 174.000000 0.025120 -0.207242
334.000000 174.000000 0.043961 -0.207242
365.000000 174.000000 0.141302 -0.207242
503.000000 174.000000 0.574627 -0.207242
505.000000 174.000000 0.580907 -0.207242
512.000000 174.000000 0.602887 -0.207242
542.000000 174.000000 0.697088 -0.207242
619.000000 174.000000 0.938871 -0.207242
231.000000 175.000000 -0.279463 -0.204102
260.000000 175.000000 -0.188402 -0.204102
270.000000 175.000000 -0.157002 -0.204102
309.000000 175.000000 -0.034540 -0.204102
322.000000 175.000000 0.006280 -0.204102
324.000000 175.000000 0.012560 -0.204102
341.000000 175.000000 0.065941 -0.204102
452.000000 175.000000 0.414485 -0.204102
492.000000 175.000000 0.540086 -0.204102
496.000000 175.000000 0.552647 -0.204102
498.000000 175.000000 0.558927 -0.204102
531.000000 175.000000 0.662548 -0.204102
552.000000 175.000000 0.728489 -0.204102
266.000000 176.000000 -0.169562 -0.200962
281.000000 176.000000 -0.122461 -0.200962
311.000000 176.000000 -0.028260 -0.200962
327.000000 176.000000 0.021980 -0.200962
391.000000 176.000000 0.222943 -0.200962
501.000000 176.000000 0.568347 -0.200962
536.000000 176.000000 0.678248 -0.200962
601.000000 176.000000 0.882350 -0.200962
233.000000 177.000000 -0.273183 -0.197822
239.000000 177.000000 -0.254343 -0.197822
254.000000 177.000000 -0.207242 -0.197822
314.000000 177.000000 -0.018840 -0.197822
319.000000 177.000000 -0.003140 -0.197822
322.000000 177.000000 0.006280 -0.197822
344.000000 177.000000 0.075361 -0.197822
473.000000 177.000000 0.480426 -0.197822
522.000000 177.000000 0.634288 -0.197822
532.000000 177.000000 0.665688 -0.197822
545.000000 177.000000 0.706508 -0.197822
548.000000 177.000000 0.715928 -0.197822
261.000000 178.000000 -0.185262 -0.194682
310.000000 178.000000 -0.031400 -0.194682
338.000000 178.000000 0.056521 -0.194682
494.000000 178.000000 0.546366 -0.194682
530.000000 178.000000 0.659408 -0.194682
583.000000 178.000000 0.825830 -0.194682
248.000000 179.000000 -0.226083 -0.191542
308.000000 179.000000 -0.037680 -0.191542
358.000000 179.000000 0.119321 -0.191542
478.000000 179.000000 0.496126 -0.191542
490.000000 179.000000 0.533806 -0.191542
516.000000 179.000000 0.615447 -0.191542
526.000000 179.000000 0.646848 -0.191542
564.000000 179.000000 0.766169 -0.191542
275.000000 180.000000 -0.141302 -0.188402
311.000000 180.000000 -0.028260 -0.188402
535.000000 180.000000 0.675108 -0.188402
538.000000 180.000000 0.684528 -0.188402
630.000000 180.000000 0.973412 -0.188402
237.000000 181.000000 -0.260623 -0.185262
254.000000 181.000000 -0.207242 -0.185262
266.000000 181.000000 -0.169562 -0.185262
301.000000 181.000000 -0.059661 -0.185262
306.000000 181.000000 -0.043961 -0.185262
309.000000 181.000000 -0.034540 -0.185262
509.000000 181.000000 0.593467 -0.185262
518.000000 181.000000 0.621727 -0.185262
556.000000 181.000000 0.741049 -0.185262
268.000000 182.000000 -0.163282 -0.182122
303.000000 182.000000 -0.053381 -0.182122
329.000000 182.000000 0.028260 -0.182122
352.000000 182.000000 0.100481 -0.182122
507.000000 182.000000 0.587187 -0.182122
515.000000 182.000000 0.612307 -0.182122
241.000000 183.000000 -0.248063 -0.178982
298.000000 183.000000 -0.069081 -0.178982
300.000000 183.000000 -0.062801 -0.178982
481.000000 183.000000 0.505546 -0.178982
510.000000 183.000000 0.596607 -0.178982
525.000000 183.000000 0.643708 -0.178982
549.000000 183.000000 0.719069 -0.178982
561.000000 183.000000 0.756749 -0.178982
632.000000 183.000000 0.979692 -0.178982
284.000000 184.000000 -0.113041 -0.175842
289.000000 184.000000 -0.097341 -0.175842
319.000000 184.000000 -0.003140 -0.175842
344.000000 184.000000 0.075361 -0.175842
472.000000 184.000000 0.477286 -0.175842
476.000000 184.000000 0.489846 -0.175842
507.000000 184.000000 0.587187 -0.175842
520.000000 184.000000 0.628007 -0.175842
630.000000 184.000000 0.973412 -0.175842
241.000000 185.000000 -0.248063 -0.172702
257.000000 185.000000 -0.197822 -0.172702
292.000000 185.000000 -0.087921 -0.172702
299.000000 185.000000 -0.065941 -0.172702
340.000000 185.000000 0.062801 -0.172702
360.000000 185.000000 0.125601 -0.172702
394.000000 185.000000 0.232363 -0.172702
440.000000 185.000000 0.376804 -0.172702
456.000000 185.000000 0.427045 -0.172702
525.000000 185.000000 0.643708 -0.172702
560.000000 185.000000 0.753609 -0.172702
221.000000 186.000000 -0.310864 -0.169562
249.000000 186.000000 -0.222943 -0.169562
254.000000 186.000000 -0.207242 -0.169562
260.000000 186.000000 -0.188402 -0.169562
288.000000 186.000000 -0.100481 -0.169562
336.000000 186.000000 0.050241 -0.169562
355.000000 186.000000 0.109901 -0.169562
447.000000 186.000000 0.398785 -0.169562
469.000000 186.000000 0.467866 -0.169562
516.000000 186.000000 0.615447 -0.169562
555.000000 186.000000 0.737909 -0.169562
607.000000 186.000000 0.901191 -0.169562
252.000000 187.000000 -0.213523 -0.166422
266.000000 187.000000 -0.169562 -0.166422
273.000000 187.000000 -0.147582 -0.166422
332.000000 187.000000 0.037680 -0.166422
376.000000 187.000000 0.175842 -0.166422
394.000000 187.000000 0.232363 -0.166422
536.000000 187.000000 0.678248 -0.166422
625.000000 187.000000 0.957711 -0.166422
242.000000 188.000000 -0.244923 -0.163282
294.000000 188.000000 -0.081641 -0.163282
321.000000 188.000000 0.003140 -0.163282
330.000000 188.000000 0.031400 -0.163282
339.000000 188.000000 0.059661 -0.163282
344.000000 188.000000 0.075361 -0.163282
420.000000 188.000000 0.314004 -0.163282
486.000000 188.000000 0.521246 -0.163282
509.000000 188.000000 0.593467 -0.163282
511.000000 188.000000 0.599747 -0.163282
632.000000 188.000000 0.979692 -0.163282
279.000000 189.000000 -0.128742 -0.160142
287.000000 189.000000 -0.103621 -0.160142
297.000000 189.000000 -0.072221 -0.160142
325.000000 189.000000 0.015700 -0.160142
356.000000 189.000000 0.113041 -0.160142
395.000000 189.000000 0.235503 -0.160142
483.000000 189.000000 0.511826 -0.160142
545.000000 189.000000 0.706508 -0.160142
605.000000 189.000000 0.894911 -0.160142
613.000000 189.000000 0.920031 -0.160142
243.000000 190.000000 -0.241783 -0.157002
273.000000 190.000000 -0.147582 -0.157002
293.000000 190.000000 -0.084781 -0.157002
323.000000 190.000000 0.009420 -0.157002
336.000000 190.000000 0.050241 -0.157002
455.000000 190.000000 0.423905 -0.157002
486.000000 190.000000 0.521246 -0.157002
574.000000 190.000000 0.797569 -0.157002
609.000000 190.000000 0.907471 -0.157002
253.000000 191.000000 -0.210382 -0.153862
257.000000 191.000000 -0.197822 -0.153862
260.000000 191.000000 -0.188402 -0.153862
297.000000 191.000000 -0.072221 -0.153862
302.000000 191.000000 -0.056521 -0.153862
319.000000 191.000000 -0.003140 -0.153862
326.000000 191.000000 0.018840 -0.153862
361.000000 191.000000 0.128742 -0.153862
365.000000 191.000000 0.141302 -0.153862
420.000000 191.000000 0.314004 -0.153862
453.000000 191.000000 0.417625 -0.153862
476.000000 191.000000 0.489846 -0.153862
483.000000 191.000000 0.511826 -0.153862
607.000000 191.000000 0.901191 -0.153862
625.000000 191.000000 0.957711 -0.153862
315.000000 192.000000 -0.015700 -0.150722
395.000000 192.000000 0.235503 -0.150722
448.000000 192.000000 0.401925 -0.150722
470.000000 192.000000 0.471006 -0.150722
480.000000 192.000000 0.502406 -0.150722
510.000000 192.000000 0.596607 -0.150722
563.000000 192.000000 0.763029 -0.150722
311.000000 193.000000 -0.028260 -0.147582
320.000000 193.000000 -0.000000 -0.147582
322.000000 193.000000 0.006280 -0.147582
345.000000 193.000000 0.078501 -0.147582
355.000000 193.000000 0.109901 -0.147582
409.000000 193.000000 0.279463 -0.147582
417.000000 193.000000 0.304584 -0.147582
446.000000 193.000000 0.395645 -0.147582
585.000000 193.000000 0.832110 -0.147582
245.000000 194.000000 -0.235503 -0.144442
276.000000 194.000000 -0.138162 -0.144442
295.000000 194.000000 -0.078501 -0.144442
307.000000 194.000000 -0.040820 -0.144442
318.000000 194.000000 -0.006280 -0.144442
330.000000 194.000000 0.031400 -0.144442
465.000000 194.000000 0.455305 -0.144442
488.000000 194.000000 0.527526 -0.144442
529.000000 194.000000 0.656268 -0.144442
248.000000 195.000000 -0.226083 -0.141302
261.000000 195.000000 -0.185262 -0.141302
303.000000 195.000000 -0.053381 -0.141302
313.000000 195.000000 -0.021980 -0.141302
343.000000 195.000000 0.072221 -0.141302
353.000000 195.000000 0.103621 -0.141302
410.000000 195.000000 0.282603 -0.141302
422.000000 195.000000 0.320284 -0.141302
437.000000 195.000000 0.367384 -0.141302
439.000000 195.000000 0.373664 -0.141302
459.000000 195.000000 0.436465 -0.141302
462.000000 195.000000 0.445885 -0.141302
469.000000 195.000000 0.467866 -0.141302
237.000000 196.000000 -0.260623 -0.138162
282.000000 196.000000 -0.119321 -0.138162
299.000000 196.000000 -0.065941 -0.138162
311.000000 196.000000 -0.028260 -0.138162
346.000000 196.000000 0.081641 -0.138162
349.000000 196.000000 0.091061 -0.138162
359.000000 196.000000 0.122461 -0.138162
399.000000 196.000000 0.248063 -0.138162
456.000000 196.000000 0.427045 -0.138162
480.000000 196.000000 0.502406 -0.138162
482.000000 196.000000 0.508686 -0.138162
511.000000 196.000000 0.599747 -0.138162
593.000000 196.000000 0.857230 -0.138162
247.000000 197.000000 -0.229223 -0.135022
280.000000 197.000000 -0.125601 -0.135022
295.000000 197.000000 -0.078501 -0.135022
320.000000 197.000000 -0.000000 -0.135022
339.000000 197.000000 0.059661 -0.135022
341.000000 197.000000 0.065941 -0.135022
361.000000 197.000000 0.128742 -0.135022
403.000000 197.000000 0.260623 -0.135022
430.000000 197.000000 0.345404 -0.135022
432.000000 197.000000 0.351684 -0.135022
459.000000 197.000000 0.436465 -0.135022
462.000000 197.000000 0.445885 -0.135022
474.000000 197.000000 0.483566 -0.135022
518.000000 197.000000 0.621727 -0.135022
615.000000 197.000000 0.926311 -0.135022
225.000000 198.000000 -0.298304 -0.131882
227.000000 198.000000 -0.292023 -0.131882
241.000000 198.000000 -0.248063 -0.131882
278.000000 198.000000 -0.131882 -0.131882
305.000000 198.000000 -0.047101 -0.131882
313.000000 198.000000 -0.021980 -0.131882
328.000000 198.000000 0.025120 -0.131882
359.000000 198.000000 0.122461 -0.131882
428.000000 198.000000 0.339124 -0.131882
449.000000 198.000000 0.405065 -0.131882
457.000000 198.000000 0.430185 -0.131882
611.000000 198.000000 0.913751 -0.131882
222.000000 199.000000 -0.307724 -0.128742
235.000000 199.000000 -0.266903 -0.128742
238.000000 199.000000 -0.257483 -0.128742
270.000000 199.000000 -0.157002 -0.128742
289.000000 199.000000 -0.097341 -0.128742
353.000000 199.000000 0.103621 -0.128742
397.000000 199.000000 0.241783 -0.128742
455.000000 199.000000 0.423905 -0.128742
468.000000 199.000000 0.464725 -0.128742
559.000000 199.000000 0.750469 -0.128742
583.000000 199.000000 0.825830 -0.128742
589.000000 199.000000 0.844670 -0.128742
609.000000 199.000000 0.907471 -0.128742
624.000000 199.000000 0.954571 -0.128742
228.000000 200.000000 -0.288883 -0.125601
285.000000 200.000000 -0.109901 -0.125601
295.000000 200.000000 -0.078501 -0.125601
348.000000 200.000000 0.087921 -0.125601
350.000000 200.000000 0.094201 -0.125601
355.000000 200.000000 0.109901 -0.125601
423.000000 200.000000 0.323424 -0.125601
444.000000 200.000000 0.389365 -0.125601
451.000000 200.000000 0.411345 -0.125601
464.000000 200.000000 0.452165 -0.125601
512.000000 200.000000 0.602887 -0.125601
222.000000 201.000000 -0.307724 -0.122461
243.000000 201.000000 -0.241783 -0.122461
264.000000 201.000000 -0.175842 -0.122461
280.000000 201.000000 -0.125601 -0.122461
332.000000 201.000000 0.037680 -0.122461
399.000000 201.000000 0.248063 -0.122461
580.000000 201.000000 0.816410 -0.122461
616.000000 201.000000 0.929451 -0.122461
235.000000 202.000000 -0.266903 -0.119321
336.000000 202.000000 0.050241 -0.119321
347.000000 202.000000 0.084781 -0.119321
360.000000 202.000000 0.125601 -0.119321
423.000000 202.000000 0.323424 -0.119321
426.000000 202.000000 0.332844 -0.119321
428.000000 202.000000 0.339124 -0.119321
576.000000 202.000000 0.803850 -0.119321
609.000000 202.000000 0.907471 -0.119321
220.000000 203.000000 -0.314004 -0.116181
249.000000 203.000000 -0.222943 -0.116181
254.000000 203.000000 -0.207242 -0.116181
257.000000 203.000000 -0.197822 -0.116181
261.000000 203.000000 -0.185262 -0.116181
325.000000 203.000000 0.015700 -0.116181
343.000000 203.000000 0.072221 -0.116181
431.000000 203.000000 0.348544 -0.116181
433.000000 203.000000 0.354824 -0.116181
438.000000 203.000000 0.370524 -0.116181
441.000000 203.000000 0.379945 -0.116181
445.000000 203.000000 0.392505 -0.116181
454.000000 203.000000 0.420765 -0.116181
457.000000 203.000000 0.430185 -0.116181
571.000000 203.000000 0.788149 -0.116181
605.000000 203.000000 0.894911 -0.116181
621.000000 203.000000 0.945151 -0.116181
268.000000 204.000000 -0.163282 -0.113041
271.000000 204.000000 -0.153862 -0.113041
295.000000 204.000000 -0.078501 -0.113041
321.000000 204.000000 0.003140 -0.113041
436.000000 204.000000 0.364244 -0.113041
451.000000 204.000000 0.411345 -0.113041
513.000000 204.000000 0.606027 -0.113041
228.000000 205.000000 -0.288883 -0.109901
244.000000 205.000000 -0.238643 -0.109901
260.000000 205.000000 -0.188402 -0.109901
303.000000 205.000000 -0.053381 -0.109901
317.000000 205.000000 -0.009420 -0.109901
365.000000 205.000000 0.141302 -0.109901
399.000000 205.000000 0.248063 -0.109901
433.000000 205.000000 0.354824 -0.109901
447.000000 205.000000 0.398785 -0.109901
473.000000 205.000000 0.480426 -0.109901
491.000000 205.000000 0.536946 -0.109901
544.000000 205.000000 0.703368 -0.109901
207.000000 206.000000 -0.354824 -0.106761
217.000000 206.000000 -0.323424 -0.106761
246.000000 206.000000 -0.232363 -0.106761
264.000000 206.000000 -0.175842 -0.106761
313.000000 206.000000 -0.021980 -0.106761
342.000000 206.000000 0.069081 -0.106761
348.000000 206.000000 0.087921 -0.106761
381.000000 206.000000 0.191542 -0.106761
425.000000 206.000000 0.329704 -0.106761
595.000000 206.000000 0.863510 -0.106761
270.000000 207.000000 -0.157002 -0.103621
309.000000 207.000000 -0.034540 -0.103621
333.000000 207.000000 0.040820 -0.103621
344.000000 207.000000 0.075361 -0.103621
383.000000 207.000000 0.197822 -0.103621
484.000000 207.000000 0.514966 -0.103621
200.000000 208.000000 -0.376804 -0.100481
257.000000 208.000000 -0.197822 -0.100481
305.000000 208.000000 -0.047101 -0.100481
398.000000 208.000000 0.244923 -0.100481
402.000000 208.000000 0.257483 -0.100481
428.000000 208.000000 0.339124 -0.100481
437.000000 208.000000 0.367384 -0.100481
589.000000 208.000000 0.844670 -0.100481
591.000000 208.000000 0.850950 -0.100481
197.000000 209.000000 -0.386225 -0.097341
209.000000 209.000000 -0.348544 -0.097341
253.000000 209.000000 -0.210382 -0.097341
269.000000 209.000000 -0.160142 -0.097341
301.000000 209.000000 -0.059661 -0.097341
513.000000 209.000000 0.606027 -0.097341
195.000000 210.000000 -0.392505 -0.094201
249.000000 210.000000 -0.222943 -0.094201
260.000000 210.000000 -0.188402 -0.094201
277.000000 210.000000 -0.135022 -0.094201
343.000000 210.000000 0.072221 -0.094201
391.000000 210.000000 0.222943 -0.094201
473.000000 210.000000 0.480426 -0.094201
568.000000 210.000000 0.778729 -0.094201
585.000000 210.000000 0.832110 -0.094201
190.000000 211.000000 -0.408205 -0.091061
262.000000 211.000000 -0.182122 -0.091061
296.000000 211.000000 -0.075361 -0.091061
327.000000 211.000000 0.021980 -0.091061
333.000000 211.000000 0.040820 -0.091061
388.000000 211.000000 0.213523 -0.091061
405.000000 211.000000 0.266903 -0.091061
426.000000 211.000000 0.332844 -0.091061
429.000000 211.000000 0.342264 -0.091061
588.000000 211.000000 0.841530 -0.091061
218.000000 212.000000 -0.320284 -0.087921
292.000000 212.000000 -0.087921 -0.087921
298.000000 212.000000 -0.069081 -0.087921
317.000000 212.000000 -0.009420 -0.087921
339.000000 212.000000 0.059661 -0.087921
384.000000 212.000000 0.200962 -0.087921
492.000000 212.000000 0.540086 -0.087921
236.000000 213.000000 -0.263763 -0.084781
288.000000 213.000000 -0.100481 -0.084781
313.000000 213.000000 -0.021980 -0.084781
344.000000 213.000000 0.075361 -0.084781
346.000000 213.000000 0.081641 -0.084781
373.000000 213.000000 0.166422 -0.084781
404.000000 213.000000 0.263763 -0.084781
447.000000 213.000000 0.398785 -0.084781
514.000000 213.000000 0.609167 -0.084781
233.000000 214.000000 -0.273183 -0.081641
246.000000 214.000000 -0.232363 -0.081641
284.000000 214.000000 -0.113041 -0.081641
335.000000 214.000000 0.047101 -0.081641
377.000000 214.000000 0.178982 -0.081641
442.000000 214.000000 0.383085 -0.081641
458.000000 214.000000 0.433325 -0.081641
208.000000 215.000000 -0.351684 -0.078501
314.000000 215.000000 -0.018840 -0.078501
329.000000 215.000000 0.028260 -0.078501
373.000000 215.000000 0.166422 -0.078501
379.000000 215.000000 0.185262 -0.078501
502.000000 215.000000 0.571487 -0.078501
193.000000 216.000000 -0.398785 -0.075361
232.000000 216.000000 -0.276323 -0.075361
261.000000 216.000000 -0.185262 -0.075361
283.000000 216.000000 -0.116181 -0.075361
304.000000 216.000000 -0.050241 -0.075361
359.000000 216.000000 0.122461 -0.075361
402.000000 216.000000 0.257483 -0.075361
434.000000 216.000000 0.357964 -0.075361
205.000000 217.000000 -0.361104 -0.072221
302.000000 217.000000 -0.056521 -0.072221
323.000000 217.000000 0.009420 -0.072221
345.000000 217.000000 0.078501 -0.072221
409.000000 217.000000 0.279463 -0.072221
428.000000 217.000000 0.339124 -0.072221
448.000000 217.000000 0.401925 -0.072221
495.000000 217.000000 0.549506 -0.072221
515.000000 217.000000 0.612307 -0.072221
536.000000 217.000000 0.678248 -0.072221
270.000000 218.000000 -0.157002 -0.069081
289.000000 218.000000 -0.097341 -0.069081
296.000000 218.000000 -0.075361 -0.069081
307.000000 218.000000 -0.040820 -0.069081
353.000000 218.000000 0.103621 -0.069081
472.000000 218.000000 0.477286 -0.069081
636.000000 218.000000 0.992252 -0.069081
266.000000 219.000000 -0.169562 -0.065941
287.000000 219.000000 -0.103621 -0.065941
300.000000 219.000000 -0.062801 -0.065941
520.000000 219.000000 0.628007 -0.065941
631.000000 219.000000 0.976552 -0.065941
193.000000 220.000000 -0.398785 -0.062801
283.000000 220.000000 -0.116181 -0.062801
309.000000 220.000000 -0.034540 -0.062801
316.000000 220.000000 -0.012560 -0.062801
319.000000 220.000000 -0.003140 -0.062801
335.000000 220.000000 0.047101 -0.062801
348.000000 220.000000 0.087921 -0.062801
433.000000 220.000000 0.354824 -0.062801
449.000000 221.000000 0.405065 -0.059661
487.000000 221.000000 0.524386 -0.059661
516.000000 221.000000 0.615447 -0.059661
256.000000 222.000000 -0.200962 -0.056521
321.000000 222.000000 0.003140 -0.056521
328.000000 222.000000 0.025120 -0.056521
370.000000 222.000000 0.157002 -0.056521
429.000000 222.000000 0.342264 -0.056521
618.000000 222.000000 0.935731 -0.056521
252.000000 223.000000 -0.213523 -0.053381
276.000000 223.000000 -0.138162 -0.053381
280.000000 223.000000 -0.125601 -0.053381
307.000000 223.000000 -0.040820 -0.053381
324.000000 223.000000 0.012560 -0.053381
332.000000 223.000000 0.037680 -0.053381
346.000000 223.000000 0.081641 -0.053381
304.000000 224.000000 -0.050241 -0.050241
322.000000 224.000000 0.006280 -0.050241
349.000000 224.000000 0.091061 -0.050241
614.000000 224.000000 0.923171 -0.050241
274.000000 225.000000 -0.144442 -0.047101
320.000000 225.000000 -0.000000 -0.047101
327.000000 225.000000 0.021980 -0.047101
353.000000 225.000000 0.103621 -0.047101
469.000000 225.000000 0.467866 -0.047101
517.000000 225.000000 0.618587 -0.047101
248.000000 226.000000 -0.226083 -0.043961
269.000000 226.000000 -0.160142 -0.043961
284.000000 226.000000 -0.113041 -0.043961
356.000000 226.000000 0.113041 -0.043961
450.000000 226.000000 0.408205 -0.043961
236.000000 227.000000 -0.263763 -0.040820
314.000000 227.000000 -0.018840 -0.040820
316.000000 227.000000 -0.012560 -0.040820
319.000000 227.000000 -0.003140 -0.040820
430.000000 227.000000 0.345404 -0.040820
472.000000 227.000000 0.477286 -0.040820
251.000000 228.000000 -0.216663 -0.037680
258.000000 228.000000 -0.194682 -0.037680
281.000000 228.000000 -0.122461 -0.037680
346.000000 228.000000 0.081641 -0.037680
350.000000 228.000000 0.094201 -0.037680
356.000000 228.000000 0.113041 -0.037680
406.000000 228.000000 0.270043 -0.037680
435.000000 228.000000 0.361104 -0.037680
466.000000 228.000000 0.458445 -0.037680
245.000000 229.000000 -0.235503 -0.034540
254.000000 229.000000 -0.207242 -0.034540
270.000000 229.000000 -0.157002 -0.034540
286.000000 229.000000 -0.106761 -0.034540
299.000000 229.000000 -0.065941 -0.034540
305.000000 229.000000 -0.047101 -0.034540
307.000000 229.000000 -0.040820 -0.034540
341.000000 229.000000 0.065941 -0.034540
370.000000 229.000000 0.157002 -0.034540
372.000000 229.000000 0.163282 -0.034540
408.000000 229.000000 0.276323 -0.034540
520.000000 229.000000 0.628007 -0.034540
236.000000 230.000000 -0.263763 -0.031400
316.000000 230.000000 -0.012560 -0.031400
348.000000 230.000000 0.087921 -0.031400
457.000000 230.000000 0.430185 -0.031400
459.000000 230.000000 0.436465 -0.031400
240.000000 231.000000 -0.251203 -0.028260
293.000000 231.000000 -0.084781 -0.028260
283.000000 232.000000 -0.116181 -0.025120
308.000000 232.000000 -0.037680 -0.025120
323.000000 232.000000 0.009420 -0.025120
330.000000 232.000000 0.031400 -0.025120
336.000000 232.000000 0.050241 -0.025120
432.000000 232.000000 0.351684 -0.025120
504.000000 232.000000 0.577767 -0.025120
507.000000 232.000000 0.587187 -0.025120
314.000000 233.000000 -0.018840 -0.021980
319.000000 233.000000 -0.003140 -0.021980
321.000000 233.000000 0.003140 -0.021980
353.000000 233.000000 0.103621 -0.021980
409.000000 233.000000 0.279463 -0.021980
411.000000 233.000000 0.285743 -0.021980
300.000000 234.000000 -0.062801 -0.018840
305.000000 234.000000 -0.047101 -0.018840
311.000000 234.000000 -0.028260 -0.018840
333.000000 234.000000 0.040820 -0.018840
357.000000 234.000000 0.116181 -0.018840
440.000000 234.000000 0.376804 -0.018840
504.000000 234.000000 0.577767 -0.018840
581.000000 234.000000 0.819550 -0.018840
254.000000 235.000000 -0.207242 -0.015700
320.000000 235.000000 -0.000000 -0.015700
323.000000 235.000000 0.009420 -0.015700
577.000000 235.000000 0.806990 -0.015700
256.000000 236.000000 -0.200962 -0.012560
284.000000 236.000000 -0.113041 -0.012560
294.000000 236.000000 -0.081641 -0.012560
298.000000 236.000000 -0.069081 -0.012560
308.000000 236.000000 -0.037680 -0.012560
314.000000 236.000000 -0.018840 -0.012560
349.000000 236.000000 0.091061 -0.012560
374.000000 236.000000 0.169562 -0.012560
433.000000 236.000000 0.354824 -0.012560
468.000000 236.000000 0.464725 -0.012560
254.000000 237.000000 -0.207242 -0.009420
262.000000 237.000000 -0.182122 -0.009420
279.000000 237.000000 -0.128742 -0.009420
320.000000 237.000000 -0.000000 -0.009420
410.000000 237.000000 0.282603 -0.009420
489.000000 237.000000 0.530666 -0.009420
287.000000 238.000000 -0.103621 -0.006280
433.000000 238.000000 0.354824 -0.006280
272.000000 239.000000 -0.150722 -0.003140
281.000000 239.000000 -0.122461 -0.003140
312.000000 239.000000 -0.025120 -0.003140
321.000000 239.000000 0.003140 -0.003140
257.000000 240.000000 -0.197822 0.000000
277.000000 240.000000 -0.135022 0.000000
279.000000 240.000000 -0.128742 0.000000
415.000000 240.000000 0.298304 0.000000
434.000000 240.000000 0.357964 0.000000
479.000000 240.000000 0.499266 0.000000
481.000000 240.000000 0.505546 0.000000
631.000000 240.000000 0.976552 0.000000
372.000000 241.000000 0.163282 0.003140
487.000000 241.000000 0.524386 0.003140
255.000000 242.000000 -0.204102 0.006280
258.000000 242.000000 -0.194682 0.006280
271.000000 242.000000 -0.153862 0.006280
281.000000 242.000000 -0.122461 0.006280
301.000000 242.000000 -0.059661 0.006280
304.000000 242.000000 -0.050241 0.006280
309.000000 242.000000 -0.034540 0.006280
434.000000 242.000000 0.357964 0.006280
479.000000 242.000000 0.499266 0.006280
233.000000 243.000000 -0.273183 0.009420
276.000000 243.000000 -0.138162 0.009420
279.000000 243.000000 -0.128742 0.009420
291.000000 243.000000 -0.091061 0.009420
256.000000 244.000000 -0.200962 0.012560
322.000000 244.000000 0.006280 0.012560
360.000000 244.000000 0.125601 0.012560
435.000000 244.000000 0.361104 0.012560
439.000000 244.000000 0.373664 0.012560
274.000000 245.000000 -0.144442 0.015700
412.000000 245.000000 0.288883 0.015700
459.000000 245.000000 0.436465 0.015700
465.000000 245.000000 0.455305 0.015700
475.000000 245.000000 0.486706 0.015700
256.000000 246.000000 -0.200962 0.018840
260.000000 246.000000 -0.188402 0.018840
323.000000 246.000000 0.009420 0.018840
435.000000 246.000000 0.361104 0.018840
455.000000 246.000000 0.423905 0.018840
543.000000 246.000000 0.700228 0.018840
215.000000 247.000000 -0.329704 0.021980
263.000000 247.000000 -0.178982 0.021980
266.000000 247.000000 -0.169562 0.021980
458.000000 247.000000 0.433325 0.021980
235.000000 248.000000 -0.266903 0.025120
281.000000 248.000000 -0.122461 0.025120
413.000000 248.000000 0.292023 0.025120
440.000000 248.000000 0.376804 0.025120
447.000000 248.000000 0.398785 0.025120
539.000000 248.000000 0.687668 0.025120
274.000000 249.000000 -0.144442 0.028260
299.000000 249.000000 -0.065941 0.028260
361.000000 249.000000 0.128742 0.028260
368.000000 249.000000 0.150722 0.028260
533.000000 249.000000 0.668828 0.028260
266.000000 250.000000 -0.169562 0.031400
276.000000 250.000000 -0.138162 0.031400
293.000000 250.000000 -0.084781 0.031400
436.000000 250.000000 0.364244 0.031400
439.000000 250.000000 0.373664 0.031400
531.000000 250.000000 0.662548 0.031400
253.000000 251.000000 -0.210382 0.034540
324.000000 251.000000 0.012560 0.034540
258.000000 252.000000 -0.194682 0.037680
512.000000 252.000000 0.602887 0.037680
191.000000 253.000000 -0.405065 0.040820
264.000000 253.000000 -0.175842 0.040820
281.000000 253.000000 -0.122461 0.040820
325.000000 253.000000 0.015700 0.040820
521.000000 253.000000 0.631147 0.040820
188.000000 254.000000 -0.414485 0.043961
235.000000 254.000000 -0.266903 0.043961
275.000000 254.000000 -0.141302 0.043961
284.000000 254.000000 -0.113041 0.043961
435.000000 254.000000 0.361104 0.043961
186.000000 255.000000 -0.420765 0.047101
192.000000 255.000000 -0.401925 0.047101
371.000000 255.000000 0.160142 0.047101
411.000000 255.000000 0.285743 0.047101
507.000000 255.000000 0.587187 0.047101
260.000000 256.000000 -0.188402 0.050241
319.000000 256.000000 -0.003140 0.050241
408.000000 256.000000 0.276323 0.050241
512.000000 256.000000 0.602887 0.050241
193.000000 257.000000 -0.398785 0.053381
224.000000 257.000000 -0.301444 0.053381
326.000000 257.000000 0.018840 0.053381
414.000000 257.000000 0.295163 0.053381
504.000000 257.000000 0.577767 0.053381
524.000000 257.000000 0.640568 0.053381
587.000000 257.000000 0.838390 0.053381
282.000000 258.000000 -0.119321 0.056521
294.000000 258.000000 -0.081641 0.056521
355.000000 258.000000 0.109901 0.056521
365.000000 258.000000 0.141302 0.056521
385.000000 258.000000 0.204102 0.056521
566.000000 258.000000 0.772449 0.056521
170.000000 259.000000 -0.471006 0.059661
194.000000 259.000000 -0.395645 0.059661
203.000000 259.000000 -0.367384 0.059661
217.000000 259.000000 -0.323424 0.059661
276.000000 259.000000 -0.138162 0.059661
298.000000 259.000000 -0.069081 0.059661
337.000000 259.000000 0.053381 0.059661
418.000000 259.000000 0.307724 0.059661
494.000000 259.000000 0.546366 0.059661
188.000000 260.000000 -0.414485 0.062801
213.000000 260.000000 -0.335984 0.062801
406.000000 260.000000 0.270043 0.062801
168.000000 261.000000 -0.477286 0.065941
209.000000 261.000000 -0.348544 0.065941
276.000000 261.000000 -0.138162 0.065941
416.000000 261.000000 0.301444 0.065941
388.000000 262.000000 0.213523 0.069081
484.000000 262.000000 0.514966 0.069081
488.000000 262.000000 0.527526 0.069081
491.000000 262.000000 0.536946 0.069081
255.000000 263.000000 -0.204102 0.072221
261.000000 263.000000 -0.185262 0.072221
276.000000 263.000000 -0.138162 0.072221
385.000000 263.000000 0.204102 0.072221
411.000000 263.000000 0.285743 0.072221
578.000000 263.000000 0.810130 0.072221
580.000000 263.000000 0.816410 0.072221
168.000000 264.000000 -0.477286 0.075361
203.000000 264.000000 -0.367384 0.075361
299.000000 264.000000 -0.065941 0.075361
305.000000 264.000000 -0.047101 0.075361
383.000000 264.000000 0.197822 0.075361
476.000000 264.000000 0.489846 0.075361
588.000000 264.000000 0.841530 0.075361
171.000000 265.000000 -0.467866 0.078501
276.000000 265.000000 -0.138162 0.078501
295.000000 265.000000 -0.078501 0.078501
319.000000 265.000000 -0.003140 0.078501
482.000000 265.000000 0.508686 0.078501
599.000000 265.000000 0.876070 0.078501
169.000000 266.000000 -0.474146 0.081641
196.000000 266.000000 -0.389365 0.081641
208.000000 266.000000 -0.351684 0.081641
292.000000 266.000000 -0.087921 0.081641
299.000000 266.000000 -0.065941 0.081641
301.000000 266.000000 -0.059661 0.081641
467.000000 266.000000 0.461585 0.081641
479.000000 266.000000 0.499266 0.081641
608.000000 266.000000 0.904331 0.081641
272.000000 267.000000 -0.150722 0.084781
297.000000 267.000000 -0.072221 0.084781
617.000000 267.000000 0.932591 0.084781
126.000000 268.000000 -0.609167 0.087921
285.000000 268.000000 -0.109901 0.087921
473.000000 268.000000 0.480426 0.087921
625.000000 268.000000 0.957711 0.087921
627.000000 268.000000 0.963991 0.087921
281.000000 269.000000 -0.122461 0.091061
373.000000 269.000000 0.166422 0.091061
636.000000 269.000000 0.992252 0.091061
345.000000 270.000000 0.078501 0.094201
357.000000 270.000000 0.116181 0.094201
359.000000 270.000000 0.122461 0.094201
367.000000 270.000000 0.147582 0.094201
456.000000 270.000000 0.427045 0.094201
274.000000 271.000000 -0.144442 0.097341
282.000000 271.000000 -0.119321 0.097341
288.000000 271.000000 -0.100481 0.097341
106.000000 272.000000 -0.671968 0.100481
170.000000 272.000000 -0.471006 0.100481
292.000000 272.000000 -0.087921 0.100481
348.000000 272.000000 0.087921 0.100481
460.000000 272.000000 0.439605 0.100481
173.000000 273.000000 -0.461585 0.103621
245.000000 273.000000 -0.235503 0.103621
275.000000 273.000000 -0.141302 0.103621
298.000000 273.000000 -0.069081 0.103621
446.000000 273.000000 0.395645 0.103621
448.000000 273.000000 0.401925 0.103621
104.000000 274.000000 -0.678248 0.106761
269.000000 274.000000 -0.160142 0.106761
277.000000 274.000000 -0.135022 0.106761
455.000000 274.000000 0.423905 0.106761
99.000000 275.000000 -0.693948 0.109901
101.000000 275.000000 -0.687668 0.109901
178.000000 275.000000 -0.445885 0.109901
365.000000 275.000000 0.141302 0.109901
635.000000 275.000000 0.989112 0.109901
176.000000 276.000000 -0.452165 0.113041
181.000000 276.000000 -0.436465 0.113041
270.000000 276.000000 -0.157002 0.113041
333.000000 276.000000 0.040820 0.113041
369.000000 276.000000 0.153862 0.113041
442.000000 276.000000 0.383085 0.113041
631.000000 276.000000 0.976552 0.113041
94.000000 277.000000 -0.709648 0.116181
88.000000 278.000000 -0.728489 0.119321
90.000000 278.000000 -0.722209 0.119321
104.000000 278.000000 -0.678248 0.119321
171.000000 278.000000 -0.467866 0.119321
294.000000 278.000000 -0.081641 0.119321
302.000000 278.000000 -0.056521 0.119321
372.000000 278.000000 0.163282 0.119321
101.000000 279.000000 -0.687668 0.122461
109.000000 279.000000 -0.662548 0.122461
169.000000 279.000000 -0.474146 0.122461
175.000000 279.000000 -0.455305 0.122461
340.000000 279.000000 0.062801 0.122461
81.000000 280.000000 -0.750469 0.125601
83.000000 280.000000 -0.744189 0.125601
172.000000 280.000000 -0.464725 0.125601
180.000000 280.000000 -0.439605 0.125601
266.000000 280.000000 -0.169562 0.125601
338.000000 280.000000 0.056521 0.125601
373.000000 280.000000 0.166422 0.125601
78.000000 281.000000 -0.759889 0.128742
152.000000 281.000000 -0.527526 0.128742
163.000000 281.000000 -0.492986 0.128742
285.000000 281.000000 -0.109901 0.128742
347.000000 281.000000 0.084781 0.128742
362.000000 281.000000 0.131882 0.128742
424.000000 281.000000 0.326564 0.128742
68.000000 282.000000 -0.791289 0.131882
104.000000 282.000000 -0.678248 0.131882
108.000000 282.000000 -0.665688 0.131882
303.000000 282.000000 -0.053381 0.131882
358.000000 282.000000 0.119321 0.131882
621.000000 282.000000 0.945151 0.131882
74.000000 283.000000 -0.772449 0.135022
202.000000 283.000000 -0.370524 0.135022
78.000000 284.000000 -0.759889 0.138162
84.000000 284.000000 -0.741049 0.138162
143.000000 284.000000 -0.555787 0.138162
307.000000 284.000000 -0.040820 0.138162
421.000000 284.000000 0.317144 0.138162
268.000000 285.000000 -0.163282 0.141302
274.000000 285.000000 -0.144442 0.141302
292.000000 285.000000 -0.087921 0.141302
324.000000 285.000000 0.012560 0.141302
362.000000 285.000000 0.131882 0.141302
75.000000 286.000000 -0.769309 0.144442
77.000000 286.000000 -0.763029 0.144442
106.000000 286.000000 -0.671968 0.144442
137.000000 286.000000 -0.574627 0.144442
182.000000 286.000000 -0.433325 0.144442
301.000000 286.000000 -0.059661 0.144442
322.000000 286.000000 0.006280 0.144442
371.000000 286.000000 0.160142 0.144442
382.000000 286.000000 0.194682 0.144442
415.000000 286.000000 0.298304 0.144442
133.000000 287.000000 -0.587187 0.147582
148.000000 287.000000 -0.540086 0.147582
179.000000 287.000000 -0.442745 0.147582
277.000000 287.000000 -0.135022 0.147582
316.000000 287.000000 -0.012560 0.147582
318.000000 287.000000 -0.006280 0.147582
325.000000 287.000000 0.015700 0.147582
411.000000 287.000000 0.285743 0.147582
581.000000 287.000000 0.819550 0.147582
130.000000 288.000000 -0.596607 0.150722
282.000000 288.000000 -0.119321 0.150722
322.000000 288.000000 0.006280 0.150722
332.000000 288.000000 0.037680 0.150722
370.000000 288.000000 0.157002 0.150722
71.000000 289.000000 -0.781869 0.153862
181.000000 289.000000 -0.436465 0.153862
303.000000 289.000000 -0.053381 0.153862
319.000000 289.000000 -0.003140 0.153862
140.000000 290.000000 -0.565207 0.157002
142.000000 290.000000 -0.558927 0.157002
179.000000 290.000000 -0.442745 0.157002
394.000000 290.000000 0.232363 0.157002
75.000000 291.000000 -0.769309 0.160142
326.000000 291.000000 0.018840 0.160142
378.000000 291.000000 0.182122 0.160142
318.000000 292.000000 -0.006280 0.163282
320.000000 292.000000 -0.000000 0.163282
322.000000 292.000000 0.006280 0.163282
388.000000 292.000000 0.213523 0.163282
393.000000 292.000000 0.229223 0.163282
133.000000 293.000000 -0.587187 0.166422
180.000000 293.000000 -0.439605 0.166422
271.000000 293.000000 -0.153862 0.166422
314.000000 293.000000 -0.018840 0.166422
393.000000 295.000000 0.229223 0.172702
199.000000 296.000000 -0.379945 0.175842
214.000000 296.000000 -0.332844 0.175842
294.000000 296.000000 -0.081641 0.175842
299.000000 296.000000 -0.065941 0.175842
397.000000 296.000000 0.241783 0.175842
578.000000 296.000000 0.810130 0.175842
80.000000 297.000000 -0.753609 0.178982
185.000000 297.000000 -0.423905 0.178982
297.000000 297.000000 -0.072221 0.178982
349.000000 297.000000 0.091061 0.178982
573.000000 297.000000 0.794429 0.178982
332.000000 298.000000 0.037680 0.182122
401.000000 298.000000 0.254343 0.182122
111.000000 300.000000 -0.656268 0.188402
296.000000 300.000000 -0.075361 0.188402
404.000000 300.000000 0.263763 0.188402
170.000000 301.000000 -0.471006 0.191542
261.000000 301.000000 -0.185262 0.191542
45.000000 302.000000 -0.863510 0.194682
557.000000 302.000000 0.744189 0.194682
80.000000 303.000000 -0.753609 0.197822
111.000000 303.000000 -0.656268 0.197822
262.000000 303.000000 -0.182122 0.197822
273.000000 303.000000 -0.147582 0.197822
205.000000 304.000000 -0.361104 0.200962
601.000000 304.000000 0.882350 0.200962
271.000000 305.000000 -0.153862 0.204102
84.000000 306.000000 -0.741049 0.207242
93.000000 306.000000 -0.712788 0.207242
312.000000 306.000000 -0.025120 0.207242
61.000000 307.000000 -0.813270 0.210382
266.000000 307.000000 -0.169562 0.210382
271.000000 307.000000 -0.153862 0.210382
293.000000 307.000000 -0.084781 0.210382
18.000000 308.000000 -0.948291 0.213523
96.000000 308.000000 -0.703368 0.213523
188.000000 308.000000 -0.414485 0.213523
302.000000 308.000000 -0.056521 0.213523
309.000000 308.000000 -0.034540 0.213523
15.000000 309.000000 -0.957711 0.216663
21.000000 309.000000 -0.938871 0.216663
53.000000 309.000000 -0.838390 0.216663
100.000000 309.000000 -0.690808 0.216663
266.000000 309.000000 -0.169562 0.216663
274.000000 309.000000 -0.144442 0.216663
272.000000 310.000000 -0.150722 0.219803
86.000000 311.000000 -0.734769 0.222943
186.000000 311.000000 -0.420765 0.222943
213.000000 311.000000 -0.335984 0.222943
633.000000 311.000000 0.982832 0.222943
270.000000 312.000000 -0.157002 0.226083
393.000000 312.000000 0.229223 0.226083
107.000000 313.000000 -0.668828 0.229223
109.000000 313.000000 -0.662548 0.229223
220.000000 313.000000 -0.314004 0.229223
265.000000 313.000000 -0.172702 0.229223
78.000000 314.000000 -0.759889 0.232363
80.000000 314.000000 -0.753609 0.232363
238.000000 314.000000 -0.257483 0.232363
292.000000 314.000000 -0.087921 0.232363
313.000000 314.000000 -0.021980 0.232363
116.000000 315.000000 -0.640568 0.235503
188.000000 315.000000 -0.414485 0.235503
506.000000 315.000000 0.584047 0.235503
58.000000 316.000000 -0.822690 0.238643
182.000000 316.000000 -0.433325 0.238643
192.000000 316.000000 -0.401925 0.238643
199.000000 316.000000 -0.379945 0.238643
211.000000 316.000000 -0.342264 0.238643
250.000000 316.000000 -0.219803 0.238643
292.000000 316.000000 -0.087921 0.238643
8.000000 317.000000 -0.979692 0.241783
15.000000 317.000000 -0.957711 0.241783
31.000000 317.000000 -0.907471 0.241783
265.000000 317.000000 -0.172702 0.241783
269.000000 317.000000 -0.160142 0.241783
512.000000 317.000000 0.602887 0.241783
18.000000 318.000000 -0.948291 0.244923
181.000000 318.000000 -0.436465 0.244923
192.000000 318.000000 -0.401925 0.244923
290.000000 318.000000 -0.094201 0.244923
8.000000 319.000000 -0.979692 0.248063
263.000000 319.000000 -0.178982 0.248063
505.000000 319.000000 0.580907 0.248063
6.000000 320.000000 -0.985972 0.251203
19.000000 320.000000 -0.945151 0.251203
60.000000 321.000000 -0.816410 0.254343
62.000000 321.000000 -0.810130 0.254343
115.000000 321.000000 -0.643708 0.254343
187.000000 321.000000 -0.417625 0.254343
271.000000 321.000000 -0.153862 0.254343
501.000000 321.000000 0.568347 0.254343
499.000000 322.000000 0.562067 0.257483
18.000000 323.000000 -0.948291 0.260623
113.000000 323.000000 -0.649988 0.260623
181.000000 323.000000 -0.436465 0.260623
183.000000 323.000000 -0.430185 0.260623
106.000000 324.000000 -0.671968 0.263763
193.000000 324.000000 -0.398785 0.263763
226.000000 325.000000 -0.295163 0.266903
271.000000 325.000000 -0.153862 0.266903
275.000000 325.000000 -0.141302 0.266903
181.000000 326.000000 -0.436465 0.270043
209.000000 326.000000 -0.348544 0.270043
270.000000 327.000000 -0.157002 0.273183
183.000000 328.000000 -0.430185 0.276323
235.000000 328.000000 -0.266903 0.276323
272.000000 328.000000 -0.150722 0.276323
275.000000 328.000000 -0.141302 0.276323
121.000000 329.000000 -0.624867 0.279463
178.000000 329.000000 -0.445885 0.279463
181.000000 329.000000 -0.436465 0.279463
187.000000 329.000000 -0.417625 0.279463
15.000000 331.000000 -0.957711 0.285743
183.000000 331.000000 -0.430185 0.285743
121.000000 332.000000 -0.624867 0.288883
175.000000 333.000000 -0.455305 0.292023
22.000000 334.000000 -0.935731 0.295163
117.000000 334.000000 -0.637428 0.295163
270.000000 335.000000 -0.157002 0.298304
185.000000 336.000000 -0.423905 0.301444
22.000000 337.000000 -0.935731 0.304584
110.000000 337.000000 -0.659408 0.304584
262.000000 337.000000 -0.182122 0.304584
313.000000 337.000000 -0.021980 0.304584
104.000000 338.000000 -0.678248 0.307724
108.000000 339.000000 -0.665688 0.310864
258.000000 339.000000 -0.194682 0.310864
271.000000 339.000000 -0.153862 0.310864
22.000000 340.000000 -0.935731 0.314004
24.000000 340.000000 -0.929451 0.314004
187.000000 340.000000 -0.417625 0.314004
112.000000 341.000000 -0.653128 0.317144
168.000000 341.000000 -0.477286 0.317144
98.000000 342.000000 -0.697088 0.320284
613.000000 342.000000 0.920031 0.320284
179.000000 343.000000 -0.442745 0.323424
480.000000 343.000000 0.502406 0.323424
120.000000 344.000000 -0.628007 0.326564
268.000000 344.000000 -0.163282 0.326564
616.000000 344.000000 0.929451 0.326564
93.000000 345.000000 -0.712788 0.329704
181.000000 345.000000 -0.436465 0.329704
121.000000 346.000000 -0.624867 0.332844
173.000000 347.000000 -0.461585 0.335984
267.000000 347.000000 -0.166422 0.335984
487.000000 347.000000 0.524386 0.335984
491.000000 347.000000 0.536946 0.335984
483.000000 348.000000 0.511826 0.339124
489.000000 348.000000 0.530666 0.339124
116.000000 349.000000 -0.640568 0.342264
493.000000 349.000000 0.543226 0.342264
488.000000 350.000000 0.527526 0.345404
69.000000 352.000000 -0.788149 0.351684
130.000000 352.000000 -0.596607 0.351684
4.000000 354.000000 -0.992252 0.357964
174.000000 354.000000 -0.458445 0.357964
264.000000 355.000000 -0.175842 0.361104
73.000000 356.000000 -0.775589 0.364244
497.000000 356.000000 0.555787 0.364244
69.000000 357.000000 -0.788149 0.367384
78.000000 357.000000 -0.759889 0.367384
258.000000 357.000000 -0.194682 0.367384
263.000000 358.000000 -0.178982 0.370524
489.000000 358.000000 0.530666 0.370524
117.000000 360.000000 -0.637428 0.376804
268.000000 360.000000 -0.163282 0.376804
500.000000 360.000000 0.565207 0.376804
505.000000 360.000000 0.580907 0.376804
72.000000 361.000000 -0.778729 0.379945
507.000000 361.000000 0.587187 0.379945
73.000000 363.000000 -0.775589 0.386225
265.000000 363.000000 -0.172702 0.386225
269.000000 363.000000 -0.160142 0.386225
165.000000 364.000000 -0.486706 0.389365
272.000000 365.000000 -0.150722 0.392505
461.000000 366.000000 0.442745 0.395645
31.000000 367.000000 -0.907471 0.398785
118.000000 367.000000 -0.634288 0.398785
268.000000 367.000000 -0.163282 0.398785
467.000000 367.000000 0.461585 0.398785
274.000000 368.000000 -0.144442 0.401925
460.000000 368.000000 0.439605 0.401925
463.000000 368.000000 0.449025 0.401925
465.000000 368.000000 0.455305 0.401925
475.000000 368.000000 0.486706 0.401925
263.000000 369.000000 -0.178982 0.405065
265.000000 369.000000 -0.172702 0.405065
479.000000 369.000000 0.499266 0.405065
129.000000 370.000000 -0.599747 0.408205
460.000000 370.000000 0.439605 0.408205
484.000000 370.000000 0.514966 0.408205
490.000000 370.000000 0.533806 0.408205
520.000000 370.000000 0.628007 0.408205
523.000000 370.000000 0.637428 0.408205
525.000000 370.000000 0.643708 0.408205
477.000000 371.000000 0.492986 0.411345
495.000000 371.000000 0.549506 0.411345
33.000000 372.000000 -0.901191 0.414485
271.000000 372.000000 -0.153862 0.414485
475.000000 372.000000 0.486706 0.414485
499.000000 372.000000 0.562067 0.414485
504.000000 372.000000 0.577767 0.414485
530.000000 372.000000 0.659408 0.414485
120.000000 373.000000 -0.628007 0.417625
157.000000 373.000000 -0.511826 0.417625
453.000000 373.000000 0.417625 0.417625
473.000000 373.000000 0.480426 0.417625
483.000000 373.000000 0.511826 0.417625
491.000000 373.000000 0.536946 0.417625
510.000000 373.000000 0.596607 0.417625
266.000000 374.000000 -0.169562 0.420765
489.000000 374.000000 0.530666 0.420765
512.000000 374.000000 0.602887 0.420765
515.000000 374.000000 0.612307 0.420765
10.000000 375.000000 -0.973412 0.423905
123.000000 375.000000 -0.618587 0.423905
263.000000 375.000000 -0.178982 0.423905
348.000000 375.000000 0.087921 0.423905
497.000000 375.000000 0.555787 0.423905
35.000000 376.000000 -0.894911 0.427045
486.000000 376.000000 0.521246 0.427045
495.000000 376.000000 0.549506 0.427045
509.000000 376.000000 0.593467 0.427045
520.000000 376.000000 0.628007 0.427045
526.000000 376.000000 0.646848 0.427045
10.000000 377.000000 -0.973412 0.430185
126.000000 377.000000 -0.609167 0.430185
276.000000 377.000000 -0.138162 0.430185
451.000000 377.000000 0.411345 0.430185
268.000000 378.000000 -0.163282 0.433325
385.000000 378.000000 0.204102 0.433325
505.000000 378.000000 0.580907 0.433325
528.000000 378.000000 0.653128 0.433325
534.000000 378.000000 0.671968 0.433325
35.000000 379.000000 -0.894911 0.436465
132.000000 379.000000 -0.590327 0.436465
265.000000 379.000000 -0.172702 0.436465
538.000000 379.000000 0.684528 0.436465
271.000000 380.000000 -0.153862 0.439605
276.000000 380.000000 -0.138162 0.439605
534.000000 380.000000 0.671968 0.439605
542.000000 380.000000 0.697088 0.439605
550.000000 380.000000 0.722209 0.439605
127.000000 381.000000 -0.606027 0.442745
266.000000 381.000000 -0.169562 0.442745
476.000000 381.000000 0.489846 0.442745
482.000000 381.000000 0.508686 0.442745
505.000000 381.000000 0.580907 0.442745
521.000000 381.000000 0.631147 0.442745
540.000000 381.000000 0.690808 0.442745
557.000000 381.000000 0.744189 0.442745
11.000000 382.000000 -0.970271 0.445885
444.000000 382.000000 0.389365 0.445885
474.000000 382.000000 0.483566 0.445885
515.000000 382.000000 0.612307 0.445885
548.000000 382.000000 0.715928 0.445885
563.000000 382.000000 0.763029 0.445885
263.000000 383.000000 -0.178982 0.449025
351.000000 383.000000 0.097341 0.449025
538.000000 383.000000 0.684528 0.449025
22.000000 384.000000 -0.935731 0.452165
125.000000 384.000000 -0.612307 0.452165
272.000000 384.000000 -0.150722 0.452165
541.000000 384.000000 0.693948 0.452165
547.000000 384.000000 0.712788 0.452165
555.000000 384.000000 0.737909 0.452165
561.000000 384.000000 0.756749 0.452165
570.000000 384.000000 0.785009 0.452165
258.000000 385.000000 -0.194682 0.455305
267.000000 385.000000 -0.166422 0.455305
269.000000 385.000000 -0.160142 0.455305
353.000000 385.000000 0.103621 0.455305
395.000000 385.000000 0.235503 0.455305
492.000000 385.000000 0.540086 0.455305
564.000000 385.000000 0.766169 0.455305
568.000000 385.000000 0.778729 0.455305
584.000000 385.000000 0.828970 0.455305
255.000000 386.000000 -0.204102 0.458445
264.000000 386.000000 -0.175842 0.458445
512.000000 386.000000 0.602887 0.458445
549.000000 386.000000 0.719069 0.458445
558.000000 386.000000 0.747329 0.458445
590.000000 386.000000 0.847810 0.458445
12.000000 387.000000 -0.967131 0.461585
537.000000 387.000000 0.681388 0.461585
554.000000 387.000000 0.734769 0.461585
566.000000 387.000000 0.772449 0.461585
572.000000 387.000000 0.791289 0.461585
584.000000 387.000000 0.828970 0.461585
596.000000 387.000000 0.866650 0.461585
260.000000 388.000000 -0.188402 0.464725
272.000000 388.000000 -0.150722 0.464725
456.000000 388.000000 0.427045 0.464725
507.000000 388.000000 0.587187 0.464725
559.000000 388.000000 0.750469 0.464725
588.000000 388.000000 0.841530 0.464725
263.000000 389.000000 -0.178982 0.467866
467.000000 389.000000 0.461585 0.467866
563.000000 389.000000 0.763029 0.467866
607.000000 389.000000 0.901191 0.467866
331.000000 390.000000 0.034540 0.471006
470.000000 390.000000 0.471006 0.471006
554.000000 390.000000 0.734769 0.471006
561.000000 390.000000 0.756749 0.471006
596.000000 390.000000 0.866650 0.471006
130.000000 391.000000 -0.596607 0.474146
529.000000 391.000000 0.656268 0.474146
110.000000 392.000000 -0.659408 0.477286
258.000000 392.000000 -0.194682 0.477286
468.000000 392.000000 0.464725 0.477286
527.000000 392.000000 0.649988 0.477286
131.000000 393.000000 -0.593467 0.480426
143.000000 393.000000 -0.555787 0.480426
270.000000 393.000000 -0.157002 0.480426
534.000000 393.000000 0.671968 0.480426
570.000000 393.000000 0.785009 0.480426
596.000000 393.000000 0.866650 0.480426
604.000000 393.000000 0.891771 0.480426
259.000000 394.000000 -0.191542 0.483566
264.000000 394.000000 -0.175842 0.483566
453.000000 394.000000 0.417625 0.483566
529.000000 394.000000 0.656268 0.483566
558.000000 394.000000 0.747329 0.483566
241.000000 395.000000 -0.248063 0.486706
13.000000 396.000000 -0.963991 0.489846
132.000000 396.000000 -0.590327 0.489846
488.000000 396.000000 0.527526 0.489846
545.000000 396.000000 0.706508 0.489846
91.000000 397.000000 -0.719069 0.492986
137.000000 397.000000 -0.574627 0.492986
264.000000 397.000000 -0.175842 0.492986
270.000000 397.000000 -0.157002 0.492986
502.000000 397.000000 0.571487 0.492986
505.000000 397.000000 0.580907 0.492986
567.000000 397.000000 0.775589 0.492986
18.000000 398.000000 -0.948291 0.496126
135.000000 398.000000 -0.580907 0.496126
564.000000 398.000000 0.766169 0.496126
594.000000 398.000000 0.860370 0.496126
605.000000 398.000000 0.894911 0.496126
289.000000 399.000000 -0.097341 0.499266
572.000000 399.000000 0.791289 0.499266
602.000000 399.000000 0.885490 0.499266
23.000000 400.000000 -0.932591 0.502406
113.000000 400.000000 -0.649988 0.502406
240.000000 400.000000 -0.251203 0.502406
312.000000 400.000000 -0.025120 0.502406
314.000000 400.000000 -0.018840 0.502406
332.000000 400.000000 0.037680 0.502406
513.000000 400.000000 0.606027 0.502406
605.000000 400.000000 0.894911 0.502406
325.000000 401.000000 0.015700 0.505546
403.000000 401.000000 0.260623 0.505546
566.000000 401.000000 0.772449 0.505546
570.000000 401.000000 0.785009 0.505546
593.000000 401.000000 0.857230 0.505546
17.000000 402.000000 -0.951431 0.508686
130.000000 402.000000 -0.596607 0.508686
240.000000 402.000000 -0.251203 0.508686
507.000000 402.000000 0.587187 0.508686
511.000000 402.000000 0.599747 0.508686
527.000000 402.000000 0.649988 0.508686
579.000000 402.000000 0.813270 0.508686
258.000000 403.000000 -0.194682 0.511826
581.000000 403.000000 0.819550 0.511826
593.000000 403.000000 0.857230 0.511826
601.000000 403.000000 0.882350 0.511826
317.000000 404.000000 -0.009420 0.514966
334.000000 404.000000 0.043961 0.514966
453.000000 404.000000 0.417625 0.514966
584.000000 404.000000 0.828970 0.514966
18.000000 405.000000 -0.948291 0.518106
36.000000 405.000000 -0.891771 0.518106
94.000000 405.000000 -0.709648 0.518106
345.000000 405.000000 0.078501 0.518106
538.000000 405.000000 0.684528 0.518106
541.000000 405.000000 0.693948 0.518106
591.000000 405.000000 0.850950 0.518106
603.000000 405.000000 0.888631 0.518106
40.000000 406.000000 -0.879210 0.521246
115.000000 406.000000 -0.643708 0.521246
239.000000 406.000000 -0.254343 0.521246
438.000000 407.000000 0.370524 0.524386
239.000000 408.000000 -0.254343 0.527526
307.000000 408.000000 -0.040820 0.527526
337.000000 409.000000 0.053381 0.530666
602.000000 409.000000 0.885490 0.530666
270.000000 410.000000 -0.157002 0.533806
293.000000 410.000000 -0.084781 0.533806
440.000000 410.000000 0.376804 0.533806
89.000000 411.000000 -0.725349 0.536946
411.000000 411.000000 0.285743 0.536946
605.000000 411.000000 0.894911 0.536946
36.000000 412.000000 -0.891771 0.540086
599.000000 412.000000 0.876070 0.540086
90.000000 413.000000 -0.722209 0.543226
491.000000 413.000000 0.536946 0.543226
601.000000 414.000000 0.882350 0.546366
331.000000 415.000000 0.034540 0.549506
409.000000 415.000000 0.279463 0.549506
542.000000 415.000000 0.697088 0.549506
259.000000 416.000000 -0.191542 0.552647
306.000000 416.000000 -0.043961 0.552647
310.000000 416.000000 -0.031400 0.552647
340.000000 416.000000 0.062801 0.552647
532.000000 416.000000 0.665688 0.552647
407.000000 417.000000 0.273183 0.555787
409.000000 417.000000 0.279463 0.555787
415.000000 417.000000 0.298304 0.555787
592.000000 417.000000 0.854090 0.555787
36.000000 418.000000 -0.891771 0.558927
48.000000 418.000000 -0.854090 0.558927
256.000000 418.000000 -0.200962 0.558927
310.000000 418.000000 -0.031400 0.558927
541.000000 418.000000 0.693948 0.558927
550.000000 418.000000 0.722209 0.558927
409.000000 419.000000 0.279463 0.562067
51.000000 420.000000 -0.844670 0.565207
256.000000 420.000000 -0.200962 0.565207
582.000000 420.000000 0.822690 0.565207
286.000000 421.000000 -0.106761 0.568347
290.000000 421.000000 -0.094201 0.568347
292.000000 421.000000 -0.087921 0.568347
323.000000 421.000000 0.009420 0.568347
416.000000 421.000000 0.301444 0.568347
552.000000 421.000000 0.728489 0.568347
112.000000 422.000000 -0.653128 0.571487
557.000000 422.000000 0.744189 0.571487
27.000000 423.000000 -0.920031 0.574627
279.000000 423.000000 -0.128742 0.574627
308.000000 423.000000 -0.037680 0.574627
313.000000 423.000000 -0.021980 0.574627
342.000000 423.000000 0.069081 0.574627
541.000000 423.000000 0.693948 0.574627
551.000000 423.000000 0.725349 0.574627
52.000000 424.000000 -0.841530 0.577767
268.000000 424.000000 -0.163282 0.577767
420.000000 424.000000 0.314004 0.577767
565.000000 424.000000 0.769309 0.577767
54.000000 425.000000 -0.835250 0.580907
292.000000 425.000000 -0.087921 0.580907
31.000000 426.000000 -0.907471 0.584047
284.000000 426.000000 -0.113041 0.584047
410.000000 426.000000 0.282603 0.584047
25.000000 427.000000 -0.926311 0.587187
292.000000 427.000000 -0.087921 0.587187
413.000000 427.000000 0.292023 0.587187
296.000000 428.000000 -0.075361 0.590327
55.000000 429.000000 -0.832110 0.593467
281.000000 429.000000 -0.122461 0.593467
306.000000 429.000000 -0.043961 0.593467
26.000000 430.000000 -0.923171 0.596607
33.000000 430.000000 -0.901191 0.596607
247.000000 430.000000 -0.229223 0.596607
322.000000 430.000000 0.006280 0.596607
249.000000 431.000000 -0.222943 0.599747
253.000000 431.000000 -0.210382 0.599747
272.000000 431.000000 -0.150722 0.599747
286.000000 431.000000 -0.106761 0.599747
292.000000 431.000000 -0.087921 0.599747
304.000000 431.000000 -0.050241 0.599747
313.000000 431.000000 -0.021980 0.599747
486.000000 431.000000 0.521246 0.599747
54.000000 432.000000 -0.835250 0.602887
209.000000 432.000000 -0.348544 0.602887
282.000000 432.000000 -0.119321 0.602887
518.000000 432.000000 0.621727 0.602887
31.000000 433.000000 -0.907471 0.606027
37.000000 433.000000 -0.888631 0.606027
236.000000 433.000000 -0.263763 0.606027
266.000000 433.000000 -0.169562 0.606027
51.000000 434.000000 -0.844670 0.609167
243.000000 434.000000 -0.241783 0.609167
577.000000 434.000000 0.806990 0.609167
251.000000 435.000000 -0.216663 0.612307
309.000000 435.000000 -0.034540 0.612307
316.000000 435.000000 -0.012560 0.612307
552.000000 435.000000 0.728489 0.612307
28.000000 436.000000 -0.916891 0.615447
302.000000 436.000000 -0.056521 0.615447
312.000000 436.000000 -0.025120 0.615447
472.000000 436.000000 0.477286 0.615447
503.000000 436.000000 0.574627 0.615447
40.000000 437.000000 -0.879210 0.618587
247.000000 437.000000 -0.229223 0.618587
288.000000 437.000000 -0.100481 0.618587
424.000000 437.000000 0.326564 0.618587
533.000000 437.000000 0.668828 0.618587
580.000000 437.000000 0.816410 0.618587
229.000000 438.000000 -0.285743 0.621727
309.000000 438.000000 -0.034540 0.621727
591.000000 438.000000 0.850950 0.621727
628.000000 438.000000 0.967131 0.621727
317.000000 439.000000 -0.009420 0.624867
325.000000 439.000000 0.015700 0.624867
553.000000 439.000000 0.731629 0.624867
28.000000 440.000000 -0.916891 0.628007
229.000000 440.000000 -0.285743 0.628007
281.000000 440.000000 -0.122461 0.628007
293.000000 440.000000 -0.084781 0.628007
295.000000 440.000000 -0.078501 0.628007
300.000000 440.000000 -0.062801 0.628007
472.000000 440.000000 0.477286 0.628007
601.000000 440.000000 0.882350 0.628007
306.000000 441.000000 -0.043961 0.631147
467.000000 441.000000 0.461585 0.631147
527.000000 441.000000 0.649988 0.631147
35.000000 442.000000 -0.894911 0.634288
99.000000 442.000000 -0.693948 0.634288
313.000000 442.000000 -0.021980 0.634288
321.000000 442.000000 0.003140 0.634288
279.000000 443.000000 -0.128742 0.637428
296.000000 443.000000 -0.075361 0.637428
301.000000 444.000000 -0.059661 0.640568
312.000000 444.000000 -0.025120 0.640568
526.000000 444.000000 0.646848 0.640568
588.000000 444.000000 0.841530 0.640568
228.000000 445.000000 -0.288883 0.643708
283.000000 445.000000 -0.116181 0.643708
308.000000 445.000000 -0.037680 0.643708
292.000000 446.000000 -0.087921 0.646848
303.000000 446.000000 -0.053381 0.646848
563.000000 446.000000 0.763029 0.646848
284.000000 447.000000 -0.113041 0.649988
417.000000 447.000000 0.304584 0.649988
568.000000 447.000000 0.778729 0.649988
274.000000 448.000000 -0.144442 0.653128
299.000000 448.000000 -0.065941 0.653128
309.000000 448.000000 -0.034540 0.653128
301.000000 449.000000 -0.059661 0.656268
303.000000 449.000000 -0.053381 0.656268
306.000000 449.000000 -0.043961 0.656268
313.000000 449.000000 -0.021980 0.656268
325.000000 449.000000 0.015700 0.656268
405.000000 449.000000 0.266903 0.656268
227.000000 450.000000 -0.292023 0.659408
294.000000 450.000000 -0.081641 0.659408
409.000000 451.000000 0.279463 0.662548
201.000000 452.000000 -0.373664 0.665688
292.000000 452.000000 -0.087921 0.665688
624.000000 452.000000 0.954571 0.665688
49.000000 453.000000 -0.850950 0.668828
54.000000 453.000000 -0.835250 0.668828
295.000000 453.000000 -0.078501 0.668828
309.000000 453.000000 -0.034540 0.668828
320.000000 453.000000 -0.000000 0.668828
412.000000 453.000000 0.288883 0.668828
306.000000 454.000000 -0.043961 0.671968
402.000000 454.000000 0.257483 0.671968
407.000000 454.000000 0.273183 0.671968
415.000000 454.000000 0.298304 0.671968
226.000000 455.000000 -0.295163 0.675108
276.000000 455.000000 -0.138162 0.675108
290.000000 455.000000 -0.094201 0.675108
293.000000 455.000000 -0.084781 0.675108
317.000000 455.000000 -0.009420 0.675108
358.000000 455.000000 0.119321 0.675108
412.000000 455.000000 0.288883 0.675108
489.000000 455.000000 0.530666 0.675108
615.000000 456.000000 0.926311 0.678248
620.000000 456.000000 0.942011 0.678248
36.000000 457.000000 -0.891771 0.681388
544.000000 457.000000 0.703368 0.681388
552.000000 457.000000 0.728489 0.681388
48.000000 458.000000 -0.854090 0.684528
318.000000 458.000000 -0.006280 0.684528
410.000000 458.000000 0.282603 0.684528
450.000000 458.000000 0.408205 0.684528
225.000000 459.000000 -0.298304 0.687668
255.000000 459.000000 -0.204102 0.687668
562.000000 459.000000 0.759889 0.687668
592.000000 459.000000 0.854090 0.687668
244.000000 460.000000 -0.238643 0.690808
290.000000 460.000000 -0.094201 0.690808
390.000000 460.000000 0.219803 0.690808
407.000000 460.000000 0.273183 0.690808
440.000000 460.000000 0.376804 0.690808
569.000000 460.000000 0.781869 0.690808
609.000000 460.000000 0.907471 0.690808
429.000000 461.000000 0.342264 0.693948
438.000000 462.000000 0.370524 0.697088
476.000000 462.000000 0.489846 0.697088
585.000000 462.000000 0.832110 0.697088
617.000000 462.000000 0.932591 0.697088
319.000000 463.000000 -0.003140 0.700228
577.000000 463.000000 0.806990 0.700228
36.000000 464.000000 -0.891771 0.703368
308.000000 464.000000 -0.037680 0.703368
321.000000 464.000000 0.003140 0.703368
415.000000 464.000000 0.298304 0.703368
554.000000 464.000000 0.734769 0.703368
570.000000 464.000000 0.785009 0.703368
306.000000 465.000000 -0.043961 0.706508
328.000000 465.000000 0.025120 0.706508
572.000000 465.000000 0.791289 0.706508
38.000000 466.000000 -0.885490 0.709648
164.000000 466.000000 -0.489846 0.709648
245.000000 466.000000 -0.235503 0.709648
223.000000 467.000000 -0.304584 0.712788
249.000000 467.000000 -0.222943 0.712788
316.000000 467.000000 -0.012560 0.712788
325.000000 467.000000 0.015700 0.712788
623.000000 467.000000 0.951431 0.712788
56.000000 468.000000 -0.828970 0.715928
251.000000 468.000000 -0.216663 0.715928
296.000000 468.000000 -0.075361 0.715928
594.000000 468.000000 0.860370 0.715928
490.000000 469.000000 0.533806 0.719069
45.000000 470.000000 -0.863510 0.722209
248.000000 470.000000 -0.226083 0.722209
280.000000 470.000000 -0.125601 0.722209
347.000000 470.000000 0.084781 0.722209
437.000000 470.000000 0.367384 0.722209
523.000000 470.000000 0.637428 0.722209
602.000000 470.000000 0.885490 0.722209
278.000000 471.000000 -0.131882 0.725349
419.000000 472.000000 0.310864 0.728489
18.000000 473.000000 -0.948291 0.731629
635.000000 473.000000 0.989112 0.731629
300.000000 474.000000 -0.062801 0.734769
496.000000 474.000000 0.552647 0.734769
67.000000 475.000000 -0.794429 0.737909
413.000000 475.000000 0.292023 0.737909
571.000000 475.000000 0.788149 0.737909
598.000000 475.000000 0.872930 0.737909
601.000000 475.000000 0.882350 0.737909
604.000000 475.000000 0.891771 0.737909
15.000000 476.000000 -0.957711 0.741049
71.000000 476.000000 -0.781869 0.741049
251.000000 476.000000 -0.216663 0.741049
281.000000 476.000000 -0.122461 0.741049
291.000000 476.000000 -0.091061 0.741049
522.000000 476.000000 0.634288 0.741049
555.000000 476.000000 0.737909 0.741049
562.000000 476.000000 0.759889 0.741049
568.000000 476.000000 0.778729 0.741049
