170.000000 3.000000 -0.471006 -0.744189
458.000000 3.000000 0.433325 -0.744189
463.000000 3.000000 0.449025 -0.744189
567.000000 3.000000 0.775589 -0.744189
424.000000 4.000000 0.326564 -0.741049
431.000000 4.000000 0.348544 -0.741049
361.000000 5.000000 0.128742 -0.737909
438.000000 5.000000 0.370524 -0.737909
503.000000 5.000000 0.574627 -0.737909
175.000000 6.000000 -0.455305 -0.734769
283.000000 6.000000 -0.116181 -0.734769
314.000000 6.000000 -0.018840 -0.734769
375.000000 6.000000 0.172702 -0.734769
471.000000 6.000000 0.474146 -0.734769
176.000000 8.000000 -0.452165 -0.728489
170.000000 12.000000 -0.471006 -0.715928
176.000000 12.000000 -0.452165 -0.715928
453.000000 12.000000 0.417625 -0.715928
375.000000 13.000000 0.172702 -0.712788
624.000000 13.000000 0.954571 -0.712788
178.000000 14.000000 -0.445885 -0.709648
512.000000 14.000000 0.602887 -0.709648
176.000000 16.000000 -0.452165 -0.703368
577.000000 16.000000 0.806990 -0.703368
167.000000 18.000000 -0.480426 -0.697088
351.000000 18.000000 0.097341 -0.697088
534.000000 19.000000 0.671968 -0.693948
179.000000 20.000000 -0.442745 -0.690808
287.000000 20.000000 -0.103621 -0.690808
364.000000 20.000000 0.138162 -0.690808
617.000000 20.000000 0.932591 -0.690808
219.000000 21.000000 -0.317144 -0.687668
401.000000 21.000000 0.254343 -0.687668
461.000000 21.000000 0.442745 -0.687668
181.000000 22.000000 -0.436465 -0.684528
275.000000 22.000000 -0.141302 -0.684528
350.000000 22.000000 0.094201 -0.684528
465.000000 22.000000 0.455305 -0.684528
613.000000 23.000000 0.920031 -0.681388
179.000000 24.000000 -0.442745 -0.678248
494.000000 24.000000 0.546366 -0.678248
434.000000 26.000000 0.357964 -0.671968
456.000000 26.000000 0.427045 -0.671968
544.000000 26.000000 0.703368 -0.671968
558.000000 26.000000 0.747329 -0.671968
401.000000 27.000000 0.254343 -0.668828
428.000000 27.000000 0.339124 -0.668828
462.000000 27.000000 0.445885 -0.668828
182.000000 28.000000 -0.433325 -0.665688
259.000000 28.000000 -0.191542 -0.665688
49.000000 29.000000 -0.850950 -0.662548
456.000000 29.000000 0.427045 -0.662548
184.000000 30.000000 -0.427045 -0.659408
495.000000 30.000000 0.549506 -0.659408
187.000000 32.000000 -0.417625 -0.653128
431.000000 32.000000 0.348544 -0.653128
189.000000 33.000000 -0.411345 -0.649988
429.000000 33.000000 0.342264 -0.649988
463.000000 33.000000 0.449025 -0.649988
183.000000 34.000000 -0.430185 -0.646848
235.000000 34.000000 -0.266903 -0.646848
284.000000 35.000000 -0.113041 -0.643708
435.000000 35.000000 0.361104 -0.643708
463.000000 35.000000 0.449025 -0.643708
294.000000 36.000000 -0.081641 -0.640568
636.000000 36.000000 0.992252 -0.640568
216.000000 37.000000 -0.326564 -0.637428
433.000000 37.000000 0.354824 -0.637428
581.000000 37.000000 0.819550 -0.637428
585.000000 37.000000 0.832110 -0.637428
205.000000 39.000000 -0.361104 -0.631147
430.000000 39.000000 0.345404 -0.631147
464.000000 40.000000 0.452165 -0.628007
187.000000 41.000000 -0.417625 -0.624867
215.000000 41.000000 -0.329704 -0.624867
430.000000 41.000000 0.345404 -0.624867
437.000000 41.000000 0.367384 -0.624867
267.000000 42.000000 -0.166422 -0.621727
195.000000 43.000000 -0.392505 -0.618587
285.000000 43.000000 -0.109901 -0.618587
521.000000 43.000000 0.631147 -0.618587
188.000000 44.000000 -0.414485 -0.615447
269.000000 44.000000 -0.160142 -0.615447
497.000000 44.000000 0.555787 -0.615447
618.000000 44.000000 0.935731 -0.615447
267.000000 45.000000 -0.166422 -0.612307
357.000000 45.000000 0.116181 -0.612307
571.000000 45.000000 0.788149 -0.612307
220.000000 46.000000 -0.314004 -0.609167
188.000000 47.000000 -0.414485 -0.606027
168.000000 48.000000 -0.477286 -0.602887
565.000000 50.000000 0.769309 -0.596607
561.000000 51.000000 0.756749 -0.593467
529.000000 52.000000 0.656268 -0.590327
594.000000 52.000000 0.860370 -0.590327
613.000000 52.000000 0.920031 -0.590327
557.000000 54.000000 0.744189 -0.584047
213.000000 55.000000 -0.335984 -0.580907
570.000000 55.000000 0.785009 -0.580907
172.000000 56.000000 -0.464725 -0.577767
501.000000 56.000000 0.568347 -0.577767
307.000000 57.000000 -0.040820 -0.574627
505.000000 57.000000 0.580907 -0.574627
581.000000 57.000000 0.819550 -0.574627
563.000000 58.000000 0.763029 -0.571487
622.000000 58.000000 0.948291 -0.571487
474.000000 59.000000 0.483566 -0.568347
189.000000 60.000000 -0.411345 -0.565207
293.000000 60.000000 -0.084781 -0.565207
499.000000 60.000000 0.562067 -0.565207
563.000000 60.000000 0.763029 -0.565207
284.000000 61.000000 -0.113041 -0.562067
474.000000 61.000000 0.483566 -0.562067
244.000000 62.000000 -0.238643 -0.558927
470.000000 62.000000 0.471006 -0.558927
189.000000 63.000000 -0.411345 -0.555787
500.000000 63.000000 0.565207 -0.555787
284.000000 64.000000 -0.113041 -0.552647
434.000000 64.000000 0.357964 -0.552647
472.000000 64.000000 0.477286 -0.552647
504.000000 64.000000 0.577767 -0.552647
440.000000 65.000000 0.376804 -0.549506
567.000000 65.000000 0.775589 -0.549506
260.000000 66.000000 -0.188402 -0.546366
302.000000 66.000000 -0.056521 -0.546366
468.000000 66.000000 0.464725 -0.546366
564.000000 66.000000 0.766169 -0.546366
253.000000 67.000000 -0.210382 -0.543226
447.000000 67.000000 0.398785 -0.543226
471.000000 67.000000 0.474146 -0.543226
504.000000 67.000000 0.577767 -0.543226
508.000000 67.000000 0.590327 -0.543226
240.000000 68.000000 -0.251203 -0.540086
249.000000 68.000000 -0.222943 -0.540086
513.000000 68.000000 0.606027 -0.540086
191.000000 69.000000 -0.405065 -0.536946
320.000000 69.000000 -0.000000 -0.536946
460.000000 69.000000 0.439605 -0.536946
469.000000 69.000000 0.467866 -0.536946
629.000000 69.000000 0.970271 -0.536946
631.000000 69.000000 0.976552 -0.536946
219.000000 70.000000 -0.317144 -0.533806
229.000000 70.000000 -0.285743 -0.533806
274.000000 70.000000 -0.144442 -0.533806
435.000000 70.000000 0.361104 -0.533806
438.000000 70.000000 0.370524 -0.533806
507.000000 71.000000 0.587187 -0.530666
526.000000 71.000000 0.646848 -0.530666
191.000000 72.000000 -0.405065 -0.527526
208.000000 72.000000 -0.351684 -0.527526
469.000000 72.000000 0.467866 -0.527526
472.000000 72.000000 0.477286 -0.527526
198.000000 73.000000 -0.383085 -0.524386
436.000000 73.000000 0.364244 -0.524386
192.000000 74.000000 -0.401925 -0.521246
441.000000 74.000000 0.379945 -0.521246
503.000000 74.000000 0.574627 -0.521246
439.000000 75.000000 0.373664 -0.518106
476.000000 75.000000 0.489846 -0.518106
544.000000 75.000000 0.703368 -0.518106
567.000000 75.000000 0.775589 -0.518106
625.000000 75.000000 0.957711 -0.518106
636.000000 75.000000 0.992252 -0.518106
193.000000 77.000000 -0.398785 -0.511826
471.000000 77.000000 0.474146 -0.511826
436.000000 78.000000 0.364244 -0.508686
575.000000 78.000000 0.800709 -0.508686
311.000000 79.000000 -0.028260 -0.505546
442.000000 79.000000 0.383085 -0.505546
193.000000 80.000000 -0.398785 -0.502406
438.000000 80.000000 0.370524 -0.502406
440.000000 80.000000 0.376804 -0.502406
590.000000 82.000000 0.847810 -0.496126
609.000000 82.000000 0.907471 -0.496126
194.000000 84.000000 -0.395645 -0.489846
312.000000 84.000000 -0.025120 -0.489846
169.000000 85.000000 -0.474146 -0.486706
436.000000 85.000000 0.364244 -0.486706
477.000000 86.000000 0.492986 -0.483566
570.000000 86.000000 0.785009 -0.483566
619.000000 86.000000 0.938871 -0.483566
195.000000 87.000000 -0.392505 -0.480426
566.000000 87.000000 0.772449 -0.480426
195.000000 90.000000 -0.392505 -0.471006
201.000000 90.000000 -0.373664 -0.471006
271.000000 90.000000 -0.153862 -0.471006
503.000000 90.000000 0.574627 -0.471006
476.000000 91.000000 0.489846 -0.467866
570.000000 91.000000 0.785009 -0.467866
196.000000 92.000000 -0.389365 -0.464725
218.000000 92.000000 -0.320284 -0.464725
485.000000 92.000000 0.518106 -0.464725
568.000000 92.000000 0.778729 -0.464725
583.000000 92.000000 0.825830 -0.464725
297.000000 93.000000 -0.072221 -0.461585
581.000000 93.000000 0.819550 -0.461585
421.000000 94.000000 0.317144 -0.458445
526.000000 94.000000 0.646848 -0.458445
196.000000 95.000000 -0.389365 -0.455305
279.000000 96.000000 -0.128742 -0.452165
631.000000 96.000000 0.976552 -0.452165
197.000000 97.000000 -0.386225 -0.449025
505.000000 97.000000 0.580907 -0.449025
195.000000 98.000000 -0.392505 -0.445885
474.000000 98.000000 0.483566 -0.445885
590.000000 98.000000 0.847810 -0.445885
568.000000 99.000000 0.778729 -0.442745
197.000000 100.000000 -0.386225 -0.439605
267.000000 100.000000 -0.166422 -0.439605
442.000000 100.000000 0.383085 -0.439605
447.000000 100.000000 0.398785 -0.439605
549.000000 100.000000 0.719069 -0.439605
249.000000 101.000000 -0.222943 -0.436465
257.000000 101.000000 -0.197822 -0.436465
456.000000 101.000000 0.427045 -0.436465
354.000000 102.000000 0.106761 -0.433325
440.000000 102.000000 0.376804 -0.433325
446.000000 102.000000 0.395645 -0.433325
569.000000 102.000000 0.781869 -0.433325
571.000000 102.000000 0.788149 -0.433325
198.000000 103.000000 -0.383085 -0.430185
232.000000 103.000000 -0.276323 -0.430185
240.000000 103.000000 -0.251203 -0.430185
443.000000 103.000000 0.386225 -0.430185
477.000000 103.000000 0.492986 -0.430185
506.000000 103.000000 0.584047 -0.430185
626.000000 103.000000 0.960851 -0.430185
274.000000 104.000000 -0.144442 -0.427045
474.000000 104.000000 0.483566 -0.427045
198.000000 105.000000 -0.383085 -0.423905
223.000000 105.000000 -0.304584 -0.423905
635.000000 105.000000 0.989112 -0.423905
214.000000 106.000000 -0.332844 -0.420765
480.000000 106.000000 0.502406 -0.420765
199.000000 107.000000 -0.379945 -0.417625
206.000000 107.000000 -0.357964 -0.417625
230.000000 107.000000 -0.282603 -0.417625
441.000000 107.000000 0.379945 -0.417625
475.000000 107.000000 0.486706 -0.417625
478.000000 107.000000 0.496126 -0.417625
199.000000 109.000000 -0.379945 -0.411345
270.000000 109.000000 -0.157002 -0.411345
596.000000 109.000000 0.866650 -0.411345
442.000000 110.000000 0.383085 -0.408205
448.000000 110.000000 0.401925 -0.408205
475.000000 110.000000 0.486706 -0.408205
479.000000 110.000000 0.499266 -0.408205
503.000000 110.000000 0.574627 -0.408205
507.000000 110.000000 0.587187 -0.408205
515.000000 110.000000 0.612307 -0.408205
622.000000 110.000000 0.948291 -0.408205
626.000000 110.000000 0.960851 -0.408205
481.000000 111.000000 0.505546 -0.405065
554.000000 111.000000 0.734769 -0.405065
604.000000 111.000000 0.891771 -0.405065
200.000000 112.000000 -0.376804 -0.401925
282.000000 112.000000 -0.119321 -0.401925
608.000000 112.000000 0.904331 -0.401925
442.000000 113.000000 0.383085 -0.398785
449.000000 113.000000 0.405065 -0.398785
477.000000 113.000000 0.492986 -0.398785
197.000000 114.000000 -0.386225 -0.395645
200.000000 115.000000 -0.376804 -0.392505
598.000000 115.000000 0.872930 -0.392505
205.000000 116.000000 -0.361104 -0.389365
274.000000 116.000000 -0.144442 -0.389365
393.000000 116.000000 0.229223 -0.389365
442.000000 116.000000 0.383085 -0.389365
449.000000 116.000000 0.405065 -0.389365
558.000000 116.000000 0.747329 -0.389365
250.000000 117.000000 -0.219803 -0.386225
283.000000 117.000000 -0.116181 -0.386225
515.000000 117.000000 0.612307 -0.386225
517.000000 117.000000 0.618587 -0.386225
545.000000 117.000000 0.706508 -0.386225
636.000000 117.000000 0.992252 -0.386225
471.000000 118.000000 0.474146 -0.383085
508.000000 118.000000 0.590327 -0.383085
625.000000 118.000000 0.957711 -0.383085
174.000000 119.000000 -0.458445 -0.379945
201.000000 119.000000 -0.373664 -0.379945
447.000000 119.000000 0.398785 -0.379945
450.000000 119.000000 0.408205 -0.379945
580.000000 121.000000 0.816410 -0.373664
270.000000 122.000000 -0.157002 -0.370524
319.000000 122.000000 -0.003140 -0.370524
612.000000 123.000000 0.916891 -0.367384
202.000000 124.000000 -0.370524 -0.364244
621.000000 124.000000 0.945151 -0.364244
278.000000 125.000000 -0.131882 -0.361104
541.000000 128.000000 0.693948 -0.351684
203.000000 129.000000 -0.367384 -0.348544
485.000000 129.000000 0.518106 -0.348544
629.000000 129.000000 0.970271 -0.348544
572.000000 130.000000 0.791289 -0.345404
591.000000 130.000000 0.850950 -0.345404
618.000000 130.000000 0.935731 -0.345404
279.000000 131.000000 -0.128742 -0.342264
498.000000 131.000000 0.558927 -0.342264
277.000000 132.000000 -0.135022 -0.339124
270.000000 133.000000 -0.157002 -0.335984
321.000000 133.000000 0.003140 -0.335984
399.000000 133.000000 0.248063 -0.335984
204.000000 134.000000 -0.364244 -0.332844
263.000000 134.000000 -0.178982 -0.332844
177.000000 135.000000 -0.449025 -0.329704
179.000000 135.000000 -0.442745 -0.329704
255.000000 135.000000 -0.204102 -0.329704
247.000000 136.000000 -0.229223 -0.326564
578.000000 136.000000 0.810130 -0.326564
626.000000 136.000000 0.960851 -0.326564
280.000000 137.000000 -0.125601 -0.323424
572.000000 137.000000 0.791289 -0.323424
617.000000 137.000000 0.932591 -0.323424
232.000000 138.000000 -0.276323 -0.320284
375.000000 138.000000 0.172702 -0.320284
205.000000 139.000000 -0.361104 -0.317144
225.000000 139.000000 -0.298304 -0.317144
283.000000 139.000000 -0.116181 -0.317144
430.000000 139.000000 0.345404 -0.317144
218.000000 140.000000 -0.320284 -0.314004
459.000000 140.000000 0.436465 -0.314004
511.000000 140.000000 0.599747 -0.314004
634.000000 140.000000 0.985972 -0.314004
210.000000 141.000000 -0.345404 -0.310864
361.000000 141.000000 0.128742 -0.310864
517.000000 141.000000 0.618587 -0.310864
281.000000 142.000000 -0.122461 -0.307724
627.000000 142.000000 0.963991 -0.307724
206.000000 143.000000 -0.357964 -0.304584
179.000000 144.000000 -0.442745 -0.301444
283.000000 144.000000 -0.116181 -0.301444
323.000000 144.000000 0.009420 -0.301444
540.000000 145.000000 0.690808 -0.298304
558.000000 145.000000 0.747329 -0.298304
563.000000 145.000000 0.763029 -0.298304
207.000000 146.000000 -0.354824 -0.295163
346.000000 146.000000 0.081641 -0.295163
553.000000 146.000000 0.731629 -0.295163
565.000000 146.000000 0.769309 -0.295163
282.000000 147.000000 -0.119321 -0.292023
314.000000 147.000000 -0.018840 -0.292023
284.000000 148.000000 -0.113041 -0.288883
570.000000 148.000000 0.785009 -0.288883
207.000000 149.000000 -0.354824 -0.285743
324.000000 149.000000 0.012560 -0.285743
511.000000 149.000000 0.599747 -0.285743
584.000000 149.000000 0.828970 -0.285743
283.000000 150.000000 -0.116181 -0.282603
285.000000 150.000000 -0.109901 -0.282603
625.000000 150.000000 0.957711 -0.282603
208.000000 151.000000 -0.351684 -0.279463
634.000000 151.000000 0.985972 -0.279463
628.000000 152.000000 0.967131 -0.276323
285.000000 153.000000 -0.109901 -0.273183
208.000000 154.000000 -0.351684 -0.270043
253.000000 154.000000 -0.210382 -0.270043
600.000000 155.000000 0.879210 -0.266903
284.000000 156.000000 -0.113041 -0.263763
422.000000 156.000000 0.320284 -0.263763
472.000000 156.000000 0.477286 -0.263763
352.000000 157.000000 0.100481 -0.260623
555.000000 157.000000 0.737909 -0.260623
590.000000 157.000000 0.847810 -0.260623
255.000000 158.000000 -0.204102 -0.257483
371.000000 158.000000 0.160142 -0.257483
374.000000 158.000000 0.169562 -0.257483
209.000000 159.000000 -0.348544 -0.254343
286.000000 159.000000 -0.106761 -0.254343
364.000000 159.000000 0.138162 -0.254343
368.000000 159.000000 0.150722 -0.254343
377.000000 159.000000 0.178982 -0.254343
219.000000 160.000000 -0.317144 -0.251203
326.000000 160.000000 0.018840 -0.251203
358.000000 160.000000 0.119321 -0.251203
375.000000 160.000000 0.172702 -0.251203
499.000000 160.000000 0.562067 -0.251203
504.000000 160.000000 0.577767 -0.251203
520.000000 160.000000 0.628007 -0.251203
600.000000 160.000000 0.879210 -0.251203
208.000000 161.000000 -0.351684 -0.248063
210.000000 161.000000 -0.345404 -0.248063
336.000000 161.000000 0.050241 -0.248063
361.000000 161.000000 0.128742 -0.248063
370.000000 161.000000 0.157002 -0.248063
594.000000 161.000000 0.860370 -0.248063
615.000000 161.000000 0.926311 -0.248063
632.000000 161.000000 0.979692 -0.248063
199.000000 162.000000 -0.379945 -0.244923
242.000000 162.000000 -0.244923 -0.244923
285.000000 162.000000 -0.109901 -0.244923
210.000000 163.000000 -0.345404 -0.241783
227.000000 163.000000 -0.292023 -0.241783
258.000000 163.000000 -0.194682 -0.241783
317.000000 163.000000 -0.009420 -0.241783
348.000000 163.000000 0.087921 -0.241783
355.000000 163.000000 0.109901 -0.241783
379.000000 163.000000 0.185262 -0.241783
576.000000 163.000000 0.803850 -0.241783
606.000000 163.000000 0.898051 -0.241783
285.000000 164.000000 -0.109901 -0.238643
558.000000 164.000000 0.747329 -0.238643
582.000000 164.000000 0.822690 -0.238643
623.000000 164.000000 0.951431 -0.238643
288.000000 165.000000 -0.100481 -0.235503
329.000000 165.000000 0.028260 -0.235503
342.000000 165.000000 0.069081 -0.235503
364.000000 165.000000 0.138162 -0.235503
378.000000 165.000000 0.182122 -0.235503
468.000000 165.000000 0.464725 -0.235503
547.000000 165.000000 0.712788 -0.235503
549.000000 165.000000 0.719069 -0.235503
572.000000 165.000000 0.791289 -0.235503
594.000000 165.000000 0.860370 -0.235503
211.000000 166.000000 -0.342264 -0.232363
271.000000 166.000000 -0.153862 -0.232363
324.000000 166.000000 0.012560 -0.232363
336.000000 166.000000 0.050241 -0.232363
353.000000 166.000000 0.103621 -0.232363
511.000000 166.000000 0.599747 -0.232363
590.000000 166.000000 0.847810 -0.232363
599.000000 166.000000 0.876070 -0.232363
634.000000 166.000000 0.985972 -0.232363
286.000000 167.000000 -0.106761 -0.229223
305.000000 167.000000 -0.047101 -0.229223
318.000000 167.000000 -0.006280 -0.229223
330.000000 167.000000 0.031400 -0.229223
613.000000 167.000000 0.920031 -0.229223
629.000000 167.000000 0.970271 -0.229223
211.000000 168.000000 -0.342264 -0.226083
224.000000 168.000000 -0.301444 -0.226083
299.000000 168.000000 -0.065941 -0.226083
313.000000 168.000000 -0.021980 -0.226083
323.000000 168.000000 0.009420 -0.226083
230.000000 169.000000 -0.282603 -0.222943
317.000000 169.000000 -0.009420 -0.222943
375.000000 169.000000 0.172702 -0.222943
556.000000 169.000000 0.741049 -0.222943
588.000000 169.000000 0.841530 -0.222943
218.000000 170.000000 -0.320284 -0.219803
245.000000 170.000000 -0.235503 -0.219803
353.000000 170.000000 0.103621 -0.219803
367.000000 170.000000 0.147582 -0.219803
369.000000 170.000000 0.153862 -0.219803
582.000000 170.000000 0.822690 -0.219803
212.000000 171.000000 -0.339124 -0.216663
220.000000 171.000000 -0.314004 -0.216663
228.000000 171.000000 -0.288883 -0.216663
239.000000 171.000000 -0.254343 -0.216663
292.000000 171.000000 -0.087921 -0.216663
305.000000 171.000000 -0.047101 -0.216663
363.000000 171.000000 0.135022 -0.216663
424.000000 171.000000 0.326564 -0.216663
536.000000 171.000000 0.678248 -0.216663
636.000000 171.000000 0.992252 -0.216663
235.000000 172.000000 -0.266903 -0.213523
295.000000 172.000000 -0.078501 -0.213523
298.000000 172.000000 -0.069081 -0.213523
301.000000 172.000000 -0.059661 -0.213523
325.000000 172.000000 0.015700 -0.213523
357.000000 172.000000 0.116181 -0.213523
453.000000 172.000000 0.417625 -0.213523
607.000000 172.000000 0.901191 -0.213523
630.000000 172.000000 0.973412 -0.213523
186.000000 173.000000 -0.420765 -0.210382
212.000000 173.000000 -0.339124 -0.210382
292.000000 173.000000 -0.087921 -0.210382
349.000000 173.000000 0.091061 -0.210382
351.000000 173.000000 0.097341 -0.210382
613.000000 173.000000 0.920031 -0.210382
624.000000 173.000000 0.954571 -0.210382
227.000000 174.000000 -0.292023 -0.207242
282.000000 174.000000 -0.119321 -0.207242
286.000000 174.000000 -0.106761 -0.207242
288.000000 174.000000 -0.100481 -0.207242
618.000000 174.000000 0.935731 -0.207242
257.000000 175.000000 -0.197822 -0.204102
274.000000 175.000000 -0.144442 -0.204102
279.000000 175.000000 -0.128742 -0.204102
292.000000 175.000000 -0.087921 -0.204102
607.000000 175.000000 0.901191 -0.204102
629.000000 175.000000 0.970271 -0.204102
241.000000 176.000000 -0.248063 -0.200962
272.000000 176.000000 -0.150722 -0.200962
213.000000 177.000000 -0.335984 -0.197822
221.000000 177.000000 -0.310864 -0.197822
245.000000 177.000000 -0.235503 -0.197822
297.000000 177.000000 -0.072221 -0.197822
340.000000 177.000000 0.062801 -0.197822
577.000000 177.000000 0.806990 -0.197822
616.000000 177.000000 0.929451 -0.197822
231.000000 178.000000 -0.279463 -0.194682
261.000000 178.000000 -0.185262 -0.194682
273.000000 178.000000 -0.147582 -0.194682
313.000000 178.000000 -0.021980 -0.194682
512.000000 178.000000 0.602887 -0.194682
572.000000 178.000000 0.791289 -0.194682
221.000000 179.000000 -0.310864 -0.191542
226.000000 179.000000 -0.295163 -0.191542
241.000000 179.000000 -0.248063 -0.191542
267.000000 179.000000 -0.166422 -0.191542
299.000000 179.000000 -0.065941 -0.191542
566.000000 179.000000 0.772449 -0.191542
593.000000 179.000000 0.857230 -0.191542
214.000000 180.000000 -0.332844 -0.188402
224.000000 180.000000 -0.301444 -0.188402
249.000000 180.000000 -0.222943 -0.188402
321.000000 180.000000 0.003140 -0.188402
560.000000 180.000000 0.753609 -0.188402
588.000000 180.000000 0.841530 -0.188402
612.000000 180.000000 0.916891 -0.188402
221.000000 181.000000 -0.310864 -0.185262
241.000000 181.000000 -0.248063 -0.185262
243.000000 181.000000 -0.241783 -0.185262
330.000000 181.000000 0.031400 -0.185262
336.000000 181.000000 0.050241 -0.185262
378.000000 181.000000 0.182122 -0.185262
389.000000 181.000000 0.216663 -0.185262
454.000000 181.000000 0.420765 -0.185262
582.000000 181.000000 0.822690 -0.185262
593.000000 181.000000 0.857230 -0.185262
210.000000 182.000000 -0.345404 -0.182122
218.000000 182.000000 -0.320284 -0.182122
270.000000 182.000000 -0.157002 -0.182122
324.000000 182.000000 0.012560 -0.182122
326.000000 182.000000 0.018840 -0.182122
338.000000 182.000000 0.056521 -0.182122
342.000000 182.000000 0.069081 -0.182122
503.000000 182.000000 0.574627 -0.182122
576.000000 182.000000 0.803850 -0.182122
588.000000 182.000000 0.841530 -0.182122
215.000000 183.000000 -0.329704 -0.178982
250.000000 183.000000 -0.219803 -0.178982
256.000000 183.000000 -0.200962 -0.178982
266.000000 183.000000 -0.169562 -0.178982
318.000000 183.000000 -0.006280 -0.178982
546.000000 183.000000 0.709648 -0.178982
558.000000 183.000000 0.747329 -0.178982
636.000000 183.000000 0.992252 -0.178982
200.000000 184.000000 -0.376804 -0.175842
208.000000 184.000000 -0.351684 -0.175842
268.000000 184.000000 -0.163282 -0.175842
312.000000 184.000000 -0.025120 -0.175842
539.000000 184.000000 0.687668 -0.175842
563.000000 184.000000 0.763029 -0.175842
577.000000 184.000000 0.806990 -0.175842
186.000000 185.000000 -0.420765 -0.172702
191.000000 185.000000 -0.405065 -0.172702
218.000000 185.000000 -0.320284 -0.172702
237.000000 185.000000 -0.260623 -0.172702
252.000000 185.000000 -0.213523 -0.172702
270.000000 185.000000 -0.157002 -0.172702
307.000000 185.000000 -0.040820 -0.172702
322.000000 185.000000 0.006280 -0.172702
534.000000 185.000000 0.671968 -0.172702
200.000000 186.000000 -0.376804 -0.169562
204.000000 186.000000 -0.364244 -0.169562
206.000000 186.000000 -0.357964 -0.169562
212.000000 186.000000 -0.339124 -0.169562
228.000000 186.000000 -0.288883 -0.169562
261.000000 186.000000 -0.185262 -0.169562
279.000000 186.000000 -0.128742 -0.169562
302.000000 186.000000 -0.056521 -0.169562
319.000000 186.000000 -0.003140 -0.169562
338.000000 186.000000 0.056521 -0.169562
352.000000 186.000000 0.100481 -0.169562
380.000000 186.000000 0.188402 -0.169562
382.000000 186.000000 0.194682 -0.169562
529.000000 186.000000 0.656268 -0.169562
567.000000 186.000000 0.775589 -0.169562
571.000000 186.000000 0.788149 -0.169562
592.000000 186.000000 0.854090 -0.169562
195.000000 187.000000 -0.392505 -0.166422
210.000000 187.000000 -0.345404 -0.166422
215.000000 187.000000 -0.329704 -0.166422
233.000000 187.000000 -0.273183 -0.166422
241.000000 187.000000 -0.248063 -0.166422
258.000000 187.000000 -0.194682 -0.166422
265.000000 187.000000 -0.172702 -0.166422
268.000000 187.000000 -0.163282 -0.166422
287.000000 187.000000 -0.103621 -0.166422
296.000000 187.000000 -0.075361 -0.166422
315.000000 187.000000 -0.015700 -0.166422
524.000000 187.000000 0.640568 -0.166422
542.000000 187.000000 0.697088 -0.166422
582.000000 187.000000 0.822690 -0.166422
585.000000 187.000000 0.832110 -0.166422
594.000000 187.000000 0.860370 -0.166422
596.000000 187.000000 0.866650 -0.166422
206.000000 188.000000 -0.357964 -0.163282
219.000000 188.000000 -0.317144 -0.163282
225.000000 188.000000 -0.298304 -0.163282
280.000000 188.000000 -0.125601 -0.163282
290.000000 188.000000 -0.094201 -0.163282
474.000000 188.000000 0.483566 -0.163282
494.000000 188.000000 0.546366 -0.163282
519.000000 188.000000 0.624867 -0.163282
546.000000 188.000000 0.709648 -0.163282
577.000000 188.000000 0.806990 -0.163282
179.000000 189.000000 -0.442745 -0.160142
182.000000 189.000000 -0.433325 -0.160142
253.000000 189.000000 -0.210382 -0.160142
282.000000 189.000000 -0.119321 -0.160142
317.000000 189.000000 -0.009420 -0.160142
325.000000 189.000000 0.015700 -0.160142
348.000000 189.000000 0.087921 -0.160142
478.000000 189.000000 0.496126 -0.160142
487.000000 189.000000 0.524386 -0.160142
499.000000 189.000000 0.562067 -0.160142
514.000000 189.000000 0.609167 -0.160142
541.000000 189.000000 0.693948 -0.160142
553.000000 189.000000 0.731629 -0.160142
173.000000 190.000000 -0.461585 -0.157002
176.000000 190.000000 -0.452165 -0.157002
196.000000 190.000000 -0.389365 -0.157002
206.000000 190.000000 -0.357964 -0.157002
222.000000 190.000000 -0.307724 -0.157002
238.000000 190.000000 -0.257483 -0.157002
248.000000 190.000000 -0.226083 -0.157002
276.000000 190.000000 -0.138162 -0.157002
298.000000 190.000000 -0.069081 -0.157002
338.000000 190.000000 0.056521 -0.157002
380.000000 190.000000 0.188402 -0.157002
473.000000 190.000000 0.480426 -0.157002
508.000000 190.000000 0.590327 -0.157002
536.000000 190.000000 0.678248 -0.157002
545.000000 190.000000 0.706508 -0.157002
547.000000 190.000000 0.712788 -0.157002
566.000000 190.000000 0.772449 -0.157002
167.000000 191.000000 -0.480426 -0.153862
242.000000 191.000000 -0.244923 -0.153862
250.000000 191.000000 -0.219803 -0.153862
269.000000 191.000000 -0.160142 -0.153862
289.000000 191.000000 -0.097341 -0.153862
292.000000 191.000000 -0.087921 -0.153862
470.000000 191.000000 0.471006 -0.153862
476.000000 191.000000 0.489846 -0.153862
503.000000 191.000000 0.574627 -0.153862
530.000000 191.000000 0.659408 -0.153862
561.000000 191.000000 0.756749 -0.153862
160.000000 192.000000 -0.502406 -0.150722
163.000000 192.000000 -0.492986 -0.150722
177.000000 192.000000 -0.449025 -0.150722
220.000000 192.000000 -0.314004 -0.150722
231.000000 192.000000 -0.279463 -0.150722
234.000000 192.000000 -0.270043 -0.150722
236.000000 192.000000 -0.263763 -0.150722
265.000000 192.000000 -0.172702 -0.150722
280.000000 192.000000 -0.125601 -0.150722
283.000000 192.000000 -0.116181 -0.150722
286.000000 192.000000 -0.106761 -0.150722
336.000000 192.000000 0.050241 -0.150722
339.000000 192.000000 0.059661 -0.150722
383.000000 192.000000 0.197822 -0.150722
483.000000 192.000000 0.511826 -0.150722
526.000000 192.000000 0.646848 -0.150722
557.000000 192.000000 0.744189 -0.150722
594.000000 192.000000 0.860370 -0.150722
154.000000 193.000000 -0.521246 -0.147582
157.000000 193.000000 -0.511826 -0.147582
165.000000 193.000000 -0.486706 -0.147582
250.000000 193.000000 -0.219803 -0.147582
259.000000 193.000000 -0.191542 -0.147582
269.000000 193.000000 -0.160142 -0.147582
344.000000 193.000000 0.075361 -0.147582
521.000000 193.000000 0.631147 -0.147582
532.000000 193.000000 0.665688 -0.147582
552.000000 193.000000 0.728489 -0.147582
588.000000 193.000000 0.841530 -0.147582
173.000000 194.000000 -0.461585 -0.144442
206.000000 194.000000 -0.357964 -0.144442
222.000000 194.000000 -0.307724 -0.144442
224.000000 194.000000 -0.301444 -0.144442
226.000000 194.000000 -0.295163 -0.144442
253.000000 194.000000 -0.210382 -0.144442
267.000000 194.000000 -0.166422 -0.144442
273.000000 194.000000 -0.147582 -0.144442
472.000000 194.000000 0.477286 -0.144442
480.000000 194.000000 0.502406 -0.144442
497.000000 194.000000 0.555787 -0.144442
515.000000 194.000000 0.612307 -0.144442
524.000000 194.000000 0.640568 -0.144442
527.000000 194.000000 0.649988 -0.144442
150.000000 195.000000 -0.533806 -0.141302
216.000000 195.000000 -0.326564 -0.141302
244.000000 195.000000 -0.238643 -0.141302
288.000000 195.000000 -0.100481 -0.141302
299.000000 195.000000 -0.065941 -0.141302
324.000000 195.000000 0.012560 -0.141302
336.000000 195.000000 0.050241 -0.141302
381.000000 195.000000 0.191542 -0.141302
408.000000 195.000000 0.276323 -0.141302
469.000000 195.000000 0.467866 -0.141302
500.000000 195.000000 0.565207 -0.141302
510.000000 195.000000 0.596607 -0.141302
542.000000 195.000000 0.697088 -0.141302
145.000000 196.000000 -0.549506 -0.138162
241.000000 196.000000 -0.248063 -0.138162
280.000000 196.000000 -0.125601 -0.138162
318.000000 196.000000 -0.006280 -0.138162
401.000000 196.000000 0.254343 -0.138162
504.000000 196.000000 0.577767 -0.138162
515.000000 196.000000 0.612307 -0.138162
537.000000 196.000000 0.681388 -0.138162
598.000000 196.000000 0.872930 -0.138162
602.000000 196.000000 0.885490 -0.138162
139.000000 197.000000 -0.568347 -0.135022
164.000000 197.000000 -0.489846 -0.135022
174.000000 197.000000 -0.458445 -0.135022
177.000000 197.000000 -0.449025 -0.135022
188.000000 197.000000 -0.414485 -0.135022
204.000000 197.000000 -0.364244 -0.135022
236.000000 197.000000 -0.263763 -0.135022
249.000000 197.000000 -0.222943 -0.135022
297.000000 197.000000 -0.072221 -0.135022
321.000000 197.000000 0.003140 -0.135022
381.000000 197.000000 0.191542 -0.135022
384.000000 197.000000 0.200962 -0.135022
405.000000 197.000000 0.266903 -0.135022
500.000000 197.000000 0.565207 -0.135022
512.000000 197.000000 0.602887 -0.135022
185.000000 198.000000 -0.423905 -0.131882
198.000000 198.000000 -0.383085 -0.131882
230.000000 198.000000 -0.282603 -0.131882
255.000000 198.000000 -0.204102 -0.131882
267.000000 198.000000 -0.166422 -0.131882
306.000000 198.000000 -0.043961 -0.131882
318.000000 198.000000 -0.006280 -0.131882
390.000000 198.000000 0.219803 -0.131882
392.000000 198.000000 0.226083 -0.131882
401.000000 198.000000 0.254343 -0.131882
407.000000 198.000000 0.273183 -0.131882
466.000000 198.000000 0.458445 -0.131882
507.000000 198.000000 0.587187 -0.131882
528.000000 198.000000 0.653128 -0.131882
586.000000 198.000000 0.835250 -0.131882
145.000000 199.000000 -0.549506 -0.128742
192.000000 199.000000 -0.401925 -0.128742
225.000000 199.000000 -0.298304 -0.128742
314.000000 199.000000 -0.018840 -0.128742
343.000000 199.000000 0.072221 -0.128742
397.000000 199.000000 0.241783 -0.128742
410.000000 199.000000 0.282603 -0.128742
461.000000 199.000000 0.442745 -0.128742
559.000000 199.000000 0.750469 -0.128742
581.000000 199.000000 0.819550 -0.128742
141.000000 200.000000 -0.562067 -0.125601
157.000000 200.000000 -0.511826 -0.125601
184.000000 200.000000 -0.427045 -0.125601
207.000000 200.000000 -0.354824 -0.125601
219.000000 200.000000 -0.317144 -0.125601
240.000000 200.000000 -0.251203 -0.125601
258.000000 200.000000 -0.194682 -0.125601
295.000000 200.000000 -0.078501 -0.125601
307.000000 200.000000 -0.040820 -0.125601
334.000000 200.000000 0.043961 -0.125601
404.000000 200.000000 0.263763 -0.125601
455.000000 200.000000 0.423905 -0.125601
213.000000 201.000000 -0.335984 -0.122461
234.000000 201.000000 -0.270043 -0.122461
302.000000 201.000000 -0.056521 -0.122461
336.000000 201.000000 0.050241 -0.122461
345.000000 201.000000 0.078501 -0.122461
399.000000 201.000000 0.248063 -0.122461
450.000000 201.000000 0.408205 -0.122461
498.000000 201.000000 0.558927 -0.122461
510.000000 201.000000 0.596607 -0.122461
516.000000 201.000000 0.615447 -0.122461
601.000000 201.000000 0.882350 -0.122461
631.000000 201.000000 0.976552 -0.122461
205.000000 202.000000 -0.361104 -0.119321
236.000000 202.000000 -0.263763 -0.119321
268.000000 202.000000 -0.163282 -0.119321
297.000000 202.000000 -0.072221 -0.119321
393.000000 202.000000 0.229223 -0.119321
409.000000 202.000000 0.279463 -0.119321
445.000000 202.000000 0.392505 -0.119321
474.000000 202.000000 0.483566 -0.119321
506.000000 202.000000 0.584047 -0.119321
566.000000 202.000000 0.772449 -0.119321
152.000000 203.000000 -0.527526 -0.116181
167.000000 203.000000 -0.480426 -0.116181
199.000000 203.000000 -0.379945 -0.116181
218.000000 203.000000 -0.320284 -0.116181
224.000000 203.000000 -0.301444 -0.116181
277.000000 203.000000 -0.135022 -0.116181
291.000000 203.000000 -0.091061 -0.116181
327.000000 203.000000 0.021980 -0.116181
341.000000 203.000000 0.065941 -0.116181
382.000000 203.000000 0.194682 -0.116181
385.000000 203.000000 0.204102 -0.116181
398.000000 203.000000 0.244923 -0.116181
440.000000 203.000000 0.376804 -0.116181
469.000000 203.000000 0.467866 -0.116181
540.000000 203.000000 0.690808 -0.116181
563.000000 203.000000 0.763029 -0.116181
636.000000 203.000000 0.992252 -0.116181
159.000000 204.000000 -0.505546 -0.113041
161.000000 204.000000 -0.499266 -0.113041
192.000000 204.000000 -0.401925 -0.113041
212.000000 204.000000 -0.339124 -0.113041
215.000000 204.000000 -0.329704 -0.113041
272.000000 204.000000 -0.150722 -0.113041
284.000000 204.000000 -0.113041 -0.113041
346.000000 204.000000 0.081641 -0.113041
435.000000 204.000000 0.361104 -0.113041
463.000000 204.000000 0.449025 -0.113041
474.000000 204.000000 0.483566 -0.113041
476.000000 204.000000 0.489846 -0.113041
502.000000 204.000000 0.571487 -0.113041
551.000000 204.000000 0.725349 -0.113041
558.000000 204.000000 0.747329 -0.113041
603.000000 204.000000 0.888631 -0.113041
155.000000 205.000000 -0.518106 -0.109901
239.000000 205.000000 -0.254343 -0.109901
265.000000 205.000000 -0.172702 -0.109901
278.000000 205.000000 -0.131882 -0.109901
407.000000 205.000000 0.273183 -0.109901
429.000000 205.000000 0.342264 -0.109901
459.000000 205.000000 0.436465 -0.109901
471.000000 205.000000 0.474146 -0.109901
149.000000 206.000000 -0.536946 -0.106761
237.000000 206.000000 -0.260623 -0.106761
269.000000 206.000000 -0.160142 -0.106761
271.000000 206.000000 -0.153862 -0.106761
275.000000 206.000000 -0.141302 -0.106761
424.000000 206.000000 0.326564 -0.106761
454.000000 206.000000 0.420765 -0.106761
466.000000 206.000000 0.458445 -0.106761
605.000000 206.000000 0.894911 -0.106761
617.000000 206.000000 0.932591 -0.106761
143.000000 207.000000 -0.555787 -0.103621
346.000000 207.000000 0.081641 -0.103621
383.000000 207.000000 0.197822 -0.103621
419.000000 207.000000 0.310864 -0.103621
448.000000 207.000000 0.401925 -0.103621
460.000000 207.000000 0.439605 -0.103621
463.000000 207.000000 0.449025 -0.103621
500.000000 207.000000 0.565207 -0.103621
543.000000 207.000000 0.700228 -0.103621
205.000000 208.000000 -0.361104 -0.100481
249.000000 208.000000 -0.222943 -0.100481
262.000000 208.000000 -0.182122 -0.100481
410.000000 208.000000 0.282603 -0.100481
414.000000 208.000000 0.295163 -0.100481
443.000000 208.000000 0.386225 -0.100481
480.000000 208.000000 0.502406 -0.100481
192.000000 209.000000 -0.401925 -0.097341
256.000000 209.000000 -0.200962 -0.097341
323.000000 209.000000 0.009420 -0.097341
383.000000 209.000000 0.197822 -0.097341
438.000000 209.000000 0.370524 -0.097341
447.000000 209.000000 0.398785 -0.097341
450.000000 209.000000 0.408205 -0.097341
509.000000 209.000000 0.593467 -0.097341
534.000000 209.000000 0.671968 -0.097341
208.000000 210.000000 -0.351684 -0.094201
235.000000 210.000000 -0.266903 -0.094201
270.000000 210.000000 -0.157002 -0.094201
321.000000 210.000000 0.003140 -0.094201
347.000000 210.000000 0.084781 -0.094201
410.000000 210.000000 0.282603 -0.094201
441.000000 210.000000 0.379945 -0.094201
445.000000 210.000000 0.392505 -0.094201
466.000000 210.000000 0.458445 -0.094201
471.000000 210.000000 0.474146 -0.094201
299.000000 211.000000 -0.065941 -0.091061
316.000000 211.000000 -0.012560 -0.091061
367.000000 211.000000 0.147582 -0.091061
428.000000 211.000000 0.339124 -0.091061
436.000000 211.000000 0.364244 -0.091061
439.000000 211.000000 0.373664 -0.091061
576.000000 211.000000 0.803850 -0.091061
599.000000 211.000000 0.876070 -0.091061
226.000000 212.000000 -0.295163 -0.087921
240.000000 212.000000 -0.251203 -0.087921
283.000000 212.000000 -0.116181 -0.087921
293.000000 212.000000 -0.084781 -0.087921
303.000000 212.000000 -0.053381 -0.087921
347.000000 212.000000 0.084781 -0.087921
413.000000 212.000000 0.292023 -0.087921
422.000000 212.000000 0.320284 -0.087921
434.000000 212.000000 0.357964 -0.087921
455.000000 212.000000 0.423905 -0.087921
507.000000 212.000000 0.587187 -0.087921
520.000000 212.000000 0.628007 -0.087921
613.000000 212.000000 0.920031 -0.087921
233.000000 213.000000 -0.273183 -0.084781
264.000000 213.000000 -0.175842 -0.084781
416.000000 213.000000 0.301444 -0.084781
428.000000 213.000000 0.339124 -0.084781
431.000000 213.000000 0.348544 -0.084781
452.000000 213.000000 0.414485 -0.084781
459.000000 213.000000 0.436465 -0.084781
501.000000 213.000000 0.568347 -0.084781
515.000000 213.000000 0.612307 -0.084781
214.000000 214.000000 -0.332844 -0.081641
229.000000 214.000000 -0.285743 -0.081641
294.000000 214.000000 -0.081641 -0.081641
324.000000 214.000000 0.012560 -0.081641
383.000000 214.000000 0.197822 -0.081641
390.000000 214.000000 0.219803 -0.081641
424.000000 214.000000 0.326564 -0.081641
447.000000 214.000000 0.398785 -0.081641
449.000000 214.000000 0.405065 -0.081641
591.000000 214.000000 0.850950 -0.081641
608.000000 214.000000 0.904331 -0.081641
224.000000 215.000000 -0.301444 -0.078501
232.000000 215.000000 -0.276323 -0.078501
291.000000 215.000000 -0.091061 -0.078501
322.000000 215.000000 0.006280 -0.078501
411.000000 215.000000 0.285743 -0.078501
419.000000 215.000000 0.310864 -0.078501
441.000000 215.000000 0.379945 -0.078501
444.000000 215.000000 0.389365 -0.078501
504.000000 215.000000 0.577767 -0.078501
509.000000 215.000000 0.593467 -0.078501
601.000000 215.000000 0.882350 -0.078501
218.000000 216.000000 -0.320284 -0.075361
255.000000 216.000000 -0.204102 -0.075361
279.000000 216.000000 -0.128742 -0.075361
375.000000 216.000000 0.172702 -0.075361
387.000000 216.000000 0.210382 -0.075361
415.000000 216.000000 0.298304 -0.075361
436.000000 216.000000 0.364244 -0.075361
438.000000 216.000000 0.370524 -0.075361
474.000000 216.000000 0.483566 -0.075361
577.000000 216.000000 0.806990 -0.075361
597.000000 216.000000 0.869790 -0.075361
618.000000 216.000000 0.935731 -0.075361
262.000000 217.000000 -0.182122 -0.072221
294.000000 217.000000 -0.081641 -0.072221
370.000000 217.000000 0.157002 -0.072221
433.000000 217.000000 0.354824 -0.072221
470.000000 217.000000 0.471006 -0.072221
572.000000 217.000000 0.791289 -0.072221
205.000000 218.000000 -0.361104 -0.069081
247.000000 218.000000 -0.229223 -0.069081
323.000000 218.000000 0.009420 -0.069081
338.000000 218.000000 0.056521 -0.069081
364.000000 218.000000 0.138162 -0.069081
413.000000 218.000000 0.292023 -0.069081
424.000000 218.000000 0.326564 -0.069081
465.000000 218.000000 0.455305 -0.069081
594.000000 218.000000 0.860370 -0.069081
626.000000 218.000000 0.960851 -0.069081
244.000000 219.000000 -0.238643 -0.065941
251.000000 219.000000 -0.216663 -0.065941
325.000000 219.000000 0.015700 -0.065941
359.000000 219.000000 0.122461 -0.065941
383.000000 219.000000 0.197822 -0.065941
388.000000 219.000000 0.213523 -0.065941
419.000000 219.000000 0.310864 -0.065941
556.000000 219.000000 0.741049 -0.065941
194.000000 220.000000 -0.395645 -0.062801
233.000000 220.000000 -0.273183 -0.062801
274.000000 220.000000 -0.144442 -0.062801
281.000000 220.000000 -0.122461 -0.062801
295.000000 220.000000 -0.078501 -0.062801
323.000000 220.000000 0.009420 -0.062801
354.000000 220.000000 0.106761 -0.062801
386.000000 220.000000 0.207242 -0.062801
415.000000 220.000000 0.298304 -0.062801
422.000000 220.000000 0.320284 -0.062801
501.000000 220.000000 0.568347 -0.062801
559.000000 220.000000 0.750469 -0.062801
253.000000 221.000000 -0.210382 -0.059661
332.000000 221.000000 0.037680 -0.059661
576.000000 221.000000 0.803850 -0.059661
196.000000 222.000000 -0.389365 -0.056521
202.000000 222.000000 -0.370524 -0.056521
205.000000 222.000000 -0.361104 -0.056521
228.000000 222.000000 -0.288883 -0.056521
283.000000 222.000000 -0.116181 -0.056521
294.000000 222.000000 -0.081641 -0.056521
412.000000 222.000000 0.288883 -0.056521
213.000000 223.000000 -0.335984 -0.053381
239.000000 223.000000 -0.254343 -0.053381
291.000000 223.000000 -0.091061 -0.053381
311.000000 223.000000 -0.028260 -0.053381
324.000000 223.000000 0.012560 -0.053381
326.000000 223.000000 0.018840 -0.053381
433.000000 223.000000 0.354824 -0.053381
464.000000 223.000000 0.452165 -0.053381
545.000000 223.000000 0.706508 -0.053381
575.000000 223.000000 0.800709 -0.053381
216.000000 224.000000 -0.326564 -0.050241
258.000000 224.000000 -0.194682 -0.050241
386.000000 224.000000 0.207242 -0.050241
461.000000 224.000000 0.442745 -0.050241
567.000000 224.000000 0.775589 -0.050241
570.000000 224.000000 0.785009 -0.050241
214.000000 225.000000 -0.332844 -0.047101
276.000000 225.000000 -0.138162 -0.047101
281.000000 225.000000 -0.122461 -0.047101
295.000000 225.000000 -0.078501 -0.047101
299.000000 225.000000 -0.065941 -0.047101
302.000000 225.000000 -0.056521 -0.047101
413.000000 225.000000 0.292023 -0.047101
456.000000 225.000000 0.427045 -0.047101
533.000000 225.000000 0.668828 -0.047101
536.000000 225.000000 0.678248 -0.047101
563.000000 225.000000 0.763029 -0.047101
594.000000 225.000000 0.860370 -0.047101
255.000000 226.000000 -0.204102 -0.043961
297.000000 226.000000 -0.072221 -0.043961
332.000000 226.000000 0.037680 -0.043961
370.000000 226.000000 0.157002 -0.043961
531.000000 226.000000 0.662548 -0.043961
554.000000 226.000000 0.734769 -0.043961
610.000000 226.000000 0.910611 -0.043961
223.000000 227.000000 -0.304584 -0.040820
299.000000 227.000000 -0.065941 -0.040820
316.000000 227.000000 -0.012560 -0.040820
413.000000 227.000000 0.292023 -0.040820
450.000000 227.000000 0.408205 -0.040820
502.000000 227.000000 0.571487 -0.040820
556.000000 227.000000 0.741049 -0.040820
603.000000 227.000000 0.888631 -0.040820
213.000000 228.000000 -0.335984 -0.037680
262.000000 228.000000 -0.182122 -0.037680
288.000000 228.000000 -0.100481 -0.037680
303.000000 228.000000 -0.053381 -0.037680
323.000000 228.000000 0.009420 -0.037680
327.000000 228.000000 0.021980 -0.037680
418.000000 228.000000 0.307724 -0.037680
434.000000 228.000000 0.357964 -0.037680
440.000000 228.000000 0.376804 -0.037680
596.000000 228.000000 0.866650 -0.037680
388.000000 229.000000 0.213523 -0.034540
416.000000 229.000000 0.301444 -0.034540
275.000000 230.000000 -0.141302 -0.031400
287.000000 230.000000 -0.103621 -0.031400
298.000000 230.000000 -0.069081 -0.031400
316.000000 230.000000 -0.012560 -0.031400
327.000000 230.000000 0.021980 -0.031400
336.000000 230.000000 0.050241 -0.031400
467.000000 230.000000 0.461585 -0.031400
215.000000 231.000000 -0.329704 -0.028260
217.000000 231.000000 -0.323424 -0.028260
253.000000 231.000000 -0.210382 -0.028260
257.000000 231.000000 -0.197822 -0.028260
281.000000 231.000000 -0.122461 -0.028260
294.000000 231.000000 -0.081641 -0.028260
427.000000 231.000000 0.335984 -0.028260
582.000000 231.000000 0.822690 -0.028260
224.000000 232.000000 -0.301444 -0.025120
265.000000 232.000000 -0.172702 -0.025120
277.000000 232.000000 -0.135022 -0.025120
289.000000 232.000000 -0.097341 -0.025120
503.000000 232.000000 0.574627 -0.025120
578.000000 232.000000 0.810130 -0.025120
271.000000 233.000000 -0.153862 -0.021980
292.000000 233.000000 -0.087921 -0.021980
414.000000 233.000000 0.295163 -0.021980
417.000000 233.000000 0.304584 -0.021980
435.000000 233.000000 0.361104 -0.021980
451.000000 233.000000 0.411345 -0.021980
584.000000 233.000000 0.828970 -0.021980
217.000000 234.000000 -0.323424 -0.018840
289.000000 234.000000 -0.097341 -0.018840
302.000000 234.000000 -0.056521 -0.018840
328.000000 234.000000 0.025120 -0.018840
554.000000 234.000000 0.734769 -0.018840
573.000000 234.000000 0.794429 -0.018840
196.000000 235.000000 -0.389365 -0.015700
277.000000 235.000000 -0.135022 -0.015700
283.000000 235.000000 -0.116181 -0.015700
319.000000 235.000000 -0.003140 -0.015700
350.000000 235.000000 0.094201 -0.015700
521.000000 235.000000 0.631147 -0.015700
286.000000 236.000000 -0.106761 -0.012560
297.000000 236.000000 -0.072221 -0.012560
304.000000 236.000000 -0.050241 -0.012560
417.000000 236.000000 0.304584 -0.012560
484.000000 236.000000 0.514966 -0.012560
225.000000 237.000000 -0.298304 -0.009420
250.000000 237.000000 -0.219803 -0.009420
273.000000 237.000000 -0.147582 -0.009420
293.000000 237.000000 -0.084781 -0.009420
295.000000 237.000000 -0.078501 -0.009420
480.000000 237.000000 0.502406 -0.009420
242.000000 238.000000 -0.244923 -0.006280
267.000000 238.000000 -0.166422 -0.006280
513.000000 238.000000 0.606027 -0.006280
538.000000 238.000000 0.684528 -0.006280
566.000000 238.000000 0.772449 -0.006280
262.000000 239.000000 -0.182122 -0.003140
271.000000 239.000000 -0.153862 -0.003140
287.000000 239.000000 -0.103621 -0.003140
415.000000 239.000000 0.298304 -0.003140
436.000000 239.000000 0.364244 -0.003140
230.000000 240.000000 -0.282603 0.000000
234.000000 240.000000 -0.270043 0.000000
239.000000 240.000000 -0.254343 0.000000
247.000000 240.000000 -0.229223 0.000000
251.000000 240.000000 -0.216663 0.000000
257.000000 240.000000 -0.197822 0.000000
393.000000 240.000000 0.229223 0.000000
456.000000 240.000000 0.427045 0.000000
217.000000 241.000000 -0.323424 0.003140
219.000000 241.000000 -0.317144 0.003140
221.000000 241.000000 -0.310864 0.003140
224.000000 241.000000 -0.301444 0.003140
226.000000 241.000000 -0.295163 0.003140
389.000000 241.000000 0.216663 0.003140
420.000000 241.000000 0.314004 0.003140
211.000000 242.000000 -0.342264 0.006280
240.000000 242.000000 -0.251203 0.006280
294.000000 242.000000 -0.081641 0.006280
418.000000 242.000000 0.307724 0.006280
460.000000 242.000000 0.439605 0.006280
223.000000 243.000000 -0.304584 0.009420
250.000000 243.000000 -0.219803 0.009420
306.000000 243.000000 -0.043961 0.009420
325.000000 243.000000 0.015700 0.009420
452.000000 243.000000 0.414485 0.009420
454.000000 243.000000 0.420765 0.009420
243.000000 244.000000 -0.241783 0.012560
273.000000 244.000000 -0.147582 0.012560
276.000000 244.000000 -0.138162 0.012560
281.000000 244.000000 -0.122461 0.012560
389.000000 244.000000 0.216663 0.012560
416.000000 244.000000 0.301444 0.012560
446.000000 244.000000 0.395645 0.012560
448.000000 244.000000 0.401925 0.012560
514.000000 244.000000 0.609167 0.012560
271.000000 245.000000 -0.153862 0.015700
295.000000 245.000000 -0.078501 0.015700
391.000000 245.000000 0.222943 0.015700
440.000000 245.000000 0.376804 0.015700
442.000000 245.000000 0.383085 0.015700
505.000000 245.000000 0.580907 0.015700
139.000000 246.000000 -0.568347 0.018840
218.000000 246.000000 -0.320284 0.018840
220.000000 246.000000 -0.314004 0.018840
223.000000 246.000000 -0.304584 0.018840
227.000000 246.000000 -0.292023 0.018840
237.000000 246.000000 -0.260623 0.018840
437.000000 246.000000 0.367384 0.018840
636.000000 246.000000 0.992252 0.018840
131.000000 247.000000 -0.593467 0.021980
232.000000 247.000000 -0.276323 0.021980
248.000000 247.000000 -0.226083 0.021980
269.000000 247.000000 -0.160142 0.021980
391.000000 247.000000 0.222943 0.021980
420.000000 247.000000 0.314004 0.021980
125.000000 248.000000 -0.612307 0.025120
503.000000 248.000000 0.574627 0.025120
506.000000 248.000000 0.584047 0.025120
627.000000 248.000000 0.963991 0.025120
121.000000 249.000000 -0.624867 0.028260
131.000000 249.000000 -0.593467 0.028260
234.000000 249.000000 -0.270043 0.028260
243.000000 249.000000 -0.241783 0.028260
250.000000 249.000000 -0.219803 0.028260
393.000000 249.000000 0.229223 0.028260
140.000000 250.000000 -0.565207 0.031400
206.000000 250.000000 -0.357964 0.031400
228.000000 250.000000 -0.288883 0.031400
336.000000 250.000000 0.050241 0.031400
417.000000 250.000000 0.304584 0.031400
469.000000 250.000000 0.467866 0.031400
617.000000 250.000000 0.932591 0.031400
621.000000 250.000000 0.945151 0.031400
105.000000 251.000000 -0.675108 0.034540
110.000000 251.000000 -0.659408 0.034540
208.000000 251.000000 -0.351684 0.034540
489.000000 251.000000 0.530666 0.034540
491.000000 251.000000 0.536946 0.034540
612.000000 251.000000 0.916891 0.034540
186.000000 252.000000 -0.420765 0.037680
261.000000 252.000000 -0.185262 0.037680
270.000000 252.000000 -0.157002 0.037680
321.000000 252.000000 0.003140 0.037680
338.000000 252.000000 0.056521 0.037680
454.000000 252.000000 0.420765 0.037680
486.000000 252.000000 0.521246 0.037680
493.000000 252.000000 0.543226 0.037680
107.000000 253.000000 -0.668828 0.040820
140.000000 253.000000 -0.565207 0.040820
259.000000 253.000000 -0.191542 0.040820
296.000000 253.000000 -0.075361 0.040820
308.000000 253.000000 -0.037680 0.040820
366.000000 253.000000 0.144442 0.040820
392.000000 253.000000 0.226083 0.040820
439.000000 253.000000 0.373664 0.040820
451.000000 253.000000 0.411345 0.040820
488.000000 253.000000 0.527526 0.040820
491.000000 253.000000 0.536946 0.040820
215.000000 254.000000 -0.329704 0.043961
221.000000 254.000000 -0.310864 0.043961
479.000000 254.000000 0.499266 0.043961
170.000000 255.000000 -0.471006 0.047101
209.000000 255.000000 -0.348544 0.047101
244.000000 255.000000 -0.238643 0.047101
396.000000 255.000000 0.238643 0.047101
443.000000 255.000000 0.386225 0.047101
106.000000 256.000000 -0.671968 0.050241
164.000000 256.000000 -0.489846 0.050241
221.000000 256.000000 -0.310864 0.050241
229.000000 256.000000 -0.285743 0.050241
418.000000 256.000000 0.307724 0.050241
422.000000 256.000000 0.320284 0.050241
470.000000 256.000000 0.471006 0.050241
159.000000 257.000000 -0.505546 0.053381
466.000000 257.000000 0.458445 0.053381
479.000000 257.000000 0.499266 0.053381
108.000000 258.000000 -0.665688 0.056521
111.000000 258.000000 -0.656268 0.056521
154.000000 258.000000 -0.521246 0.056521
207.000000 258.000000 -0.354824 0.056521
290.000000 258.000000 -0.094201 0.056521
297.000000 258.000000 -0.072221 0.056521
415.000000 258.000000 0.298304 0.056521
434.000000 258.000000 0.357964 0.056521
577.000000 258.000000 0.806990 0.056521
25.000000 259.000000 -0.926311 0.059661
346.000000 259.000000 0.081641 0.059661
352.000000 259.000000 0.100481 0.059661
379.000000 259.000000 0.185262 0.059661
395.000000 259.000000 0.235503 0.059661
439.000000 259.000000 0.373664 0.059661
584.000000 259.000000 0.828970 0.059661
15.000000 260.000000 -0.957711 0.062801
18.000000 260.000000 -0.948291 0.062801
152.000000 260.000000 -0.527526 0.062801
222.000000 260.000000 -0.307724 0.062801
244.000000 260.000000 -0.238643 0.062801
328.000000 260.000000 0.025120 0.062801
419.000000 260.000000 0.310864 0.062801
423.000000 260.000000 0.323424 0.062801
6.000000 261.000000 -0.985972 0.065941
8.000000 261.000000 -0.979692 0.065941
215.000000 261.000000 -0.329704 0.065941
238.000000 261.000000 -0.257483 0.065941
413.000000 261.000000 0.292023 0.065941
439.000000 261.000000 0.373664 0.065941
208.000000 262.000000 -0.351684 0.069081
394.000000 262.000000 0.232363 0.069081
450.000000 262.000000 0.408205 0.069081
456.000000 262.000000 0.427045 0.069081
572.000000 262.000000 0.791289 0.069081
143.000000 263.000000 -0.555787 0.072221
152.000000 263.000000 -0.527526 0.072221
269.000000 263.000000 -0.160142 0.072221
340.000000 263.000000 0.062801 0.072221
443.000000 263.000000 0.386225 0.072221
140.000000 264.000000 -0.565207 0.075361
211.000000 264.000000 -0.342264 0.075361
215.000000 264.000000 -0.329704 0.075361
209.000000 265.000000 -0.348544 0.078501
223.000000 265.000000 -0.304584 0.078501
422.000000 265.000000 0.320284 0.078501
244.000000 266.000000 -0.238643 0.081641
321.000000 266.000000 0.003140 0.081641
328.000000 266.000000 0.025120 0.081641
349.000000 266.000000 0.091061 0.081641
355.000000 266.000000 0.109901 0.081641
420.000000 266.000000 0.314004 0.081641
424.000000 266.000000 0.326564 0.081641
624.000000 266.000000 0.954571 0.081641
30.000000 267.000000 -0.910611 0.084781
110.000000 267.000000 -0.659408 0.084781
216.000000 267.000000 -0.326564 0.084781
246.000000 267.000000 -0.232363 0.084781
283.000000 267.000000 -0.116181 0.084781
396.000000 267.000000 0.238643 0.084781
112.000000 268.000000 -0.653128 0.087921
241.000000 268.000000 -0.248063 0.087921
279.000000 268.000000 -0.128742 0.087921
325.000000 268.000000 0.015700 0.087921
337.000000 268.000000 0.053381 0.087921
392.000000 268.000000 0.226083 0.087921
417.000000 268.000000 0.304584 0.087921
421.000000 268.000000 0.317144 0.087921
21.000000 269.000000 -0.938871 0.091061
209.000000 269.000000 -0.348544 0.091061
273.000000 269.000000 -0.147582 0.091061
355.000000 269.000000 0.109901 0.091061
387.000000 269.000000 0.210382 0.091061
541.000000 269.000000 0.693948 0.091061
14.000000 270.000000 -0.960851 0.094201
217.000000 270.000000 -0.323424 0.094201
268.000000 270.000000 -0.163282 0.094201
299.000000 270.000000 -0.065941 0.094201
310.000000 270.000000 -0.031400 0.094201
383.000000 270.000000 0.197822 0.094201
398.000000 270.000000 0.244923 0.094201
537.000000 270.000000 0.681388 0.094201
8.000000 271.000000 -0.979692 0.097341
224.000000 271.000000 -0.301444 0.097341
379.000000 271.000000 0.185262 0.097341
534.000000 271.000000 0.671968 0.097341
3.000000 272.000000 -0.995392 0.100481
101.000000 272.000000 -0.687668 0.100481
120.000000 272.000000 -0.628007 0.100481
374.000000 272.000000 0.169562 0.100481
404.000000 272.000000 0.263763 0.100481
530.000000 272.000000 0.659408 0.100481
621.000000 272.000000 0.945151 0.100481
95.000000 273.000000 -0.706508 0.103621
111.000000 273.000000 -0.656268 0.103621
332.000000 273.000000 0.037680 0.103621
399.000000 273.000000 0.248063 0.103621
525.000000 273.000000 0.643708 0.103621
93.000000 274.000000 -0.712788 0.106761
104.000000 274.000000 -0.678248 0.106761
108.000000 274.000000 -0.665688 0.106761
231.000000 274.000000 -0.279463 0.106761
329.000000 274.000000 0.028260 0.106761
506.000000 274.000000 0.584047 0.106761
521.000000 274.000000 0.631147 0.106761
88.000000 275.000000 -0.728489 0.109901
112.000000 275.000000 -0.653128 0.109901
317.000000 275.000000 -0.009420 0.109901
360.000000 275.000000 0.125601 0.109901
362.000000 275.000000 0.131882 0.109901
372.000000 275.000000 0.163282 0.109901
397.000000 275.000000 0.241783 0.109901
517.000000 275.000000 0.618587 0.109901
84.000000 276.000000 -0.741049 0.113041
100.000000 276.000000 -0.690808 0.113041
392.000000 276.000000 0.226083 0.113041
513.000000 276.000000 0.606027 0.113041
515.000000 276.000000 0.612307 0.113041
94.000000 277.000000 -0.709648 0.116181
249.000000 277.000000 -0.222943 0.116181
266.000000 277.000000 -0.169562 0.116181
509.000000 277.000000 0.593467 0.116181
75.000000 278.000000 -0.769309 0.119321
92.000000 278.000000 -0.715928 0.119321
119.000000 278.000000 -0.631147 0.119321
232.000000 278.000000 -0.276323 0.119321
497.000000 278.000000 0.555787 0.119321
505.000000 278.000000 0.580907 0.119321
621.000000 278.000000 0.945151 0.119321
88.000000 279.000000 -0.728489 0.122461
350.000000 279.000000 0.094201 0.122461
493.000000 279.000000 0.543226 0.122461
515.000000 279.000000 0.612307 0.122461
268.000000 280.000000 -0.163282 0.125601
331.000000 280.000000 0.034540 0.125601
333.000000 280.000000 0.040820 0.125601
497.000000 280.000000 0.555787 0.125601
61.000000 281.000000 -0.813270 0.128742
79.000000 281.000000 -0.756749 0.128742
343.000000 281.000000 0.072221 0.128742
525.000000 281.000000 0.643708 0.128742
49.000000 282.000000 -0.850950 0.131882
57.000000 282.000000 -0.825830 0.131882
489.000000 282.000000 0.530666 0.131882
491.000000 282.000000 0.536946 0.131882
52.000000 283.000000 -0.841530 0.135022
72.000000 283.000000 -0.778729 0.135022
74.000000 283.000000 -0.772449 0.135022
76.000000 283.000000 -0.766169 0.135022
120.000000 283.000000 -0.628007 0.135022
142.000000 283.000000 -0.558927 0.135022
260.000000 283.000000 -0.188402 0.135022
487.000000 283.000000 0.524386 0.135022
215.000000 284.000000 -0.329704 0.138162
244.000000 284.000000 -0.238643 0.138162
466.000000 284.000000 0.458445 0.138162
482.000000 284.000000 0.508686 0.138162
43.000000 285.000000 -0.869790 0.141302
65.000000 285.000000 -0.800709 0.141302
251.000000 285.000000 -0.216663 0.141302
269.000000 285.000000 -0.160142 0.141302
302.000000 285.000000 -0.056521 0.141302
477.000000 285.000000 0.492986 0.141302
479.000000 285.000000 0.499266 0.141302
571.000000 285.000000 0.788149 0.141302
59.000000 286.000000 -0.819550 0.144442
61.000000 286.000000 -0.813270 0.144442
246.000000 286.000000 -0.232363 0.144442
266.000000 286.000000 -0.169562 0.144442
459.000000 286.000000 0.436465 0.144442
473.000000 286.000000 0.480426 0.144442
598.000000 286.000000 0.872930 0.144442
38.000000 287.000000 -0.885490 0.147582
115.000000 287.000000 -0.643708 0.147582
154.000000 287.000000 -0.521246 0.147582
55.000000 288.000000 -0.832110 0.150722
57.000000 288.000000 -0.825830 0.150722
121.000000 288.000000 -0.624867 0.150722
311.000000 288.000000 -0.028260 0.150722
30.000000 289.000000 -0.910611 0.153862
272.000000 289.000000 -0.150722 0.153862
334.000000 289.000000 0.043961 0.153862
346.000000 289.000000 0.081641 0.153862
350.000000 289.000000 0.094201 0.153862
446.000000 289.000000 0.395645 0.153862
449.000000 289.000000 0.405065 0.153862
462.000000 289.000000 0.445885 0.153862
192.000000 290.000000 -0.401925 0.157002
261.000000 290.000000 -0.185262 0.157002
308.000000 290.000000 -0.037680 0.157002
348.000000 290.000000 0.087921 0.157002
242.000000 291.000000 -0.244923 0.160142
276.000000 291.000000 -0.138162 0.160142
444.000000 291.000000 0.389365 0.160142
455.000000 291.000000 0.423905 0.160142
39.000000 292.000000 -0.882350 0.163282
186.000000 292.000000 -0.420765 0.163282
268.000000 292.000000 -0.163282 0.163282
434.000000 292.000000 0.357964 0.163282
449.000000 292.000000 0.405065 0.163282
587.000000 292.000000 0.838390 0.163282
122.000000 293.000000 -0.621727 0.166422
235.000000 293.000000 -0.266903 0.166422
294.000000 293.000000 -0.081641 0.166422
593.000000 293.000000 0.857230 0.166422
32.000000 294.000000 -0.904331 0.169562
120.000000 294.000000 -0.628007 0.169562
214.000000 294.000000 -0.332844 0.169562
285.000000 294.000000 -0.109901 0.169562
291.000000 294.000000 -0.091061 0.169562
348.000000 294.000000 0.087921 0.169562
443.000000 294.000000 0.386225 0.169562
598.000000 294.000000 0.872930 0.169562
229.000000 295.000000 -0.285743 0.172702
330.000000 295.000000 0.031400 0.172702
439.000000 295.000000 0.373664 0.172702
294.000000 296.000000 -0.081641 0.175842
304.000000 296.000000 -0.050241 0.175842
609.000000 296.000000 0.907471 0.175842
160.000000 297.000000 -0.502406 0.178982
230.000000 297.000000 -0.282603 0.178982
302.000000 297.000000 -0.056521 0.178982
615.000000 297.000000 0.926311 0.178982
123.000000 298.000000 -0.618587 0.182122
271.000000 298.000000 -0.153862 0.182122
287.000000 298.000000 -0.103621 0.182122
305.000000 298.000000 -0.047101 0.182122
620.000000 298.000000 0.942011 0.182122
212.000000 299.000000 -0.339124 0.185262
408.000000 299.000000 0.276323 0.185262
423.000000 299.000000 0.323424 0.185262
626.000000 299.000000 0.960851 0.185262
299.000000 300.000000 -0.065941 0.188402
631.000000 300.000000 0.976552 0.188402
156.000000 301.000000 -0.514966 0.191542
286.000000 301.000000 -0.106761 0.191542
297.000000 301.000000 -0.072221 0.191542
415.000000 301.000000 0.298304 0.191542
636.000000 301.000000 0.992252 0.191542
124.000000 302.000000 -0.615447 0.194682
151.000000 302.000000 -0.530666 0.194682
261.000000 302.000000 -0.185262 0.194682
281.000000 302.000000 -0.122461 0.194682
347.000000 302.000000 0.084781 0.194682
410.000000 302.000000 0.282603 0.194682
99.000000 303.000000 -0.693948 0.197822
231.000000 303.000000 -0.279463 0.197822
259.000000 303.000000 -0.191542 0.197822
265.000000 303.000000 -0.172702 0.197822
332.000000 303.000000 0.037680 0.197822
406.000000 303.000000 0.270043 0.197822
272.000000 304.000000 -0.150722 0.200962
400.000000 304.000000 0.251203 0.200962
237.000000 306.000000 -0.260623 0.207242
353.000000 306.000000 0.103621 0.207242
148.000000 307.000000 -0.540086 0.210382
259.000000 307.000000 -0.191542 0.210382
262.000000 307.000000 -0.182122 0.210382
174.000000 308.000000 -0.458445 0.213523
195.000000 308.000000 -0.392505 0.213523
375.000000 308.000000 0.172702 0.213523
123.000000 309.000000 -0.618587 0.216663
217.000000 309.000000 -0.323424 0.216663
262.000000 309.000000 -0.182122 0.216663
160.000000 310.000000 -0.502406 0.219803
175.000000 310.000000 -0.455305 0.219803
210.000000 310.000000 -0.345404 0.219803
302.000000 310.000000 -0.056521 0.219803
321.000000 310.000000 0.003140 0.219803
373.000000 310.000000 0.166422 0.219803
297.000000 311.000000 -0.072221 0.222943
319.000000 311.000000 -0.003140 0.222943
368.000000 311.000000 0.150722 0.222943
126.000000 312.000000 -0.609167 0.226083
192.000000 313.000000 -0.401925 0.229223
125.000000 314.000000 -0.612307 0.232363
210.000000 314.000000 -0.345404 0.232363
373.000000 314.000000 0.166422 0.232363
163.000000 315.000000 -0.492986 0.235503
224.000000 315.000000 -0.301444 0.235503
229.000000 315.000000 -0.285743 0.235503
377.000000 316.000000 0.178982 0.238643
127.000000 317.000000 -0.606027 0.241783
379.000000 317.000000 0.185262 0.241783
209.000000 318.000000 -0.348544 0.244923
289.000000 318.000000 -0.097341 0.244923
381.000000 318.000000 0.191542 0.244923
222.000000 319.000000 -0.307724 0.248063
227.000000 319.000000 -0.292023 0.248063
265.000000 319.000000 -0.172702 0.248063
210.000000 320.000000 -0.345404 0.251203
233.000000 320.000000 -0.273183 0.251203
384.000000 320.000000 0.200962 0.251203
155.000000 321.000000 -0.518106 0.254343
221.000000 321.000000 -0.310864 0.254343
274.000000 321.000000 -0.144442 0.254343
386.000000 321.000000 0.207242 0.254343
130.000000 322.000000 -0.596607 0.257483
388.000000 322.000000 0.213523 0.257483
110.000000 323.000000 -0.659408 0.260623
157.000000 323.000000 -0.511826 0.260623
113.000000 324.000000 -0.649988 0.263763
120.000000 324.000000 -0.628007 0.263763
606.000000 324.000000 0.898051 0.263763
110.000000 325.000000 -0.659408 0.266903
204.000000 325.000000 -0.364244 0.266903
125.000000 326.000000 -0.612307 0.270043
133.000000 326.000000 -0.587187 0.270043
202.000000 326.000000 -0.370524 0.270043
212.000000 326.000000 -0.339124 0.270043
8.000000 327.000000 -0.979692 0.273183
142.000000 327.000000 -0.558927 0.273183
190.000000 327.000000 -0.408205 0.273183
252.000000 327.000000 -0.213523 0.273183
266.000000 327.000000 -0.169562 0.273183
122.000000 328.000000 -0.621727 0.276323
203.000000 328.000000 -0.367384 0.276323
228.000000 328.000000 -0.288883 0.276323
241.000000 328.000000 -0.248063 0.276323
224.000000 329.000000 -0.301444 0.279463
632.000000 330.000000 0.979692 0.282603
3.000000 331.000000 -0.995392 0.285743
114.000000 331.000000 -0.646848 0.285743
248.000000 332.000000 -0.226083 0.288883
3.000000 333.000000 -0.995392 0.292023
115.000000 333.000000 -0.643708 0.292023
125.000000 333.000000 -0.612307 0.292023
156.000000 333.000000 -0.514966 0.292023
183.000000 333.000000 -0.430185 0.292023
186.000000 333.000000 -0.420765 0.292023
112.000000 335.000000 -0.653128 0.298304
113.000000 337.000000 -0.649988 0.304584
226.000000 337.000000 -0.295163 0.304584
374.000000 337.000000 0.169562 0.304584
535.000000 337.000000 0.675108 0.304584
5.000000 338.000000 -0.989112 0.307724
603.000000 338.000000 0.888631 0.307724
568.000000 340.000000 0.778729 0.314004
113.000000 341.000000 -0.649988 0.317144
228.000000 341.000000 -0.288883 0.317144
5.000000 342.000000 -0.989112 0.320284
225.000000 342.000000 -0.298304 0.320284
590.000000 342.000000 0.847810 0.320284
109.000000 343.000000 -0.662548 0.323424
101.000000 344.000000 -0.687668 0.326564
162.000000 344.000000 -0.496126 0.326564
3.000000 345.000000 -0.995392 0.329704
108.000000 345.000000 -0.665688 0.329704
225.000000 345.000000 -0.298304 0.329704
228.000000 345.000000 -0.288883 0.329704
116.000000 347.000000 -0.640568 0.335984
332.000000 348.000000 0.037680 0.339124
570.000000 348.000000 0.785009 0.339124
116.000000 350.000000 -0.640568 0.345404
221.000000 352.000000 -0.310864 0.351684
557.000000 352.000000 0.744189 0.351684
90.000000 353.000000 -0.722209 0.354824
118.000000 353.000000 -0.634288 0.354824
14.000000 355.000000 -0.960851 0.361104
547.000000 355.000000 0.712788 0.361104
105.000000 356.000000 -0.675108 0.364244
114.000000 356.000000 -0.646848 0.364244
220.000000 356.000000 -0.314004 0.364244
499.000000 356.000000 0.562067 0.364244
522.000000 356.000000 0.634288 0.364244
211.000000 358.000000 -0.342264 0.370524
537.000000 358.000000 0.681388 0.370524
105.000000 359.000000 -0.675108 0.373664
80.000000 360.000000 -0.753609 0.376804
203.000000 360.000000 -0.367384 0.376804
530.000000 360.000000 0.659408 0.376804
108.000000 361.000000 -0.665688 0.379945
94.000000 363.000000 -0.709648 0.386225
522.000000 363.000000 0.634288 0.386225
520.000000 364.000000 0.628007 0.389365
17.000000 366.000000 -0.951431 0.395645
215.000000 366.000000 -0.329704 0.395645
517.000000 366.000000 0.618587 0.395645
201.000000 368.000000 -0.373664 0.401925
215.000000 368.000000 -0.329704 0.401925
18.000000 370.000000 -0.948291 0.408205
95.000000 370.000000 -0.706508 0.408205
270.000000 370.000000 -0.157002 0.408205
213.000000 371.000000 -0.335984 0.411345
248.000000 371.000000 -0.226083 0.411345
310.000000 371.000000 -0.031400 0.411345
83.000000 372.000000 -0.744189 0.414485
62.000000 373.000000 -0.810130 0.417625
13.000000 374.000000 -0.963991 0.420765
310.000000 374.000000 -0.031400 0.420765
211.000000 375.000000 -0.342264 0.423905
52.000000 377.000000 -0.841530 0.430185
221.000000 378.000000 -0.310864 0.433325
335.000000 378.000000 0.047101 0.433325
4.000000 379.000000 -0.992252 0.436465
51.000000 381.000000 -0.844670 0.442745
55.000000 381.000000 -0.832110 0.442745
15.000000 382.000000 -0.957711 0.445885
5.000000 383.000000 -0.989112 0.449025
330.000000 383.000000 0.031400 0.449025
81.000000 384.000000 -0.750469 0.452165
54.000000 385.000000 -0.835250 0.455305
77.000000 385.000000 -0.763029 0.455305
5.000000 386.000000 -0.989112 0.458445
491.000000 386.000000 0.536946 0.458445
205.000000 387.000000 -0.361104 0.461585
492.000000 388.000000 0.540086 0.464725
193.000000 390.000000 -0.398785 0.471006
492.000000 390.000000 0.540086 0.471006
204.000000 391.000000 -0.364244 0.474146
9.000000 392.000000 -0.976552 0.477286
211.000000 392.000000 -0.342264 0.477286
56.000000 393.000000 -0.828970 0.480426
369.000000 393.000000 0.153862 0.480426
7.000000 394.000000 -0.982832 0.483566
205.000000 395.000000 -0.361104 0.486706
496.000000 396.000000 0.552647 0.489846
206.000000 397.000000 -0.357964 0.492986
215.000000 398.000000 -0.329704 0.496126
348.000000 398.000000 0.087921 0.496126
497.000000 398.000000 0.555787 0.496126
203.000000 399.000000 -0.367384 0.499266
4.000000 400.000000 -0.992252 0.502406
18.000000 400.000000 -0.948291 0.502406
209.000000 400.000000 -0.348544 0.502406
203.000000 401.000000 -0.367384 0.505546
457.000000 401.000000 0.430185 0.505546
6.000000 402.000000 -0.985972 0.508686
57.000000 402.000000 -0.825830 0.508686
59.000000 402.000000 -0.819550 0.508686
207.000000 402.000000 -0.354824 0.508686
310.000000 402.000000 -0.031400 0.508686
500.000000 402.000000 0.565207 0.508686
524.000000 402.000000 0.640568 0.508686
582.000000 402.000000 0.822690 0.508686
322.000000 403.000000 0.006280 0.511826
211.000000 404.000000 -0.342264 0.514966
207.000000 405.000000 -0.354824 0.518106
225.000000 405.000000 -0.298304 0.518106
462.000000 405.000000 0.445885 0.518106
517.000000 406.000000 0.618587 0.521246
204.000000 407.000000 -0.364244 0.524386
325.000000 407.000000 0.015700 0.524386
510.000000 408.000000 0.596607 0.527526
210.000000 409.000000 -0.345404 0.530666
513.000000 409.000000 0.606027 0.530666
517.000000 409.000000 0.618587 0.530666
445.000000 412.000000 0.392505 0.540086
3.000000 413.000000 -0.995392 0.543226
201.000000 413.000000 -0.373664 0.543226
211.000000 413.000000 -0.342264 0.543226
476.000000 413.000000 0.489846 0.543226
479.000000 413.000000 0.499266 0.543226
605.000000 414.000000 0.894911 0.546366
198.000000 416.000000 -0.383085 0.552647
249.000000 417.000000 -0.222943 0.555787
253.000000 417.000000 -0.210382 0.555787
483.000000 418.000000 0.511826 0.558927
554.000000 418.000000 0.734769 0.558927
208.000000 419.000000 -0.351684 0.562067
253.000000 419.000000 -0.210382 0.562067
513.000000 419.000000 0.606027 0.562067
26.000000 420.000000 -0.923171 0.565207
519.000000 421.000000 0.624867 0.568347
5.000000 422.000000 -0.989112 0.571487
26.000000 422.000000 -0.923171 0.571487
202.000000 422.000000 -0.370524 0.571487
206.000000 422.000000 -0.357964 0.571487
219.000000 424.000000 -0.317144 0.577767
282.000000 424.000000 -0.119321 0.577767
622.000000 424.000000 0.948291 0.577767
32.000000 425.000000 -0.904331 0.580907
9.000000 426.000000 -0.976552 0.584047
527.000000 426.000000 0.649988 0.584047
327.000000 427.000000 0.021980 0.587187
424.000000 427.000000 0.326564 0.587187
523.000000 427.000000 0.637428 0.587187
31.000000 428.000000 -0.907471 0.590327
198.000000 428.000000 -0.383085 0.590327
202.000000 428.000000 -0.370524 0.590327
208.000000 428.000000 -0.351684 0.590327
34.000000 429.000000 -0.898051 0.593467
142.000000 429.000000 -0.558927 0.593467
26.000000 430.000000 -0.923171 0.596607
208.000000 430.000000 -0.351684 0.596607
512.000000 430.000000 0.602887 0.596607
6.000000 431.000000 -0.985972 0.599747
109.000000 431.000000 -0.662548 0.599747
192.000000 431.000000 -0.401925 0.599747
200.000000 431.000000 -0.376804 0.599747
203.000000 431.000000 -0.367384 0.599747
31.000000 432.000000 -0.907471 0.602887
313.000000 432.000000 -0.021980 0.602887
475.000000 432.000000 0.486706 0.602887
199.000000 433.000000 -0.379945 0.606027
213.000000 433.000000 -0.335984 0.606027
506.000000 433.000000 0.584047 0.606027
7.000000 434.000000 -0.982832 0.609167
3.000000 435.000000 -0.995392 0.612307
9.000000 436.000000 -0.976552 0.615447
205.000000 436.000000 -0.361104 0.615447
479.000000 436.000000 0.499266 0.615447
190.000000 437.000000 -0.408205 0.618587
196.000000 437.000000 -0.389365 0.618587
207.000000 437.000000 -0.354824 0.618587
225.000000 437.000000 -0.298304 0.618587
14.000000 438.000000 -0.960851 0.621727
194.000000 438.000000 -0.395645 0.621727
503.000000 438.000000 0.574627 0.621727
181.000000 439.000000 -0.436465 0.624867
482.000000 439.000000 0.508686 0.624867
183.000000 440.000000 -0.430185 0.628007
187.000000 440.000000 -0.417625 0.628007
202.000000 440.000000 -0.370524 0.628007
3.000000 441.000000 -0.995392 0.631147
18.000000 441.000000 -0.948291 0.631147
170.000000 441.000000 -0.471006 0.631147
189.000000 441.000000 -0.411345 0.631147
486.000000 441.000000 0.521246 0.631147
208.000000 442.000000 -0.351684 0.634288
475.000000 442.000000 0.486706 0.634288
481.000000 442.000000 0.505546 0.634288
494.000000 442.000000 0.546366 0.634288
3.000000 443.000000 -0.995392 0.637428
12.000000 443.000000 -0.967131 0.637428
196.000000 443.000000 -0.389365 0.637428
101.000000 444.000000 -0.687668 0.640568
202.000000 444.000000 -0.370524 0.640568
206.000000 444.000000 -0.357964 0.640568
263.000000 444.000000 -0.178982 0.640568
376.000000 444.000000 0.175842 0.640568
491.000000 444.000000 0.536946 0.640568
496.000000 444.000000 0.552647 0.640568
501.000000 444.000000 0.568347 0.640568
317.000000 445.000000 -0.009420 0.643708
503.000000 445.000000 0.574627 0.643708
607.000000 445.000000 0.901191 0.643708
615.000000 445.000000 0.926311 0.643708
631.000000 445.000000 0.976552 0.643708
185.000000 446.000000 -0.423905 0.646848
480.000000 446.000000 0.502406 0.646848
484.000000 446.000000 0.514966 0.646848
500.000000 446.000000 0.565207 0.646848
507.000000 446.000000 0.587187 0.646848
554.000000 446.000000 0.734769 0.646848
161.000000 447.000000 -0.499266 0.649988
4.000000 448.000000 -0.992252 0.653128
196.000000 448.000000 -0.389365 0.653128
245.000000 448.000000 -0.235503 0.653128
319.000000 448.000000 -0.003140 0.653128
136.000000 449.000000 -0.577767 0.656268
204.000000 449.000000 -0.364244 0.656268
475.000000 449.000000 0.486706 0.656268
478.000000 449.000000 0.496126 0.656268
505.000000 449.000000 0.580907 0.656268
511.000000 449.000000 0.599747 0.656268
555.000000 449.000000 0.737909 0.656268
199.000000 450.000000 -0.379945 0.659408
201.000000 450.000000 -0.373664 0.659408
470.000000 450.000000 0.471006 0.659408
98.000000 451.000000 -0.697088 0.662548
135.000000 451.000000 -0.580907 0.662548
509.000000 451.000000 0.593467 0.662548
516.000000 451.000000 0.615447 0.662548
521.000000 451.000000 0.631147 0.662548
15.000000 452.000000 -0.957711 0.665688
195.000000 452.000000 -0.392505 0.665688
204.000000 452.000000 -0.364244 0.665688
320.000000 452.000000 -0.000000 0.665688
469.000000 452.000000 0.467866 0.665688
552.000000 452.000000 0.728489 0.665688
62.000000 453.000000 -0.810130 0.668828
502.000000 453.000000 0.571487 0.668828
509.000000 453.000000 0.593467 0.668828
524.000000 453.000000 0.640568 0.668828
199.000000 454.000000 -0.379945 0.671968
203.000000 454.000000 -0.367384 0.671968
323.000000 454.000000 0.009420 0.671968
479.000000 454.000000 0.499266 0.671968
495.000000 454.000000 0.549506 0.671968
534.000000 454.000000 0.671968 0.671968
196.000000 455.000000 -0.389365 0.675108
428.000000 455.000000 0.339124 0.675108
459.000000 455.000000 0.436465 0.675108
505.000000 455.000000 0.580907 0.675108
523.000000 455.000000 0.637428 0.675108
184.000000 456.000000 -0.427045 0.678248
189.000000 456.000000 -0.411345 0.678248
199.000000 456.000000 -0.379945 0.678248
201.000000 456.000000 -0.373664 0.678248
280.000000 456.000000 -0.125601 0.678248
296.000000 456.000000 -0.075361 0.678248
498.000000 456.000000 0.558927 0.678248
521.000000 456.000000 0.631147 0.678248
532.000000 456.000000 0.665688 0.678248
287.000000 457.000000 -0.103621 0.681388
431.000000 457.000000 0.348544 0.681388
467.000000 457.000000 0.461585 0.681388
541.000000 457.000000 0.693948 0.681388
567.000000 457.000000 0.775589 0.681388
345.000000 458.000000 0.078501 0.684528
450.000000 458.000000 0.408205 0.684528
498.000000 458.000000 0.558927 0.684528
539.000000 458.000000 0.687668 0.684528
182.000000 459.000000 -0.433325 0.687668
470.000000 459.000000 0.471006 0.687668
501.000000 459.000000 0.568347 0.687668
523.000000 459.000000 0.637428 0.687668
532.000000 459.000000 0.665688 0.687668
534.000000 459.000000 0.671968 0.687668
545.000000 459.000000 0.706508 0.687668
195.000000 460.000000 -0.392505 0.690808
197.000000 460.000000 -0.386225 0.690808
289.000000 460.000000 -0.097341 0.690808
384.000000 460.000000 0.200962 0.690808
421.000000 460.000000 0.317144 0.690808
460.000000 460.000000 0.439605 0.690808
473.000000 460.000000 0.480426 0.690808
527.000000 460.000000 0.649988 0.690808
200.000000 461.000000 -0.376804 0.693948
477.000000 461.000000 0.492986 0.693948
535.000000 461.000000 0.675108 0.693948
538.000000 461.000000 0.684528 0.693948
557.000000 462.000000 0.744189 0.697088
581.000000 462.000000 0.819550 0.697088
180.000000 463.000000 -0.439605 0.700228
297.000000 463.000000 -0.072221 0.700228
382.000000 463.000000 0.194682 0.700228
523.000000 463.000000 0.637428 0.700228
191.000000 464.000000 -0.405065 0.703368
200.000000 464.000000 -0.376804 0.703368
236.000000 464.000000 -0.263763 0.703368
241.000000 464.000000 -0.248063 0.703368
440.000000 464.000000 0.376804 0.703368
458.000000 464.000000 0.433325 0.703368
485.000000 464.000000 0.518106 0.703368
544.000000 464.000000 0.703368 0.703368
557.000000 464.000000 0.744189 0.703368
563.000000 464.000000 0.763029 0.703368
361.000000 465.000000 0.128742 0.706508
567.000000 465.000000 0.775589 0.706508
593.000000 465.000000 0.857230 0.706508
83.000000 466.000000 -0.744189 0.709648
88.000000 466.000000 -0.728489 0.709648
485.000000 466.000000 0.518106 0.709648
506.000000 466.000000 0.584047 0.709648
562.000000 466.000000 0.759889 0.709648
569.000000 466.000000 0.781869 0.709648
596.000000 466.000000 0.866650 0.709648
22.000000 467.000000 -0.935731 0.712788
153.000000 467.000000 -0.524386 0.712788
227.000000 467.000000 -0.292023 0.712788
458.000000 467.000000 0.433325 0.712788
523.000000 467.000000 0.637428 0.712788
539.000000 467.000000 0.687668 0.712788
564.000000 467.000000 0.766169 0.712788
598.000000 467.000000 0.872930 0.712788
292.000000 468.000000 -0.087921 0.715928
391.000000 468.000000 0.222943 0.715928
494.000000 468.000000 0.546366 0.715928
509.000000 468.000000 0.593467 0.715928
513.000000 468.000000 0.606027 0.715928
558.000000 468.000000 0.747329 0.715928
562.000000 468.000000 0.759889 0.715928
190.000000 469.000000 -0.408205 0.719069
250.000000 469.000000 -0.219803 0.719069
377.000000 469.000000 0.178982 0.719069
539.000000 469.000000 0.687668 0.719069
550.000000 469.000000 0.722209 0.719069
569.000000 469.000000 0.781869 0.719069
571.000000 469.000000 0.788149 0.719069
180.000000 470.000000 -0.439605 0.722209
184.000000 470.000000 -0.427045 0.722209
187.000000 470.000000 -0.417625 0.722209
223.000000 470.000000 -0.304584 0.722209
264.000000 470.000000 -0.175842 0.722209
287.000000 470.000000 -0.103621 0.722209
404.000000 470.000000 0.263763 0.722209
500.000000 470.000000 0.565207 0.722209
512.000000 470.000000 0.602887 0.722209
522.000000 470.000000 0.634288 0.722209
546.000000 471.000000 0.709648 0.725349
565.000000 471.000000 0.769309 0.725349
568.000000 471.000000 0.778729 0.725349
218.000000 472.000000 -0.320284 0.728489
283.000000 472.000000 -0.116181 0.728489
324.000000 472.000000 0.012560 0.728489
384.000000 472.000000 0.200962 0.728489
544.000000 472.000000 0.703368 0.728489
550.000000 472.000000 0.722209 0.728489
582.000000 472.000000 0.822690 0.728489
589.000000 472.000000 0.844670 0.728489
278.000000 473.000000 -0.131882 0.731629
280.000000 473.000000 -0.125601 0.731629
472.000000 473.000000 0.477286 0.731629
584.000000 473.000000 0.828970 0.731629
265.000000 474.000000 -0.172702 0.734769
423.000000 474.000000 0.323424 0.734769
505.000000 474.000000 0.580907 0.734769
517.000000 474.000000 0.618587 0.734769
522.000000 474.000000 0.634288 0.734769
592.000000 474.000000 0.854090 0.734769
150.000000 475.000000 -0.533806 0.737909
285.000000 475.000000 -0.109901 0.737909
365.000000 475.000000 0.141302 0.737909
408.000000 475.000000 0.276323 0.737909
567.000000 475.000000 0.775589 0.737909
587.000000 475.000000 0.838390 0.737909
590.000000 475.000000 0.847810 0.737909
198.000000 476.000000 -0.383085 0.741049
262.000000 476.000000 -0.182122 0.741049
280.000000 476.000000 -0.125601 0.741049
394.000000 476.000000 0.232363 0.741049
421.000000 476.000000 0.317144 0.741049
475.000000 476.000000 0.486706 0.741049
550.000000 476.000000 0.722209 0.741049
554.000000 476.000000 0.734769 0.741049
