480.000000 3.000000 0.502406 -0.744189
512.000000 3.000000 0.602887 -0.744189
544.000000 3.000000 0.703368 -0.744189
193.000000 4.000000 -0.398785 -0.741049
465.000000 4.000000 0.455305 -0.741049
508.000000 4.000000 0.590327 -0.741049
548.000000 4.000000 0.715928 -0.741049
314.000000 5.000000 -0.018840 -0.737909
410.000000 5.000000 0.282603 -0.737909
476.000000 5.000000 0.489846 -0.737909
491.000000 5.000000 0.536946 -0.737909
591.000000 5.000000 0.850950 -0.737909
194.000000 6.000000 -0.395645 -0.734769
259.000000 6.000000 -0.191542 -0.734769
309.000000 6.000000 -0.034540 -0.734769
511.000000 6.000000 0.599747 -0.734769
475.000000 7.000000 0.486706 -0.731629
481.000000 7.000000 0.505546 -0.731629
508.000000 7.000000 0.590327 -0.731629
513.000000 7.000000 0.606027 -0.731629
545.000000 7.000000 0.706508 -0.731629
194.000000 8.000000 -0.395645 -0.728489
473.000000 8.000000 0.480426 -0.728489
181.000000 9.000000 -0.436465 -0.725349
542.000000 9.000000 0.697088 -0.725349
546.000000 9.000000 0.709648 -0.725349
195.000000 10.000000 -0.392505 -0.722209
473.000000 10.000000 0.480426 -0.722209
479.000000 10.000000 0.499266 -0.722209
515.000000 10.000000 0.612307 -0.722209
600.000000 10.000000 0.879210 -0.722209
181.000000 11.000000 -0.436465 -0.719069
280.000000 11.000000 -0.125601 -0.719069
508.000000 11.000000 0.590327 -0.719069
195.000000 12.000000 -0.392505 -0.715928
367.000000 12.000000 0.147582 -0.715928
597.000000 12.000000 0.869790 -0.715928
254.000000 13.000000 -0.207242 -0.712788
296.000000 13.000000 -0.075361 -0.712788
546.000000 13.000000 0.709648 -0.712788
559.000000 13.000000 0.750469 -0.712788
577.000000 13.000000 0.806990 -0.712788
636.000000 13.000000 0.992252 -0.712788
349.000000 14.000000 0.091061 -0.709648
389.000000 14.000000 0.216663 -0.709648
508.000000 14.000000 0.590327 -0.709648
510.000000 14.000000 0.596607 -0.709648
606.000000 14.000000 0.898051 -0.709648
578.000000 15.000000 0.810130 -0.706508
548.000000 16.000000 0.715928 -0.703368
161.000000 17.000000 -0.499266 -0.700228
199.000000 17.000000 -0.379945 -0.700228
544.000000 17.000000 0.703368 -0.700228
546.000000 17.000000 0.709648 -0.700228
597.000000 17.000000 0.869790 -0.700228
231.000000 18.000000 -0.279463 -0.697088
488.000000 18.000000 0.527526 -0.697088
547.000000 19.000000 0.712788 -0.693948
609.000000 19.000000 0.907471 -0.693948
239.000000 20.000000 -0.254343 -0.690808
621.000000 21.000000 0.945151 -0.687668
185.000000 22.000000 -0.423905 -0.684528
544.000000 22.000000 0.703368 -0.684528
548.000000 22.000000 0.715928 -0.684528
185.000000 24.000000 -0.423905 -0.678248
539.000000 25.000000 0.687668 -0.675108
469.000000 27.000000 0.467866 -0.668828
523.000000 27.000000 0.637428 -0.668828
199.000000 28.000000 -0.379945 -0.665688
203.000000 29.000000 -0.367384 -0.662548
290.000000 29.000000 -0.094201 -0.662548
309.000000 29.000000 -0.034540 -0.662548
607.000000 29.000000 0.901191 -0.662548
211.000000 30.000000 -0.342264 -0.659408
542.000000 30.000000 0.697088 -0.659408
201.000000 31.000000 -0.373664 -0.656268
218.000000 31.000000 -0.320284 -0.656268
225.000000 32.000000 -0.298304 -0.653128
200.000000 34.000000 -0.376804 -0.646848
232.000000 34.000000 -0.276323 -0.646848
198.000000 35.000000 -0.383085 -0.643708
239.000000 35.000000 -0.254343 -0.643708
471.000000 35.000000 0.474146 -0.643708
633.000000 35.000000 0.982832 -0.643708
246.000000 36.000000 -0.232363 -0.640568
279.000000 36.000000 -0.128742 -0.640568
289.000000 36.000000 -0.097341 -0.640568
358.000000 36.000000 0.119321 -0.640568
253.000000 37.000000 -0.210382 -0.637428
527.000000 37.000000 0.649988 -0.637428
602.000000 37.000000 0.885490 -0.637428
260.000000 38.000000 -0.188402 -0.634288
267.000000 38.000000 -0.166422 -0.634288
282.000000 38.000000 -0.119321 -0.634288
474.000000 38.000000 0.483566 -0.634288
507.000000 38.000000 0.587187 -0.634288
274.000000 39.000000 -0.144442 -0.631147
471.000000 40.000000 0.474146 -0.628007
475.000000 41.000000 0.486706 -0.624867
513.000000 43.000000 0.606027 -0.618587
472.000000 44.000000 0.477286 -0.615447
206.000000 45.000000 -0.357964 -0.612307
413.000000 45.000000 0.292023 -0.612307
508.000000 46.000000 0.590327 -0.609167
475.000000 47.000000 0.486706 -0.606027
600.000000 49.000000 0.879210 -0.599747
280.000000 50.000000 -0.125601 -0.596607
372.000000 51.000000 0.163282 -0.593467
475.000000 51.000000 0.486706 -0.593467
478.000000 52.000000 0.496126 -0.590327
350.000000 53.000000 0.094201 -0.587187
419.000000 53.000000 0.310864 -0.587187
596.000000 53.000000 0.866650 -0.587187
176.000000 54.000000 -0.452165 -0.584047
309.000000 55.000000 -0.034540 -0.580907
413.000000 55.000000 0.292023 -0.580907
625.000000 57.000000 0.957711 -0.574627
378.000000 58.000000 0.182122 -0.571487
292.000000 59.000000 -0.087921 -0.568347
278.000000 61.000000 -0.131882 -0.562067
620.000000 61.000000 0.942011 -0.562067
225.000000 62.000000 -0.298304 -0.558927
244.000000 62.000000 -0.238643 -0.558927
385.000000 62.000000 0.204102 -0.558927
459.000000 62.000000 0.436465 -0.558927
509.000000 62.000000 0.593467 -0.558927
615.000000 62.000000 0.926311 -0.558927
404.000000 63.000000 0.263763 -0.555787
472.000000 63.000000 0.477286 -0.555787
477.000000 63.000000 0.492986 -0.555787
562.000000 63.000000 0.759889 -0.555787
605.000000 64.000000 0.894911 -0.552647
292.000000 65.000000 -0.087921 -0.549506
200.000000 66.000000 -0.376804 -0.546366
605.000000 67.000000 0.894911 -0.543226
317.000000 68.000000 -0.009420 -0.540086
201.000000 69.000000 -0.373664 -0.536946
550.000000 69.000000 0.722209 -0.536946
209.000000 70.000000 -0.348544 -0.533806
472.000000 70.000000 0.477286 -0.533806
218.000000 71.000000 -0.320284 -0.530666
226.000000 72.000000 -0.295163 -0.527526
235.000000 72.000000 -0.266903 -0.527526
284.000000 73.000000 -0.113041 -0.524386
244.000000 74.000000 -0.238643 -0.521246
252.000000 74.000000 -0.213523 -0.521246
155.000000 75.000000 -0.518106 -0.518106
200.000000 75.000000 -0.376804 -0.518106
340.000000 75.000000 0.062801 -0.518106
470.000000 75.000000 0.471006 -0.518106
261.000000 76.000000 -0.185262 -0.514966
477.000000 76.000000 0.492986 -0.514966
269.000000 77.000000 -0.160142 -0.511826
278.000000 77.000000 -0.131882 -0.511826
213.000000 78.000000 -0.335984 -0.508686
292.000000 78.000000 -0.087921 -0.508686
574.000000 78.000000 0.797569 -0.508686
476.000000 79.000000 0.489846 -0.505546
507.000000 80.000000 0.587187 -0.502406
512.000000 81.000000 0.602887 -0.499266
203.000000 83.000000 -0.367384 -0.492986
285.000000 83.000000 -0.109901 -0.492986
508.000000 83.000000 0.590327 -0.492986
249.000000 84.000000 -0.222943 -0.489846
513.000000 84.000000 0.606027 -0.489846
159.000000 85.000000 -0.505546 -0.486706
550.000000 85.000000 0.722209 -0.486706
247.000000 86.000000 -0.229223 -0.483566
506.000000 86.000000 0.584047 -0.483566
541.000000 86.000000 0.693948 -0.483566
604.000000 86.000000 0.891771 -0.483566
160.000000 87.000000 -0.502406 -0.480426
292.000000 87.000000 -0.087921 -0.480426
326.000000 87.000000 0.018840 -0.480426
511.000000 87.000000 0.599747 -0.480426
546.000000 87.000000 0.709648 -0.480426
555.000000 87.000000 0.737909 -0.480426
476.000000 88.000000 0.489846 -0.477286
470.000000 89.000000 0.471006 -0.474146
473.000000 89.000000 0.480426 -0.474146
508.000000 89.000000 0.590327 -0.474146
162.000000 90.000000 -0.496126 -0.471006
242.000000 90.000000 -0.244923 -0.471006
280.000000 90.000000 -0.125601 -0.471006
614.000000 90.000000 0.923171 -0.471006
555.000000 91.000000 0.737909 -0.467866
559.000000 91.000000 0.750469 -0.467866
474.000000 92.000000 0.483566 -0.464725
542.000000 92.000000 0.697088 -0.464725
635.000000 92.000000 0.989112 -0.464725
164.000000 93.000000 -0.489846 -0.461585
315.000000 93.000000 -0.015700 -0.461585
361.000000 93.000000 0.128742 -0.461585
476.000000 94.000000 0.489846 -0.458445
506.000000 94.000000 0.584047 -0.458445
512.000000 94.000000 0.602887 -0.458445
604.000000 94.000000 0.891771 -0.458445
628.000000 94.000000 0.967131 -0.458445
165.000000 95.000000 -0.486706 -0.455305
312.000000 95.000000 -0.025120 -0.455305
472.000000 95.000000 0.477286 -0.455305
508.000000 95.000000 0.590327 -0.455305
568.000000 96.000000 0.778729 -0.452165
509.000000 97.000000 0.593467 -0.449025
542.000000 97.000000 0.697088 -0.449025
167.000000 98.000000 -0.480426 -0.445885
214.000000 98.000000 -0.332844 -0.445885
511.000000 98.000000 0.599747 -0.445885
505.000000 99.000000 0.580907 -0.442745
168.000000 100.000000 -0.477286 -0.439605
195.000000 100.000000 -0.392505 -0.439605
512.000000 100.000000 0.602887 -0.439605
544.000000 100.000000 0.703368 -0.439605
584.000000 100.000000 0.828970 -0.439605
604.000000 102.000000 0.891771 -0.433325
170.000000 103.000000 -0.471006 -0.430185
518.000000 103.000000 0.621727 -0.430185
541.000000 103.000000 0.693948 -0.430185
545.000000 103.000000 0.706508 -0.430185
552.000000 103.000000 0.728489 -0.430185
636.000000 103.000000 0.992252 -0.430185
200.000000 104.000000 -0.376804 -0.427045
603.000000 105.000000 0.888631 -0.423905
200.000000 106.000000 -0.376804 -0.420765
582.000000 107.000000 0.822690 -0.417625
469.000000 108.000000 0.467866 -0.414485
632.000000 108.000000 0.979692 -0.414485
200.000000 109.000000 -0.376804 -0.411345
211.000000 109.000000 -0.342264 -0.411345
284.000000 109.000000 -0.113041 -0.411345
607.000000 109.000000 0.901191 -0.411345
629.000000 109.000000 0.970271 -0.411345
222.000000 110.000000 -0.307724 -0.408205
253.000000 110.000000 -0.210382 -0.408205
491.000000 110.000000 0.536946 -0.408205
232.000000 111.000000 -0.276323 -0.405065
604.000000 111.000000 0.891771 -0.405065
201.000000 112.000000 -0.373664 -0.401925
243.000000 112.000000 -0.241783 -0.401925
254.000000 113.000000 -0.207242 -0.398785
265.000000 114.000000 -0.172702 -0.395645
200.000000 115.000000 -0.376804 -0.392505
276.000000 115.000000 -0.138162 -0.392505
236.000000 116.000000 -0.263763 -0.389365
503.000000 116.000000 0.574627 -0.389365
201.000000 117.000000 -0.373664 -0.386225
448.000000 117.000000 0.401925 -0.386225
473.000000 117.000000 0.480426 -0.386225
259.000000 118.000000 -0.191542 -0.383085
471.000000 118.000000 0.474146 -0.383085
201.000000 119.000000 -0.373664 -0.379945
326.000000 119.000000 0.018840 -0.379945
541.000000 119.000000 0.693948 -0.379945
64.000000 120.000000 -0.803850 -0.376804
470.000000 120.000000 0.471006 -0.376804
57.000000 121.000000 -0.825830 -0.373664
67.000000 121.000000 -0.794429 -0.373664
72.000000 121.000000 -0.778729 -0.373664
76.000000 121.000000 -0.766169 -0.373664
201.000000 121.000000 -0.373664 -0.373664
475.000000 121.000000 0.486706 -0.373664
55.000000 122.000000 -0.832110 -0.370524
80.000000 122.000000 -0.753609 -0.370524
82.000000 122.000000 -0.747329 -0.370524
90.000000 122.000000 -0.722209 -0.370524
78.000000 123.000000 -0.759889 -0.367384
93.000000 123.000000 -0.712788 -0.367384
103.000000 123.000000 -0.681388 -0.367384
201.000000 123.000000 -0.373664 -0.367384
62.000000 124.000000 -0.810130 -0.364244
69.000000 124.000000 -0.788149 -0.364244
82.000000 124.000000 -0.747329 -0.364244
84.000000 124.000000 -0.741049 -0.364244
98.000000 124.000000 -0.697088 -0.364244
106.000000 124.000000 -0.671968 -0.364244
115.000000 124.000000 -0.643708 -0.364244
474.000000 124.000000 0.483566 -0.364244
507.000000 124.000000 0.587187 -0.364244
510.000000 124.000000 0.596607 -0.364244
76.000000 125.000000 -0.766169 -0.361104
94.000000 125.000000 -0.709648 -0.361104
110.000000 125.000000 -0.659408 -0.361104
119.000000 125.000000 -0.631147 -0.361104
128.000000 125.000000 -0.602887 -0.361104
152.000000 125.000000 -0.527526 -0.361104
201.000000 125.000000 -0.373664 -0.361104
469.000000 125.000000 0.467866 -0.361104
623.000000 125.000000 0.951431 -0.361104
59.000000 126.000000 -0.819550 -0.357964
89.000000 126.000000 -0.725349 -0.357964
123.000000 126.000000 -0.618587 -0.357964
132.000000 126.000000 -0.590327 -0.357964
139.000000 126.000000 -0.568347 -0.357964
471.000000 126.000000 0.474146 -0.357964
136.000000 127.000000 -0.577767 -0.354824
145.000000 127.000000 -0.549506 -0.354824
157.000000 127.000000 -0.511826 -0.354824
164.000000 127.000000 -0.489846 -0.354824
177.000000 127.000000 -0.449025 -0.354824
187.000000 127.000000 -0.417625 -0.354824
200.000000 127.000000 -0.376804 -0.354824
286.000000 127.000000 -0.106761 -0.354824
475.000000 127.000000 0.486706 -0.354824
91.000000 128.000000 -0.719069 -0.351684
108.000000 128.000000 -0.665688 -0.351684
115.000000 128.000000 -0.643708 -0.351684
122.000000 128.000000 -0.621727 -0.351684
128.000000 128.000000 -0.602887 -0.351684
134.000000 128.000000 -0.584047 -0.351684
151.000000 128.000000 -0.530666 -0.351684
160.000000 128.000000 -0.502406 -0.351684
171.000000 128.000000 -0.467866 -0.351684
194.000000 128.000000 -0.395645 -0.351684
216.000000 128.000000 -0.326564 -0.351684
469.000000 128.000000 0.467866 -0.351684
73.000000 129.000000 -0.775589 -0.348544
147.000000 129.000000 -0.543226 -0.348544
149.000000 129.000000 -0.536946 -0.348544
92.000000 130.000000 -0.715928 -0.345404
108.000000 130.000000 -0.665688 -0.345404
110.000000 130.000000 -0.659408 -0.345404
125.000000 130.000000 -0.612307 -0.345404
140.000000 130.000000 -0.565207 -0.345404
145.000000 130.000000 -0.549506 -0.345404
288.000000 130.000000 -0.100481 -0.345404
475.000000 130.000000 0.486706 -0.345404
507.000000 130.000000 0.587187 -0.345404
522.000000 130.000000 0.634288 -0.345404
60.000000 131.000000 -0.816410 -0.342264
62.000000 131.000000 -0.810130 -0.342264
116.000000 131.000000 -0.640568 -0.342264
164.000000 131.000000 -0.489846 -0.342264
174.000000 131.000000 -0.458445 -0.342264
213.000000 131.000000 -0.335984 -0.342264
252.000000 131.000000 -0.213523 -0.342264
504.000000 131.000000 0.577767 -0.342264
69.000000 132.000000 -0.788149 -0.339124
86.000000 132.000000 -0.734769 -0.339124
110.000000 132.000000 -0.659408 -0.339124
142.000000 132.000000 -0.558927 -0.339124
148.000000 132.000000 -0.540086 -0.339124
171.000000 132.000000 -0.467866 -0.339124
188.000000 132.000000 -0.414485 -0.339124
242.000000 132.000000 -0.244923 -0.339124
471.000000 132.000000 0.474146 -0.339124
495.000000 132.000000 0.549506 -0.339124
508.000000 132.000000 0.590327 -0.339124
629.000000 132.000000 0.970271 -0.339124
65.000000 133.000000 -0.800709 -0.335984
73.000000 133.000000 -0.775589 -0.335984
82.000000 133.000000 -0.747329 -0.335984
125.000000 133.000000 -0.612307 -0.335984
144.000000 133.000000 -0.552647 -0.335984
153.000000 133.000000 -0.524386 -0.335984
156.000000 133.000000 -0.514966 -0.335984
161.000000 133.000000 -0.499266 -0.335984
194.000000 133.000000 -0.395645 -0.335984
200.000000 133.000000 -0.376804 -0.335984
305.000000 133.000000 -0.047101 -0.335984
445.000000 133.000000 0.392505 -0.335984
480.000000 133.000000 0.502406 -0.335984
504.000000 133.000000 0.577767 -0.335984
510.000000 133.000000 0.596607 -0.335984
603.000000 133.000000 0.888631 -0.335984
149.000000 134.000000 -0.536946 -0.332844
159.000000 134.000000 -0.505546 -0.332844
166.000000 134.000000 -0.483566 -0.332844
173.000000 134.000000 -0.461585 -0.332844
213.000000 134.000000 -0.335984 -0.332844
215.000000 134.000000 -0.329704 -0.332844
286.000000 134.000000 -0.106761 -0.332844
300.000000 134.000000 -0.062801 -0.332844
321.000000 134.000000 0.003140 -0.332844
78.000000 135.000000 -0.759889 -0.329704
113.000000 135.000000 -0.649988 -0.329704
115.000000 135.000000 -0.643708 -0.329704
171.000000 135.000000 -0.467866 -0.329704
183.000000 135.000000 -0.430185 -0.329704
206.000000 135.000000 -0.357964 -0.329704
211.000000 135.000000 -0.342264 -0.329704
217.000000 135.000000 -0.323424 -0.329704
223.000000 135.000000 -0.304584 -0.329704
228.000000 135.000000 -0.288883 -0.329704
259.000000 135.000000 -0.191542 -0.329704
284.000000 135.000000 -0.113041 -0.329704
506.000000 135.000000 0.584047 -0.329704
510.000000 135.000000 0.596607 -0.329704
606.000000 135.000000 0.898051 -0.329704
614.000000 135.000000 0.923171 -0.329704
66.000000 136.000000 -0.797569 -0.326564
73.000000 136.000000 -0.775589 -0.326564
125.000000 136.000000 -0.612307 -0.326564
134.000000 136.000000 -0.584047 -0.326564
137.000000 136.000000 -0.574627 -0.326564
148.000000 136.000000 -0.540086 -0.326564
174.000000 136.000000 -0.458445 -0.326564
189.000000 136.000000 -0.411345 -0.326564
192.000000 136.000000 -0.401925 -0.326564
233.000000 136.000000 -0.273183 -0.326564
241.000000 136.000000 -0.248063 -0.326564
274.000000 136.000000 -0.144442 -0.326564
281.000000 136.000000 -0.122461 -0.326564
288.000000 136.000000 -0.100481 -0.326564
304.000000 136.000000 -0.050241 -0.326564
476.000000 136.000000 0.489846 -0.326564
80.000000 137.000000 -0.753609 -0.323424
86.000000 137.000000 -0.734769 -0.323424
108.000000 137.000000 -0.665688 -0.323424
197.000000 137.000000 -0.386225 -0.323424
206.000000 137.000000 -0.357964 -0.323424
220.000000 137.000000 -0.314004 -0.323424
248.000000 137.000000 -0.226083 -0.323424
254.000000 137.000000 -0.207242 -0.323424
260.000000 137.000000 -0.188402 -0.323424
301.000000 137.000000 -0.059661 -0.323424
605.000000 137.000000 0.894911 -0.323424
72.000000 138.000000 -0.778729 -0.320284
93.000000 138.000000 -0.712788 -0.320284
100.000000 138.000000 -0.690808 -0.320284
121.000000 138.000000 -0.624867 -0.320284
164.000000 138.000000 -0.489846 -0.320284
168.000000 138.000000 -0.477286 -0.320284
264.000000 138.000000 -0.175842 -0.320284
268.000000 138.000000 -0.163282 -0.320284
470.000000 138.000000 0.471006 -0.320284
113.000000 139.000000 -0.649988 -0.317144
125.000000 139.000000 -0.612307 -0.317144
171.000000 139.000000 -0.467866 -0.317144
241.000000 139.000000 -0.248063 -0.317144
279.000000 139.000000 -0.128742 -0.317144
281.000000 139.000000 -0.122461 -0.317144
285.000000 139.000000 -0.109901 -0.317144
292.000000 139.000000 -0.087921 -0.317144
297.000000 139.000000 -0.072221 -0.317144
314.000000 139.000000 -0.018840 -0.317144
511.000000 139.000000 0.599747 -0.317144
602.000000 139.000000 0.885490 -0.317144
626.000000 139.000000 0.960851 -0.317144
97.000000 140.000000 -0.700228 -0.314004
119.000000 140.000000 -0.631147 -0.314004
132.000000 140.000000 -0.590327 -0.314004
138.000000 140.000000 -0.571487 -0.314004
168.000000 140.000000 -0.477286 -0.314004
183.000000 140.000000 -0.430185 -0.314004
220.000000 140.000000 -0.314004 -0.314004
237.000000 140.000000 -0.260623 -0.314004
251.000000 140.000000 -0.216663 -0.314004
295.000000 140.000000 -0.078501 -0.314004
318.000000 140.000000 -0.006280 -0.314004
328.000000 140.000000 0.025120 -0.314004
505.000000 140.000000 0.580907 -0.314004
509.000000 140.000000 0.593467 -0.314004
513.000000 140.000000 0.606027 -0.314004
144.000000 141.000000 -0.552647 -0.310864
147.000000 141.000000 -0.543226 -0.310864
160.000000 141.000000 -0.502406 -0.310864
191.000000 141.000000 -0.405065 -0.310864
257.000000 141.000000 -0.197822 -0.310864
270.000000 141.000000 -0.157002 -0.310864
306.000000 141.000000 -0.043961 -0.310864
308.000000 141.000000 -0.037680 -0.310864
342.000000 141.000000 0.069081 -0.310864
585.000000 141.000000 0.832110 -0.310864
604.000000 141.000000 0.891771 -0.310864
125.000000 142.000000 -0.612307 -0.307724
178.000000 142.000000 -0.445885 -0.307724
211.000000 142.000000 -0.342264 -0.307724
218.000000 142.000000 -0.320284 -0.307724
250.000000 142.000000 -0.219803 -0.307724
276.000000 142.000000 -0.138162 -0.307724
319.000000 142.000000 -0.003140 -0.307724
321.000000 142.000000 0.003140 -0.307724
140.000000 143.000000 -0.565207 -0.304584
163.000000 143.000000 -0.492986 -0.304584
174.000000 143.000000 -0.458445 -0.304584
228.000000 143.000000 -0.288883 -0.304584
335.000000 143.000000 0.047101 -0.304584
356.000000 143.000000 0.113041 -0.304584
368.000000 143.000000 0.150722 -0.304584
371.000000 143.000000 0.160142 -0.304584
373.000000 143.000000 0.166422 -0.304584
155.000000 144.000000 -0.518106 -0.301444
206.000000 144.000000 -0.357964 -0.301444
209.000000 144.000000 -0.348544 -0.301444
254.000000 144.000000 -0.207242 -0.301444
256.000000 144.000000 -0.200962 -0.301444
348.000000 144.000000 0.087921 -0.301444
381.000000 144.000000 0.191542 -0.301444
173.000000 145.000000 -0.461585 -0.298304
225.000000 145.000000 -0.298304 -0.298304
360.000000 145.000000 0.125601 -0.298304
385.000000 145.000000 0.204102 -0.298304
393.000000 145.000000 0.229223 -0.298304
495.000000 145.000000 0.549506 -0.298304
539.000000 145.000000 0.687668 -0.298304
158.000000 146.000000 -0.508686 -0.295163
180.000000 146.000000 -0.439605 -0.295163
186.000000 146.000000 -0.420765 -0.295163
192.000000 146.000000 -0.401925 -0.295163
198.000000 146.000000 -0.383085 -0.295163
365.000000 146.000000 0.141302 -0.295163
374.000000 146.000000 0.169562 -0.295163
602.000000 146.000000 0.885490 -0.295163
605.000000 146.000000 0.894911 -0.295163
210.000000 147.000000 -0.345404 -0.292023
226.000000 147.000000 -0.295163 -0.292023
387.000000 147.000000 0.210382 -0.292023
402.000000 147.000000 0.257483 -0.292023
63.000000 148.000000 -0.806990 -0.288883
188.000000 148.000000 -0.414485 -0.288883
215.000000 148.000000 -0.329704 -0.288883
250.000000 148.000000 -0.219803 -0.288883
253.000000 148.000000 -0.210382 -0.288883
400.000000 148.000000 0.251203 -0.288883
469.000000 148.000000 0.467866 -0.288883
231.000000 149.000000 -0.279463 -0.285743
233.000000 149.000000 -0.273183 -0.285743
235.000000 149.000000 -0.266903 -0.285743
240.000000 149.000000 -0.251203 -0.285743
264.000000 149.000000 -0.175842 -0.285743
349.000000 149.000000 0.091061 -0.285743
380.000000 149.000000 0.188402 -0.285743
404.000000 149.000000 0.263763 -0.285743
143.000000 150.000000 -0.555787 -0.282603
145.000000 150.000000 -0.549506 -0.282603
185.000000 150.000000 -0.423905 -0.282603
246.000000 150.000000 -0.232363 -0.282603
369.000000 150.000000 0.153862 -0.282603
602.000000 150.000000 0.885490 -0.282603
605.000000 150.000000 0.894911 -0.282603
156.000000 151.000000 -0.514966 -0.279463
158.000000 151.000000 -0.508686 -0.279463
190.000000 151.000000 -0.408205 -0.279463
223.000000 151.000000 -0.304584 -0.279463
261.000000 151.000000 -0.185262 -0.279463
285.000000 151.000000 -0.109901 -0.279463
292.000000 151.000000 -0.087921 -0.279463
312.000000 151.000000 -0.025120 -0.279463
384.000000 151.000000 0.200962 -0.279463
165.000000 152.000000 -0.486706 -0.276323
275.000000 152.000000 -0.141302 -0.276323
331.000000 152.000000 0.034540 -0.276323
374.000000 152.000000 0.169562 -0.276323
552.000000 152.000000 0.728489 -0.276323
187.000000 153.000000 -0.417625 -0.273183
193.000000 153.000000 -0.398785 -0.273183
327.000000 153.000000 0.021980 -0.273183
351.000000 153.000000 0.097341 -0.273183
560.000000 153.000000 0.753609 -0.273183
200.000000 154.000000 -0.376804 -0.270043
210.000000 154.000000 -0.345404 -0.270043
295.000000 154.000000 -0.078501 -0.270043
311.000000 154.000000 -0.028260 -0.270043
323.000000 154.000000 0.009420 -0.270043
436.000000 154.000000 0.364244 -0.270043
607.000000 154.000000 0.901191 -0.270043
220.000000 155.000000 -0.314004 -0.266903
222.000000 155.000000 -0.307724 -0.266903
320.000000 155.000000 -0.000000 -0.266903
477.000000 155.000000 0.492986 -0.266903
496.000000 155.000000 0.552647 -0.266903
518.000000 155.000000 0.621727 -0.266903
132.000000 156.000000 -0.590327 -0.263763
149.000000 156.000000 -0.536946 -0.263763
158.000000 156.000000 -0.508686 -0.263763
239.000000 156.000000 -0.254343 -0.263763
282.000000 156.000000 -0.119321 -0.263763
311.000000 156.000000 -0.028260 -0.263763
557.000000 156.000000 0.744189 -0.263763
610.000000 156.000000 0.910611 -0.263763
156.000000 157.000000 -0.514966 -0.260623
163.000000 157.000000 -0.492986 -0.260623
185.000000 157.000000 -0.423905 -0.260623
245.000000 157.000000 -0.235503 -0.260623
261.000000 157.000000 -0.185262 -0.260623
302.000000 157.000000 -0.056521 -0.260623
369.000000 157.000000 0.153862 -0.260623
404.000000 157.000000 0.263763 -0.260623
550.000000 157.000000 0.722209 -0.260623
590.000000 157.000000 0.847810 -0.260623
623.000000 157.000000 0.951431 -0.260623
634.000000 157.000000 0.985972 -0.260623
134.000000 158.000000 -0.584047 -0.257483
191.000000 158.000000 -0.405065 -0.257483
201.000000 158.000000 -0.373664 -0.257483
219.000000 158.000000 -0.317144 -0.257483
272.000000 158.000000 -0.150722 -0.257483
318.000000 158.000000 -0.006280 -0.257483
373.000000 158.000000 0.166422 -0.257483
581.000000 158.000000 0.819550 -0.257483
181.000000 159.000000 -0.436465 -0.254343
186.000000 159.000000 -0.420765 -0.254343
197.000000 159.000000 -0.386225 -0.254343
283.000000 159.000000 -0.116181 -0.254343
289.000000 159.000000 -0.097341 -0.254343
383.000000 159.000000 0.197822 -0.254343
392.000000 159.000000 0.226083 -0.254343
411.000000 159.000000 0.285743 -0.254343
491.000000 159.000000 0.536946 -0.254343
626.000000 159.000000 0.960851 -0.254343
152.000000 160.000000 -0.527526 -0.251203
158.000000 160.000000 -0.508686 -0.251203
164.000000 160.000000 -0.489846 -0.251203
166.000000 160.000000 -0.483566 -0.251203
203.000000 160.000000 -0.367384 -0.251203
211.000000 160.000000 -0.342264 -0.251203
216.000000 160.000000 -0.326564 -0.251203
227.000000 160.000000 -0.292023 -0.251203
297.000000 160.000000 -0.072221 -0.251203
299.000000 160.000000 -0.065941 -0.251203
301.000000 160.000000 -0.059661 -0.251203
304.000000 160.000000 -0.050241 -0.251203
306.000000 160.000000 -0.043961 -0.251203
309.000000 160.000000 -0.034540 -0.251203
330.000000 160.000000 0.031400 -0.251203
397.000000 160.000000 0.241783 -0.251203
182.000000 161.000000 -0.433325 -0.248063
246.000000 161.000000 -0.232363 -0.248063
318.000000 161.000000 -0.006280 -0.248063
324.000000 161.000000 0.012560 -0.248063
590.000000 161.000000 0.847810 -0.248063
614.000000 161.000000 0.923171 -0.248063
166.000000 162.000000 -0.483566 -0.244923
199.000000 162.000000 -0.379945 -0.244923
213.000000 162.000000 -0.335984 -0.244923
232.000000 162.000000 -0.276323 -0.244923
242.000000 162.000000 -0.244923 -0.244923
249.000000 162.000000 -0.222943 -0.244923
261.000000 162.000000 -0.185262 -0.244923
272.000000 162.000000 -0.150722 -0.244923
275.000000 162.000000 -0.141302 -0.244923
340.000000 162.000000 0.062801 -0.244923
400.000000 162.000000 0.251203 -0.244923
206.000000 163.000000 -0.357964 -0.241783
211.000000 163.000000 -0.342264 -0.241783
279.000000 163.000000 -0.128742 -0.241783
283.000000 163.000000 -0.116181 -0.241783
289.000000 163.000000 -0.097341 -0.241783
583.000000 163.000000 0.825830 -0.241783
155.000000 164.000000 -0.518106 -0.238643
157.000000 164.000000 -0.511826 -0.238643
271.000000 164.000000 -0.153862 -0.238643
293.000000 164.000000 -0.084781 -0.238643
296.000000 164.000000 -0.075361 -0.238643
164.000000 165.000000 -0.489846 -0.235503
175.000000 165.000000 -0.455305 -0.235503
184.000000 165.000000 -0.427045 -0.235503
214.000000 165.000000 -0.332844 -0.235503
245.000000 165.000000 -0.235503 -0.235503
250.000000 165.000000 -0.219803 -0.235503
287.000000 165.000000 -0.103621 -0.235503
303.000000 165.000000 -0.053381 -0.235503
312.000000 165.000000 -0.025120 -0.235503
326.000000 165.000000 0.018840 -0.235503
346.000000 165.000000 0.081641 -0.235503
622.000000 165.000000 0.948291 -0.235503
160.000000 166.000000 -0.502406 -0.232363
272.000000 166.000000 -0.150722 -0.232363
275.000000 166.000000 -0.141302 -0.232363
343.000000 166.000000 0.072221 -0.232363
494.000000 166.000000 0.546366 -0.232363
203.000000 167.000000 -0.367384 -0.229223
205.000000 167.000000 -0.361104 -0.229223
210.000000 167.000000 -0.345404 -0.229223
257.000000 167.000000 -0.197822 -0.229223
263.000000 167.000000 -0.178982 -0.229223
300.000000 167.000000 -0.062801 -0.229223
558.000000 167.000000 0.747329 -0.229223
167.000000 168.000000 -0.480426 -0.226083
230.000000 168.000000 -0.282603 -0.226083
327.000000 168.000000 0.021980 -0.226083
548.000000 168.000000 0.715928 -0.226083
161.000000 169.000000 -0.499266 -0.222943
173.000000 169.000000 -0.461585 -0.222943
201.000000 169.000000 -0.373664 -0.222943
248.000000 169.000000 -0.226083 -0.222943
250.000000 169.000000 -0.219803 -0.222943
304.000000 169.000000 -0.050241 -0.222943
154.000000 170.000000 -0.521246 -0.219803
159.000000 170.000000 -0.505546 -0.219803
165.000000 170.000000 -0.486706 -0.219803
199.000000 170.000000 -0.379945 -0.219803
287.000000 170.000000 -0.103621 -0.219803
315.000000 170.000000 -0.015700 -0.219803
344.000000 170.000000 0.075361 -0.219803
346.000000 170.000000 0.081641 -0.219803
170.000000 171.000000 -0.471006 -0.216663
182.000000 171.000000 -0.433325 -0.216663
202.000000 171.000000 -0.370524 -0.216663
208.000000 171.000000 -0.351684 -0.216663
213.000000 171.000000 -0.335984 -0.216663
226.000000 171.000000 -0.295163 -0.216663
244.000000 171.000000 -0.238643 -0.216663
290.000000 171.000000 -0.094201 -0.216663
327.000000 171.000000 0.021980 -0.216663
446.000000 171.000000 0.395645 -0.216663
546.000000 171.000000 0.709648 -0.216663
196.000000 172.000000 -0.389365 -0.213523
198.000000 172.000000 -0.383085 -0.213523
220.000000 172.000000 -0.314004 -0.213523
230.000000 172.000000 -0.282603 -0.213523
56.000000 173.000000 -0.828970 -0.210382
145.000000 173.000000 -0.549506 -0.210382
148.000000 173.000000 -0.540086 -0.210382
150.000000 173.000000 -0.533806 -0.210382
210.000000 173.000000 -0.345404 -0.210382
213.000000 173.000000 -0.335984 -0.210382
258.000000 173.000000 -0.194682 -0.210382
547.000000 173.000000 0.712788 -0.210382
161.000000 174.000000 -0.499266 -0.207242
230.000000 174.000000 -0.282603 -0.207242
234.000000 174.000000 -0.270043 -0.207242
240.000000 174.000000 -0.251203 -0.207242
264.000000 174.000000 -0.175842 -0.207242
273.000000 174.000000 -0.147582 -0.207242
171.000000 175.000000 -0.467866 -0.204102
182.000000 175.000000 -0.433325 -0.204102
191.000000 175.000000 -0.405065 -0.204102
225.000000 175.000000 -0.298304 -0.204102
249.000000 175.000000 -0.222943 -0.204102
251.000000 175.000000 -0.216663 -0.204102
256.000000 175.000000 -0.200962 -0.204102
290.000000 175.000000 -0.094201 -0.204102
136.000000 176.000000 -0.577767 -0.200962
138.000000 176.000000 -0.571487 -0.200962
189.000000 176.000000 -0.411345 -0.200962
200.000000 176.000000 -0.376804 -0.200962
210.000000 176.000000 -0.345404 -0.200962
247.000000 176.000000 -0.229223 -0.200962
269.000000 176.000000 -0.160142 -0.200962
271.000000 176.000000 -0.153862 -0.200962
277.000000 176.000000 -0.135022 -0.200962
283.000000 176.000000 -0.116181 -0.200962
601.000000 176.000000 0.882350 -0.200962
224.000000 177.000000 -0.301444 -0.197822
232.000000 177.000000 -0.276323 -0.197822
245.000000 177.000000 -0.235503 -0.197822
289.000000 177.000000 -0.097341 -0.197822
324.000000 177.000000 0.012560 -0.197822
327.000000 177.000000 0.021980 -0.197822
343.000000 177.000000 0.072221 -0.197822
350.000000 177.000000 0.094201 -0.197822
584.000000 177.000000 0.828970 -0.197822
595.000000 177.000000 0.863510 -0.197822
141.000000 178.000000 -0.562067 -0.194682
239.000000 178.000000 -0.254343 -0.194682
243.000000 178.000000 -0.241783 -0.194682
252.000000 178.000000 -0.213523 -0.194682
258.000000 178.000000 -0.194682 -0.194682
309.000000 178.000000 -0.034540 -0.194682
313.000000 178.000000 -0.021980 -0.194682
319.000000 178.000000 -0.003140 -0.194682
125.000000 179.000000 -0.612307 -0.191542
148.000000 179.000000 -0.540086 -0.191542
221.000000 179.000000 -0.310864 -0.191542
272.000000 179.000000 -0.150722 -0.191542
350.000000 179.000000 0.094201 -0.191542
609.000000 179.000000 0.907471 -0.191542
145.000000 180.000000 -0.549506 -0.188402
284.000000 180.000000 -0.113041 -0.188402
293.000000 180.000000 -0.084781 -0.188402
298.000000 180.000000 -0.069081 -0.188402
300.000000 180.000000 -0.062801 -0.188402
326.000000 180.000000 0.018840 -0.188402
218.000000 181.000000 -0.320284 -0.185262
308.000000 181.000000 -0.037680 -0.185262
317.000000 181.000000 -0.009420 -0.185262
345.000000 181.000000 0.078501 -0.185262
372.000000 181.000000 0.163282 -0.185262
558.000000 181.000000 0.747329 -0.185262
600.000000 181.000000 0.879210 -0.185262
98.000000 182.000000 -0.697088 -0.182122
335.000000 182.000000 0.047101 -0.182122
339.000000 182.000000 0.059661 -0.182122
183.000000 183.000000 -0.430185 -0.178982
262.000000 183.000000 -0.182122 -0.178982
343.000000 183.000000 0.072221 -0.178982
351.000000 183.000000 0.097341 -0.178982
500.000000 183.000000 0.565207 -0.178982
138.000000 184.000000 -0.571487 -0.175842
161.000000 184.000000 -0.499266 -0.175842
165.000000 184.000000 -0.486706 -0.175842
297.000000 184.000000 -0.072221 -0.175842
301.000000 184.000000 -0.059661 -0.175842
562.000000 184.000000 0.759889 -0.175842
267.000000 185.000000 -0.166422 -0.172702
167.000000 186.000000 -0.480426 -0.169562
223.000000 186.000000 -0.304584 -0.169562
225.000000 187.000000 -0.298304 -0.166422
328.000000 187.000000 0.025120 -0.166422
348.000000 187.000000 0.087921 -0.166422
599.000000 188.000000 0.876070 -0.163282
133.000000 189.000000 -0.587187 -0.160142
152.000000 189.000000 -0.527526 -0.160142
176.000000 189.000000 -0.452165 -0.160142
326.000000 189.000000 0.018840 -0.160142
247.000000 190.000000 -0.229223 -0.157002
312.000000 190.000000 -0.025120 -0.157002
581.000000 190.000000 0.819550 -0.157002
177.000000 191.000000 -0.449025 -0.153862
308.000000 191.000000 -0.037680 -0.153862
8.000000 192.000000 -0.979692 -0.150722
162.000000 192.000000 -0.496126 -0.150722
195.000000 192.000000 -0.392505 -0.150722
273.000000 192.000000 -0.147582 -0.150722
319.000000 192.000000 -0.003140 -0.150722
370.000000 192.000000 0.157002 -0.150722
516.000000 192.000000 0.615447 -0.150722
200.000000 193.000000 -0.376804 -0.147582
233.000000 193.000000 -0.273183 -0.147582
257.000000 193.000000 -0.197822 -0.147582
261.000000 193.000000 -0.185262 -0.147582
399.000000 193.000000 0.248063 -0.147582
143.000000 194.000000 -0.555787 -0.144442
217.000000 194.000000 -0.323424 -0.144442
237.000000 194.000000 -0.260623 -0.144442
243.000000 194.000000 -0.241783 -0.144442
402.000000 194.000000 0.257483 -0.144442
565.000000 194.000000 0.769309 -0.144442
11.000000 195.000000 -0.970271 -0.141302
52.000000 195.000000 -0.841530 -0.141302
247.000000 195.000000 -0.229223 -0.141302
251.000000 195.000000 -0.216663 -0.141302
163.000000 196.000000 -0.492986 -0.138162
220.000000 196.000000 -0.314004 -0.138162
241.000000 196.000000 -0.248063 -0.138162
276.000000 196.000000 -0.138162 -0.138162
284.000000 196.000000 -0.113041 -0.138162
289.000000 196.000000 -0.097341 -0.138162
294.000000 196.000000 -0.081641 -0.138162
298.000000 196.000000 -0.069081 -0.138162
309.000000 196.000000 -0.034540 -0.138162
313.000000 196.000000 -0.021980 -0.138162
436.000000 196.000000 0.364244 -0.138162
267.000000 197.000000 -0.166422 -0.135022
538.000000 197.000000 0.684528 -0.135022
11.000000 198.000000 -0.970271 -0.131882
49.000000 198.000000 -0.850950 -0.131882
260.000000 198.000000 -0.188402 -0.131882
398.000000 198.000000 0.244923 -0.131882
402.000000 198.000000 0.257483 -0.131882
246.000000 199.000000 -0.232363 -0.128742
281.000000 199.000000 -0.122461 -0.128742
159.000000 200.000000 -0.505546 -0.125601
277.000000 200.000000 -0.135022 -0.125601
308.000000 200.000000 -0.037680 -0.125601
316.000000 200.000000 -0.012560 -0.125601
397.000000 200.000000 0.241783 -0.125601
164.000000 201.000000 -0.489846 -0.122461
243.000000 201.000000 -0.241783 -0.122461
523.000000 201.000000 0.637428 -0.122461
636.000000 201.000000 0.992252 -0.122461
29.000000 202.000000 -0.913751 -0.119321
52.000000 202.000000 -0.841530 -0.119321
271.000000 202.000000 -0.153862 -0.119321
399.000000 202.000000 0.248063 -0.119321
541.000000 202.000000 0.693948 -0.119321
14.000000 203.000000 -0.960851 -0.116181
202.000000 203.000000 -0.370524 -0.116181
238.000000 203.000000 -0.257483 -0.116181
281.000000 203.000000 -0.122461 -0.116181
316.000000 203.000000 -0.012560 -0.116181
346.000000 203.000000 0.081641 -0.116181
409.000000 203.000000 0.279463 -0.116181
411.000000 203.000000 0.285743 -0.116181
414.000000 203.000000 0.295163 -0.116181
454.000000 203.000000 0.420765 -0.116181
532.000000 203.000000 0.665688 -0.116181
573.000000 203.000000 0.794429 -0.116181
605.000000 203.000000 0.894911 -0.116181
49.000000 204.000000 -0.850950 -0.113041
272.000000 204.000000 -0.150722 -0.113041
276.000000 204.000000 -0.138162 -0.113041
331.000000 204.000000 0.034540 -0.113041
385.000000 204.000000 0.204102 -0.113041
456.000000 204.000000 0.427045 -0.113041
307.000000 205.000000 -0.040820 -0.109901
486.000000 205.000000 0.521246 -0.109901
490.000000 205.000000 0.533806 -0.109901
559.000000 205.000000 0.750469 -0.109901
139.000000 206.000000 -0.568347 -0.106761
312.000000 206.000000 -0.025120 -0.106761
381.000000 206.000000 0.191542 -0.106761
417.000000 206.000000 0.304584 -0.106761
422.000000 206.000000 0.320284 -0.106761
465.000000 206.000000 0.455305 -0.106761
498.000000 206.000000 0.558927 -0.106761
546.000000 206.000000 0.709648 -0.106761
613.000000 206.000000 0.920031 -0.106761
200.000000 207.000000 -0.376804 -0.103621
256.000000 207.000000 -0.200962 -0.103621
275.000000 207.000000 -0.141302 -0.103621
285.000000 207.000000 -0.109901 -0.103621
316.000000 207.000000 -0.012560 -0.103621
414.000000 207.000000 0.295163 -0.103621
48.000000 208.000000 -0.854090 -0.100481
279.000000 208.000000 -0.128742 -0.100481
331.000000 208.000000 0.034540 -0.100481
431.000000 208.000000 0.348544 -0.100481
319.000000 209.000000 -0.003140 -0.097341
325.000000 209.000000 0.015700 -0.097341
415.000000 209.000000 0.298304 -0.097341
265.000000 210.000000 -0.172702 -0.094201
402.000000 210.000000 0.257483 -0.094201
407.000000 210.000000 0.273183 -0.094201
293.000000 211.000000 -0.084781 -0.091061
370.000000 211.000000 0.157002 -0.091061
503.000000 211.000000 0.574627 -0.091061
604.000000 211.000000 0.891771 -0.091061
57.000000 212.000000 -0.825830 -0.087921
139.000000 212.000000 -0.568347 -0.087921
235.000000 212.000000 -0.266903 -0.087921
240.000000 212.000000 -0.251203 -0.087921
258.000000 212.000000 -0.194682 -0.087921
261.000000 212.000000 -0.185262 -0.087921
268.000000 212.000000 -0.163282 -0.087921
283.000000 212.000000 -0.116181 -0.087921
306.000000 212.000000 -0.043961 -0.087921
328.000000 212.000000 0.025120 -0.087921
559.000000 212.000000 0.750469 -0.087921
28.000000 213.000000 -0.916891 -0.084781
319.000000 213.000000 -0.003140 -0.084781
344.000000 213.000000 0.075361 -0.084781
377.000000 213.000000 0.178982 -0.084781
381.000000 213.000000 0.191542 -0.084781
279.000000 214.000000 -0.128742 -0.081641
337.000000 214.000000 0.053381 -0.081641
349.000000 214.000000 0.091061 -0.081641
431.000000 214.000000 0.348544 -0.081641
572.000000 214.000000 0.791289 -0.081641
33.000000 215.000000 -0.901191 -0.078501
58.000000 215.000000 -0.822690 -0.078501
147.000000 215.000000 -0.543226 -0.078501
237.000000 215.000000 -0.260623 -0.078501
521.000000 215.000000 0.631147 -0.078501
48.000000 216.000000 -0.854090 -0.075361
139.000000 216.000000 -0.568347 -0.075361
233.000000 216.000000 -0.273183 -0.075361
269.000000 216.000000 -0.160142 -0.075361
280.000000 216.000000 -0.125601 -0.075361
328.000000 216.000000 0.025120 -0.075361
510.000000 216.000000 0.596607 -0.075361
545.000000 216.000000 0.706508 -0.075361
277.000000 217.000000 -0.135022 -0.072221
503.000000 217.000000 0.574627 -0.072221
616.000000 217.000000 0.929451 -0.072221
140.000000 218.000000 -0.565207 -0.069081
177.000000 218.000000 -0.449025 -0.069081
243.000000 218.000000 -0.241783 -0.069081
495.000000 218.000000 0.549506 -0.069081
508.000000 218.000000 0.590327 -0.069081
530.000000 218.000000 0.659408 -0.069081
172.000000 219.000000 -0.464725 -0.065941
233.000000 219.000000 -0.273183 -0.065941
238.000000 219.000000 -0.257483 -0.065941
262.000000 219.000000 -0.182122 -0.065941
277.000000 219.000000 -0.135022 -0.065941
316.000000 219.000000 -0.012560 -0.065941
328.000000 219.000000 0.025120 -0.065941
400.000000 219.000000 0.251203 -0.065941
540.000000 219.000000 0.690808 -0.065941
575.000000 219.000000 0.800709 -0.065941
49.000000 220.000000 -0.850950 -0.062801
54.000000 220.000000 -0.835250 -0.062801
176.000000 220.000000 -0.452165 -0.062801
267.000000 220.000000 -0.166422 -0.062801
281.000000 220.000000 -0.122461 -0.062801
287.000000 220.000000 -0.103621 -0.062801
431.000000 220.000000 0.348544 -0.062801
199.000000 221.000000 -0.379945 -0.059661
231.000000 221.000000 -0.279463 -0.059661
238.000000 221.000000 -0.257483 -0.059661
285.000000 221.000000 -0.109901 -0.059661
290.000000 221.000000 -0.094201 -0.059661
504.000000 221.000000 0.577767 -0.059661
522.000000 221.000000 0.634288 -0.059661
543.000000 221.000000 0.700228 -0.059661
633.000000 221.000000 0.982832 -0.059661
179.000000 222.000000 -0.442745 -0.056521
229.000000 222.000000 -0.285743 -0.056521
254.000000 222.000000 -0.207242 -0.056521
272.000000 222.000000 -0.150722 -0.056521
385.000000 222.000000 0.204102 -0.056521
395.000000 222.000000 0.235503 -0.056521
609.000000 222.000000 0.907471 -0.056521
195.000000 223.000000 -0.392505 -0.053381
197.000000 223.000000 -0.386225 -0.053381
204.000000 223.000000 -0.364244 -0.053381
246.000000 223.000000 -0.232363 -0.053381
258.000000 223.000000 -0.194682 -0.053381
281.000000 223.000000 -0.122461 -0.053381
300.000000 223.000000 -0.062801 -0.053381
314.000000 223.000000 -0.018840 -0.053381
327.000000 223.000000 0.021980 -0.053381
99.000000 224.000000 -0.693948 -0.050241
164.000000 224.000000 -0.489846 -0.050241
285.000000 224.000000 -0.109901 -0.050241
401.000000 224.000000 0.254343 -0.050241
150.000000 225.000000 -0.533806 -0.047101
179.000000 225.000000 -0.442745 -0.047101
183.000000 225.000000 -0.430185 -0.047101
216.000000 225.000000 -0.326564 -0.047101
219.000000 225.000000 -0.317144 -0.047101
293.000000 225.000000 -0.084781 -0.047101
570.000000 225.000000 0.785009 -0.047101
223.000000 226.000000 -0.304584 -0.043961
228.000000 226.000000 -0.288883 -0.043961
263.000000 226.000000 -0.178982 -0.043961
272.000000 226.000000 -0.150722 -0.043961
278.000000 226.000000 -0.131882 -0.043961
289.000000 226.000000 -0.097341 -0.043961
346.000000 226.000000 0.081641 -0.043961
369.000000 226.000000 0.153862 -0.043961
590.000000 226.000000 0.847810 -0.043961
605.000000 226.000000 0.894911 -0.043961
216.000000 227.000000 -0.326564 -0.040820
219.000000 227.000000 -0.317144 -0.040820
431.000000 227.000000 0.348544 -0.040820
434.000000 227.000000 0.357964 -0.040820
629.000000 227.000000 0.970271 -0.040820
33.000000 228.000000 -0.901191 -0.037680
44.000000 228.000000 -0.866650 -0.037680
182.000000 228.000000 -0.433325 -0.037680
279.000000 228.000000 -0.128742 -0.037680
401.000000 228.000000 0.254343 -0.037680
120.000000 229.000000 -0.628007 -0.034540
131.000000 229.000000 -0.593467 -0.034540
152.000000 229.000000 -0.527526 -0.034540
212.000000 229.000000 -0.339124 -0.034540
230.000000 229.000000 -0.282603 -0.034540
254.000000 229.000000 -0.207242 -0.034540
274.000000 229.000000 -0.144442 -0.034540
337.000000 229.000000 0.053381 -0.034540
557.000000 229.000000 0.744189 -0.034540
582.000000 229.000000 0.822690 -0.034540
636.000000 229.000000 0.992252 -0.034540
11.000000 230.000000 -0.970271 -0.031400
139.000000 230.000000 -0.568347 -0.031400
216.000000 230.000000 -0.326564 -0.031400
225.000000 230.000000 -0.298304 -0.031400
272.000000 230.000000 -0.150722 -0.031400
287.000000 230.000000 -0.103621 -0.031400
402.000000 230.000000 0.257483 -0.031400
432.000000 230.000000 0.351684 -0.031400
443.000000 230.000000 0.386225 -0.031400
475.000000 230.000000 0.486706 -0.031400
477.000000 230.000000 0.492986 -0.031400
479.000000 230.000000 0.499266 -0.031400
540.000000 230.000000 0.690808 -0.031400
564.000000 230.000000 0.766169 -0.031400
568.000000 230.000000 0.778729 -0.031400
623.000000 230.000000 0.951431 -0.031400
625.000000 230.000000 0.957711 -0.031400
42.000000 231.000000 -0.872930 -0.028260
127.000000 231.000000 -0.606027 -0.028260
218.000000 231.000000 -0.320284 -0.028260
277.000000 231.000000 -0.135022 -0.028260
454.000000 231.000000 0.420765 -0.028260
456.000000 231.000000 0.427045 -0.028260
459.000000 231.000000 0.436465 -0.028260
473.000000 231.000000 0.480426 -0.028260
510.000000 231.000000 0.596607 -0.028260
179.000000 232.000000 -0.442745 -0.025120
221.000000 232.000000 -0.310864 -0.025120
225.000000 232.000000 -0.298304 -0.025120
349.000000 232.000000 0.091061 -0.025120
475.000000 232.000000 0.486706 -0.025120
540.000000 232.000000 0.690808 -0.025120
547.000000 232.000000 0.712788 -0.025120
577.000000 232.000000 0.806990 -0.025120
612.000000 232.000000 0.916891 -0.025120
624.000000 232.000000 0.954571 -0.025120
44.000000 233.000000 -0.866650 -0.021980
134.000000 233.000000 -0.584047 -0.021980
218.000000 233.000000 -0.320284 -0.021980
262.000000 233.000000 -0.182122 -0.021980
267.000000 233.000000 -0.166422 -0.021980
273.000000 233.000000 -0.147582 -0.021980
279.000000 233.000000 -0.128742 -0.021980
294.000000 233.000000 -0.081641 -0.021980
304.000000 233.000000 -0.050241 -0.021980
319.000000 233.000000 -0.003140 -0.021980
454.000000 233.000000 0.420765 -0.021980
460.000000 233.000000 0.439605 -0.021980
492.000000 233.000000 0.540086 -0.021980
545.000000 233.000000 0.706508 -0.021980
590.000000 233.000000 0.847810 -0.021980
592.000000 233.000000 0.854090 -0.021980
632.000000 233.000000 0.979692 -0.021980
636.000000 233.000000 0.992252 -0.021980
6.000000 234.000000 -0.985972 -0.018840
282.000000 234.000000 -0.119321 -0.018840
457.000000 234.000000 0.430185 -0.018840
496.000000 234.000000 0.552647 -0.018840
500.000000 234.000000 0.565207 -0.018840
511.000000 234.000000 0.599747 -0.018840
514.000000 234.000000 0.609167 -0.018840
516.000000 234.000000 0.615447 -0.018840
562.000000 234.000000 0.759889 -0.018840
568.000000 234.000000 0.778729 -0.018840
179.000000 235.000000 -0.442745 -0.015700
207.000000 235.000000 -0.354824 -0.015700
240.000000 235.000000 -0.251203 -0.015700
298.000000 235.000000 -0.069081 -0.015700
550.000000 235.000000 0.722209 -0.015700
564.000000 235.000000 0.766169 -0.015700
566.000000 235.000000 0.772449 -0.015700
585.000000 235.000000 0.832110 -0.015700
20.000000 236.000000 -0.942011 -0.012560
33.000000 236.000000 -0.901191 -0.012560
223.000000 236.000000 -0.304584 -0.012560
255.000000 236.000000 -0.204102 -0.012560
270.000000 236.000000 -0.157002 -0.012560
485.000000 236.000000 0.518106 -0.012560
217.000000 237.000000 -0.323424 -0.009420
257.000000 237.000000 -0.197822 -0.009420
328.000000 237.000000 0.025120 -0.009420
334.000000 237.000000 0.043961 -0.009420
220.000000 238.000000 -0.314004 -0.006280
226.000000 238.000000 -0.295163 -0.006280
249.000000 238.000000 -0.222943 -0.006280
251.000000 238.000000 -0.216663 -0.006280
268.000000 238.000000 -0.163282 -0.006280
253.000000 239.000000 -0.210382 -0.003140
257.000000 239.000000 -0.197822 -0.003140
273.000000 239.000000 -0.147582 -0.003140
275.000000 239.000000 -0.141302 -0.003140
463.000000 239.000000 0.449025 -0.003140
483.000000 239.000000 0.511826 -0.003140
489.000000 239.000000 0.530666 -0.003140
561.000000 239.000000 0.756749 -0.003140
564.000000 239.000000 0.766169 -0.003140
139.000000 240.000000 -0.568347 0.000000
262.000000 240.000000 -0.182122 0.000000
277.000000 240.000000 -0.135022 0.000000
346.000000 240.000000 0.081641 0.000000
348.000000 240.000000 0.087921 0.000000
351.000000 240.000000 0.097341 0.000000
398.000000 240.000000 0.244923 0.000000
438.000000 240.000000 0.370524 0.000000
444.000000 240.000000 0.389365 0.000000
446.000000 240.000000 0.395645 0.000000
450.000000 240.000000 0.408205 0.000000
457.000000 240.000000 0.430185 0.000000
470.000000 240.000000 0.471006 0.000000
474.000000 240.000000 0.483566 0.000000
478.000000 240.000000 0.496126 0.000000
480.000000 240.000000 0.502406 0.000000
600.000000 240.000000 0.879210 0.000000
621.000000 240.000000 0.945151 0.000000
243.000000 241.000000 -0.241783 0.003140
247.000000 241.000000 -0.229223 0.003140
259.000000 241.000000 -0.191542 0.003140
463.000000 241.000000 0.449025 0.003140
569.000000 241.000000 0.781869 0.003140
576.000000 241.000000 0.803850 0.003140
588.000000 241.000000 0.841530 0.003140
591.000000 241.000000 0.850950 0.003140
612.000000 241.000000 0.916891 0.003140
617.000000 241.000000 0.932591 0.003140
264.000000 242.000000 -0.175842 0.006280
326.000000 242.000000 0.018840 0.006280
456.000000 242.000000 0.427045 0.006280
624.000000 242.000000 0.954571 0.006280
296.000000 243.000000 -0.075361 0.009420
381.000000 243.000000 0.191542 0.009420
615.000000 243.000000 0.926311 0.009420
217.000000 244.000000 -0.323424 0.012560
225.000000 244.000000 -0.298304 0.012560
399.000000 244.000000 0.248063 0.012560
625.000000 244.000000 0.957711 0.012560
179.000000 245.000000 -0.442745 0.015700
296.000000 245.000000 -0.075361 0.015700
350.000000 245.000000 0.094201 0.015700
451.000000 245.000000 0.411345 0.015700
555.000000 245.000000 0.737909 0.015700
116.000000 246.000000 -0.640568 0.018840
136.000000 246.000000 -0.577767 0.018840
181.000000 246.000000 -0.436465 0.018840
189.000000 246.000000 -0.411345 0.018840
397.000000 246.000000 0.241783 0.018840
430.000000 246.000000 0.345404 0.018840
623.000000 246.000000 0.951431 0.018840
200.000000 247.000000 -0.376804 0.021980
233.000000 247.000000 -0.273183 0.021980
296.000000 247.000000 -0.075361 0.021980
305.000000 248.000000 -0.047101 0.025120
456.000000 248.000000 0.427045 0.025120
34.000000 249.000000 -0.898051 0.028260
296.000000 249.000000 -0.075361 0.028260
435.000000 249.000000 0.361104 0.028260
442.000000 249.000000 0.383085 0.028260
449.000000 249.000000 0.405065 0.028260
453.000000 249.000000 0.417625 0.028260
460.000000 249.000000 0.439605 0.028260
481.000000 249.000000 0.505546 0.028260
494.000000 249.000000 0.546366 0.028260
501.000000 249.000000 0.568347 0.028260
508.000000 249.000000 0.590327 0.028260
511.000000 249.000000 0.599747 0.028260
554.000000 249.000000 0.734769 0.028260
562.000000 249.000000 0.759889 0.028260
569.000000 249.000000 0.781869 0.028260
586.000000 249.000000 0.835250 0.028260
600.000000 249.000000 0.879210 0.028260
604.000000 249.000000 0.891771 0.028260
610.000000 249.000000 0.910611 0.028260
618.000000 249.000000 0.935731 0.028260
633.000000 249.000000 0.982832 0.028260
216.000000 250.000000 -0.326564 0.031400
312.000000 250.000000 -0.025120 0.031400
430.000000 250.000000 0.345404 0.031400
52.000000 251.000000 -0.841530 0.034540
194.000000 251.000000 -0.395645 0.034540
223.000000 251.000000 -0.304584 0.034540
294.000000 251.000000 -0.081641 0.034540
399.000000 251.000000 0.248063 0.034540
14.000000 252.000000 -0.960851 0.037680
20.000000 252.000000 -0.942011 0.037680
198.000000 252.000000 -0.383085 0.037680
216.000000 252.000000 -0.326564 0.037680
47.000000 253.000000 -0.857230 0.040820
57.000000 253.000000 -0.825830 0.040820
207.000000 253.000000 -0.354824 0.040820
258.000000 253.000000 -0.194682 0.040820
454.000000 253.000000 0.420765 0.040820
475.000000 253.000000 0.486706 0.040820
305.000000 254.000000 -0.047101 0.043961
409.000000 254.000000 0.279463 0.043961
430.000000 254.000000 0.345404 0.043961
494.000000 254.000000 0.546366 0.043961
632.000000 254.000000 0.979692 0.043961
200.000000 255.000000 -0.376804 0.047101
328.000000 255.000000 0.025120 0.047101
330.000000 255.000000 0.031400 0.047101
531.000000 255.000000 0.662548 0.047101
572.000000 255.000000 0.791289 0.047101
579.000000 255.000000 0.813270 0.047101
588.000000 255.000000 0.841530 0.047101
593.000000 255.000000 0.857230 0.047101
597.000000 255.000000 0.869790 0.047101
214.000000 256.000000 -0.332844 0.050241
289.000000 256.000000 -0.097341 0.050241
305.000000 256.000000 -0.047101 0.050241
445.000000 256.000000 0.392505 0.050241
564.000000 256.000000 0.766169 0.050241
5.000000 257.000000 -0.989112 0.053381
11.000000 257.000000 -0.970271 0.053381
139.000000 257.000000 -0.568347 0.053381
235.000000 257.000000 -0.266903 0.053381
243.000000 257.000000 -0.241783 0.053381
280.000000 257.000000 -0.125601 0.053381
342.000000 257.000000 0.069081 0.053381
515.000000 257.000000 0.612307 0.053381
294.000000 258.000000 -0.081641 0.056521
540.000000 258.000000 0.690808 0.056521
128.000000 259.000000 -0.602887 0.059661
285.000000 259.000000 -0.109901 0.059661
327.000000 259.000000 0.021980 0.059661
358.000000 259.000000 0.119321 0.059661
139.000000 260.000000 -0.568347 0.062801
303.000000 260.000000 -0.053381 0.062801
455.000000 260.000000 0.423905 0.062801
626.000000 260.000000 0.960851 0.062801
133.000000 261.000000 -0.587187 0.065941
559.000000 261.000000 0.750469 0.065941
590.000000 261.000000 0.847810 0.065941
610.000000 261.000000 0.910611 0.065941
51.000000 262.000000 -0.844670 0.069081
124.000000 262.000000 -0.615447 0.069081
193.000000 262.000000 -0.398785 0.069081
197.000000 262.000000 -0.386225 0.069081
219.000000 262.000000 -0.317144 0.069081
293.000000 262.000000 -0.084781 0.069081
69.000000 263.000000 -0.788149 0.072221
568.000000 263.000000 0.778729 0.072221
182.000000 264.000000 -0.433325 0.075361
224.000000 264.000000 -0.301444 0.075361
197.000000 265.000000 -0.386225 0.078501
327.000000 265.000000 0.021980 0.078501
336.000000 265.000000 0.050241 0.078501
456.000000 265.000000 0.427045 0.078501
309.000000 266.000000 -0.034540 0.081641
57.000000 267.000000 -0.825830 0.084781
153.000000 267.000000 -0.524386 0.084781
428.000000 267.000000 0.339124 0.084781
445.000000 267.000000 0.392505 0.084781
453.000000 267.000000 0.417625 0.084781
583.000000 267.000000 0.825830 0.084781
609.000000 267.000000 0.907471 0.084781
614.000000 267.000000 0.923171 0.084781
121.000000 268.000000 -0.624867 0.087921
456.000000 268.000000 0.427045 0.087921
40.000000 269.000000 -0.879210 0.091061
296.000000 269.000000 -0.075361 0.091061
53.000000 270.000000 -0.838390 0.094201
230.000000 270.000000 -0.282603 0.094201
6.000000 271.000000 -0.985972 0.097341
336.000000 271.000000 0.050241 0.097341
455.000000 271.000000 0.423905 0.097341
536.000000 271.000000 0.678248 0.097341
330.000000 272.000000 0.031400 0.100481
190.000000 273.000000 -0.408205 0.103621
602.000000 273.000000 0.885490 0.103621
15.000000 274.000000 -0.957711 0.106761
40.000000 274.000000 -0.879210 0.106761
56.000000 274.000000 -0.828970 0.106761
235.000000 274.000000 -0.266903 0.106761
405.000000 274.000000 0.266903 0.106761
33.000000 275.000000 -0.901191 0.109901
52.000000 275.000000 -0.841530 0.109901
164.000000 275.000000 -0.489846 0.109901
183.000000 275.000000 -0.430185 0.109901
237.000000 275.000000 -0.260623 0.109901
327.000000 275.000000 0.021980 0.109901
452.000000 275.000000 0.414485 0.109901
597.000000 275.000000 0.869790 0.109901
606.000000 275.000000 0.898051 0.109901
99.000000 276.000000 -0.693948 0.113041
139.000000 276.000000 -0.568347 0.113041
189.000000 276.000000 -0.411345 0.113041
288.000000 276.000000 -0.100481 0.113041
430.000000 276.000000 0.345404 0.113041
483.000000 276.000000 0.511826 0.113041
548.000000 276.000000 0.715928 0.113041
550.000000 276.000000 0.722209 0.113041
73.000000 277.000000 -0.775589 0.116181
134.000000 277.000000 -0.584047 0.116181
213.000000 277.000000 -0.335984 0.116181
294.000000 277.000000 -0.081641 0.116181
303.000000 277.000000 -0.053381 0.116181
336.000000 277.000000 0.050241 0.116181
399.000000 277.000000 0.248063 0.116181
428.000000 277.000000 0.339124 0.116181
458.000000 277.000000 0.433325 0.116181
493.000000 277.000000 0.543226 0.116181
614.000000 277.000000 0.923171 0.116181
620.000000 277.000000 0.942011 0.116181
25.000000 278.000000 -0.926311 0.119321
56.000000 278.000000 -0.828970 0.119321
140.000000 278.000000 -0.565207 0.119321
183.000000 278.000000 -0.430185 0.119321
234.000000 278.000000 -0.270043 0.119321
312.000000 278.000000 -0.025120 0.119321
327.000000 278.000000 0.021980 0.119321
446.000000 278.000000 0.395645 0.119321
288.000000 279.000000 -0.100481 0.122461
308.000000 279.000000 -0.037680 0.122461
402.000000 279.000000 0.257483 0.122461
593.000000 279.000000 0.857230 0.122461
608.000000 279.000000 0.904331 0.122461
631.000000 279.000000 0.976552 0.122461
31.000000 280.000000 -0.907471 0.125601
44.000000 280.000000 -0.866650 0.125601
50.000000 280.000000 -0.847810 0.125601
56.000000 280.000000 -0.828970 0.125601
184.000000 280.000000 -0.427045 0.125601
203.000000 280.000000 -0.367384 0.125601
338.000000 280.000000 0.056521 0.125601
482.000000 280.000000 0.508686 0.125601
179.000000 281.000000 -0.442745 0.128742
191.000000 281.000000 -0.405065 0.128742
237.000000 281.000000 -0.260623 0.128742
128.000000 282.000000 -0.602887 0.131882
312.000000 282.000000 -0.025120 0.131882
400.000000 282.000000 0.251203 0.131882
438.000000 282.000000 0.370524 0.131882
287.000000 283.000000 -0.103621 0.135022
602.000000 283.000000 0.885490 0.135022
606.000000 283.000000 0.898051 0.135022
37.000000 284.000000 -0.888631 0.138162
183.000000 284.000000 -0.430185 0.138162
231.000000 284.000000 -0.279463 0.138162
307.000000 284.000000 -0.040820 0.138162
54.000000 285.000000 -0.835250 0.141302
179.000000 285.000000 -0.442745 0.141302
431.000000 285.000000 0.348544 0.141302
577.000000 285.000000 0.806990 0.141302
187.000000 286.000000 -0.417625 0.144442
192.000000 286.000000 -0.401925 0.144442
34.000000 287.000000 -0.898051 0.147582
312.000000 288.000000 -0.025120 0.150722
397.000000 288.000000 0.241783 0.150722
434.000000 289.000000 0.357964 0.153862
11.000000 290.000000 -0.970271 0.157002
429.000000 290.000000 0.342264 0.157002
229.000000 291.000000 -0.285743 0.160142
628.000000 291.000000 0.967131 0.160142
58.000000 292.000000 -0.822690 0.163282
233.000000 292.000000 -0.273183 0.163282
25.000000 294.000000 -0.926311 0.169562
249.000000 294.000000 -0.222943 0.169562
255.000000 294.000000 -0.204102 0.169562
617.000000 294.000000 0.932591 0.169562
626.000000 294.000000 0.960851 0.169562
630.000000 294.000000 0.973412 0.169562
58.000000 295.000000 -0.822690 0.172702
131.000000 295.000000 -0.593467 0.172702
158.000000 295.000000 -0.508686 0.172702
170.000000 295.000000 -0.471006 0.172702
234.000000 295.000000 -0.270043 0.172702
312.000000 295.000000 -0.025120 0.172702
335.000000 295.000000 0.047101 0.172702
337.000000 295.000000 0.053381 0.172702
346.000000 295.000000 0.081641 0.172702
398.000000 295.000000 0.244923 0.172702
614.000000 295.000000 0.923171 0.172702
624.000000 295.000000 0.954571 0.172702
48.000000 296.000000 -0.854090 0.175842
230.000000 296.000000 -0.282603 0.175842
232.000000 296.000000 -0.276323 0.175842
374.000000 296.000000 0.169562 0.175842
378.000000 296.000000 0.182122 0.175842
382.000000 296.000000 0.194682 0.175842
389.000000 296.000000 0.216663 0.175842
409.000000 296.000000 0.279463 0.175842
618.000000 296.000000 0.935731 0.175842
228.000000 297.000000 -0.288883 0.178982
309.000000 297.000000 -0.034540 0.178982
314.000000 297.000000 -0.018840 0.178982
326.000000 297.000000 0.018840 0.178982
353.000000 297.000000 0.103621 0.178982
466.000000 297.000000 0.458445 0.178982
494.000000 297.000000 0.546366 0.178982
501.000000 297.000000 0.568347 0.178982
504.000000 297.000000 0.577767 0.178982
515.000000 297.000000 0.612307 0.178982
539.000000 297.000000 0.687668 0.178982
252.000000 298.000000 -0.213523 0.182122
336.000000 298.000000 0.050241 0.182122
365.000000 298.000000 0.141302 0.182122
453.000000 298.000000 0.417625 0.182122
497.000000 298.000000 0.555787 0.182122
511.000000 298.000000 0.599747 0.182122
519.000000 298.000000 0.624867 0.182122
535.000000 298.000000 0.675108 0.182122
51.000000 299.000000 -0.844670 0.185262
220.000000 299.000000 -0.314004 0.185262
222.000000 299.000000 -0.307724 0.185262
228.000000 299.000000 -0.288883 0.185262
432.000000 299.000000 0.351684 0.185262
485.000000 299.000000 0.518106 0.185262
225.000000 300.000000 -0.298304 0.188402
248.000000 300.000000 -0.226083 0.188402
261.000000 300.000000 -0.185262 0.188402
284.000000 300.000000 -0.113041 0.188402
430.000000 300.000000 0.345404 0.188402
47.000000 301.000000 -0.857230 0.191542
156.000000 301.000000 -0.514966 0.191542
166.000000 301.000000 -0.483566 0.191542
204.000000 301.000000 -0.364244 0.191542
57.000000 302.000000 -0.825830 0.194682
231.000000 302.000000 -0.279463 0.194682
257.000000 302.000000 -0.197822 0.194682
293.000000 302.000000 -0.084781 0.194682
326.000000 302.000000 0.018840 0.194682
427.000000 302.000000 0.335984 0.194682
15.000000 303.000000 -0.957711 0.197822
213.000000 303.000000 -0.335984 0.197822
260.000000 303.000000 -0.188402 0.197822
403.000000 303.000000 0.260623 0.197822
53.000000 304.000000 -0.838390 0.200962
154.000000 304.000000 -0.521246 0.200962
231.000000 304.000000 -0.279463 0.200962
251.000000 304.000000 -0.216663 0.200962
258.000000 304.000000 -0.194682 0.200962
290.000000 304.000000 -0.094201 0.200962
383.000000 304.000000 0.197822 0.200962
385.000000 304.000000 0.204102 0.200962
32.000000 305.000000 -0.904331 0.204102
246.000000 305.000000 -0.232363 0.204102
400.000000 305.000000 0.251203 0.204102
230.000000 306.000000 -0.282603 0.207242
311.000000 306.000000 -0.028260 0.207242
398.000000 306.000000 0.244923 0.207242
124.000000 307.000000 -0.615447 0.210382
259.000000 307.000000 -0.191542 0.210382
274.000000 307.000000 -0.144442 0.210382
309.000000 307.000000 -0.034540 0.210382
340.000000 307.000000 0.062801 0.210382
363.000000 307.000000 0.135022 0.210382
415.000000 307.000000 0.298304 0.210382
132.000000 308.000000 -0.590327 0.213523
155.000000 308.000000 -0.518106 0.213523
230.000000 308.000000 -0.282603 0.213523
403.000000 308.000000 0.260623 0.213523
96.000000 309.000000 -0.703368 0.216663
139.000000 309.000000 -0.568347 0.216663
192.000000 309.000000 -0.401925 0.216663
261.000000 309.000000 -0.185262 0.216663
269.000000 309.000000 -0.160142 0.216663
14.000000 310.000000 -0.960851 0.219803
18.000000 310.000000 -0.948291 0.219803
241.000000 310.000000 -0.248063 0.219803
272.000000 310.000000 -0.150722 0.219803
254.000000 312.000000 -0.207242 0.226083
260.000000 312.000000 -0.188402 0.226083
263.000000 312.000000 -0.178982 0.226083
288.000000 312.000000 -0.100481 0.226083
304.000000 312.000000 -0.050241 0.226083
129.000000 313.000000 -0.599747 0.229223
248.000000 313.000000 -0.226083 0.229223
329.000000 314.000000 0.028260 0.232363
84.000000 316.000000 -0.741049 0.238643
322.000000 316.000000 0.006280 0.238643
335.000000 316.000000 0.047101 0.238643
44.000000 317.000000 -0.866650 0.241783
94.000000 317.000000 -0.709648 0.241783
117.000000 317.000000 -0.637428 0.241783
314.000000 317.000000 -0.018840 0.241783
17.000000 318.000000 -0.951431 0.244923
36.000000 318.000000 -0.891771 0.244923
155.000000 318.000000 -0.518106 0.244923
327.000000 318.000000 0.021980 0.244923
330.000000 318.000000 0.031400 0.244923
5.000000 320.000000 -0.989112 0.251203
152.000000 320.000000 -0.527526 0.251203
71.000000 321.000000 -0.781869 0.254343
331.000000 322.000000 0.034540 0.257483
117.000000 323.000000 -0.637428 0.260623
12.000000 324.000000 -0.967131 0.263763
62.000000 324.000000 -0.810130 0.263763
153.000000 324.000000 -0.524386 0.263763
325.000000 324.000000 0.015700 0.263763
167.000000 326.000000 -0.480426 0.270043
287.000000 326.000000 -0.103621 0.270043
158.000000 327.000000 -0.508686 0.273183
297.000000 327.000000 -0.072221 0.273183
329.000000 327.000000 0.028260 0.273183
9.000000 328.000000 -0.976552 0.276323
212.000000 328.000000 -0.339124 0.276323
244.000000 328.000000 -0.238643 0.276323
226.000000 329.000000 -0.295163 0.279463
257.000000 329.000000 -0.197822 0.279463
263.000000 330.000000 -0.178982 0.282603
129.000000 332.000000 -0.599747 0.288883
229.000000 332.000000 -0.285743 0.288883
326.000000 332.000000 0.018840 0.288883
79.000000 333.000000 -0.756749 0.292023
140.000000 333.000000 -0.565207 0.292023
208.000000 333.000000 -0.351684 0.292023
144.000000 334.000000 -0.552647 0.295163
260.000000 336.000000 -0.188402 0.301444
289.000000 336.000000 -0.097341 0.301444
293.000000 336.000000 -0.084781 0.301444
608.000000 336.000000 0.904331 0.301444
285.000000 337.000000 -0.109901 0.304584
208.000000 338.000000 -0.351684 0.307724
279.000000 338.000000 -0.128742 0.307724
344.000000 338.000000 0.075361 0.307724
566.000000 338.000000 0.772449 0.307724
335.000000 339.000000 0.047101 0.310864
198.000000 340.000000 -0.383085 0.314004
222.000000 340.000000 -0.307724 0.314004
550.000000 340.000000 0.722209 0.314004
130.000000 341.000000 -0.596607 0.317144
181.000000 341.000000 -0.436465 0.317144
298.000000 341.000000 -0.069081 0.317144
529.000000 341.000000 0.656268 0.317144
545.000000 341.000000 0.706508 0.317144
553.000000 341.000000 0.731629 0.317144
617.000000 341.000000 0.932591 0.317144
344.000000 342.000000 0.075361 0.320284
611.000000 342.000000 0.913751 0.320284
209.000000 343.000000 -0.348544 0.323424
501.000000 343.000000 0.568347 0.323424
509.000000 343.000000 0.593467 0.323424
511.000000 343.000000 0.599747 0.323424
90.000000 344.000000 -0.722209 0.326564
496.000000 344.000000 0.552647 0.326564
551.000000 344.000000 0.725349 0.326564
555.000000 344.000000 0.737909 0.326564
559.000000 344.000000 0.750469 0.326564
610.000000 344.000000 0.910611 0.326564
55.000000 345.000000 -0.832110 0.329704
127.000000 345.000000 -0.606027 0.329704
156.000000 345.000000 -0.514966 0.329704
283.000000 345.000000 -0.116181 0.329704
276.000000 346.000000 -0.138162 0.332844
478.000000 346.000000 0.496126 0.332844
572.000000 346.000000 0.791289 0.332844
460.000000 347.000000 0.439605 0.335984
483.000000 347.000000 0.511826 0.335984
562.000000 347.000000 0.759889 0.335984
578.000000 347.000000 0.810130 0.335984
15.000000 348.000000 -0.957711 0.339124
149.000000 348.000000 -0.536946 0.339124
52.000000 349.000000 -0.841530 0.342264
205.000000 349.000000 -0.361104 0.342264
242.000000 349.000000 -0.244923 0.342264
423.000000 349.000000 0.323424 0.342264
520.000000 349.000000 0.628007 0.342264
578.000000 349.000000 0.810130 0.342264
198.000000 350.000000 -0.383085 0.345404
412.000000 350.000000 0.288883 0.345404
479.000000 350.000000 0.499266 0.345404
488.000000 350.000000 0.527526 0.345404
510.000000 350.000000 0.596607 0.345404
512.000000 350.000000 0.602887 0.345404
516.000000 350.000000 0.615447 0.345404
49.000000 351.000000 -0.850950 0.348544
155.000000 351.000000 -0.518106 0.348544
217.000000 351.000000 -0.323424 0.348544
484.000000 351.000000 0.514966 0.348544
171.000000 352.000000 -0.467866 0.351684
226.000000 352.000000 -0.295163 0.351684
47.000000 353.000000 -0.857230 0.354824
182.000000 353.000000 -0.433325 0.354824
202.000000 353.000000 -0.370524 0.354824
479.000000 353.000000 0.499266 0.354824
606.000000 353.000000 0.898051 0.354824
126.000000 354.000000 -0.609167 0.357964
140.000000 354.000000 -0.565207 0.357964
240.000000 354.000000 -0.251203 0.357964
354.000000 354.000000 0.106761 0.357964
466.000000 354.000000 0.458445 0.357964
135.000000 355.000000 -0.580907 0.361104
137.000000 356.000000 -0.574627 0.364244
218.000000 356.000000 -0.320284 0.364244
419.000000 356.000000 0.310864 0.364244
3.000000 357.000000 -0.995392 0.367384
363.000000 357.000000 0.135022 0.367384
416.000000 357.000000 0.301444 0.367384
600.000000 357.000000 0.879210 0.367384
99.000000 359.000000 -0.693948 0.373664
108.000000 359.000000 -0.665688 0.373664
416.000000 359.000000 0.301444 0.373664
605.000000 359.000000 0.894911 0.373664
608.000000 360.000000 0.904331 0.376804
203.000000 361.000000 -0.367384 0.379945
399.000000 361.000000 0.248063 0.379945
118.000000 362.000000 -0.634288 0.383085
420.000000 362.000000 0.314004 0.383085
189.000000 363.000000 -0.411345 0.386225
198.000000 363.000000 -0.383085 0.386225
113.000000 364.000000 -0.649988 0.389365
130.000000 365.000000 -0.596607 0.392505
113.000000 366.000000 -0.649988 0.395645
123.000000 368.000000 -0.618587 0.401925
126.000000 368.000000 -0.609167 0.401925
120.000000 369.000000 -0.628007 0.405065
371.000000 369.000000 0.160142 0.405065
376.000000 375.000000 0.175842 0.423905
198.000000 377.000000 -0.383085 0.430185
380.000000 379.000000 0.188402 0.436465
100.000000 380.000000 -0.690808 0.439605
108.000000 382.000000 -0.665688 0.445885
423.000000 382.000000 0.323424 0.445885
601.000000 383.000000 0.882350 0.449025
386.000000 386.000000 0.207242 0.458445
98.000000 389.000000 -0.697088 0.467866
101.000000 389.000000 -0.687668 0.467866
97.000000 391.000000 -0.700228 0.474146
510.000000 391.000000 0.596607 0.474146
95.000000 392.000000 -0.706508 0.477286
518.000000 393.000000 0.621727 0.480426
605.000000 393.000000 0.894911 0.480426
395.000000 394.000000 0.235503 0.483566
139.000000 395.000000 -0.568347 0.486706
476.000000 397.000000 0.489846 0.492986
522.000000 397.000000 0.634288 0.492986
570.000000 398.000000 0.785009 0.496126
86.000000 399.000000 -0.734769 0.499266
482.000000 400.000000 0.508686 0.502406
563.000000 402.000000 0.763029 0.508686
469.000000 403.000000 0.467866 0.511826
556.000000 403.000000 0.741049 0.511826
7.000000 405.000000 -0.982832 0.518106
406.000000 405.000000 0.270043 0.518106
78.000000 406.000000 -0.759889 0.521246
211.000000 406.000000 -0.342264 0.521246
55.000000 407.000000 -0.832110 0.524386
54.000000 409.000000 -0.835250 0.530666
38.000000 410.000000 -0.885490 0.533806
43.000000 410.000000 -0.869790 0.533806
369.000000 410.000000 0.153862 0.533806
529.000000 410.000000 0.656268 0.533806
37.000000 412.000000 -0.888631 0.540086
465.000000 412.000000 0.455305 0.540086
472.000000 412.000000 0.477286 0.540086
446.000000 416.000000 0.395645 0.552647
429.000000 418.000000 0.342264 0.558927
124.000000 420.000000 -0.615447 0.565207
213.000000 421.000000 -0.335984 0.568347
170.000000 422.000000 -0.471006 0.571487
103.000000 423.000000 -0.681388 0.574627
139.000000 423.000000 -0.568347 0.574627
228.000000 423.000000 -0.288883 0.574627
414.000000 423.000000 0.295163 0.574627
560.000000 424.000000 0.753609 0.577767
407.000000 425.000000 0.273183 0.580907
55.000000 426.000000 -0.832110 0.584047
108.000000 426.000000 -0.665688 0.584047
137.000000 426.000000 -0.574627 0.584047
60.000000 427.000000 -0.816410 0.587187
384.000000 427.000000 0.200962 0.587187
391.000000 427.000000 0.222943 0.587187
543.000000 427.000000 0.700228 0.587187
98.000000 429.000000 -0.697088 0.593467
376.000000 429.000000 0.175842 0.593467
176.000000 430.000000 -0.452165 0.596607
369.000000 430.000000 0.153862 0.596607
537.000000 430.000000 0.681388 0.596607
361.000000 431.000000 0.128742 0.599747
525.000000 431.000000 0.643708 0.599747
123.000000 432.000000 -0.618587 0.602887
345.000000 432.000000 0.078501 0.602887
353.000000 432.000000 0.103621 0.602887
297.000000 433.000000 -0.072221 0.606027
72.000000 434.000000 -0.778729 0.609167
69.000000 435.000000 -0.788149 0.612307
169.000000 435.000000 -0.474146 0.612307
194.000000 435.000000 -0.395645 0.612307
322.000000 435.000000 0.006280 0.612307
57.000000 436.000000 -0.825830 0.615447
145.000000 436.000000 -0.549506 0.615447
313.000000 436.000000 -0.021980 0.615447
54.000000 437.000000 -0.835250 0.618587
94.000000 437.000000 -0.709648 0.618587
202.000000 437.000000 -0.370524 0.618587
502.000000 437.000000 0.571487 0.618587
161.000000 438.000000 -0.499266 0.621727
306.000000 438.000000 -0.043961 0.621727
90.000000 439.000000 -0.722209 0.624867
298.000000 439.000000 -0.069081 0.624867
569.000000 439.000000 0.781869 0.624867
10.000000 440.000000 -0.973412 0.628007
131.000000 440.000000 -0.593467 0.628007
190.000000 440.000000 -0.408205 0.628007
197.000000 440.000000 -0.386225 0.628007
282.000000 440.000000 -0.119321 0.628007
291.000000 440.000000 -0.091061 0.628007
416.000000 440.000000 0.301444 0.628007
48.000000 441.000000 -0.854090 0.631147
274.000000 441.000000 -0.144442 0.631147
122.000000 442.000000 -0.621727 0.634288
507.000000 443.000000 0.587187 0.637428
79.000000 444.000000 -0.756749 0.640568
251.000000 444.000000 -0.216663 0.640568
515.000000 444.000000 0.612307 0.640568
598.000000 444.000000 0.872930 0.640568
95.000000 445.000000 -0.706508 0.643708
244.000000 445.000000 -0.238643 0.643708
593.000000 445.000000 0.857230 0.643708
159.000000 446.000000 -0.505546 0.646848
96.000000 447.000000 -0.703368 0.649988
415.000000 447.000000 0.298304 0.649988
509.000000 447.000000 0.593467 0.649988
228.000000 448.000000 -0.288883 0.653128
593.000000 448.000000 0.857230 0.653128
220.000000 449.000000 -0.314004 0.656268
238.000000 449.000000 -0.257483 0.656268
354.000000 449.000000 0.106761 0.656268
212.000000 450.000000 -0.339124 0.659408
197.000000 451.000000 -0.386225 0.662548
204.000000 451.000000 -0.364244 0.662548
332.000000 451.000000 0.037680 0.662548
504.000000 452.000000 0.577767 0.665688
181.000000 453.000000 -0.436465 0.668828
190.000000 453.000000 -0.408205 0.668828
217.000000 453.000000 -0.323424 0.668828
290.000000 453.000000 -0.094201 0.668828
143.000000 454.000000 -0.555787 0.671968
164.000000 454.000000 -0.489846 0.671968
173.000000 454.000000 -0.461585 0.671968
166.000000 455.000000 -0.483566 0.675108
574.000000 455.000000 0.797569 0.675108
51.000000 456.000000 -0.844670 0.678248
591.000000 456.000000 0.850950 0.678248
150.000000 457.000000 -0.533806 0.681388
159.000000 457.000000 -0.505546 0.681388
303.000000 457.000000 -0.053381 0.681388
489.000000 457.000000 0.530666 0.681388
79.000000 458.000000 -0.756749 0.684528
163.000000 458.000000 -0.492986 0.684528
628.000000 458.000000 0.967131 0.684528
115.000000 459.000000 -0.643708 0.687668
134.000000 459.000000 -0.584047 0.687668
143.000000 459.000000 -0.555787 0.687668
615.000000 459.000000 0.926311 0.687668
77.000000 460.000000 -0.763029 0.690808
124.000000 460.000000 -0.615447 0.690808
356.000000 460.000000 0.113041 0.690808
387.000000 460.000000 0.210382 0.690808
454.000000 460.000000 0.420765 0.690808
593.000000 460.000000 0.857230 0.690808
119.000000 461.000000 -0.631147 0.693948
84.000000 462.000000 -0.741049 0.697088
137.000000 462.000000 -0.574627 0.697088
407.000000 462.000000 0.273183 0.697088
28.000000 463.000000 -0.916891 0.700228
88.000000 463.000000 -0.728489 0.700228
103.000000 463.000000 -0.681388 0.700228
112.000000 463.000000 -0.653128 0.700228
129.000000 463.000000 -0.599747 0.700228
133.000000 463.000000 -0.587187 0.700228
320.000000 463.000000 -0.000000 0.700228
343.000000 463.000000 0.072221 0.700228
346.000000 463.000000 0.081641 0.700228
392.000000 463.000000 0.226083 0.700228
437.000000 463.000000 0.367384 0.700228
76.000000 464.000000 -0.766169 0.703368
156.000000 464.000000 -0.514966 0.703368
160.000000 464.000000 -0.502406 0.703368
359.000000 464.000000 0.122461 0.703368
464.000000 464.000000 0.452165 0.703368
89.000000 465.000000 -0.725349 0.706508
96.000000 465.000000 -0.703368 0.706508
149.000000 465.000000 -0.536946 0.706508
366.000000 465.000000 0.144442 0.706508
486.000000 465.000000 0.521246 0.706508
16.000000 466.000000 -0.954571 0.709648
80.000000 466.000000 -0.753609 0.709648
460.000000 466.000000 0.439605 0.709648
465.000000 466.000000 0.455305 0.709648
10.000000 467.000000 -0.973412 0.712788
41.000000 467.000000 -0.876070 0.712788
72.000000 467.000000 -0.778729 0.712788
128.000000 467.000000 -0.602887 0.712788
410.000000 467.000000 0.282603 0.712788
484.000000 467.000000 0.514966 0.712788
525.000000 467.000000 0.643708 0.712788
65.000000 468.000000 -0.800709 0.715928
113.000000 468.000000 -0.649988 0.715928
176.000000 468.000000 -0.452165 0.715928
11.000000 469.000000 -0.970271 0.719069
214.000000 469.000000 -0.332844 0.719069
478.000000 469.000000 0.496126 0.719069
57.000000 470.000000 -0.825830 0.722209
220.000000 470.000000 -0.314004 0.722209
295.000000 470.000000 -0.078501 0.722209
329.000000 470.000000 0.028260 0.722209
373.000000 470.000000 0.166422 0.722209
457.000000 470.000000 0.430185 0.722209
470.000000 470.000000 0.471006 0.722209
42.000000 471.000000 -0.872930 0.725349
48.000000 471.000000 -0.854090 0.725349
116.000000 471.000000 -0.640568 0.725349
134.000000 471.000000 -0.584047 0.725349
159.000000 471.000000 -0.505546 0.725349
307.000000 471.000000 -0.040820 0.725349
317.000000 471.000000 -0.009420 0.725349
335.000000 471.000000 0.047101 0.725349
40.000000 472.000000 -0.879210 0.728489
147.000000 472.000000 -0.543226 0.728489
155.000000 472.000000 -0.518106 0.728489
219.000000 472.000000 -0.317144 0.728489
284.000000 472.000000 -0.113041 0.728489
328.000000 472.000000 0.025120 0.728489
330.000000 472.000000 0.031400 0.728489
34.000000 473.000000 -0.898051 0.731629
195.000000 473.000000 -0.392505 0.731629
399.000000 473.000000 0.248063 0.731629
495.000000 473.000000 0.549506 0.731629
25.000000 474.000000 -0.926311 0.734769
111.000000 474.000000 -0.656268 0.734769
280.000000 474.000000 -0.125601 0.734769
318.000000 474.000000 -0.006280 0.734769
408.000000 474.000000 0.276323 0.734769
415.000000 474.000000 0.298304 0.734769
18.000000 475.000000 -0.948291 0.737909
390.000000 475.000000 0.219803 0.737909
10.000000 476.000000 -0.973412 0.741049
56.000000 476.000000 -0.828970 0.741049
62.000000 476.000000 -0.810130 0.741049
117.000000 476.000000 -0.637428 0.741049
122.000000 476.000000 -0.621727 0.741049
175.000000 476.000000 -0.455305 0.741049
203.000000 476.000000 -0.367384 0.741049
