531.000000 3.000000 0.662548 -0.744189
189.000000 4.000000 -0.411345 -0.741049
294.000000 4.000000 -0.081641 -0.741049
487.000000 4.000000 0.524386 -0.741049
490.000000 4.000000 0.533806 -0.741049
492.000000 4.000000 0.540086 -0.741049
527.000000 4.000000 0.649988 -0.741049
494.000000 6.000000 0.546366 -0.734769
204.000000 7.000000 -0.364244 -0.731629
524.000000 7.000000 0.640568 -0.731629
487.000000 8.000000 0.524386 -0.728489
528.000000 8.000000 0.653128 -0.728489
327.000000 9.000000 0.021980 -0.725349
331.000000 9.000000 0.034540 -0.725349
514.000000 9.000000 0.609167 -0.725349
560.000000 9.000000 0.753609 -0.725349
602.000000 9.000000 0.885490 -0.725349
168.000000 10.000000 -0.477286 -0.722209
232.000000 10.000000 -0.276323 -0.722209
290.000000 10.000000 -0.094201 -0.722209
527.000000 10.000000 0.649988 -0.722209
589.000000 10.000000 0.844670 -0.722209
329.000000 11.000000 0.028260 -0.719069
419.000000 11.000000 0.310864 -0.719069
489.000000 11.000000 0.530666 -0.719069
534.000000 11.000000 0.671968 -0.719069
205.000000 12.000000 -0.361104 -0.715928
270.000000 12.000000 -0.157002 -0.715928
276.000000 12.000000 -0.138162 -0.715928
299.000000 12.000000 -0.065941 -0.715928
337.000000 12.000000 0.053381 -0.715928
615.000000 12.000000 0.926311 -0.715928
192.000000 13.000000 -0.401925 -0.712788
491.000000 13.000000 0.536946 -0.712788
531.000000 13.000000 0.662548 -0.712788
587.000000 13.000000 0.838390 -0.712788
331.000000 14.000000 0.034540 -0.709648
494.000000 14.000000 0.546366 -0.709648
192.000000 15.000000 -0.401925 -0.706508
524.000000 16.000000 0.640568 -0.703368
526.000000 16.000000 0.646848 -0.703368
530.000000 16.000000 0.659408 -0.703368
559.000000 17.000000 0.750469 -0.700228
212.000000 18.000000 -0.339124 -0.697088
562.000000 18.000000 0.759889 -0.697088
234.000000 19.000000 -0.270043 -0.693948
524.000000 19.000000 0.640568 -0.693948
526.000000 19.000000 0.646848 -0.693948
564.000000 19.000000 0.766169 -0.693948
614.000000 19.000000 0.923171 -0.693948
609.000000 20.000000 0.907471 -0.690808
208.000000 21.000000 -0.351684 -0.687668
216.000000 21.000000 -0.326564 -0.687668
239.000000 21.000000 -0.254343 -0.687668
530.000000 21.000000 0.659408 -0.687668
565.000000 21.000000 0.769309 -0.687668
517.000000 22.000000 0.618587 -0.684528
610.000000 22.000000 0.910611 -0.684528
561.000000 23.000000 0.756749 -0.681388
629.000000 23.000000 0.970271 -0.681388
546.000000 25.000000 0.709648 -0.675108
563.000000 25.000000 0.763029 -0.675108
612.000000 25.000000 0.916891 -0.675108
209.000000 26.000000 -0.348544 -0.671968
559.000000 26.000000 0.750469 -0.671968
212.000000 27.000000 -0.339124 -0.668828
218.000000 27.000000 -0.320284 -0.668828
564.000000 28.000000 0.766169 -0.665688
210.000000 29.000000 -0.345404 -0.662548
223.000000 29.000000 -0.304584 -0.662548
229.000000 29.000000 -0.285743 -0.662548
241.000000 29.000000 -0.248063 -0.662548
483.000000 29.000000 0.511826 -0.662548
598.000000 29.000000 0.872930 -0.662548
235.000000 30.000000 -0.266903 -0.659408
565.000000 30.000000 0.769309 -0.659408
176.000000 31.000000 -0.452165 -0.656268
197.000000 31.000000 -0.386225 -0.656268
222.000000 31.000000 -0.307724 -0.656268
556.000000 31.000000 0.741049 -0.656268
209.000000 32.000000 -0.348544 -0.653128
241.000000 32.000000 -0.248063 -0.653128
586.000000 32.000000 0.835250 -0.653128
197.000000 33.000000 -0.386225 -0.649988
221.000000 33.000000 -0.310864 -0.649988
226.000000 33.000000 -0.295163 -0.649988
247.000000 33.000000 -0.229223 -0.649988
570.000000 33.000000 0.785009 -0.649988
209.000000 34.000000 -0.348544 -0.646848
252.000000 34.000000 -0.213523 -0.646848
540.000000 34.000000 0.690808 -0.646848
258.000000 35.000000 -0.194682 -0.643708
297.000000 35.000000 -0.072221 -0.643708
479.000000 35.000000 0.499266 -0.643708
264.000000 36.000000 -0.175842 -0.640568
313.000000 36.000000 -0.021980 -0.640568
591.000000 36.000000 0.850950 -0.640568
212.000000 37.000000 -0.339124 -0.637428
229.000000 37.000000 -0.285743 -0.637428
239.000000 37.000000 -0.254343 -0.637428
270.000000 37.000000 -0.157002 -0.637428
283.000000 37.000000 -0.116181 -0.637428
300.000000 37.000000 -0.062801 -0.637428
327.000000 37.000000 0.021980 -0.637428
475.000000 37.000000 0.486706 -0.637428
523.000000 37.000000 0.637428 -0.637428
276.000000 38.000000 -0.138162 -0.634288
506.000000 38.000000 0.584047 -0.634288
625.000000 38.000000 0.957711 -0.634288
586.000000 39.000000 0.835250 -0.631147
287.000000 40.000000 -0.103621 -0.628007
293.000000 40.000000 -0.084781 -0.628007
331.000000 40.000000 0.034540 -0.628007
578.000000 40.000000 0.810130 -0.628007
217.000000 41.000000 -0.323424 -0.624867
253.000000 42.000000 -0.210382 -0.621727
485.000000 42.000000 0.518106 -0.621727
499.000000 42.000000 0.562067 -0.621727
572.000000 42.000000 0.791289 -0.621727
626.000000 42.000000 0.960851 -0.621727
522.000000 43.000000 0.634288 -0.618587
624.000000 43.000000 0.954571 -0.618587
201.000000 44.000000 -0.373664 -0.615447
182.000000 46.000000 -0.433325 -0.609167
340.000000 46.000000 0.062801 -0.609167
489.000000 46.000000 0.530666 -0.609167
212.000000 47.000000 -0.339124 -0.606027
454.000000 47.000000 0.420765 -0.606027
486.000000 47.000000 0.521246 -0.606027
202.000000 48.000000 -0.370524 -0.602887
489.000000 48.000000 0.530666 -0.602887
378.000000 50.000000 0.182122 -0.596607
555.000000 50.000000 0.737909 -0.596607
250.000000 51.000000 -0.219803 -0.593467
485.000000 51.000000 0.518106 -0.593467
488.000000 51.000000 0.527526 -0.593467
491.000000 51.000000 0.536946 -0.593467
168.000000 52.000000 -0.477286 -0.590327
554.000000 53.000000 0.734769 -0.587187
566.000000 53.000000 0.772449 -0.587187
628.000000 53.000000 0.967131 -0.587187
203.000000 54.000000 -0.367384 -0.584047
489.000000 54.000000 0.530666 -0.584047
610.000000 55.000000 0.910611 -0.580907
491.000000 56.000000 0.536946 -0.577767
605.000000 56.000000 0.894911 -0.577767
208.000000 57.000000 -0.351684 -0.574627
292.000000 57.000000 -0.087921 -0.574627
301.000000 57.000000 -0.059661 -0.574627
607.000000 57.000000 0.901191 -0.574627
541.000000 58.000000 0.693948 -0.571487
598.000000 58.000000 0.872930 -0.571487
349.000000 59.000000 0.091061 -0.568347
363.000000 59.000000 0.135022 -0.568347
566.000000 59.000000 0.772449 -0.568347
229.000000 60.000000 -0.285743 -0.565207
235.000000 60.000000 -0.266903 -0.565207
301.000000 60.000000 -0.059661 -0.565207
465.000000 60.000000 0.455305 -0.565207
500.000000 60.000000 0.565207 -0.565207
522.000000 60.000000 0.634288 -0.565207
556.000000 60.000000 0.741049 -0.565207
588.000000 60.000000 0.841530 -0.565207
512.000000 61.000000 0.602887 -0.562067
604.000000 61.000000 0.891771 -0.562067
238.000000 62.000000 -0.257483 -0.558927
514.000000 62.000000 0.609167 -0.558927
610.000000 62.000000 0.910611 -0.558927
628.000000 63.000000 0.967131 -0.555787
623.000000 65.000000 0.951431 -0.549506
158.000000 66.000000 -0.508686 -0.546366
363.000000 66.000000 0.135022 -0.546366
162.000000 67.000000 -0.496126 -0.543226
213.000000 67.000000 -0.335984 -0.543226
220.000000 67.000000 -0.314004 -0.543226
549.000000 68.000000 0.719069 -0.540086
226.000000 69.000000 -0.295163 -0.536946
540.000000 69.000000 0.690808 -0.536946
233.000000 70.000000 -0.273183 -0.533806
240.000000 70.000000 -0.251203 -0.533806
207.000000 71.000000 -0.354824 -0.530666
247.000000 71.000000 -0.229223 -0.530666
272.000000 72.000000 -0.150722 -0.527526
623.000000 72.000000 0.951431 -0.527526
254.000000 73.000000 -0.207242 -0.524386
227.000000 74.000000 -0.292023 -0.521246
250.000000 74.000000 -0.219803 -0.521246
261.000000 74.000000 -0.185262 -0.521246
267.000000 74.000000 -0.166422 -0.521246
346.000000 74.000000 0.081641 -0.521246
473.000000 74.000000 0.480426 -0.521246
538.000000 74.000000 0.684528 -0.521246
157.000000 76.000000 -0.511826 -0.514966
274.000000 76.000000 -0.144442 -0.514966
281.000000 76.000000 -0.122461 -0.514966
162.000000 77.000000 -0.496126 -0.511826
442.000000 77.000000 0.383085 -0.511826
622.000000 77.000000 0.948291 -0.511826
214.000000 78.000000 -0.332844 -0.508686
288.000000 78.000000 -0.100481 -0.508686
483.000000 80.000000 0.511826 -0.502406
164.000000 81.000000 -0.489846 -0.499266
625.000000 81.000000 0.957711 -0.499266
207.000000 82.000000 -0.354824 -0.496126
317.000000 82.000000 -0.009420 -0.496126
445.000000 82.000000 0.392505 -0.496126
606.000000 82.000000 0.898051 -0.496126
465.000000 83.000000 0.455305 -0.492986
485.000000 83.000000 0.518106 -0.492986
166.000000 84.000000 -0.483566 -0.489846
422.000000 84.000000 0.320284 -0.489846
261.000000 85.000000 -0.185262 -0.486706
610.000000 85.000000 0.910611 -0.486706
167.000000 86.000000 -0.480426 -0.483566
521.000000 86.000000 0.631147 -0.483566
527.000000 87.000000 0.649988 -0.480426
604.000000 87.000000 0.891771 -0.480426
484.000000 88.000000 0.514966 -0.477286
169.000000 89.000000 -0.474146 -0.474146
522.000000 89.000000 0.634288 -0.474146
292.000000 90.000000 -0.087921 -0.471006
527.000000 90.000000 0.649988 -0.471006
170.000000 91.000000 -0.471006 -0.467866
199.000000 92.000000 -0.379945 -0.464725
413.000000 92.000000 0.292023 -0.464725
421.000000 92.000000 0.317144 -0.464725
520.000000 92.000000 0.628007 -0.464725
557.000000 92.000000 0.744189 -0.464725
562.000000 92.000000 0.759889 -0.464725
171.000000 93.000000 -0.467866 -0.461585
489.000000 93.000000 0.530666 -0.461585
525.000000 93.000000 0.643708 -0.461585
522.000000 94.000000 0.634288 -0.458445
555.000000 94.000000 0.737909 -0.458445
486.000000 95.000000 0.521246 -0.455305
519.000000 95.000000 0.624867 -0.455305
173.000000 96.000000 -0.461585 -0.452165
482.000000 96.000000 0.508686 -0.452165
525.000000 96.000000 0.643708 -0.452165
554.000000 97.000000 0.734769 -0.449025
559.000000 97.000000 0.750469 -0.449025
174.000000 98.000000 -0.458445 -0.445885
482.000000 98.000000 0.508686 -0.445885
519.000000 98.000000 0.624867 -0.445885
292.000000 99.000000 -0.087921 -0.442745
563.000000 99.000000 0.763029 -0.442745
601.000000 99.000000 0.882350 -0.442745
223.000000 100.000000 -0.304584 -0.439605
519.000000 100.000000 0.624867 -0.439605
556.000000 100.000000 0.741049 -0.439605
208.000000 102.000000 -0.351684 -0.433325
525.000000 102.000000 0.643708 -0.433325
566.000000 102.000000 0.772449 -0.433325
47.000000 103.000000 -0.857230 -0.430185
291.000000 103.000000 -0.091061 -0.430185
45.000000 104.000000 -0.863510 -0.427045
56.000000 104.000000 -0.828970 -0.427045
299.000000 104.000000 -0.065941 -0.427045
521.000000 104.000000 0.631147 -0.427045
621.000000 104.000000 0.945151 -0.427045
43.000000 105.000000 -0.869790 -0.423905
59.000000 105.000000 -0.819550 -0.423905
204.000000 105.000000 -0.364244 -0.423905
525.000000 105.000000 0.643708 -0.423905
64.000000 106.000000 -0.803850 -0.420765
68.000000 106.000000 -0.791289 -0.420765
71.000000 106.000000 -0.781869 -0.420765
209.000000 106.000000 -0.348544 -0.420765
286.000000 106.000000 -0.106761 -0.420765
488.000000 106.000000 0.527526 -0.420765
520.000000 106.000000 0.628007 -0.420765
556.000000 106.000000 0.741049 -0.420765
49.000000 107.000000 -0.850950 -0.417625
77.000000 107.000000 -0.763029 -0.417625
81.000000 107.000000 -0.750469 -0.417625
217.000000 107.000000 -0.323424 -0.417625
477.000000 107.000000 0.492986 -0.417625
51.000000 108.000000 -0.844670 -0.414485
58.000000 108.000000 -0.822690 -0.414485
65.000000 108.000000 -0.800709 -0.414485
75.000000 108.000000 -0.769309 -0.414485
86.000000 108.000000 -0.734769 -0.414485
91.000000 108.000000 -0.719069 -0.414485
225.000000 108.000000 -0.298304 -0.414485
44.000000 109.000000 -0.866650 -0.411345
94.000000 109.000000 -0.709648 -0.411345
100.000000 109.000000 -0.690808 -0.411345
206.000000 109.000000 -0.357964 -0.411345
241.000000 109.000000 -0.248063 -0.411345
273.000000 109.000000 -0.147582 -0.411345
291.000000 109.000000 -0.091061 -0.411345
317.000000 109.000000 -0.009420 -0.411345
596.000000 109.000000 0.866650 -0.411345
72.000000 110.000000 -0.778729 -0.408205
85.000000 110.000000 -0.737909 -0.408205
96.000000 110.000000 -0.703368 -0.408205
109.000000 110.000000 -0.662548 -0.408205
559.000000 110.000000 0.750469 -0.408205
51.000000 111.000000 -0.844670 -0.405065
78.000000 111.000000 -0.759889 -0.405065
105.000000 111.000000 -0.675108 -0.405065
112.000000 111.000000 -0.653128 -0.405065
118.000000 111.000000 -0.634288 -0.405065
249.000000 111.000000 -0.222943 -0.405065
554.000000 111.000000 0.734769 -0.405065
620.000000 111.000000 0.942011 -0.405065
121.000000 112.000000 -0.624867 -0.401925
126.000000 112.000000 -0.609167 -0.401925
155.000000 112.000000 -0.518106 -0.401925
257.000000 112.000000 -0.197822 -0.401925
61.000000 113.000000 -0.813270 -0.398785
70.000000 113.000000 -0.785009 -0.398785
82.000000 113.000000 -0.747329 -0.398785
100.000000 113.000000 -0.690808 -0.398785
124.000000 113.000000 -0.615447 -0.398785
130.000000 113.000000 -0.596607 -0.398785
134.000000 113.000000 -0.584047 -0.398785
266.000000 113.000000 -0.169562 -0.398785
468.000000 113.000000 0.464725 -0.398785
76.000000 114.000000 -0.766169 -0.395645
107.000000 114.000000 -0.668828 -0.395645
121.000000 114.000000 -0.624867 -0.395645
161.000000 114.000000 -0.499266 -0.395645
274.000000 114.000000 -0.144442 -0.395645
407.000000 114.000000 0.273183 -0.395645
464.000000 114.000000 0.452165 -0.395645
51.000000 115.000000 -0.844670 -0.392505
83.000000 115.000000 -0.744189 -0.392505
103.000000 115.000000 -0.681388 -0.392505
114.000000 115.000000 -0.646848 -0.392505
143.000000 115.000000 -0.555787 -0.392505
145.000000 115.000000 -0.549506 -0.392505
149.000000 115.000000 -0.536946 -0.392505
282.000000 115.000000 -0.119321 -0.392505
294.000000 115.000000 -0.081641 -0.392505
317.000000 115.000000 -0.009420 -0.392505
620.000000 115.000000 0.942011 -0.392505
118.000000 116.000000 -0.634288 -0.389365
127.000000 116.000000 -0.606027 -0.389365
139.000000 116.000000 -0.568347 -0.389365
153.000000 116.000000 -0.524386 -0.389365
165.000000 116.000000 -0.486706 -0.389365
252.000000 116.000000 -0.213523 -0.389365
290.000000 116.000000 -0.094201 -0.389365
577.000000 116.000000 0.806990 -0.389365
45.000000 117.000000 -0.863510 -0.386225
70.000000 117.000000 -0.785009 -0.386225
76.000000 117.000000 -0.766169 -0.386225
91.000000 117.000000 -0.719069 -0.386225
108.000000 117.000000 -0.665688 -0.386225
115.000000 117.000000 -0.643708 -0.386225
134.000000 117.000000 -0.584047 -0.386225
148.000000 117.000000 -0.540086 -0.386225
179.000000 117.000000 -0.442745 -0.386225
193.000000 117.000000 -0.398785 -0.386225
260.000000 117.000000 -0.188402 -0.386225
298.000000 117.000000 -0.069081 -0.386225
73.000000 118.000000 -0.775589 -0.383085
182.000000 118.000000 -0.433325 -0.383085
47.000000 119.000000 -0.857230 -0.379945
97.000000 119.000000 -0.700228 -0.379945
118.000000 119.000000 -0.634288 -0.379945
136.000000 119.000000 -0.577767 -0.379945
155.000000 119.000000 -0.518106 -0.379945
207.000000 119.000000 -0.354824 -0.379945
211.000000 119.000000 -0.342264 -0.379945
291.000000 119.000000 -0.091061 -0.379945
603.000000 119.000000 0.888631 -0.379945
139.000000 120.000000 -0.568347 -0.376804
143.000000 120.000000 -0.555787 -0.376804
161.000000 120.000000 -0.499266 -0.376804
175.000000 120.000000 -0.455305 -0.376804
205.000000 120.000000 -0.361104 -0.376804
620.000000 120.000000 0.942011 -0.376804
623.000000 120.000000 0.951431 -0.376804
60.000000 121.000000 -0.816410 -0.373664
155.000000 121.000000 -0.518106 -0.373664
157.000000 121.000000 -0.511826 -0.373664
207.000000 121.000000 -0.354824 -0.373664
218.000000 121.000000 -0.320284 -0.373664
225.000000 121.000000 -0.298304 -0.373664
249.000000 121.000000 -0.222943 -0.373664
45.000000 122.000000 -0.863510 -0.370524
62.000000 122.000000 -0.810130 -0.370524
69.000000 122.000000 -0.788149 -0.370524
107.000000 122.000000 -0.668828 -0.370524
114.000000 122.000000 -0.646848 -0.370524
118.000000 122.000000 -0.634288 -0.370524
171.000000 122.000000 -0.467866 -0.370524
186.000000 122.000000 -0.420765 -0.370524
192.000000 122.000000 -0.401925 -0.370524
221.000000 122.000000 -0.310864 -0.370524
56.000000 123.000000 -0.828970 -0.367384
100.000000 123.000000 -0.690808 -0.367384
111.000000 123.000000 -0.656268 -0.367384
131.000000 123.000000 -0.593467 -0.367384
161.000000 123.000000 -0.499266 -0.367384
168.000000 123.000000 -0.477286 -0.367384
202.000000 123.000000 -0.370524 -0.367384
251.000000 123.000000 -0.216663 -0.367384
607.000000 123.000000 0.901191 -0.367384
83.000000 124.000000 -0.744189 -0.364244
89.000000 124.000000 -0.725349 -0.364244
91.000000 124.000000 -0.719069 -0.364244
97.000000 124.000000 -0.700228 -0.364244
104.000000 124.000000 -0.678248 -0.364244
127.000000 124.000000 -0.606027 -0.364244
143.000000 124.000000 -0.555787 -0.364244
179.000000 124.000000 -0.442745 -0.364244
211.000000 124.000000 -0.342264 -0.364244
482.000000 124.000000 0.508686 -0.364244
78.000000 125.000000 -0.759889 -0.361104
137.000000 125.000000 -0.574627 -0.361104
151.000000 125.000000 -0.530666 -0.361104
155.000000 125.000000 -0.518106 -0.361104
171.000000 125.000000 -0.467866 -0.361104
188.000000 125.000000 -0.414485 -0.361104
290.000000 125.000000 -0.094201 -0.361104
298.000000 125.000000 -0.069081 -0.361104
85.000000 126.000000 -0.737909 -0.357964
105.000000 126.000000 -0.675108 -0.357964
123.000000 126.000000 -0.618587 -0.357964
190.000000 126.000000 -0.408205 -0.357964
205.000000 126.000000 -0.361104 -0.357964
218.000000 126.000000 -0.320284 -0.357964
223.000000 126.000000 -0.304584 -0.357964
229.000000 126.000000 -0.285743 -0.357964
256.000000 126.000000 -0.200962 -0.357964
483.000000 126.000000 0.511826 -0.357964
99.000000 127.000000 -0.693948 -0.354824
111.000000 127.000000 -0.656268 -0.354824
159.000000 127.000000 -0.505546 -0.354824
164.000000 127.000000 -0.489846 -0.354824
195.000000 127.000000 -0.392505 -0.354824
207.000000 127.000000 -0.354824 -0.354824
220.000000 127.000000 -0.314004 -0.354824
237.000000 127.000000 -0.260623 -0.354824
260.000000 127.000000 -0.188402 -0.354824
487.000000 127.000000 0.524386 -0.354824
107.000000 128.000000 -0.668828 -0.351684
125.000000 128.000000 -0.612307 -0.351684
131.000000 128.000000 -0.593467 -0.351684
199.000000 128.000000 -0.379945 -0.351684
205.000000 128.000000 -0.361104 -0.351684
212.000000 128.000000 -0.339124 -0.351684
246.000000 128.000000 -0.232363 -0.351684
287.000000 128.000000 -0.103621 -0.351684
290.000000 128.000000 -0.094201 -0.351684
293.000000 128.000000 -0.084781 -0.351684
114.000000 129.000000 -0.646848 -0.348544
138.000000 129.000000 -0.571487 -0.348544
164.000000 129.000000 -0.489846 -0.348544
170.000000 129.000000 -0.471006 -0.348544
180.000000 129.000000 -0.439605 -0.348544
183.000000 129.000000 -0.430185 -0.348544
217.000000 129.000000 -0.323424 -0.348544
256.000000 129.000000 -0.200962 -0.348544
278.000000 129.000000 -0.131882 -0.348544
480.000000 129.000000 0.502406 -0.348544
528.000000 129.000000 0.653128 -0.348544
611.000000 129.000000 0.913751 -0.348544
141.000000 130.000000 -0.562067 -0.345404
145.000000 130.000000 -0.549506 -0.345404
152.000000 130.000000 -0.527526 -0.345404
201.000000 130.000000 -0.373664 -0.345404
237.000000 130.000000 -0.260623 -0.345404
253.000000 130.000000 -0.210382 -0.345404
258.000000 130.000000 -0.194682 -0.345404
286.000000 130.000000 -0.106761 -0.345404
296.000000 130.000000 -0.075361 -0.345404
486.000000 130.000000 0.521246 -0.345404
517.000000 130.000000 0.618587 -0.345404
571.000000 130.000000 0.788149 -0.345404
133.000000 131.000000 -0.587187 -0.342264
143.000000 131.000000 -0.555787 -0.342264
158.000000 131.000000 -0.508686 -0.342264
174.000000 131.000000 -0.458445 -0.342264
183.000000 131.000000 -0.430185 -0.342264
186.000000 131.000000 -0.420765 -0.342264
220.000000 131.000000 -0.314004 -0.342264
239.000000 131.000000 -0.254343 -0.342264
242.000000 131.000000 -0.244923 -0.342264
274.000000 131.000000 -0.144442 -0.342264
305.000000 131.000000 -0.047101 -0.342264
311.000000 131.000000 -0.028260 -0.342264
474.000000 131.000000 0.483566 -0.342264
484.000000 131.000000 0.514966 -0.342264
505.000000 131.000000 0.580907 -0.342264
524.000000 131.000000 0.640568 -0.342264
541.000000 131.000000 0.693948 -0.342264
622.000000 131.000000 0.948291 -0.342264
164.000000 132.000000 -0.489846 -0.339124
170.000000 132.000000 -0.471006 -0.339124
231.000000 132.000000 -0.279463 -0.339124
255.000000 132.000000 -0.204102 -0.339124
282.000000 132.000000 -0.119321 -0.339124
359.000000 132.000000 0.122461 -0.339124
480.000000 132.000000 0.502406 -0.339124
554.000000 132.000000 0.734769 -0.339124
177.000000 133.000000 -0.449025 -0.335984
211.000000 133.000000 -0.342264 -0.335984
214.000000 133.000000 -0.332844 -0.335984
217.000000 133.000000 -0.323424 -0.335984
259.000000 133.000000 -0.191542 -0.335984
291.000000 133.000000 -0.091061 -0.335984
303.000000 133.000000 -0.053381 -0.335984
311.000000 133.000000 -0.028260 -0.335984
323.000000 133.000000 0.009420 -0.335984
627.000000 133.000000 0.963991 -0.335984
189.000000 134.000000 -0.411345 -0.332844
253.000000 134.000000 -0.210382 -0.332844
300.000000 134.000000 -0.062801 -0.332844
317.000000 134.000000 -0.009420 -0.332844
484.000000 134.000000 0.514966 -0.332844
172.000000 135.000000 -0.464725 -0.329704
205.000000 135.000000 -0.361104 -0.329704
208.000000 135.000000 -0.351684 -0.329704
213.000000 135.000000 -0.335984 -0.329704
229.000000 135.000000 -0.285743 -0.329704
246.000000 135.000000 -0.232363 -0.329704
304.000000 135.000000 -0.050241 -0.329704
337.000000 135.000000 0.053381 -0.329704
477.000000 135.000000 0.492986 -0.329704
153.000000 136.000000 -0.524386 -0.326564
181.000000 136.000000 -0.436465 -0.326564
194.000000 136.000000 -0.395645 -0.326564
312.000000 136.000000 -0.025120 -0.326564
318.000000 136.000000 -0.006280 -0.326564
340.000000 136.000000 0.062801 -0.326564
357.000000 136.000000 0.116181 -0.326564
487.000000 136.000000 0.524386 -0.326564
520.000000 136.000000 0.628007 -0.326564
214.000000 137.000000 -0.332844 -0.323424
220.000000 137.000000 -0.314004 -0.323424
231.000000 137.000000 -0.279463 -0.323424
257.000000 137.000000 -0.197822 -0.323424
276.000000 137.000000 -0.138162 -0.323424
295.000000 137.000000 -0.078501 -0.323424
326.000000 137.000000 0.018840 -0.323424
350.000000 137.000000 0.094201 -0.323424
484.000000 137.000000 0.514966 -0.323424
200.000000 138.000000 -0.376804 -0.320284
226.000000 138.000000 -0.295163 -0.320284
316.000000 138.000000 -0.012560 -0.320284
335.000000 138.000000 0.047101 -0.320284
140.000000 139.000000 -0.565207 -0.317144
142.000000 139.000000 -0.558927 -0.317144
153.000000 139.000000 -0.524386 -0.317144
185.000000 139.000000 -0.423905 -0.317144
244.000000 139.000000 -0.238643 -0.317144
247.000000 139.000000 -0.229223 -0.317144
262.000000 139.000000 -0.182122 -0.317144
269.000000 139.000000 -0.160142 -0.317144
338.000000 139.000000 0.056521 -0.317144
343.000000 139.000000 0.072221 -0.317144
556.000000 139.000000 0.741049 -0.317144
619.000000 139.000000 0.938871 -0.317144
148.000000 140.000000 -0.540086 -0.314004
223.000000 140.000000 -0.304584 -0.314004
238.000000 140.000000 -0.257483 -0.314004
250.000000 140.000000 -0.219803 -0.314004
252.000000 140.000000 -0.213523 -0.314004
340.000000 140.000000 0.062801 -0.314004
348.000000 140.000000 0.087921 -0.314004
353.000000 140.000000 0.103621 -0.314004
360.000000 140.000000 0.125601 -0.314004
368.000000 140.000000 0.150722 -0.314004
378.000000 140.000000 0.182122 -0.314004
488.000000 140.000000 0.527526 -0.314004
523.000000 140.000000 0.637428 -0.314004
157.000000 141.000000 -0.511826 -0.310864
230.000000 141.000000 -0.282603 -0.310864
235.000000 141.000000 -0.266903 -0.310864
255.000000 141.000000 -0.204102 -0.310864
363.000000 141.000000 0.135022 -0.310864
484.000000 141.000000 0.514966 -0.310864
164.000000 142.000000 -0.489846 -0.307724
167.000000 142.000000 -0.480426 -0.307724
241.000000 142.000000 -0.248063 -0.307724
371.000000 142.000000 0.160142 -0.307724
386.000000 142.000000 0.207242 -0.307724
394.000000 142.000000 0.232363 -0.307724
175.000000 143.000000 -0.455305 -0.304584
178.000000 143.000000 -0.445885 -0.304584
185.000000 143.000000 -0.423905 -0.304584
222.000000 143.000000 -0.307724 -0.304584
376.000000 143.000000 0.175842 -0.304584
397.000000 143.000000 0.241783 -0.304584
399.000000 143.000000 0.248063 -0.304584
403.000000 143.000000 0.260623 -0.304584
487.000000 143.000000 0.524386 -0.304584
128.000000 144.000000 -0.602887 -0.301444
191.000000 144.000000 -0.405065 -0.301444
251.000000 144.000000 -0.216663 -0.301444
276.000000 144.000000 -0.138162 -0.301444
380.000000 144.000000 0.188402 -0.301444
411.000000 144.000000 0.285743 -0.301444
551.000000 144.000000 0.725349 -0.301444
618.000000 144.000000 0.935731 -0.301444
621.000000 144.000000 0.945151 -0.301444
124.000000 145.000000 -0.615447 -0.298304
146.000000 145.000000 -0.546366 -0.298304
198.000000 145.000000 -0.383085 -0.298304
201.000000 145.000000 -0.373664 -0.298304
269.000000 145.000000 -0.160142 -0.298304
297.000000 145.000000 -0.072221 -0.298304
398.000000 145.000000 0.244923 -0.298304
481.000000 145.000000 0.505546 -0.298304
486.000000 145.000000 0.521246 -0.298304
601.000000 145.000000 0.882350 -0.298304
167.000000 146.000000 -0.480426 -0.295163
209.000000 146.000000 -0.348544 -0.295163
212.000000 146.000000 -0.339124 -0.295163
407.000000 146.000000 0.273183 -0.295163
147.000000 147.000000 -0.543226 -0.292023
151.000000 147.000000 -0.530666 -0.292023
173.000000 147.000000 -0.461585 -0.292023
220.000000 147.000000 -0.314004 -0.292023
391.000000 147.000000 0.222943 -0.292023
416.000000 147.000000 0.301444 -0.292023
517.000000 147.000000 0.618587 -0.292023
523.000000 147.000000 0.637428 -0.292023
560.000000 147.000000 0.753609 -0.292023
619.000000 147.000000 0.938871 -0.292023
165.000000 148.000000 -0.486706 -0.288883
170.000000 148.000000 -0.471006 -0.288883
177.000000 148.000000 -0.449025 -0.288883
180.000000 148.000000 -0.439605 -0.288883
187.000000 148.000000 -0.417625 -0.288883
233.000000 148.000000 -0.273183 -0.288883
418.000000 148.000000 0.307724 -0.288883
570.000000 148.000000 0.785009 -0.288883
146.000000 149.000000 -0.546366 -0.285743
193.000000 149.000000 -0.398785 -0.285743
201.000000 149.000000 -0.373664 -0.285743
242.000000 149.000000 -0.244923 -0.285743
404.000000 149.000000 0.263763 -0.285743
620.000000 149.000000 0.942011 -0.285743
152.000000 150.000000 -0.527526 -0.282603
159.000000 150.000000 -0.505546 -0.282603
162.000000 150.000000 -0.496126 -0.282603
183.000000 150.000000 -0.430185 -0.282603
255.000000 150.000000 -0.204102 -0.282603
336.000000 150.000000 0.050241 -0.282603
433.000000 150.000000 0.354824 -0.282603
523.000000 150.000000 0.637428 -0.282603
602.000000 150.000000 0.885490 -0.282603
617.000000 150.000000 0.932591 -0.282603
171.000000 151.000000 -0.467866 -0.279463
197.000000 151.000000 -0.386225 -0.279463
212.000000 151.000000 -0.339124 -0.279463
219.000000 151.000000 -0.317144 -0.279463
265.000000 151.000000 -0.172702 -0.279463
282.000000 151.000000 -0.119321 -0.279463
537.000000 151.000000 0.681388 -0.279463
542.000000 151.000000 0.697088 -0.279463
161.000000 152.000000 -0.499266 -0.276323
209.000000 152.000000 -0.348544 -0.276323
215.000000 152.000000 -0.329704 -0.276323
228.000000 152.000000 -0.288883 -0.276323
247.000000 152.000000 -0.229223 -0.276323
273.000000 152.000000 -0.147582 -0.276323
523.000000 152.000000 0.637428 -0.276323
621.000000 152.000000 0.945151 -0.276323
175.000000 153.000000 -0.455305 -0.273183
181.000000 153.000000 -0.436465 -0.273183
231.000000 153.000000 -0.279463 -0.273183
235.000000 153.000000 -0.266903 -0.273183
239.000000 153.000000 -0.254343 -0.273183
244.000000 153.000000 -0.238643 -0.273183
249.000000 153.000000 -0.222943 -0.273183
279.000000 153.000000 -0.128742 -0.273183
362.000000 153.000000 0.131882 -0.273183
151.000000 154.000000 -0.530666 -0.270043
163.000000 154.000000 -0.492986 -0.270043
187.000000 154.000000 -0.417625 -0.270043
203.000000 154.000000 -0.367384 -0.270043
212.000000 154.000000 -0.339124 -0.270043
227.000000 154.000000 -0.292023 -0.270043
233.000000 154.000000 -0.273183 -0.270043
242.000000 154.000000 -0.244923 -0.270043
290.000000 154.000000 -0.094201 -0.270043
293.000000 154.000000 -0.084781 -0.270043
334.000000 154.000000 0.043961 -0.270043
406.000000 154.000000 0.270043 -0.270043
618.000000 154.000000 0.935731 -0.270043
158.000000 155.000000 -0.508686 -0.266903
197.000000 155.000000 -0.386225 -0.266903
251.000000 155.000000 -0.216663 -0.266903
301.000000 155.000000 -0.059661 -0.266903
305.000000 155.000000 -0.047101 -0.266903
161.000000 156.000000 -0.499266 -0.263763
169.000000 156.000000 -0.474146 -0.263763
174.000000 156.000000 -0.458445 -0.263763
185.000000 156.000000 -0.423905 -0.263763
244.000000 156.000000 -0.238643 -0.263763
256.000000 156.000000 -0.200962 -0.263763
263.000000 156.000000 -0.178982 -0.263763
269.000000 156.000000 -0.160142 -0.263763
297.000000 156.000000 -0.072221 -0.263763
312.000000 156.000000 -0.025120 -0.263763
315.000000 156.000000 -0.015700 -0.263763
364.000000 156.000000 0.138162 -0.263763
153.000000 157.000000 -0.524386 -0.260623
171.000000 157.000000 -0.467866 -0.260623
180.000000 157.000000 -0.439605 -0.260623
193.000000 157.000000 -0.398785 -0.260623
212.000000 157.000000 -0.339124 -0.260623
231.000000 157.000000 -0.279463 -0.260623
278.000000 157.000000 -0.131882 -0.260623
326.000000 157.000000 0.018840 -0.260623
384.000000 157.000000 0.200962 -0.260623
403.000000 157.000000 0.260623 -0.260623
417.000000 157.000000 0.304584 -0.260623
440.000000 157.000000 0.376804 -0.260623
617.000000 157.000000 0.932591 -0.260623
174.000000 158.000000 -0.458445 -0.257483
247.000000 158.000000 -0.229223 -0.257483
274.000000 158.000000 -0.144442 -0.257483
283.000000 158.000000 -0.116181 -0.257483
334.000000 158.000000 0.043961 -0.257483
395.000000 158.000000 0.235503 -0.257483
527.000000 158.000000 0.649988 -0.257483
621.000000 158.000000 0.945151 -0.257483
147.000000 159.000000 -0.543226 -0.254343
155.000000 159.000000 -0.518106 -0.254343
161.000000 159.000000 -0.499266 -0.254343
200.000000 159.000000 -0.376804 -0.254343
202.000000 159.000000 -0.370524 -0.254343
252.000000 159.000000 -0.213523 -0.254343
258.000000 159.000000 -0.194682 -0.254343
293.000000 159.000000 -0.084781 -0.254343
347.000000 159.000000 0.084781 -0.254343
409.000000 159.000000 0.279463 -0.254343
411.000000 159.000000 0.285743 -0.254343
209.000000 160.000000 -0.348544 -0.251203
245.000000 160.000000 -0.235503 -0.251203
352.000000 160.000000 0.100481 -0.251203
415.000000 160.000000 0.298304 -0.251203
616.000000 160.000000 0.929451 -0.251203
151.000000 161.000000 -0.530666 -0.248063
168.000000 161.000000 -0.477286 -0.248063
174.000000 161.000000 -0.458445 -0.248063
180.000000 161.000000 -0.439605 -0.248063
184.000000 161.000000 -0.427045 -0.248063
220.000000 161.000000 -0.314004 -0.248063
222.000000 161.000000 -0.307724 -0.248063
260.000000 161.000000 -0.188402 -0.248063
278.000000 161.000000 -0.131882 -0.248063
291.000000 161.000000 -0.091061 -0.248063
302.000000 161.000000 -0.056521 -0.248063
308.000000 161.000000 -0.037680 -0.248063
319.000000 161.000000 -0.003140 -0.248063
323.000000 161.000000 0.009420 -0.248063
207.000000 162.000000 -0.354824 -0.244923
325.000000 162.000000 0.015700 -0.244923
360.000000 162.000000 0.125601 -0.244923
413.000000 162.000000 0.292023 -0.244923
623.000000 162.000000 0.951431 -0.244923
133.000000 163.000000 -0.587187 -0.241783
135.000000 163.000000 -0.580907 -0.241783
173.000000 163.000000 -0.461585 -0.241783
175.000000 163.000000 -0.455305 -0.241783
178.000000 163.000000 -0.445885 -0.241783
217.000000 163.000000 -0.323424 -0.241783
250.000000 163.000000 -0.219803 -0.241783
297.000000 163.000000 -0.072221 -0.241783
304.000000 163.000000 -0.050241 -0.241783
332.000000 163.000000 0.037680 -0.241783
334.000000 163.000000 0.043961 -0.241783
143.000000 164.000000 -0.555787 -0.238643
186.000000 164.000000 -0.420765 -0.238643
206.000000 164.000000 -0.357964 -0.238643
212.000000 164.000000 -0.339124 -0.238643
337.000000 164.000000 0.053381 -0.238643
153.000000 165.000000 -0.524386 -0.235503
196.000000 165.000000 -0.389365 -0.235503
198.000000 165.000000 -0.383085 -0.235503
202.000000 165.000000 -0.370524 -0.235503
218.000000 165.000000 -0.320284 -0.235503
224.000000 165.000000 -0.301444 -0.235503
245.000000 165.000000 -0.235503 -0.235503
267.000000 165.000000 -0.166422 -0.235503
291.000000 165.000000 -0.091061 -0.235503
301.000000 165.000000 -0.059661 -0.235503
359.000000 165.000000 0.122461 -0.235503
569.000000 165.000000 0.781869 -0.235503
619.000000 165.000000 0.938871 -0.235503
126.000000 166.000000 -0.609167 -0.232363
159.000000 166.000000 -0.505546 -0.232363
208.000000 166.000000 -0.351684 -0.232363
210.000000 166.000000 -0.345404 -0.232363
213.000000 166.000000 -0.335984 -0.232363
230.000000 166.000000 -0.282603 -0.232363
310.000000 166.000000 -0.031400 -0.232363
322.000000 166.000000 0.006280 -0.232363
411.000000 166.000000 0.285743 -0.232363
526.000000 166.000000 0.646848 -0.232363
173.000000 167.000000 -0.461585 -0.229223
177.000000 167.000000 -0.449025 -0.229223
221.000000 167.000000 -0.310864 -0.229223
225.000000 167.000000 -0.298304 -0.229223
276.000000 167.000000 -0.138162 -0.229223
289.000000 167.000000 -0.097341 -0.229223
294.000000 167.000000 -0.081641 -0.229223
353.000000 167.000000 0.103621 -0.229223
566.000000 167.000000 0.772449 -0.229223
148.000000 168.000000 -0.540086 -0.226083
185.000000 168.000000 -0.423905 -0.226083
190.000000 168.000000 -0.408205 -0.226083
194.000000 168.000000 -0.395645 -0.226083
232.000000 168.000000 -0.276323 -0.226083
240.000000 168.000000 -0.251203 -0.226083
254.000000 168.000000 -0.207242 -0.226083
259.000000 168.000000 -0.191542 -0.226083
334.000000 168.000000 0.043961 -0.226083
360.000000 168.000000 0.125601 -0.226083
575.000000 168.000000 0.800709 -0.226083
621.000000 168.000000 0.945151 -0.226083
151.000000 169.000000 -0.530666 -0.222943
200.000000 169.000000 -0.376804 -0.222943
205.000000 169.000000 -0.361104 -0.222943
271.000000 169.000000 -0.153862 -0.222943
141.000000 170.000000 -0.562067 -0.219803
212.000000 170.000000 -0.339124 -0.219803
214.000000 170.000000 -0.332844 -0.219803
245.000000 170.000000 -0.235503 -0.219803
247.000000 170.000000 -0.229223 -0.219803
254.000000 170.000000 -0.207242 -0.219803
259.000000 170.000000 -0.191542 -0.219803
276.000000 170.000000 -0.138162 -0.219803
413.000000 170.000000 0.292023 -0.219803
138.000000 171.000000 -0.571487 -0.216663
224.000000 171.000000 -0.301444 -0.216663
266.000000 171.000000 -0.169562 -0.216663
293.000000 171.000000 -0.084781 -0.216663
353.000000 171.000000 0.103621 -0.216663
428.000000 171.000000 0.339124 -0.216663
58.000000 172.000000 -0.822690 -0.213523
177.000000 172.000000 -0.449025 -0.213523
240.000000 172.000000 -0.251203 -0.213523
246.000000 172.000000 -0.232363 -0.213523
248.000000 172.000000 -0.226083 -0.213523
279.000000 172.000000 -0.128742 -0.213523
286.000000 172.000000 -0.106761 -0.213523
334.000000 172.000000 0.043961 -0.213523
377.000000 172.000000 0.178982 -0.213523
500.000000 172.000000 0.565207 -0.213523
634.000000 172.000000 0.985972 -0.213523
129.000000 173.000000 -0.599747 -0.210382
253.000000 173.000000 -0.210382 -0.210382
257.000000 173.000000 -0.197822 -0.210382
289.000000 173.000000 -0.097341 -0.210382
479.000000 173.000000 0.499266 -0.210382
155.000000 174.000000 -0.518106 -0.207242
266.000000 174.000000 -0.169562 -0.207242
303.000000 174.000000 -0.053381 -0.207242
307.000000 174.000000 -0.040820 -0.207242
330.000000 174.000000 0.031400 -0.207242
412.000000 174.000000 0.288883 -0.207242
276.000000 175.000000 -0.138162 -0.204102
313.000000 175.000000 -0.021980 -0.204102
315.000000 175.000000 -0.015700 -0.204102
319.000000 175.000000 -0.003140 -0.204102
353.000000 175.000000 0.103621 -0.204102
155.000000 176.000000 -0.518106 -0.200962
160.000000 176.000000 -0.502406 -0.200962
246.000000 176.000000 -0.232363 -0.200962
285.000000 176.000000 -0.109901 -0.200962
324.000000 176.000000 0.012560 -0.200962
329.000000 176.000000 0.028260 -0.200962
349.000000 176.000000 0.091061 -0.200962
197.000000 177.000000 -0.386225 -0.197822
298.000000 177.000000 -0.069081 -0.197822
304.000000 177.000000 -0.050241 -0.197822
360.000000 177.000000 0.125601 -0.197822
202.000000 178.000000 -0.370524 -0.194682
208.000000 178.000000 -0.351684 -0.194682
310.000000 178.000000 -0.031400 -0.194682
312.000000 178.000000 -0.025120 -0.194682
315.000000 178.000000 -0.015700 -0.194682
348.000000 178.000000 0.087921 -0.194682
16.000000 179.000000 -0.954571 -0.191542
20.000000 179.000000 -0.942011 -0.191542
99.000000 179.000000 -0.693948 -0.191542
162.000000 179.000000 -0.496126 -0.191542
197.000000 179.000000 -0.386225 -0.191542
325.000000 179.000000 0.015700 -0.191542
353.000000 179.000000 0.103621 -0.191542
491.000000 179.000000 0.536946 -0.191542
627.000000 179.000000 0.963991 -0.191542
113.000000 180.000000 -0.649988 -0.188402
255.000000 180.000000 -0.204102 -0.188402
272.000000 180.000000 -0.150722 -0.188402
305.000000 180.000000 -0.047101 -0.188402
336.000000 180.000000 0.050241 -0.188402
338.000000 180.000000 0.056521 -0.188402
340.000000 180.000000 0.062801 -0.188402
380.000000 180.000000 0.188402 -0.188402
505.000000 180.000000 0.580907 -0.188402
555.000000 180.000000 0.737909 -0.188402
222.000000 181.000000 -0.307724 -0.185262
250.000000 181.000000 -0.219803 -0.185262
263.000000 181.000000 -0.178982 -0.185262
332.000000 181.000000 0.037680 -0.185262
349.000000 181.000000 0.091061 -0.185262
542.000000 181.000000 0.697088 -0.185262
11.000000 182.000000 -0.970271 -0.182122
38.000000 182.000000 -0.885490 -0.182122
259.000000 182.000000 -0.191542 -0.182122
284.000000 182.000000 -0.113041 -0.182122
320.000000 182.000000 -0.000000 -0.182122
351.000000 182.000000 0.097341 -0.182122
353.000000 182.000000 0.103621 -0.182122
381.000000 182.000000 0.191542 -0.182122
389.000000 182.000000 0.216663 -0.182122
222.000000 183.000000 -0.307724 -0.178982
358.000000 183.000000 0.119321 -0.178982
615.000000 183.000000 0.926311 -0.178982
174.000000 185.000000 -0.458445 -0.172702
176.000000 185.000000 -0.452165 -0.172702
620.000000 185.000000 0.942011 -0.172702
131.000000 186.000000 -0.593467 -0.169562
152.000000 186.000000 -0.527526 -0.169562
311.000000 186.000000 -0.028260 -0.169562
325.000000 186.000000 0.015700 -0.169562
334.000000 186.000000 0.043961 -0.169562
356.000000 186.000000 0.113041 -0.169562
407.000000 186.000000 0.273183 -0.169562
177.000000 187.000000 -0.449025 -0.166422
290.000000 187.000000 -0.094201 -0.166422
295.000000 187.000000 -0.078501 -0.166422
332.000000 187.000000 0.037680 -0.166422
345.000000 187.000000 0.078501 -0.166422
398.000000 187.000000 0.244923 -0.166422
532.000000 187.000000 0.665688 -0.166422
578.000000 187.000000 0.810130 -0.166422
35.000000 188.000000 -0.894911 -0.163282
158.000000 188.000000 -0.508686 -0.163282
195.000000 188.000000 -0.392505 -0.163282
197.000000 188.000000 -0.386225 -0.163282
208.000000 188.000000 -0.351684 -0.163282
604.000000 188.000000 0.891771 -0.163282
11.000000 189.000000 -0.970271 -0.160142
39.000000 189.000000 -0.882350 -0.160142
68.000000 189.000000 -0.791289 -0.160142
139.000000 189.000000 -0.568347 -0.160142
322.000000 189.000000 0.006280 -0.160142
549.000000 189.000000 0.719069 -0.160142
615.000000 189.000000 0.926311 -0.160142
202.000000 190.000000 -0.370524 -0.157002
250.000000 190.000000 -0.219803 -0.157002
293.000000 190.000000 -0.084781 -0.157002
356.000000 190.000000 0.113041 -0.157002
73.000000 191.000000 -0.775589 -0.153862
138.000000 191.000000 -0.571487 -0.153862
220.000000 191.000000 -0.314004 -0.153862
252.000000 191.000000 -0.213523 -0.153862
257.000000 191.000000 -0.197822 -0.153862
261.000000 191.000000 -0.185262 -0.153862
325.000000 191.000000 0.015700 -0.153862
414.000000 191.000000 0.295163 -0.153862
239.000000 192.000000 -0.254343 -0.150722
244.000000 192.000000 -0.238643 -0.150722
255.000000 192.000000 -0.204102 -0.150722
259.000000 192.000000 -0.191542 -0.150722
614.000000 192.000000 0.923171 -0.150722
8.000000 193.000000 -0.979692 -0.147582
533.000000 193.000000 0.668828 -0.147582
582.000000 193.000000 0.822690 -0.147582
38.000000 194.000000 -0.885490 -0.144442
251.000000 194.000000 -0.216663 -0.144442
256.000000 194.000000 -0.200962 -0.144442
325.000000 194.000000 0.015700 -0.144442
35.000000 195.000000 -0.894911 -0.141302
139.000000 195.000000 -0.568347 -0.141302
158.000000 195.000000 -0.508686 -0.141302
245.000000 195.000000 -0.235503 -0.141302
281.000000 195.000000 -0.122461 -0.141302
288.000000 195.000000 -0.100481 -0.141302
469.000000 195.000000 0.467866 -0.141302
129.000000 196.000000 -0.599747 -0.138162
142.000000 196.000000 -0.558927 -0.138162
239.000000 196.000000 -0.254343 -0.138162
293.000000 196.000000 -0.084781 -0.138162
321.000000 196.000000 0.003140 -0.138162
352.000000 196.000000 0.100481 -0.138162
557.000000 196.000000 0.744189 -0.138162
560.000000 196.000000 0.753609 -0.138162
614.000000 196.000000 0.923171 -0.138162
125.000000 197.000000 -0.612307 -0.135022
290.000000 197.000000 -0.094201 -0.135022
302.000000 197.000000 -0.056521 -0.135022
134.000000 198.000000 -0.584047 -0.131882
550.000000 198.000000 0.722209 -0.131882
129.000000 199.000000 -0.599747 -0.128742
249.000000 199.000000 -0.222943 -0.128742
251.000000 199.000000 -0.216663 -0.128742
286.000000 199.000000 -0.106761 -0.128742
331.000000 199.000000 0.034540 -0.128742
157.000000 200.000000 -0.511826 -0.125601
324.000000 200.000000 0.012560 -0.125601
441.000000 200.000000 0.379945 -0.125601
615.000000 200.000000 0.926311 -0.125601
20.000000 201.000000 -0.942011 -0.122461
246.000000 201.000000 -0.232363 -0.122461
281.000000 201.000000 -0.122461 -0.122461
286.000000 201.000000 -0.106761 -0.122461
302.000000 201.000000 -0.056521 -0.122461
409.000000 201.000000 0.279463 -0.122461
486.000000 201.000000 0.521246 -0.122461
15.000000 202.000000 -0.957711 -0.119321
129.000000 202.000000 -0.599747 -0.119321
138.000000 202.000000 -0.571487 -0.119321
142.000000 202.000000 -0.558927 -0.119321
147.000000 202.000000 -0.543226 -0.119321
157.000000 202.000000 -0.511826 -0.119321
204.000000 202.000000 -0.364244 -0.119321
277.000000 202.000000 -0.135022 -0.119321
321.000000 202.000000 0.003140 -0.119321
113.000000 203.000000 -0.649988 -0.116181
202.000000 203.000000 -0.370524 -0.116181
311.000000 203.000000 -0.028260 -0.116181
497.000000 203.000000 0.555787 -0.116181
597.000000 203.000000 0.869790 -0.116181
33.000000 204.000000 -0.901191 -0.113041
87.000000 204.000000 -0.731629 -0.113041
116.000000 204.000000 -0.640568 -0.113041
121.000000 204.000000 -0.624867 -0.113041
227.000000 204.000000 -0.292023 -0.113041
275.000000 204.000000 -0.141302 -0.113041
284.000000 204.000000 -0.113041 -0.113041
302.000000 204.000000 -0.056521 -0.113041
41.000000 205.000000 -0.876070 -0.109901
241.000000 205.000000 -0.248063 -0.109901
280.000000 205.000000 -0.125601 -0.109901
531.000000 205.000000 0.662548 -0.109901
17.000000 206.000000 -0.951431 -0.106761
29.000000 206.000000 -0.913751 -0.106761
33.000000 206.000000 -0.901191 -0.106761
124.000000 206.000000 -0.615447 -0.106761
130.000000 206.000000 -0.596607 -0.106761
157.000000 206.000000 -0.511826 -0.106761
284.000000 206.000000 -0.113041 -0.106761
288.000000 206.000000 -0.100481 -0.106761
420.000000 206.000000 0.314004 -0.106761
423.000000 206.000000 0.323424 -0.106761
633.000000 206.000000 0.982832 -0.106761
97.000000 207.000000 -0.700228 -0.103621
432.000000 207.000000 0.351684 -0.103621
437.000000 207.000000 0.367384 -0.103621
613.000000 207.000000 0.920031 -0.103621
618.000000 207.000000 0.935731 -0.103621
40.000000 208.000000 -0.879210 -0.100481
138.000000 208.000000 -0.571487 -0.100481
157.000000 208.000000 -0.511826 -0.100481
238.000000 208.000000 -0.257483 -0.100481
413.000000 208.000000 0.292023 -0.100481
4.000000 209.000000 -0.992252 -0.097341
278.000000 209.000000 -0.131882 -0.097341
299.000000 209.000000 -0.065941 -0.097341
418.000000 209.000000 0.307724 -0.097341
281.000000 210.000000 -0.122461 -0.094201
363.000000 210.000000 0.135022 -0.094201
425.000000 210.000000 0.329704 -0.094201
428.000000 210.000000 0.339124 -0.094201
436.000000 210.000000 0.364244 -0.094201
540.000000 210.000000 0.690808 -0.094201
34.000000 211.000000 -0.898051 -0.091061
37.000000 211.000000 -0.888631 -0.091061
137.000000 211.000000 -0.574627 -0.091061
321.000000 211.000000 0.003140 -0.091061
581.000000 211.000000 0.819550 -0.091061
130.000000 212.000000 -0.596607 -0.087921
237.000000 212.000000 -0.260623 -0.087921
261.000000 212.000000 -0.185262 -0.087921
334.000000 212.000000 0.043961 -0.087921
413.000000 212.000000 0.292023 -0.087921
443.000000 212.000000 0.386225 -0.087921
453.000000 212.000000 0.417625 -0.087921
75.000000 213.000000 -0.769309 -0.084781
148.000000 213.000000 -0.540086 -0.084781
242.000000 213.000000 -0.244923 -0.084781
264.000000 213.000000 -0.175842 -0.084781
283.000000 213.000000 -0.116181 -0.084781
316.000000 213.000000 -0.012560 -0.084781
324.000000 213.000000 0.012560 -0.084781
380.000000 213.000000 0.188402 -0.084781
426.000000 213.000000 0.332844 -0.084781
431.000000 213.000000 0.348544 -0.084781
244.000000 214.000000 -0.238643 -0.081641
271.000000 214.000000 -0.153862 -0.081641
285.000000 214.000000 -0.109901 -0.081641
446.000000 214.000000 0.395645 -0.081641
12.000000 215.000000 -0.967131 -0.078501
129.000000 215.000000 -0.599747 -0.078501
157.000000 215.000000 -0.511826 -0.078501
168.000000 215.000000 -0.477286 -0.078501
343.000000 215.000000 0.072221 -0.078501
125.000000 216.000000 -0.612307 -0.075361
173.000000 216.000000 -0.461585 -0.075361
239.000000 216.000000 -0.254343 -0.075361
318.000000 216.000000 -0.006280 -0.075361
383.000000 216.000000 0.197822 -0.075361
385.000000 216.000000 0.204102 -0.075361
582.000000 216.000000 0.822690 -0.075361
272.000000 217.000000 -0.150722 -0.072221
274.000000 217.000000 -0.144442 -0.072221
333.000000 217.000000 0.040820 -0.072221
277.000000 218.000000 -0.135022 -0.069081
283.000000 218.000000 -0.116181 -0.069081
301.000000 218.000000 -0.059661 -0.069081
15.000000 219.000000 -0.957711 -0.065941
99.000000 219.000000 -0.693948 -0.065941
175.000000 219.000000 -0.455305 -0.065941
246.000000 219.000000 -0.232363 -0.065941
280.000000 219.000000 -0.125601 -0.065941
303.000000 219.000000 -0.053381 -0.065941
444.000000 219.000000 0.389365 -0.065941
113.000000 220.000000 -0.649988 -0.062801
141.000000 220.000000 -0.562067 -0.062801
163.000000 220.000000 -0.492986 -0.062801
235.000000 220.000000 -0.266903 -0.062801
240.000000 220.000000 -0.251203 -0.062801
264.000000 220.000000 -0.175842 -0.062801
278.000000 220.000000 -0.131882 -0.062801
332.000000 220.000000 0.037680 -0.062801
193.000000 221.000000 -0.398785 -0.059661
201.000000 221.000000 -0.373664 -0.059661
233.000000 221.000000 -0.273183 -0.059661
283.000000 221.000000 -0.116181 -0.059661
303.000000 221.000000 -0.053381 -0.059661
323.000000 221.000000 0.009420 -0.059661
584.000000 221.000000 0.828970 -0.059661
612.000000 221.000000 0.916891 -0.059661
174.000000 222.000000 -0.458445 -0.056521
176.000000 222.000000 -0.452165 -0.056521
250.000000 222.000000 -0.219803 -0.056521
287.000000 222.000000 -0.103621 -0.056521
290.000000 222.000000 -0.094201 -0.056521
293.000000 222.000000 -0.084781 -0.056521
141.000000 223.000000 -0.562067 -0.053381
206.000000 223.000000 -0.357964 -0.053381
231.000000 223.000000 -0.279463 -0.053381
233.000000 223.000000 -0.273183 -0.053381
257.000000 223.000000 -0.197822 -0.053381
285.000000 223.000000 -0.109901 -0.053381
304.000000 223.000000 -0.050241 -0.053381
323.000000 223.000000 0.009420 -0.053381
354.000000 223.000000 0.106761 -0.053381
554.000000 223.000000 0.734769 -0.053381
27.000000 224.000000 -0.920031 -0.050241
212.000000 224.000000 -0.339124 -0.050241
317.000000 224.000000 -0.009420 -0.050241
319.000000 224.000000 -0.003140 -0.050241
333.000000 224.000000 0.040820 -0.050241
372.000000 224.000000 0.163282 -0.050241
444.000000 224.000000 0.389365 -0.050241
611.000000 224.000000 0.913751 -0.050241
37.000000 225.000000 -0.888631 -0.047101
130.000000 225.000000 -0.596607 -0.047101
191.000000 225.000000 -0.405065 -0.047101
220.000000 225.000000 -0.314004 -0.047101
249.000000 225.000000 -0.222943 -0.047101
323.000000 225.000000 0.009420 -0.047101
390.000000 225.000000 0.219803 -0.047101
563.000000 225.000000 0.763029 -0.047101
102.000000 226.000000 -0.684528 -0.043961
174.000000 226.000000 -0.458445 -0.043961
218.000000 226.000000 -0.320284 -0.043961
223.000000 226.000000 -0.304584 -0.043961
225.000000 226.000000 -0.298304 -0.043961
229.000000 226.000000 -0.285743 -0.043961
231.000000 226.000000 -0.279463 -0.043961
288.000000 226.000000 -0.100481 -0.043961
350.000000 226.000000 0.094201 -0.043961
196.000000 227.000000 -0.389365 -0.040820
265.000000 227.000000 -0.172702 -0.040820
283.000000 227.000000 -0.116181 -0.040820
386.000000 227.000000 0.207242 -0.040820
523.000000 227.000000 0.637428 -0.040820
551.000000 227.000000 0.725349 -0.040820
619.000000 227.000000 0.938871 -0.040820
55.000000 228.000000 -0.832110 -0.037680
222.000000 228.000000 -0.307724 -0.037680
254.000000 228.000000 -0.207242 -0.037680
275.000000 228.000000 -0.141302 -0.037680
281.000000 228.000000 -0.122461 -0.037680
292.000000 228.000000 -0.087921 -0.037680
294.000000 228.000000 -0.081641 -0.037680
412.000000 228.000000 0.288883 -0.037680
560.000000 228.000000 0.753609 -0.037680
598.000000 228.000000 0.872930 -0.037680
226.000000 229.000000 -0.295163 -0.034540
233.000000 229.000000 -0.273183 -0.034540
313.000000 229.000000 -0.021980 -0.034540
518.000000 229.000000 0.621727 -0.034540
537.000000 229.000000 0.681388 -0.034540
540.000000 229.000000 0.690808 -0.034540
620.000000 229.000000 0.942011 -0.034540
114.000000 230.000000 -0.646848 -0.031400
217.000000 230.000000 -0.323424 -0.031400
228.000000 230.000000 -0.288883 -0.031400
255.000000 230.000000 -0.204102 -0.031400
259.000000 230.000000 -0.191542 -0.031400
261.000000 230.000000 -0.185262 -0.031400
267.000000 230.000000 -0.166422 -0.031400
285.000000 230.000000 -0.109901 -0.031400
289.000000 230.000000 -0.097341 -0.031400
443.000000 230.000000 0.386225 -0.031400
558.000000 230.000000 0.747329 -0.031400
601.000000 230.000000 0.882350 -0.031400
613.000000 230.000000 0.920031 -0.031400
28.000000 231.000000 -0.916891 -0.028260
61.000000 231.000000 -0.813270 -0.028260
129.000000 231.000000 -0.599747 -0.028260
176.000000 231.000000 -0.452165 -0.028260
201.000000 231.000000 -0.373664 -0.028260
237.000000 231.000000 -0.260623 -0.028260
277.000000 231.000000 -0.135022 -0.028260
287.000000 231.000000 -0.103621 -0.028260
343.000000 231.000000 0.072221 -0.028260
220.000000 232.000000 -0.314004 -0.025120
259.000000 232.000000 -0.191542 -0.025120
275.000000 232.000000 -0.141302 -0.025120
323.000000 232.000000 0.009420 -0.025120
336.000000 232.000000 0.050241 -0.025120
120.000000 233.000000 -0.628007 -0.021980
227.000000 233.000000 -0.292023 -0.021980
278.000000 233.000000 -0.131882 -0.021980
292.000000 233.000000 -0.087921 -0.021980
445.000000 233.000000 0.392505 -0.021980
197.000000 234.000000 -0.386225 -0.018840
249.000000 234.000000 -0.222943 -0.018840
289.000000 234.000000 -0.097341 -0.018840
343.000000 234.000000 0.072221 -0.018840
69.000000 235.000000 -0.788149 -0.015700
208.000000 235.000000 -0.351684 -0.015700
273.000000 235.000000 -0.147582 -0.015700
295.000000 235.000000 -0.078501 -0.015700
326.000000 235.000000 0.018840 -0.015700
412.000000 235.000000 0.288883 -0.015700
576.000000 235.000000 0.803850 -0.015700
587.000000 235.000000 0.838390 -0.015700
14.000000 236.000000 -0.960851 -0.012560
128.000000 236.000000 -0.602887 -0.012560
144.000000 236.000000 -0.552647 -0.012560
240.000000 236.000000 -0.251203 -0.012560
257.000000 236.000000 -0.197822 -0.012560
269.000000 236.000000 -0.160142 -0.012560
307.000000 236.000000 -0.040820 -0.012560
367.000000 236.000000 0.147582 -0.012560
445.000000 236.000000 0.392505 -0.012560
4.000000 237.000000 -0.992252 -0.009420
174.000000 237.000000 -0.458445 -0.009420
176.000000 237.000000 -0.452165 -0.009420
189.000000 237.000000 -0.411345 -0.009420
260.000000 237.000000 -0.188402 -0.009420
271.000000 237.000000 -0.153862 -0.009420
279.000000 237.000000 -0.128742 -0.009420
285.000000 237.000000 -0.109901 -0.009420
301.000000 237.000000 -0.059661 -0.009420
455.000000 237.000000 0.423905 -0.009420
467.000000 237.000000 0.461585 -0.009420
604.000000 237.000000 0.891771 -0.009420
218.000000 238.000000 -0.320284 -0.006280
273.000000 238.000000 -0.147582 -0.006280
281.000000 238.000000 -0.122461 -0.006280
443.000000 238.000000 0.386225 -0.006280
473.000000 238.000000 0.480426 -0.006280
488.000000 238.000000 0.527526 -0.006280
621.000000 238.000000 0.945151 -0.006280
627.000000 238.000000 0.963991 -0.006280
196.000000 239.000000 -0.389365 -0.003140
227.000000 239.000000 -0.292023 -0.003140
283.000000 239.000000 -0.116181 -0.003140
292.000000 239.000000 -0.087921 -0.003140
329.000000 239.000000 0.028260 -0.003140
455.000000 239.000000 0.423905 -0.003140
461.000000 239.000000 0.442745 -0.003140
496.000000 239.000000 0.552647 -0.003140
505.000000 239.000000 0.580907 -0.003140
507.000000 239.000000 0.587187 -0.003140
176.000000 240.000000 -0.452165 0.000000
252.000000 240.000000 -0.213523 0.000000
255.000000 240.000000 -0.204102 0.000000
453.000000 240.000000 0.417625 0.000000
458.000000 240.000000 0.433325 0.000000
478.000000 240.000000 0.496126 0.000000
515.000000 240.000000 0.612307 0.000000
526.000000 240.000000 0.646848 0.000000
141.000000 241.000000 -0.562067 0.003140
258.000000 241.000000 -0.194682 0.003140
269.000000 241.000000 -0.160142 0.003140
276.000000 241.000000 -0.138162 0.003140
319.000000 241.000000 -0.003140 0.003140
322.000000 241.000000 0.006280 0.003140
470.000000 241.000000 0.471006 0.003140
481.000000 241.000000 0.505546 0.003140
615.000000 241.000000 0.926311 0.003140
3.000000 242.000000 -0.995392 0.006280
177.000000 242.000000 -0.449025 0.006280
202.000000 242.000000 -0.370524 0.006280
261.000000 242.000000 -0.185262 0.006280
264.000000 242.000000 -0.175842 0.006280
300.000000 242.000000 -0.062801 0.006280
502.000000 242.000000 0.571487 0.006280
517.000000 242.000000 0.618587 0.006280
523.000000 242.000000 0.637428 0.006280
562.000000 242.000000 0.759889 0.006280
565.000000 242.000000 0.769309 0.006280
635.000000 242.000000 0.989112 0.006280
157.000000 243.000000 -0.511826 0.009420
159.000000 243.000000 -0.505546 0.009420
245.000000 243.000000 -0.235503 0.009420
279.000000 243.000000 -0.128742 0.009420
378.000000 243.000000 0.182122 0.009420
515.000000 243.000000 0.612307 0.009420
521.000000 243.000000 0.631147 0.009420
576.000000 243.000000 0.803850 0.009420
587.000000 243.000000 0.838390 0.009420
174.000000 244.000000 -0.458445 0.012560
176.000000 244.000000 -0.452165 0.012560
296.000000 244.000000 -0.075361 0.012560
300.000000 244.000000 -0.062801 0.012560
357.000000 244.000000 0.116181 0.012560
511.000000 244.000000 0.599747 0.012560
531.000000 244.000000 0.662548 0.012560
594.000000 244.000000 0.860370 0.012560
606.000000 244.000000 0.898051 0.012560
629.000000 244.000000 0.970271 0.012560
107.000000 245.000000 -0.668828 0.015700
128.000000 245.000000 -0.602887 0.015700
218.000000 245.000000 -0.320284 0.015700
226.000000 245.000000 -0.295163 0.015700
309.000000 245.000000 -0.034540 0.015700
314.000000 245.000000 -0.018840 0.015700
331.000000 245.000000 0.034540 0.015700
468.000000 245.000000 0.464725 0.015700
552.000000 245.000000 0.728489 0.015700
564.000000 245.000000 0.766169 0.015700
579.000000 245.000000 0.813270 0.015700
585.000000 245.000000 0.832110 0.015700
612.000000 245.000000 0.916891 0.015700
619.000000 245.000000 0.938871 0.015700
52.000000 246.000000 -0.841530 0.018840
174.000000 246.000000 -0.458445 0.018840
300.000000 246.000000 -0.062801 0.018840
460.000000 246.000000 0.439605 0.018840
582.000000 246.000000 0.822690 0.018840
587.000000 246.000000 0.838390 0.018840
589.000000 246.000000 0.844670 0.018840
140.000000 247.000000 -0.565207 0.021980
236.000000 247.000000 -0.263763 0.021980
450.000000 247.000000 0.408205 0.021980
454.000000 247.000000 0.420765 0.021980
463.000000 247.000000 0.449025 0.021980
478.000000 247.000000 0.496126 0.021980
481.000000 247.000000 0.505546 0.021980
486.000000 247.000000 0.521246 0.021980
492.000000 247.000000 0.540086 0.021980
506.000000 247.000000 0.584047 0.021980
607.000000 247.000000 0.901191 0.021980
629.000000 247.000000 0.970271 0.021980
34.000000 248.000000 -0.898051 0.025120
234.000000 248.000000 -0.270043 0.025120
299.000000 248.000000 -0.065941 0.025120
407.000000 248.000000 0.273183 0.025120
474.000000 248.000000 0.483566 0.025120
623.000000 248.000000 0.951431 0.025120
625.000000 248.000000 0.957711 0.025120
17.000000 249.000000 -0.951431 0.028260
125.000000 249.000000 -0.612307 0.028260
140.000000 249.000000 -0.565207 0.028260
241.000000 249.000000 -0.248063 0.028260
297.000000 249.000000 -0.072221 0.028260
356.000000 249.000000 0.113041 0.028260
173.000000 250.000000 -0.461585 0.031400
249.000000 250.000000 -0.222943 0.031400
279.000000 250.000000 -0.128742 0.031400
299.000000 250.000000 -0.065941 0.031400
442.000000 250.000000 0.383085 0.031400
519.000000 250.000000 0.624867 0.031400
521.000000 250.000000 0.631147 0.031400
532.000000 250.000000 0.665688 0.031400
534.000000 250.000000 0.671968 0.031400
128.000000 251.000000 -0.602887 0.034540
199.000000 251.000000 -0.379945 0.034540
216.000000 251.000000 -0.326564 0.034540
291.000000 251.000000 -0.091061 0.034540
581.000000 251.000000 0.819550 0.034540
631.000000 251.000000 0.976552 0.034540
23.000000 252.000000 -0.932591 0.037680
57.000000 252.000000 -0.825830 0.037680
174.000000 252.000000 -0.458445 0.037680
176.000000 252.000000 -0.452165 0.037680
190.000000 252.000000 -0.408205 0.037680
209.000000 252.000000 -0.348544 0.037680
224.000000 252.000000 -0.301444 0.037680
299.000000 252.000000 -0.065941 0.037680
574.000000 252.000000 0.797569 0.037680
607.000000 252.000000 0.901191 0.037680
618.000000 252.000000 0.935731 0.037680
133.000000 253.000000 -0.587187 0.040820
216.000000 253.000000 -0.326564 0.040820
400.000000 253.000000 0.251203 0.040820
409.000000 253.000000 0.279463 0.040820
593.000000 253.000000 0.857230 0.040820
598.000000 253.000000 0.872930 0.040820
624.000000 253.000000 0.954571 0.040820
136.000000 254.000000 -0.577767 0.043961
174.000000 254.000000 -0.458445 0.043961
247.000000 254.000000 -0.229223 0.043961
299.000000 254.000000 -0.065941 0.043961
602.000000 254.000000 0.885490 0.043961
52.000000 255.000000 -0.841530 0.047101
200.000000 255.000000 -0.376804 0.047101
599.000000 255.000000 0.876070 0.047101
618.000000 255.000000 0.935731 0.047101
19.000000 256.000000 -0.945151 0.050241
175.000000 256.000000 -0.455305 0.050241
215.000000 256.000000 -0.329704 0.050241
302.000000 256.000000 -0.056521 0.050241
444.000000 256.000000 0.389365 0.050241
127.000000 257.000000 -0.606027 0.053381
138.000000 257.000000 -0.571487 0.053381
461.000000 257.000000 0.442745 0.053381
469.000000 257.000000 0.467866 0.053381
475.000000 257.000000 0.486706 0.053381
142.000000 258.000000 -0.558927 0.056521
173.000000 258.000000 -0.461585 0.056521
278.000000 258.000000 -0.131882 0.056521
496.000000 258.000000 0.552647 0.056521
14.000000 259.000000 -0.960851 0.059661
176.000000 259.000000 -0.452165 0.059661
235.000000 259.000000 -0.266903 0.059661
244.000000 259.000000 -0.238643 0.059661
442.000000 259.000000 0.383085 0.059661
510.000000 259.000000 0.596607 0.059661
523.000000 259.000000 0.637428 0.059661
525.000000 259.000000 0.643708 0.059661
32.000000 260.000000 -0.904331 0.062801
173.000000 260.000000 -0.461585 0.062801
212.000000 260.000000 -0.339124 0.062801
341.000000 260.000000 0.065941 0.062801
354.000000 260.000000 0.106761 0.062801
604.000000 260.000000 0.891771 0.062801
627.000000 260.000000 0.963991 0.062801
447.000000 261.000000 0.398785 0.065941
469.000000 261.000000 0.467866 0.065941
581.000000 261.000000 0.819550 0.065941
29.000000 262.000000 -0.913751 0.069081
278.000000 262.000000 -0.131882 0.069081
315.000000 262.000000 -0.015700 0.069081
389.000000 262.000000 0.216663 0.069081
607.000000 262.000000 0.901191 0.069081
613.000000 262.000000 0.920031 0.069081
124.000000 263.000000 -0.615447 0.072221
135.000000 263.000000 -0.580907 0.072221
172.000000 263.000000 -0.464725 0.072221
267.000000 263.000000 -0.166422 0.072221
442.000000 263.000000 0.383085 0.072221
511.000000 263.000000 0.599747 0.072221
632.000000 263.000000 0.979692 0.072221
14.000000 264.000000 -0.960851 0.075361
128.000000 264.000000 -0.602887 0.075361
301.000000 264.000000 -0.059661 0.075361
468.000000 264.000000 0.464725 0.075361
290.000000 265.000000 -0.094201 0.078501
322.000000 265.000000 0.006280 0.078501
341.000000 265.000000 0.065941 0.078501
496.000000 265.000000 0.552647 0.078501
187.000000 266.000000 -0.417625 0.081641
408.000000 266.000000 0.276323 0.081641
518.000000 266.000000 0.621727 0.081641
585.000000 266.000000 0.832110 0.081641
108.000000 267.000000 -0.665688 0.084781
354.000000 267.000000 0.106761 0.084781
560.000000 267.000000 0.753609 0.084781
621.000000 267.000000 0.945151 0.084781
3.000000 268.000000 -0.995392 0.087921
30.000000 268.000000 -0.910611 0.087921
76.000000 268.000000 -0.766169 0.087921
173.000000 268.000000 -0.461585 0.087921
468.000000 268.000000 0.464725 0.087921
585.000000 268.000000 0.832110 0.087921
592.000000 268.000000 0.854090 0.087921
594.000000 268.000000 0.860370 0.087921
125.000000 269.000000 -0.612307 0.091061
175.000000 269.000000 -0.455305 0.091061
213.000000 269.000000 -0.335984 0.091061
272.000000 269.000000 -0.150722 0.091061
410.000000 269.000000 0.282603 0.091061
620.000000 269.000000 0.942011 0.091061
173.000000 270.000000 -0.461585 0.094201
207.000000 270.000000 -0.354824 0.094201
257.000000 270.000000 -0.197822 0.094201
303.000000 270.000000 -0.053381 0.094201
330.000000 270.000000 0.031400 0.094201
441.000000 270.000000 0.379945 0.094201
468.000000 270.000000 0.464725 0.094201
49.000000 271.000000 -0.850950 0.097341
128.000000 271.000000 -0.602887 0.097341
507.000000 271.000000 0.587187 0.097341
529.000000 271.000000 0.656268 0.097341
441.000000 272.000000 0.379945 0.100481
172.000000 273.000000 -0.464725 0.103621
174.000000 273.000000 -0.458445 0.103621
176.000000 273.000000 -0.452165 0.103621
244.000000 273.000000 -0.238643 0.103621
546.000000 273.000000 0.709648 0.103621
68.000000 274.000000 -0.791289 0.106761
162.000000 274.000000 -0.496126 0.106761
197.000000 274.000000 -0.386225 0.106761
237.000000 274.000000 -0.260623 0.106761
297.000000 274.000000 -0.072221 0.106761
343.000000 274.000000 0.072221 0.106761
581.000000 274.000000 0.819550 0.106761
80.000000 275.000000 -0.753609 0.109901
142.000000 275.000000 -0.558927 0.109901
235.000000 275.000000 -0.266903 0.109901
406.000000 275.000000 0.270043 0.109901
510.000000 275.000000 0.596607 0.109901
553.000000 275.000000 0.731629 0.109901
576.000000 275.000000 0.803850 0.109901
20.000000 276.000000 -0.942011 0.113041
54.000000 276.000000 -0.835250 0.113041
126.000000 276.000000 -0.609167 0.113041
446.000000 276.000000 0.395645 0.113041
559.000000 276.000000 0.750469 0.113041
596.000000 276.000000 0.866650 0.113041
7.000000 277.000000 -0.982832 0.116181
236.000000 277.000000 -0.263763 0.116181
334.000000 277.000000 0.043961 0.116181
410.000000 277.000000 0.282603 0.116181
46.000000 278.000000 -0.860370 0.119321
139.000000 278.000000 -0.568347 0.119321
349.000000 278.000000 0.091061 0.119321
287.000000 279.000000 -0.103621 0.122461
289.000000 279.000000 -0.097341 0.122461
441.000000 279.000000 0.379945 0.122461
529.000000 279.000000 0.656268 0.122461
17.000000 280.000000 -0.951431 0.125601
330.000000 280.000000 0.031400 0.125601
340.000000 280.000000 0.062801 0.125601
176.000000 281.000000 -0.452165 0.128742
225.000000 281.000000 -0.298304 0.128742
467.000000 281.000000 0.461585 0.128742
314.000000 282.000000 -0.018840 0.131882
633.000000 282.000000 0.982832 0.131882
121.000000 283.000000 -0.624867 0.135022
174.000000 283.000000 -0.458445 0.135022
189.000000 283.000000 -0.411345 0.135022
377.000000 283.000000 0.178982 0.135022
488.000000 283.000000 0.527526 0.135022
528.000000 283.000000 0.653128 0.135022
535.000000 283.000000 0.675108 0.135022
23.000000 284.000000 -0.932591 0.138162
172.000000 284.000000 -0.464725 0.138162
339.000000 284.000000 0.059661 0.138162
445.000000 284.000000 0.392505 0.138162
468.000000 284.000000 0.464725 0.138162
558.000000 284.000000 0.747329 0.138162
79.000000 285.000000 -0.756749 0.141302
180.000000 285.000000 -0.439605 0.141302
176.000000 286.000000 -0.452165 0.144442
277.000000 286.000000 -0.135022 0.144442
288.000000 287.000000 -0.100481 0.147582
467.000000 287.000000 0.461585 0.147582
492.000000 287.000000 0.540086 0.147582
578.000000 287.000000 0.810130 0.147582
31.000000 288.000000 -0.907471 0.150722
332.000000 288.000000 0.037680 0.150722
445.000000 288.000000 0.392505 0.150722
470.000000 288.000000 0.471006 0.150722
477.000000 288.000000 0.492986 0.150722
277.000000 289.000000 -0.135022 0.153862
440.000000 289.000000 0.376804 0.153862
499.000000 289.000000 0.562067 0.153862
509.000000 289.000000 0.593467 0.153862
169.000000 290.000000 -0.474146 0.157002
172.000000 290.000000 -0.464725 0.157002
599.000000 290.000000 0.876070 0.157002
601.000000 290.000000 0.882350 0.157002
610.000000 290.000000 0.910611 0.157002
315.000000 291.000000 -0.015700 0.160142
29.000000 292.000000 -0.913751 0.163282
520.000000 292.000000 0.628007 0.163282
227.000000 293.000000 -0.292023 0.166422
307.000000 293.000000 -0.040820 0.166422
534.000000 293.000000 0.671968 0.166422
164.000000 294.000000 -0.489846 0.169562
277.000000 294.000000 -0.135022 0.169562
296.000000 294.000000 -0.075361 0.169562
221.000000 295.000000 -0.310864 0.172702
328.000000 295.000000 0.025120 0.172702
440.000000 295.000000 0.376804 0.172702
527.000000 295.000000 0.649988 0.172702
8.000000 296.000000 -0.979692 0.175842
53.000000 296.000000 -0.838390 0.175842
172.000000 296.000000 -0.464725 0.175842
227.000000 296.000000 -0.292023 0.175842
34.000000 297.000000 -0.898051 0.178982
158.000000 297.000000 -0.508686 0.178982
398.000000 297.000000 0.244923 0.178982
418.000000 297.000000 0.307724 0.178982
433.000000 297.000000 0.354824 0.178982
440.000000 297.000000 0.376804 0.178982
527.000000 297.000000 0.649988 0.178982
620.000000 297.000000 0.942011 0.178982
84.000000 298.000000 -0.741049 0.182122
194.000000 298.000000 -0.395645 0.182122
226.000000 298.000000 -0.295163 0.182122
232.000000 298.000000 -0.276323 0.182122
276.000000 298.000000 -0.138162 0.182122
380.000000 298.000000 0.188402 0.182122
413.000000 298.000000 0.292023 0.182122
488.000000 298.000000 0.527526 0.182122
610.000000 298.000000 0.910611 0.182122
6.000000 299.000000 -0.985972 0.185262
14.000000 299.000000 -0.960851 0.185262
121.000000 299.000000 -0.624867 0.185262
135.000000 299.000000 -0.580907 0.185262
148.000000 299.000000 -0.540086 0.185262
200.000000 299.000000 -0.376804 0.185262
240.000000 299.000000 -0.251203 0.185262
317.000000 299.000000 -0.009420 0.185262
341.000000 299.000000 0.065941 0.185262
415.000000 299.000000 0.298304 0.185262
440.000000 299.000000 0.376804 0.185262
623.000000 299.000000 0.951431 0.185262
630.000000 299.000000 0.973412 0.185262
171.000000 300.000000 -0.467866 0.188402
235.000000 300.000000 -0.266903 0.188402
303.000000 300.000000 -0.053381 0.188402
119.000000 301.000000 -0.631147 0.191542
219.000000 301.000000 -0.317144 0.191542
313.000000 301.000000 -0.021980 0.191542
411.000000 301.000000 0.285743 0.191542
555.000000 301.000000 0.737909 0.191542
14.000000 302.000000 -0.960851 0.194682
171.000000 302.000000 -0.467866 0.194682
226.000000 302.000000 -0.295163 0.194682
267.000000 302.000000 -0.166422 0.194682
340.000000 302.000000 0.062801 0.194682
508.000000 302.000000 0.590327 0.194682
544.000000 302.000000 0.703368 0.194682
567.000000 302.000000 0.775589 0.194682
617.000000 302.000000 0.932591 0.194682
21.000000 303.000000 -0.938871 0.197822
32.000000 303.000000 -0.904331 0.197822
315.000000 303.000000 -0.015700 0.197822
558.000000 303.000000 0.747329 0.197822
23.000000 304.000000 -0.932591 0.200962
102.000000 304.000000 -0.684528 0.200962
261.000000 304.000000 -0.185262 0.200962
279.000000 304.000000 -0.128742 0.200962
329.000000 304.000000 0.028260 0.200962
75.000000 305.000000 -0.769309 0.204102
98.000000 305.000000 -0.697088 0.204102
332.000000 305.000000 0.037680 0.204102
347.000000 305.000000 0.084781 0.204102
352.000000 305.000000 0.100481 0.204102
357.000000 305.000000 0.116181 0.204102
369.000000 305.000000 0.153862 0.204102
374.000000 305.000000 0.169562 0.204102
376.000000 305.000000 0.175842 0.204102
378.000000 305.000000 0.182122 0.204102
384.000000 305.000000 0.200962 0.204102
389.000000 305.000000 0.216663 0.204102
395.000000 305.000000 0.235503 0.204102
402.000000 305.000000 0.257483 0.204102
406.000000 305.000000 0.270043 0.204102
444.000000 305.000000 0.389365 0.204102
116.000000 306.000000 -0.640568 0.207242
147.000000 306.000000 -0.543226 0.207242
228.000000 306.000000 -0.288883 0.207242
250.000000 306.000000 -0.219803 0.207242
256.000000 306.000000 -0.200962 0.207242
339.000000 306.000000 0.059661 0.207242
581.000000 306.000000 0.819550 0.207242
16.000000 307.000000 -0.954571 0.210382
220.000000 307.000000 -0.314004 0.210382
254.000000 307.000000 -0.207242 0.210382
403.000000 307.000000 0.260623 0.210382
439.000000 307.000000 0.373664 0.210382
541.000000 307.000000 0.693948 0.210382
18.000000 308.000000 -0.948291 0.213523
227.000000 308.000000 -0.292023 0.213523
249.000000 308.000000 -0.222943 0.213523
257.000000 308.000000 -0.197822 0.213523
372.000000 308.000000 0.163282 0.213523
439.000000 309.000000 0.373664 0.216663
253.000000 310.000000 -0.210382 0.219803
256.000000 310.000000 -0.200962 0.219803
306.000000 310.000000 -0.043961 0.219803
328.000000 310.000000 0.025120 0.219803
442.000000 310.000000 0.383085 0.219803
482.000000 310.000000 0.508686 0.219803
507.000000 310.000000 0.587187 0.219803
515.000000 310.000000 0.612307 0.219803
8.000000 311.000000 -0.979692 0.222943
238.000000 311.000000 -0.257483 0.222943
350.000000 311.000000 0.094201 0.222943
440.000000 311.000000 0.376804 0.222943
532.000000 311.000000 0.665688 0.222943
115.000000 312.000000 -0.643708 0.226083
244.000000 312.000000 -0.238643 0.226083
257.000000 312.000000 -0.197822 0.226083
259.000000 312.000000 -0.191542 0.226083
273.000000 312.000000 -0.147582 0.226083
437.000000 312.000000 0.367384 0.226083
442.000000 312.000000 0.383085 0.226083
535.000000 312.000000 0.675108 0.226083
554.000000 312.000000 0.734769 0.226083
556.000000 312.000000 0.741049 0.226083
8.000000 313.000000 -0.979692 0.229223
6.000000 314.000000 -0.985972 0.232363
126.000000 314.000000 -0.609167 0.232363
238.000000 314.000000 -0.257483 0.232363
265.000000 314.000000 -0.172702 0.232363
307.000000 314.000000 -0.040820 0.232363
411.000000 314.000000 0.285743 0.232363
440.000000 314.000000 0.376804 0.232363
140.000000 315.000000 -0.565207 0.235503
259.000000 315.000000 -0.191542 0.235503
271.000000 315.000000 -0.153862 0.235503
62.000000 316.000000 -0.810130 0.238643
85.000000 316.000000 -0.737909 0.238643
131.000000 316.000000 -0.593467 0.238643
177.000000 316.000000 -0.449025 0.238643
230.000000 316.000000 -0.282603 0.238643
252.000000 316.000000 -0.213523 0.238643
265.000000 316.000000 -0.172702 0.238643
408.000000 316.000000 0.276323 0.238643
11.000000 317.000000 -0.970271 0.241783
99.000000 317.000000 -0.693948 0.241783
112.000000 317.000000 -0.653128 0.241783
118.000000 317.000000 -0.634288 0.241783
406.000000 317.000000 0.270043 0.241783
228.000000 318.000000 -0.288883 0.244923
245.000000 318.000000 -0.235503 0.244923
273.000000 318.000000 -0.147582 0.244923
424.000000 318.000000 0.326564 0.244923
609.000000 318.000000 0.907471 0.244923
81.000000 319.000000 -0.750469 0.248063
373.000000 319.000000 0.166422 0.248063
68.000000 320.000000 -0.791289 0.251203
330.000000 320.000000 0.031400 0.251203
42.000000 321.000000 -0.872930 0.254343
212.000000 322.000000 -0.339124 0.257483
57.000000 323.000000 -0.825830 0.260623
118.000000 323.000000 -0.634288 0.260623
139.000000 323.000000 -0.568347 0.260623
314.000000 323.000000 -0.018840 0.260623
320.000000 323.000000 -0.000000 0.260623
332.000000 323.000000 0.037680 0.260623
15.000000 324.000000 -0.957711 0.263763
19.000000 324.000000 -0.945151 0.263763
33.000000 324.000000 -0.901191 0.263763
94.000000 324.000000 -0.709648 0.263763
188.000000 324.000000 -0.414485 0.263763
83.000000 325.000000 -0.744189 0.266903
144.000000 325.000000 -0.552647 0.266903
215.000000 325.000000 -0.329704 0.266903
314.000000 325.000000 -0.018840 0.266903
337.000000 325.000000 0.053381 0.266903
104.000000 326.000000 -0.678248 0.270043
200.000000 329.000000 -0.376804 0.279463
339.000000 329.000000 0.059661 0.279463
91.000000 330.000000 -0.719069 0.282603
157.000000 331.000000 -0.511826 0.285743
333.000000 331.000000 0.040820 0.285743
204.000000 333.000000 -0.364244 0.292023
239.000000 334.000000 -0.254343 0.295163
286.000000 334.000000 -0.106761 0.295163
110.000000 336.000000 -0.659408 0.301444
220.000000 336.000000 -0.314004 0.301444
305.000000 336.000000 -0.047101 0.301444
123.000000 337.000000 -0.618587 0.304584
253.000000 337.000000 -0.210382 0.304584
258.000000 337.000000 -0.194682 0.304584
196.000000 339.000000 -0.389365 0.310864
224.000000 339.000000 -0.301444 0.310864
229.000000 340.000000 -0.285743 0.314004
17.000000 341.000000 -0.951431 0.317144
175.000000 341.000000 -0.455305 0.317144
223.000000 342.000000 -0.304584 0.320284
229.000000 342.000000 -0.285743 0.320284
307.000000 342.000000 -0.040820 0.320284
137.000000 343.000000 -0.574627 0.323424
220.000000 343.000000 -0.314004 0.323424
118.000000 344.000000 -0.634288 0.326564
132.000000 344.000000 -0.590327 0.326564
327.000000 344.000000 0.021980 0.326564
287.000000 345.000000 -0.103621 0.329704
310.000000 345.000000 -0.031400 0.329704
334.000000 345.000000 0.043961 0.329704
143.000000 346.000000 -0.555787 0.332844
292.000000 346.000000 -0.087921 0.332844
163.000000 347.000000 -0.492986 0.335984
209.000000 347.000000 -0.348544 0.335984
214.000000 347.000000 -0.332844 0.335984
218.000000 347.000000 -0.320284 0.335984
282.000000 347.000000 -0.119321 0.335984
221.000000 348.000000 -0.310864 0.339124
24.000000 349.000000 -0.929451 0.342264
63.000000 349.000000 -0.806990 0.342264
151.000000 349.000000 -0.530666 0.342264
238.000000 350.000000 -0.257483 0.345404
270.000000 350.000000 -0.157002 0.345404
598.000000 350.000000 0.872930 0.345404
105.000000 351.000000 -0.675108 0.348544
296.000000 351.000000 -0.075361 0.348544
348.000000 352.000000 0.087921 0.351684
352.000000 352.000000 0.100481 0.351684
20.000000 353.000000 -0.942011 0.354824
224.000000 353.000000 -0.301444 0.354824
339.000000 353.000000 0.059661 0.354824
18.000000 354.000000 -0.948291 0.357964
54.000000 356.000000 -0.835250 0.364244
272.000000 356.000000 -0.150722 0.364244
280.000000 356.000000 -0.125601 0.364244
129.000000 357.000000 -0.599747 0.367384
189.000000 358.000000 -0.411345 0.370524
228.000000 358.000000 -0.288883 0.370524
175.000000 359.000000 -0.455305 0.373664
211.000000 359.000000 -0.342264 0.373664
150.000000 360.000000 -0.533806 0.376804
155.000000 360.000000 -0.518106 0.376804
117.000000 361.000000 -0.637428 0.379945
199.000000 361.000000 -0.379945 0.379945
596.000000 361.000000 0.866650 0.379945
612.000000 361.000000 0.916891 0.379945
217.000000 362.000000 -0.323424 0.383085
579.000000 362.000000 0.813270 0.383085
122.000000 363.000000 -0.621727 0.386225
196.000000 363.000000 -0.389365 0.386225
209.000000 363.000000 -0.348544 0.386225
577.000000 363.000000 0.806990 0.386225
581.000000 363.000000 0.819550 0.386225
113.000000 364.000000 -0.649988 0.389365
140.000000 364.000000 -0.565207 0.389365
523.000000 364.000000 0.637428 0.389365
534.000000 364.000000 0.671968 0.389365
579.000000 364.000000 0.813270 0.389365
516.000000 365.000000 0.615447 0.392505
98.000000 366.000000 -0.697088 0.395645
231.000000 366.000000 -0.279463 0.395645
478.000000 366.000000 0.496126 0.395645
484.000000 366.000000 0.514966 0.395645
499.000000 366.000000 0.562067 0.395645
631.000000 366.000000 0.976552 0.395645
634.000000 366.000000 0.985972 0.395645
80.000000 367.000000 -0.753609 0.398785
497.000000 367.000000 0.555787 0.398785
585.000000 367.000000 0.832110 0.398785
68.000000 368.000000 -0.791289 0.401925
214.000000 368.000000 -0.332844 0.401925
226.000000 368.000000 -0.295163 0.401925
430.000000 368.000000 0.345404 0.401925
432.000000 368.000000 0.351684 0.401925
504.000000 368.000000 0.577767 0.401925
582.000000 368.000000 0.822690 0.401925
598.000000 368.000000 0.872930 0.401925
118.000000 369.000000 -0.634288 0.405065
424.000000 369.000000 0.326564 0.405065
80.000000 370.000000 -0.753609 0.408205
93.000000 370.000000 -0.712788 0.408205
223.000000 370.000000 -0.304584 0.408205
231.000000 370.000000 -0.279463 0.408205
619.000000 370.000000 0.938871 0.408205
84.000000 371.000000 -0.741049 0.411345
592.000000 371.000000 0.854090 0.411345
621.000000 371.000000 0.945151 0.411345
189.000000 372.000000 -0.411345 0.414485
502.000000 372.000000 0.571487 0.414485
505.000000 372.000000 0.580907 0.414485
508.000000 372.000000 0.590327 0.414485
613.000000 372.000000 0.920031 0.414485
374.000000 373.000000 0.169562 0.417625
538.000000 373.000000 0.684528 0.417625
610.000000 373.000000 0.910611 0.417625
84.000000 374.000000 -0.741049 0.420765
106.000000 374.000000 -0.671968 0.420765
367.000000 374.000000 0.147582 0.420765
372.000000 374.000000 0.163282 0.420765
605.000000 374.000000 0.894911 0.420765
608.000000 374.000000 0.904331 0.420765
181.000000 375.000000 -0.436465 0.423905
183.000000 375.000000 -0.430185 0.423905
359.000000 375.000000 0.122461 0.423905
496.000000 375.000000 0.552647 0.423905
500.000000 375.000000 0.565207 0.423905
509.000000 375.000000 0.593467 0.423905
568.000000 375.000000 0.778729 0.423905
54.000000 376.000000 -0.835250 0.427045
482.000000 376.000000 0.508686 0.427045
521.000000 376.000000 0.631147 0.427045
616.000000 376.000000 0.929451 0.427045
368.000000 377.000000 0.150722 0.430185
429.000000 377.000000 0.342264 0.430185
463.000000 377.000000 0.449025 0.430185
554.000000 377.000000 0.734769 0.430185
96.000000 378.000000 -0.703368 0.433325
102.000000 378.000000 -0.684528 0.433325
444.000000 378.000000 0.389365 0.433325
604.000000 379.000000 0.891771 0.436465
488.000000 380.000000 0.527526 0.439605
626.000000 380.000000 0.960851 0.439605
371.000000 381.000000 0.160142 0.442745
413.000000 381.000000 0.292023 0.442745
423.000000 381.000000 0.323424 0.442745
427.000000 381.000000 0.335984 0.442745
430.000000 381.000000 0.345404 0.442745
610.000000 381.000000 0.910611 0.442745
634.000000 383.000000 0.985972 0.449025
421.000000 384.000000 0.317144 0.452165
433.000000 384.000000 0.354824 0.452165
426.000000 385.000000 0.332844 0.455305
73.000000 387.000000 -0.775589 0.461585
424.000000 387.000000 0.326564 0.461585
629.000000 390.000000 0.970271 0.471006
180.000000 392.000000 -0.439605 0.477286
64.000000 393.000000 -0.803850 0.480426
121.000000 393.000000 -0.624867 0.480426
502.000000 394.000000 0.571487 0.483566
76.000000 395.000000 -0.766169 0.486706
79.000000 395.000000 -0.756749 0.486706
60.000000 397.000000 -0.816410 0.492986
74.000000 398.000000 -0.772449 0.496126
508.000000 399.000000 0.590327 0.499266
67.000000 400.000000 -0.794429 0.502406
70.000000 400.000000 -0.785009 0.502406
386.000000 400.000000 0.207242 0.502406
63.000000 403.000000 -0.806990 0.511826
68.000000 403.000000 -0.791289 0.511826
64.000000 405.000000 -0.803850 0.518106
391.000000 406.000000 0.222943 0.521246
62.000000 407.000000 -0.810130 0.524386
110.000000 412.000000 -0.659408 0.540086
52.000000 413.000000 -0.841530 0.543226
108.000000 414.000000 -0.665688 0.546366
172.000000 414.000000 -0.464725 0.546366
46.000000 416.000000 -0.860370 0.552647
625.000000 416.000000 0.957711 0.552647
130.000000 417.000000 -0.596607 0.555787
400.000000 417.000000 0.251203 0.555787
482.000000 417.000000 0.508686 0.555787
144.000000 419.000000 -0.552647 0.562067
197.000000 419.000000 -0.386225 0.562067
619.000000 420.000000 0.938871 0.565207
146.000000 421.000000 -0.546366 0.568347
47.000000 422.000000 -0.857230 0.571487
405.000000 422.000000 0.266903 0.571487
43.000000 423.000000 -0.869790 0.574627
429.000000 423.000000 0.342264 0.574627
542.000000 424.000000 0.697088 0.577767
46.000000 425.000000 -0.860370 0.580907
186.000000 425.000000 -0.420765 0.580907
409.000000 426.000000 0.279463 0.584047
552.000000 428.000000 0.728489 0.590327
37.000000 429.000000 -0.888631 0.593467
478.000000 429.000000 0.496126 0.593467
556.000000 429.000000 0.741049 0.593467
8.000000 430.000000 -0.979692 0.596607
148.000000 431.000000 -0.540086 0.599747
346.000000 432.000000 0.081641 0.602887
426.000000 432.000000 0.332844 0.602887
190.000000 433.000000 -0.408205 0.606027
505.000000 433.000000 0.580907 0.606027
529.000000 433.000000 0.656268 0.606027
558.000000 433.000000 0.747329 0.606027
8.000000 434.000000 -0.979692 0.609167
80.000000 434.000000 -0.753609 0.609167
390.000000 434.000000 0.219803 0.609167
122.000000 435.000000 -0.621727 0.612307
315.000000 436.000000 -0.015700 0.615447
420.000000 438.000000 0.314004 0.621727
616.000000 438.000000 0.929451 0.621727
626.000000 438.000000 0.960851 0.621727
633.000000 438.000000 0.982832 0.621727
485.000000 439.000000 0.518106 0.624867
496.000000 439.000000 0.552647 0.624867
503.000000 439.000000 0.574627 0.624867
47.000000 440.000000 -0.857230 0.628007
525.000000 440.000000 0.643708 0.628007
566.000000 440.000000 0.772449 0.628007
74.000000 441.000000 -0.772449 0.631147
180.000000 441.000000 -0.439605 0.631147
454.000000 441.000000 0.420765 0.631147
480.000000 441.000000 0.502406 0.631147
375.000000 442.000000 0.172702 0.634288
483.000000 442.000000 0.511826 0.634288
150.000000 443.000000 -0.533806 0.637428
166.000000 443.000000 -0.483566 0.637428
588.000000 443.000000 0.841530 0.637428
603.000000 443.000000 0.888631 0.637428
610.000000 443.000000 0.910611 0.637428
612.000000 443.000000 0.916891 0.637428
115.000000 444.000000 -0.643708 0.640568
431.000000 444.000000 0.348544 0.640568
475.000000 444.000000 0.486706 0.640568
507.000000 444.000000 0.587187 0.640568
595.000000 444.000000 0.863510 0.640568
426.000000 445.000000 0.332844 0.643708
543.000000 445.000000 0.700228 0.643708
235.000000 446.000000 -0.266903 0.646848
276.000000 446.000000 -0.138162 0.646848
158.000000 447.000000 -0.508686 0.649988
432.000000 447.000000 0.351684 0.649988
562.000000 447.000000 0.759889 0.649988
61.000000 448.000000 -0.813270 0.653128
235.000000 448.000000 -0.266903 0.653128
449.000000 448.000000 0.405065 0.653128
493.000000 448.000000 0.543226 0.653128
537.000000 448.000000 0.681388 0.653128
107.000000 449.000000 -0.668828 0.656268
280.000000 449.000000 -0.125601 0.656268
384.000000 449.000000 0.200962 0.656268
546.000000 449.000000 0.709648 0.656268
59.000000 450.000000 -0.819550 0.659408
68.000000 450.000000 -0.791289 0.659408
451.000000 450.000000 0.411345 0.659408
483.000000 450.000000 0.511826 0.659408
515.000000 450.000000 0.612307 0.659408
139.000000 451.000000 -0.568347 0.662548
190.000000 451.000000 -0.408205 0.662548
416.000000 451.000000 0.301444 0.662548
440.000000 451.000000 0.376804 0.662548
457.000000 451.000000 0.430185 0.662548
492.000000 451.000000 0.540086 0.662548
33.000000 452.000000 -0.901191 0.665688
110.000000 452.000000 -0.659408 0.665688
460.000000 452.000000 0.439605 0.665688
475.000000 452.000000 0.486706 0.665688
501.000000 452.000000 0.568347 0.665688
515.000000 452.000000 0.612307 0.665688
541.000000 452.000000 0.693948 0.665688
570.000000 452.000000 0.785009 0.665688
12.000000 453.000000 -0.967131 0.668828
316.000000 453.000000 -0.012560 0.668828
39.000000 454.000000 -0.882350 0.671968
117.000000 454.000000 -0.637428 0.671968
138.000000 454.000000 -0.571487 0.671968
273.000000 454.000000 -0.147582 0.671968
362.000000 454.000000 0.131882 0.671968
496.000000 454.000000 0.552647 0.671968
97.000000 455.000000 -0.700228 0.675108
185.000000 455.000000 -0.423905 0.675108
208.000000 455.000000 -0.351684 0.675108
275.000000 455.000000 -0.141302 0.675108
388.000000 455.000000 0.213523 0.675108
105.000000 456.000000 -0.675108 0.678248
391.000000 456.000000 0.222943 0.678248
50.000000 457.000000 -0.847810 0.681388
470.000000 457.000000 0.471006 0.681388
482.000000 457.000000 0.508686 0.681388
496.000000 457.000000 0.552647 0.681388
619.000000 457.000000 0.938871 0.681388
387.000000 458.000000 0.210382 0.684528
605.000000 458.000000 0.894911 0.684528
167.000000 459.000000 -0.480426 0.687668
220.000000 459.000000 -0.314004 0.687668
448.000000 459.000000 0.401925 0.687668
462.000000 459.000000 0.445885 0.687668
491.000000 459.000000 0.536946 0.687668
608.000000 459.000000 0.904331 0.687668
416.000000 460.000000 0.301444 0.690808
514.000000 460.000000 0.609167 0.690808
589.000000 460.000000 0.844670 0.690808
196.000000 461.000000 -0.389365 0.693948
453.000000 461.000000 0.417625 0.693948
10.000000 462.000000 -0.973412 0.697088
125.000000 462.000000 -0.612307 0.697088
145.000000 462.000000 -0.549506 0.697088
161.000000 462.000000 -0.499266 0.697088
246.000000 462.000000 -0.232363 0.697088
438.000000 462.000000 0.370524 0.697088
441.000000 462.000000 0.379945 0.697088
636.000000 462.000000 0.992252 0.697088
79.000000 463.000000 -0.756749 0.700228
143.000000 463.000000 -0.555787 0.700228
231.000000 463.000000 -0.279463 0.700228
137.000000 464.000000 -0.574627 0.703368
220.000000 464.000000 -0.314004 0.703368
439.000000 464.000000 0.373664 0.703368
621.000000 465.000000 0.945151 0.706508
84.000000 466.000000 -0.741049 0.709648
110.000000 466.000000 -0.659408 0.709648
310.000000 467.000000 -0.031400 0.712788
424.000000 467.000000 0.326564 0.712788
554.000000 467.000000 0.734769 0.712788
67.000000 468.000000 -0.794429 0.715928
133.000000 468.000000 -0.587187 0.715928
156.000000 468.000000 -0.514966 0.715928
212.000000 468.000000 -0.339124 0.715928
242.000000 468.000000 -0.244923 0.715928
415.000000 468.000000 0.298304 0.715928
543.000000 468.000000 0.700228 0.715928
561.000000 468.000000 0.756749 0.715928
42.000000 469.000000 -0.872930 0.719069
407.000000 469.000000 0.273183 0.719069
502.000000 469.000000 0.571487 0.719069
59.000000 470.000000 -0.819550 0.722209
76.000000 470.000000 -0.766169 0.722209
101.000000 470.000000 -0.687668 0.722209
104.000000 470.000000 -0.678248 0.722209
133.000000 470.000000 -0.587187 0.722209
389.000000 471.000000 0.216663 0.725349
515.000000 471.000000 0.612307 0.725349
586.000000 471.000000 0.835250 0.725349
37.000000 472.000000 -0.888631 0.728489
41.000000 472.000000 -0.876070 0.728489
140.000000 472.000000 -0.565207 0.728489
381.000000 472.000000 0.191542 0.728489
550.000000 472.000000 0.722209 0.728489
164.000000 473.000000 -0.489846 0.731629
170.000000 473.000000 -0.471006 0.731629
303.000000 473.000000 -0.053381 0.731629
364.000000 473.000000 0.138162 0.731629
372.000000 473.000000 0.163282 0.731629
611.000000 473.000000 0.913751 0.731629
28.000000 474.000000 -0.916891 0.734769
122.000000 474.000000 -0.621727 0.734769
173.000000 474.000000 -0.461585 0.734769
290.000000 474.000000 -0.094201 0.734769
555.000000 474.000000 0.737909 0.734769
591.000000 474.000000 0.850950 0.734769
82.000000 475.000000 -0.747329 0.737909
389.000000 475.000000 0.216663 0.737909
86.000000 476.000000 -0.734769 0.741049
160.000000 476.000000 -0.502406 0.741049
293.000000 476.000000 -0.084781 0.741049
299.000000 476.000000 -0.065941 0.741049
337.000000 476.000000 0.053381 0.741049
346.000000 476.000000 0.081641 0.741049
450.000000 476.000000 0.408205 0.741049
