365.000000 3.000000 0.141302 -0.744189
426.000000 3.000000 0.332844 -0.744189
431.000000 3.000000 0.348544 -0.744189
556.000000 3.000000 0.741049 -0.744189
610.000000 3.000000 0.910611 -0.744189
625.000000 3.000000 0.957711 -0.744189
234.000000 4.000000 -0.270043 -0.741049
317.000000 4.000000 -0.009420 -0.741049
340.000000 4.000000 0.062801 -0.741049
421.000000 4.000000 0.317144 -0.741049
531.000000 4.000000 0.662548 -0.741049
534.000000 4.000000 0.671968 -0.741049
605.000000 4.000000 0.894911 -0.741049
416.000000 5.000000 0.301444 -0.737909
525.000000 5.000000 0.643708 -0.737909
542.000000 5.000000 0.697088 -0.737909
548.000000 5.000000 0.715928 -0.737909
410.000000 6.000000 0.282603 -0.734769
455.000000 6.000000 0.423905 -0.734769
478.000000 6.000000 0.496126 -0.734769
527.000000 6.000000 0.649988 -0.734769
533.000000 6.000000 0.668828 -0.734769
557.000000 6.000000 0.744189 -0.734769
565.000000 6.000000 0.769309 -0.734769
183.000000 7.000000 -0.430185 -0.731629
405.000000 7.000000 0.266903 -0.731629
458.000000 7.000000 0.433325 -0.731629
541.000000 7.000000 0.693948 -0.731629
544.000000 7.000000 0.703368 -0.731629
547.000000 7.000000 0.712788 -0.731629
246.000000 8.000000 -0.232363 -0.728489
400.000000 8.000000 0.251203 -0.728489
464.000000 8.000000 0.452165 -0.728489
526.000000 8.000000 0.646848 -0.728489
395.000000 9.000000 0.235503 -0.725349
536.000000 9.000000 0.678248 -0.725349
186.000000 10.000000 -0.420765 -0.722209
390.000000 10.000000 0.219803 -0.722209
545.000000 10.000000 0.706508 -0.722209
555.000000 10.000000 0.737909 -0.722209
567.000000 10.000000 0.775589 -0.722209
308.000000 11.000000 -0.037680 -0.719069
384.000000 11.000000 0.200962 -0.719069
527.000000 11.000000 0.649988 -0.719069
379.000000 12.000000 0.185262 -0.715928
381.000000 12.000000 0.191542 -0.715928
515.000000 12.000000 0.612307 -0.715928
537.000000 12.000000 0.681388 -0.715928
558.000000 12.000000 0.747329 -0.715928
560.000000 12.000000 0.753609 -0.715928
610.000000 12.000000 0.910611 -0.715928
625.000000 12.000000 0.957711 -0.715928
305.000000 13.000000 -0.047101 -0.712788
374.000000 13.000000 0.169562 -0.712788
543.000000 13.000000 0.700228 -0.712788
601.000000 13.000000 0.882350 -0.712788
369.000000 14.000000 0.153862 -0.709648
533.000000 14.000000 0.668828 -0.709648
584.000000 14.000000 0.828970 -0.709648
189.000000 15.000000 -0.411345 -0.706508
364.000000 15.000000 0.138162 -0.706508
431.000000 15.000000 0.348544 -0.706508
535.000000 15.000000 0.675108 -0.706508
558.000000 15.000000 0.747329 -0.706508
567.000000 15.000000 0.775589 -0.706508
573.000000 15.000000 0.794429 -0.706508
359.000000 16.000000 0.122461 -0.703368
537.000000 16.000000 0.681388 -0.703368
516.000000 17.000000 0.615447 -0.700228
540.000000 17.000000 0.690808 -0.700228
546.000000 17.000000 0.709648 -0.700228
590.000000 17.000000 0.847810 -0.700228
353.000000 18.000000 0.103621 -0.697088
478.000000 18.000000 0.496126 -0.697088
505.000000 18.000000 0.580907 -0.697088
530.000000 18.000000 0.659408 -0.697088
258.000000 19.000000 -0.194682 -0.693948
343.000000 19.000000 0.072221 -0.693948
348.000000 19.000000 0.087921 -0.693948
509.000000 19.000000 0.593467 -0.693948
532.000000 19.000000 0.665688 -0.693948
559.000000 19.000000 0.750469 -0.693948
610.000000 19.000000 0.910611 -0.693948
193.000000 20.000000 -0.398785 -0.690808
338.000000 20.000000 0.056521 -0.690808
482.000000 20.000000 0.508686 -0.690808
555.000000 20.000000 0.737909 -0.690808
569.000000 20.000000 0.781869 -0.690808
537.000000 21.000000 0.681388 -0.687668
551.000000 21.000000 0.725349 -0.687668
604.000000 21.000000 0.891771 -0.687668
327.000000 22.000000 0.021980 -0.684528
333.000000 22.000000 0.040820 -0.684528
530.000000 22.000000 0.659408 -0.684528
560.000000 22.000000 0.753609 -0.684528
594.000000 22.000000 0.860370 -0.684528
274.000000 23.000000 -0.144442 -0.681388
322.000000 23.000000 0.006280 -0.681388
555.000000 24.000000 0.737909 -0.678248
196.000000 25.000000 -0.389365 -0.675108
312.000000 25.000000 -0.025120 -0.675108
317.000000 25.000000 -0.009420 -0.675108
531.000000 25.000000 0.662548 -0.675108
534.000000 25.000000 0.671968 -0.675108
541.000000 25.000000 0.693948 -0.675108
307.000000 26.000000 -0.040820 -0.671968
543.000000 26.000000 0.700228 -0.671968
554.000000 26.000000 0.734769 -0.671968
535.000000 27.000000 0.675108 -0.668828
560.000000 27.000000 0.753609 -0.668828
563.000000 27.000000 0.763029 -0.668828
624.000000 27.000000 0.954571 -0.668828
296.000000 28.000000 -0.075361 -0.665688
573.000000 28.000000 0.794429 -0.665688
592.000000 28.000000 0.854090 -0.665688
291.000000 29.000000 -0.091061 -0.662548
342.000000 29.000000 0.069081 -0.662548
445.000000 29.000000 0.392505 -0.662548
531.000000 29.000000 0.662548 -0.662548
200.000000 30.000000 -0.376804 -0.659408
286.000000 30.000000 -0.106761 -0.659408
336.000000 30.000000 0.050241 -0.659408
281.000000 31.000000 -0.122461 -0.656268
539.000000 31.000000 0.687668 -0.656268
543.000000 31.000000 0.700228 -0.656268
528.000000 32.000000 0.653128 -0.653128
532.000000 32.000000 0.665688 -0.653128
549.000000 32.000000 0.719069 -0.653128
556.000000 32.000000 0.741049 -0.653128
619.000000 32.000000 0.938871 -0.653128
624.000000 32.000000 0.954571 -0.653128
202.000000 33.000000 -0.370524 -0.649988
254.000000 33.000000 -0.207242 -0.649988
270.000000 33.000000 -0.157002 -0.649988
276.000000 33.000000 -0.138162 -0.649988
537.000000 33.000000 0.681388 -0.649988
558.000000 33.000000 0.747329 -0.649988
572.000000 33.000000 0.791289 -0.649988
599.000000 33.000000 0.876070 -0.649988
614.000000 33.000000 0.923171 -0.649988
262.000000 34.000000 -0.182122 -0.646848
265.000000 34.000000 -0.172702 -0.646848
455.000000 34.000000 0.423905 -0.646848
521.000000 34.000000 0.631147 -0.646848
534.000000 34.000000 0.671968 -0.646848
547.000000 34.000000 0.712788 -0.646848
583.000000 34.000000 0.825830 -0.646848
203.000000 35.000000 -0.367384 -0.643708
260.000000 35.000000 -0.188402 -0.643708
536.000000 35.000000 0.678248 -0.643708
540.000000 35.000000 0.690808 -0.643708
573.000000 35.000000 0.794429 -0.643708
618.000000 35.000000 0.935731 -0.643708
255.000000 36.000000 -0.204102 -0.640568
482.000000 36.000000 0.508686 -0.640568
495.000000 36.000000 0.549506 -0.640568
390.000000 37.000000 0.219803 -0.637428
541.000000 37.000000 0.693948 -0.637428
559.000000 37.000000 0.750469 -0.637428
580.000000 37.000000 0.816410 -0.637428
205.000000 38.000000 -0.361104 -0.634288
443.000000 38.000000 0.386225 -0.634288
533.000000 38.000000 0.668828 -0.634288
496.000000 39.000000 0.552647 -0.631147
553.000000 39.000000 0.731629 -0.631147
620.000000 39.000000 0.942011 -0.631147
207.000000 40.000000 -0.354824 -0.628007
253.000000 40.000000 -0.210382 -0.628007
255.000000 40.000000 -0.204102 -0.628007
510.000000 40.000000 0.596607 -0.628007
557.000000 40.000000 0.744189 -0.628007
526.000000 41.000000 0.646848 -0.624867
570.000000 41.000000 0.785009 -0.624867
327.000000 42.000000 0.021980 -0.621727
520.000000 42.000000 0.628007 -0.621727
548.000000 42.000000 0.715928 -0.621727
553.000000 42.000000 0.731629 -0.621727
564.000000 42.000000 0.766169 -0.621727
588.000000 42.000000 0.841530 -0.621727
209.000000 43.000000 -0.348544 -0.618587
254.000000 43.000000 -0.207242 -0.618587
536.000000 43.000000 0.678248 -0.618587
550.000000 43.000000 0.722209 -0.618587
617.000000 43.000000 0.932591 -0.618587
624.000000 43.000000 0.954571 -0.618587
628.000000 43.000000 0.967131 -0.618587
381.000000 44.000000 0.191542 -0.615447
439.000000 44.000000 0.373664 -0.615447
527.000000 44.000000 0.649988 -0.615447
539.000000 44.000000 0.687668 -0.615447
556.000000 44.000000 0.741049 -0.615447
580.000000 44.000000 0.816410 -0.615447
210.000000 45.000000 -0.345404 -0.612307
403.000000 45.000000 0.260623 -0.612307
568.000000 45.000000 0.778729 -0.612307
633.000000 45.000000 0.982832 -0.612307
255.000000 46.000000 -0.204102 -0.609167
442.000000 46.000000 0.383085 -0.609167
534.000000 46.000000 0.671968 -0.609167
609.000000 46.000000 0.907471 -0.609167
527.000000 47.000000 0.649988 -0.606027
547.000000 47.000000 0.712788 -0.606027
556.000000 47.000000 0.741049 -0.606027
604.000000 47.000000 0.891771 -0.606027
212.000000 48.000000 -0.339124 -0.602887
536.000000 48.000000 0.678248 -0.602887
543.000000 48.000000 0.700228 -0.602887
588.000000 48.000000 0.841530 -0.602887
534.000000 49.000000 0.671968 -0.599747
538.000000 49.000000 0.684528 -0.599747
549.000000 49.000000 0.719069 -0.599747
214.000000 50.000000 -0.332844 -0.596607
545.000000 50.000000 0.706508 -0.596607
555.000000 50.000000 0.737909 -0.596607
304.000000 51.000000 -0.050241 -0.593467
396.000000 51.000000 0.238643 -0.593467
552.000000 51.000000 0.728489 -0.593467
592.000000 51.000000 0.854090 -0.593467
341.000000 52.000000 0.065941 -0.590327
542.000000 52.000000 0.697088 -0.590327
547.000000 52.000000 0.712788 -0.590327
216.000000 53.000000 -0.326564 -0.587187
332.000000 53.000000 0.037680 -0.587187
378.000000 53.000000 0.182122 -0.587187
424.000000 53.000000 0.326564 -0.587187
474.000000 53.000000 0.483566 -0.587187
535.000000 53.000000 0.675108 -0.587187
539.000000 53.000000 0.687668 -0.587187
566.000000 53.000000 0.772449 -0.587187
262.000000 54.000000 -0.182122 -0.584047
308.000000 54.000000 -0.037680 -0.584047
591.000000 54.000000 0.850950 -0.584047
217.000000 55.000000 -0.323424 -0.580907
337.000000 55.000000 0.053381 -0.580907
525.000000 55.000000 0.643708 -0.580907
544.000000 55.000000 0.703368 -0.580907
563.000000 55.000000 0.763029 -0.580907
614.000000 56.000000 0.923171 -0.577767
566.000000 57.000000 0.772449 -0.574627
619.000000 57.000000 0.938871 -0.574627
219.000000 58.000000 -0.317144 -0.571487
554.000000 58.000000 0.734769 -0.571487
569.000000 58.000000 0.781869 -0.571487
303.000000 59.000000 -0.053381 -0.568347
347.000000 59.000000 0.084781 -0.568347
349.000000 59.000000 0.091061 -0.568347
468.000000 59.000000 0.464725 -0.568347
518.000000 59.000000 0.621727 -0.568347
537.000000 59.000000 0.681388 -0.568347
281.000000 60.000000 -0.122461 -0.565207
313.000000 60.000000 -0.021980 -0.565207
323.000000 60.000000 0.009420 -0.565207
336.000000 60.000000 0.050241 -0.565207
539.000000 60.000000 0.687668 -0.565207
544.000000 60.000000 0.703368 -0.565207
547.000000 60.000000 0.712788 -0.565207
609.000000 60.000000 0.907471 -0.565207
628.000000 60.000000 0.967131 -0.565207
221.000000 61.000000 -0.310864 -0.562067
587.000000 61.000000 0.838390 -0.562067
280.000000 62.000000 -0.125601 -0.558927
292.000000 62.000000 -0.087921 -0.558927
551.000000 62.000000 0.725349 -0.558927
558.000000 62.000000 0.747329 -0.558927
576.000000 62.000000 0.803850 -0.558927
603.000000 62.000000 0.888631 -0.558927
283.000000 63.000000 -0.116181 -0.555787
355.000000 63.000000 0.109901 -0.555787
359.000000 63.000000 0.122461 -0.555787
513.000000 63.000000 0.606027 -0.555787
623.000000 63.000000 0.951431 -0.555787
223.000000 64.000000 -0.304584 -0.552647
293.000000 64.000000 -0.084781 -0.552647
320.000000 64.000000 -0.000000 -0.552647
543.000000 64.000000 0.700228 -0.552647
546.000000 65.000000 0.709648 -0.549506
318.000000 66.000000 -0.006280 -0.546366
530.000000 66.000000 0.659408 -0.546366
544.000000 66.000000 0.703368 -0.546366
555.000000 66.000000 0.737909 -0.546366
605.000000 66.000000 0.894911 -0.546366
225.000000 67.000000 -0.298304 -0.543226
359.000000 67.000000 0.122461 -0.543226
631.000000 67.000000 0.976552 -0.543226
303.000000 68.000000 -0.053381 -0.540086
327.000000 68.000000 0.021980 -0.540086
534.000000 68.000000 0.671968 -0.540086
527.000000 69.000000 0.649988 -0.536946
555.000000 69.000000 0.737909 -0.536946
272.000000 70.000000 -0.150722 -0.533806
315.000000 70.000000 -0.015700 -0.533806
547.000000 70.000000 0.712788 -0.533806
228.000000 71.000000 -0.288883 -0.530666
276.000000 71.000000 -0.138162 -0.530666
570.000000 71.000000 0.785009 -0.530666
587.000000 71.000000 0.838390 -0.530666
614.000000 71.000000 0.923171 -0.530666
525.000000 72.000000 0.643708 -0.527526
230.000000 73.000000 -0.282603 -0.524386
482.000000 73.000000 0.508686 -0.524386
553.000000 73.000000 0.731629 -0.524386
529.000000 74.000000 0.656268 -0.521246
548.000000 74.000000 0.715928 -0.521246
291.000000 75.000000 -0.091061 -0.518106
556.000000 75.000000 0.741049 -0.518106
567.000000 75.000000 0.775589 -0.518106
629.000000 75.000000 0.970271 -0.518106
271.000000 76.000000 -0.153862 -0.514966
497.000000 76.000000 0.555787 -0.514966
537.000000 76.000000 0.681388 -0.514966
554.000000 76.000000 0.734769 -0.514966
605.000000 76.000000 0.894911 -0.514966
381.000000 77.000000 0.191542 -0.511826
447.000000 77.000000 0.398785 -0.511826
520.000000 77.000000 0.628007 -0.511826
528.000000 77.000000 0.653128 -0.511826
548.000000 77.000000 0.715928 -0.511826
233.000000 78.000000 -0.273183 -0.508686
326.000000 78.000000 0.018840 -0.508686
440.000000 78.000000 0.376804 -0.508686
525.000000 78.000000 0.643708 -0.508686
532.000000 78.000000 0.665688 -0.508686
522.000000 79.000000 0.634288 -0.505546
552.000000 79.000000 0.728489 -0.505546
557.000000 79.000000 0.744189 -0.505546
429.000000 80.000000 0.342264 -0.502406
532.000000 80.000000 0.665688 -0.502406
539.000000 80.000000 0.687668 -0.502406
548.000000 80.000000 0.715928 -0.502406
623.000000 80.000000 0.951431 -0.502406
235.000000 81.000000 -0.266903 -0.499266
423.000000 81.000000 0.323424 -0.499266
579.000000 81.000000 0.813270 -0.499266
587.000000 81.000000 0.838390 -0.499266
627.000000 81.000000 0.963991 -0.499266
299.000000 82.000000 -0.065941 -0.496126
415.000000 82.000000 0.298304 -0.496126
475.000000 82.000000 0.486706 -0.496126
521.000000 82.000000 0.631147 -0.496126
527.000000 82.000000 0.649988 -0.496126
538.000000 82.000000 0.684528 -0.496126
543.000000 82.000000 0.700228 -0.496126
555.000000 82.000000 0.737909 -0.496126
595.000000 82.000000 0.863510 -0.496126
614.000000 82.000000 0.923171 -0.496126
265.000000 83.000000 -0.172702 -0.492986
469.000000 83.000000 0.467866 -0.492986
524.000000 83.000000 0.640568 -0.492986
531.000000 83.000000 0.662548 -0.492986
569.000000 83.000000 0.781869 -0.492986
607.000000 83.000000 0.901191 -0.492986
462.000000 84.000000 0.445885 -0.489846
520.000000 84.000000 0.628007 -0.489846
537.000000 84.000000 0.681388 -0.489846
596.000000 84.000000 0.866650 -0.489846
619.000000 84.000000 0.938871 -0.489846
238.000000 85.000000 -0.257483 -0.486706
398.000000 85.000000 0.244923 -0.486706
456.000000 85.000000 0.427045 -0.486706
587.000000 85.000000 0.838390 -0.486706
601.000000 85.000000 0.882350 -0.486706
450.000000 86.000000 0.408205 -0.483566
518.000000 86.000000 0.621727 -0.483566
524.000000 86.000000 0.640568 -0.483566
551.000000 86.000000 0.725349 -0.483566
553.000000 86.000000 0.731629 -0.483566
623.000000 86.000000 0.951431 -0.483566
386.000000 87.000000 0.207242 -0.480426
443.000000 87.000000 0.386225 -0.480426
477.000000 87.000000 0.492986 -0.480426
515.000000 87.000000 0.612307 -0.480426
520.000000 87.000000 0.628007 -0.480426
526.000000 87.000000 0.646848 -0.480426
546.000000 87.000000 0.709648 -0.480426
240.000000 88.000000 -0.251203 -0.477286
379.000000 88.000000 0.185262 -0.477286
437.000000 88.000000 0.367384 -0.477286
23.000000 89.000000 -0.932591 -0.474146
374.000000 89.000000 0.169562 -0.474146
431.000000 89.000000 0.348544 -0.474146
529.000000 89.000000 0.656268 -0.474146
545.000000 89.000000 0.706508 -0.474146
556.000000 89.000000 0.741049 -0.474146
568.000000 89.000000 0.778729 -0.474146
241.000000 90.000000 -0.248063 -0.471006
425.000000 90.000000 0.329704 -0.471006
500.000000 90.000000 0.565207 -0.471006
523.000000 90.000000 0.637428 -0.471006
533.000000 90.000000 0.668828 -0.471006
539.000000 90.000000 0.687668 -0.471006
627.000000 90.000000 0.963991 -0.471006
360.000000 91.000000 0.125601 -0.467866
365.000000 91.000000 0.141302 -0.467866
418.000000 91.000000 0.307724 -0.467866
518.000000 91.000000 0.621727 -0.467866
545.000000 91.000000 0.706508 -0.467866
564.000000 91.000000 0.766169 -0.467866
614.000000 91.000000 0.923171 -0.467866
279.000000 92.000000 -0.128742 -0.464725
317.000000 92.000000 -0.009420 -0.464725
413.000000 92.000000 0.292023 -0.464725
527.000000 92.000000 0.649988 -0.464725
529.000000 92.000000 0.656268 -0.464725
539.000000 92.000000 0.687668 -0.464725
551.000000 92.000000 0.725349 -0.464725
274.000000 93.000000 -0.144442 -0.461585
343.000000 93.000000 0.072221 -0.461585
406.000000 93.000000 0.270043 -0.461585
506.000000 93.000000 0.584047 -0.461585
533.000000 93.000000 0.668828 -0.461585
557.000000 93.000000 0.744189 -0.461585
291.000000 94.000000 -0.091061 -0.458445
300.000000 94.000000 -0.062801 -0.458445
536.000000 94.000000 0.678248 -0.458445
569.000000 94.000000 0.781869 -0.458445
245.000000 95.000000 -0.235503 -0.455305
304.000000 95.000000 -0.050241 -0.455305
509.000000 95.000000 0.593467 -0.455305
520.000000 95.000000 0.628007 -0.455305
526.000000 95.000000 0.646848 -0.455305
635.000000 95.000000 0.989112 -0.455305
301.000000 96.000000 -0.059661 -0.452165
331.000000 96.000000 0.034540 -0.452165
387.000000 96.000000 0.210382 -0.452165
505.000000 96.000000 0.580907 -0.452165
541.000000 96.000000 0.693948 -0.452165
325.000000 97.000000 0.015700 -0.449025
522.000000 97.000000 0.634288 -0.449025
247.000000 98.000000 -0.229223 -0.445885
318.000000 98.000000 -0.006280 -0.445885
538.000000 98.000000 0.684528 -0.445885
598.000000 98.000000 0.872930 -0.445885
289.000000 99.000000 -0.097341 -0.442745
311.000000 99.000000 -0.028260 -0.442745
368.000000 99.000000 0.150722 -0.442745
280.000000 100.000000 -0.125601 -0.439605
362.000000 100.000000 0.131882 -0.439605
519.000000 100.000000 0.624867 -0.439605
523.000000 100.000000 0.637428 -0.439605
577.000000 100.000000 0.806990 -0.439605
612.000000 100.000000 0.916891 -0.439605
249.000000 101.000000 -0.222943 -0.436465
300.000000 101.000000 -0.062801 -0.436465
504.000000 101.000000 0.577767 -0.436465
511.000000 101.000000 0.599747 -0.436465
275.000000 102.000000 -0.141302 -0.433325
280.000000 102.000000 -0.125601 -0.433325
286.000000 102.000000 -0.106761 -0.433325
290.000000 102.000000 -0.094201 -0.433325
303.000000 102.000000 -0.053381 -0.433325
616.000000 102.000000 0.929451 -0.433325
288.000000 103.000000 -0.100481 -0.430185
346.000000 103.000000 0.081641 -0.430185
510.000000 103.000000 0.596607 -0.430185
539.000000 103.000000 0.687668 -0.430185
573.000000 103.000000 0.794429 -0.430185
623.000000 103.000000 0.951431 -0.430185
251.000000 104.000000 -0.216663 -0.427045
312.000000 104.000000 -0.025120 -0.427045
507.000000 104.000000 0.587187 -0.427045
276.000000 105.000000 -0.138162 -0.423905
545.000000 105.000000 0.706508 -0.423905
558.000000 105.000000 0.747329 -0.423905
570.000000 105.000000 0.785009 -0.423905
342.000000 106.000000 0.069081 -0.420765
516.000000 106.000000 0.615447 -0.420765
4.000000 107.000000 -0.992252 -0.417625
253.000000 107.000000 -0.210382 -0.417625
315.000000 107.000000 -0.015700 -0.417625
318.000000 107.000000 -0.006280 -0.417625
360.000000 107.000000 0.125601 -0.417625
562.000000 107.000000 0.759889 -0.417625
573.000000 107.000000 0.794429 -0.417625
575.000000 107.000000 0.800709 -0.417625
635.000000 107.000000 0.989112 -0.417625
321.000000 108.000000 0.003140 -0.414485
508.000000 108.000000 0.590327 -0.414485
580.000000 108.000000 0.816410 -0.414485
511.000000 109.000000 0.599747 -0.411345
527.000000 109.000000 0.649988 -0.411345
542.000000 109.000000 0.697088 -0.411345
588.000000 109.000000 0.841530 -0.411345
624.000000 109.000000 0.954571 -0.411345
255.000000 110.000000 -0.204102 -0.408205
320.000000 110.000000 -0.000000 -0.408205
324.000000 110.000000 0.012560 -0.408205
294.000000 111.000000 -0.081641 -0.405065
344.000000 111.000000 0.075361 -0.405065
510.000000 111.000000 0.596607 -0.405065
536.000000 111.000000 0.678248 -0.405065
580.000000 111.000000 0.816410 -0.405065
603.000000 111.000000 0.888631 -0.405065
289.000000 112.000000 -0.097341 -0.401925
496.000000 112.000000 0.552647 -0.401925
629.000000 112.000000 0.970271 -0.401925
281.000000 113.000000 -0.122461 -0.398785
502.000000 113.000000 0.571487 -0.398785
586.000000 113.000000 0.835250 -0.398785
316.000000 114.000000 -0.012560 -0.395645
497.000000 114.000000 0.555787 -0.395645
518.000000 114.000000 0.621727 -0.395645
553.000000 114.000000 0.731629 -0.395645
269.000000 115.000000 -0.160142 -0.392505
617.000000 115.000000 0.932591 -0.392505
494.000000 116.000000 0.546366 -0.389365
497.000000 116.000000 0.555787 -0.389365
506.000000 116.000000 0.584047 -0.389365
573.000000 116.000000 0.794429 -0.389365
600.000000 116.000000 0.879210 -0.389365
604.000000 116.000000 0.891771 -0.389365
608.000000 116.000000 0.904331 -0.389365
549.000000 117.000000 0.719069 -0.386225
301.000000 119.000000 -0.059661 -0.379945
492.000000 119.000000 0.540086 -0.379945
281.000000 120.000000 -0.122461 -0.376804
291.000000 120.000000 -0.091061 -0.376804
329.000000 120.000000 0.028260 -0.376804
589.000000 120.000000 0.844670 -0.376804
293.000000 121.000000 -0.084781 -0.373664
502.000000 121.000000 0.571487 -0.373664
580.000000 121.000000 0.816410 -0.373664
291.000000 122.000000 -0.091061 -0.370524
297.000000 122.000000 -0.072221 -0.370524
491.000000 122.000000 0.536946 -0.370524
279.000000 123.000000 -0.128742 -0.367384
333.000000 124.000000 0.040820 -0.364244
491.000000 124.000000 0.536946 -0.364244
499.000000 124.000000 0.562067 -0.364244
579.000000 124.000000 0.813270 -0.364244
550.000000 126.000000 0.722209 -0.357964
557.000000 126.000000 0.744189 -0.357964
560.000000 126.000000 0.753609 -0.357964
496.000000 127.000000 0.552647 -0.354824
552.000000 127.000000 0.728489 -0.354824
277.000000 128.000000 -0.135022 -0.351684
286.000000 128.000000 -0.106761 -0.351684
288.000000 128.000000 -0.100481 -0.351684
331.000000 128.000000 0.034540 -0.351684
494.000000 128.000000 0.546366 -0.351684
287.000000 130.000000 -0.103621 -0.345404
296.000000 130.000000 -0.075361 -0.345404
304.000000 130.000000 -0.050241 -0.345404
331.000000 130.000000 0.034540 -0.345404
401.000000 130.000000 0.254343 -0.345404
477.000000 130.000000 0.492986 -0.345404
558.000000 130.000000 0.747329 -0.345404
301.000000 131.000000 -0.059661 -0.342264
445.000000 131.000000 0.392505 -0.342264
541.000000 131.000000 0.693948 -0.342264
625.000000 131.000000 0.957711 -0.342264
628.000000 131.000000 0.967131 -0.342264
288.000000 132.000000 -0.100481 -0.339124
290.000000 132.000000 -0.094201 -0.339124
309.000000 132.000000 -0.034540 -0.339124
331.000000 132.000000 0.034540 -0.339124
358.000000 132.000000 0.119321 -0.339124
376.000000 132.000000 0.175842 -0.339124
488.000000 132.000000 0.527526 -0.339124
527.000000 132.000000 0.649988 -0.339124
550.000000 132.000000 0.722209 -0.339124
299.000000 133.000000 -0.065941 -0.335984
385.000000 133.000000 0.204102 -0.335984
482.000000 133.000000 0.508686 -0.335984
485.000000 133.000000 0.518106 -0.335984
367.000000 134.000000 0.147582 -0.332844
390.000000 134.000000 0.219803 -0.332844
528.000000 134.000000 0.653128 -0.332844
564.000000 134.000000 0.766169 -0.332844
583.000000 134.000000 0.825830 -0.332844
597.000000 134.000000 0.869790 -0.332844
620.000000 134.000000 0.942011 -0.332844
479.000000 135.000000 0.499266 -0.329704
577.000000 135.000000 0.806990 -0.329704
332.000000 136.000000 0.037680 -0.326564
536.000000 136.000000 0.678248 -0.326564
550.000000 136.000000 0.722209 -0.326564
608.000000 136.000000 0.904331 -0.326564
303.000000 137.000000 -0.053381 -0.323424
327.000000 137.000000 0.021980 -0.323424
553.000000 137.000000 0.731629 -0.323424
25.000000 138.000000 -0.926311 -0.320284
388.000000 138.000000 0.213523 -0.320284
483.000000 138.000000 0.511826 -0.320284
535.000000 139.000000 0.675108 -0.317144
300.000000 140.000000 -0.062801 -0.314004
476.000000 140.000000 0.489846 -0.314004
539.000000 141.000000 0.687668 -0.310864
612.000000 141.000000 0.916891 -0.310864
7.000000 142.000000 -0.982832 -0.307724
475.000000 142.000000 0.486706 -0.307724
507.000000 142.000000 0.587187 -0.307724
530.000000 142.000000 0.659408 -0.307724
604.000000 142.000000 0.891771 -0.307724
319.000000 143.000000 -0.003140 -0.304584
324.000000 143.000000 0.012560 -0.304584
471.000000 144.000000 0.474146 -0.301444
475.000000 144.000000 0.486706 -0.301444
346.000000 145.000000 0.081641 -0.298304
324.000000 146.000000 0.012560 -0.295163
410.000000 146.000000 0.282603 -0.295163
520.000000 146.000000 0.628007 -0.295163
474.000000 147.000000 0.483566 -0.292023
629.000000 147.000000 0.970271 -0.292023
547.000000 148.000000 0.712788 -0.288883
559.000000 148.000000 0.750469 -0.288883
633.000000 148.000000 0.982832 -0.288883
328.000000 149.000000 0.025120 -0.285743
413.000000 149.000000 0.292023 -0.285743
478.000000 149.000000 0.496126 -0.285743
518.000000 149.000000 0.621727 -0.285743
352.000000 150.000000 0.100481 -0.282603
525.000000 150.000000 0.643708 -0.282603
529.000000 150.000000 0.656268 -0.282603
552.000000 150.000000 0.728489 -0.282603
609.000000 150.000000 0.907471 -0.282603
410.000000 151.000000 0.282603 -0.279463
565.000000 151.000000 0.769309 -0.279463
616.000000 151.000000 0.929451 -0.279463
344.000000 152.000000 0.075361 -0.276323
479.000000 152.000000 0.499266 -0.276323
510.000000 152.000000 0.596607 -0.276323
316.000000 153.000000 -0.012560 -0.273183
335.000000 153.000000 0.047101 -0.273183
413.000000 153.000000 0.292023 -0.273183
468.000000 154.000000 0.464725 -0.270043
543.000000 154.000000 0.700228 -0.270043
545.000000 154.000000 0.706508 -0.270043
582.000000 154.000000 0.822690 -0.270043
597.000000 154.000000 0.869790 -0.270043
608.000000 154.000000 0.904331 -0.270043
619.000000 154.000000 0.938871 -0.270043
551.000000 155.000000 0.725349 -0.266903
573.000000 155.000000 0.794429 -0.266903
588.000000 155.000000 0.841530 -0.266903
332.000000 156.000000 0.037680 -0.263763
400.000000 156.000000 0.251203 -0.263763
529.000000 156.000000 0.656268 -0.263763
579.000000 156.000000 0.813270 -0.263763
615.000000 156.000000 0.926311 -0.263763
412.000000 157.000000 0.288883 -0.260623
467.000000 157.000000 0.461585 -0.260623
564.000000 157.000000 0.766169 -0.260623
612.000000 157.000000 0.916891 -0.260623
348.000000 158.000000 0.087921 -0.257483
509.000000 158.000000 0.593467 -0.257483
511.000000 158.000000 0.599747 -0.257483
544.000000 158.000000 0.703368 -0.257483
387.000000 159.000000 0.210382 -0.254343
394.000000 159.000000 0.232363 -0.254343
572.000000 159.000000 0.791289 -0.254343
604.000000 159.000000 0.891771 -0.254343
264.000000 160.000000 -0.175842 -0.251203
345.000000 160.000000 0.078501 -0.251203
364.000000 160.000000 0.138162 -0.251203
401.000000 160.000000 0.254343 -0.251203
518.000000 160.000000 0.621727 -0.251203
600.000000 160.000000 0.879210 -0.251203
380.000000 161.000000 0.188402 -0.248063
415.000000 162.000000 0.298304 -0.244923
586.000000 162.000000 0.835250 -0.244923
609.000000 162.000000 0.907471 -0.244923
354.000000 163.000000 0.106761 -0.241783
476.000000 163.000000 0.489846 -0.241783
519.000000 163.000000 0.624867 -0.241783
526.000000 163.000000 0.646848 -0.241783
564.000000 163.000000 0.766169 -0.241783
380.000000 164.000000 0.188402 -0.238643
590.000000 164.000000 0.847810 -0.238643
31.000000 165.000000 -0.907471 -0.235503
308.000000 165.000000 -0.037680 -0.235503
355.000000 165.000000 0.109901 -0.235503
373.000000 165.000000 0.166422 -0.235503
627.000000 165.000000 0.963991 -0.235503
20.000000 166.000000 -0.942011 -0.232363
52.000000 166.000000 -0.841530 -0.232363
391.000000 166.000000 0.222943 -0.232363
499.000000 166.000000 0.562067 -0.232363
387.000000 167.000000 0.210382 -0.229223
605.000000 167.000000 0.894911 -0.229223
5.000000 168.000000 -0.989112 -0.226083
353.000000 168.000000 0.103621 -0.226083
328.000000 169.000000 0.025120 -0.222943
484.000000 169.000000 0.514966 -0.222943
338.000000 170.000000 0.056521 -0.219803
374.000000 170.000000 0.169562 -0.219803
479.000000 170.000000 0.499266 -0.219803
561.000000 170.000000 0.756749 -0.219803
342.000000 171.000000 0.069081 -0.216663
597.000000 171.000000 0.869790 -0.216663
331.000000 172.000000 0.034540 -0.213523
565.000000 172.000000 0.769309 -0.213523
573.000000 172.000000 0.794429 -0.213523
615.000000 172.000000 0.926311 -0.213523
336.000000 173.000000 0.050241 -0.210382
352.000000 173.000000 0.100481 -0.210382
340.000000 174.000000 0.062801 -0.207242
478.000000 174.000000 0.496126 -0.207242
554.000000 174.000000 0.734769 -0.207242
373.000000 175.000000 0.166422 -0.204102
546.000000 175.000000 0.709648 -0.204102
549.000000 175.000000 0.719069 -0.204102
337.000000 176.000000 0.053381 -0.200962
340.000000 176.000000 0.062801 -0.200962
375.000000 176.000000 0.172702 -0.200962
479.000000 176.000000 0.499266 -0.200962
590.000000 176.000000 0.847810 -0.200962
23.000000 177.000000 -0.932591 -0.197822
489.000000 177.000000 0.530666 -0.197822
510.000000 177.000000 0.596607 -0.197822
536.000000 177.000000 0.678248 -0.197822
633.000000 177.000000 0.982832 -0.197822
329.000000 178.000000 0.028260 -0.194682
500.000000 178.000000 0.565207 -0.194682
546.000000 178.000000 0.709648 -0.194682
563.000000 178.000000 0.763029 -0.194682
334.000000 179.000000 0.043961 -0.191542
508.000000 179.000000 0.590327 -0.191542
519.000000 179.000000 0.624867 -0.191542
541.000000 179.000000 0.693948 -0.191542
602.000000 179.000000 0.885490 -0.191542
24.000000 180.000000 -0.929451 -0.188402
366.000000 180.000000 0.144442 -0.188402
564.000000 180.000000 0.766169 -0.188402
575.000000 180.000000 0.800709 -0.188402
28.000000 181.000000 -0.916891 -0.185262
582.000000 181.000000 0.822690 -0.185262
596.000000 181.000000 0.866650 -0.185262
601.000000 181.000000 0.882350 -0.185262
303.000000 182.000000 -0.053381 -0.182122
523.000000 182.000000 0.637428 -0.182122
608.000000 182.000000 0.904331 -0.182122
482.000000 183.000000 0.508686 -0.178982
541.000000 183.000000 0.693948 -0.178982
622.000000 183.000000 0.948291 -0.178982
369.000000 184.000000 0.153862 -0.175842
417.000000 184.000000 0.304584 -0.175842
473.000000 184.000000 0.480426 -0.175842
494.000000 184.000000 0.546366 -0.175842
618.000000 184.000000 0.935731 -0.175842
357.000000 185.000000 0.116181 -0.172702
501.000000 185.000000 0.568347 -0.172702
623.000000 185.000000 0.951431 -0.172702
362.000000 186.000000 0.131882 -0.169562
379.000000 186.000000 0.185262 -0.169562
541.000000 186.000000 0.693948 -0.169562
545.000000 186.000000 0.706508 -0.169562
564.000000 186.000000 0.766169 -0.169562
588.000000 186.000000 0.841530 -0.169562
330.000000 187.000000 0.031400 -0.166422
332.000000 187.000000 0.037680 -0.166422
366.000000 187.000000 0.144442 -0.166422
508.000000 187.000000 0.590327 -0.166422
516.000000 187.000000 0.615447 -0.166422
518.000000 187.000000 0.621727 -0.166422
585.000000 187.000000 0.832110 -0.166422
352.000000 188.000000 0.100481 -0.163282
357.000000 189.000000 0.116181 -0.160142
360.000000 189.000000 0.125601 -0.160142
370.000000 189.000000 0.157002 -0.160142
378.000000 189.000000 0.182122 -0.160142
555.000000 189.000000 0.737909 -0.160142
563.000000 189.000000 0.763029 -0.160142
412.000000 190.000000 0.288883 -0.157002
486.000000 190.000000 0.521246 -0.157002
536.000000 190.000000 0.678248 -0.157002
335.000000 191.000000 0.047101 -0.153862
350.000000 191.000000 0.094201 -0.153862
388.000000 191.000000 0.213523 -0.153862
630.000000 191.000000 0.973412 -0.153862
616.000000 192.000000 0.929451 -0.150722
354.000000 193.000000 0.106761 -0.147582
529.000000 193.000000 0.656268 -0.147582
624.000000 194.000000 0.954571 -0.144442
492.000000 195.000000 0.540086 -0.141302
546.000000 195.000000 0.709648 -0.141302
550.000000 195.000000 0.722209 -0.141302
505.000000 196.000000 0.580907 -0.138162
389.000000 197.000000 0.216663 -0.135022
498.000000 197.000000 0.558927 -0.135022
500.000000 197.000000 0.565207 -0.135022
521.000000 197.000000 0.631147 -0.135022
422.000000 198.000000 0.320284 -0.131882
583.000000 198.000000 0.825830 -0.131882
606.000000 198.000000 0.898051 -0.131882
360.000000 199.000000 0.125601 -0.128742
517.000000 199.000000 0.618587 -0.128742
602.000000 199.000000 0.885490 -0.128742
614.000000 199.000000 0.923171 -0.128742
105.000000 200.000000 -0.675108 -0.125601
337.000000 200.000000 0.053381 -0.125601
521.000000 200.000000 0.631147 -0.125601
40.000000 201.000000 -0.879210 -0.122461
513.000000 201.000000 0.606027 -0.122461
523.000000 201.000000 0.637428 -0.122461
595.000000 201.000000 0.863510 -0.122461
354.000000 202.000000 0.106761 -0.119321
625.000000 202.000000 0.957711 -0.119321
559.000000 203.000000 0.750469 -0.116181
564.000000 203.000000 0.766169 -0.116181
362.000000 204.000000 0.131882 -0.113041
586.000000 204.000000 0.835250 -0.113041
550.000000 205.000000 0.722209 -0.109901
526.000000 206.000000 0.646848 -0.106761
593.000000 206.000000 0.857230 -0.106761
337.000000 207.000000 0.053381 -0.103621
377.000000 207.000000 0.178982 -0.103621
396.000000 207.000000 0.238643 -0.103621
401.000000 207.000000 0.254343 -0.103621
413.000000 207.000000 0.292023 -0.103621
417.000000 207.000000 0.304584 -0.103621
513.000000 207.000000 0.606027 -0.103621
345.000000 208.000000 0.078501 -0.100481
631.000000 208.000000 0.976552 -0.100481
357.000000 209.000000 0.116181 -0.097341
378.000000 209.000000 0.182122 -0.097341
322.000000 210.000000 0.006280 -0.094201
555.000000 210.000000 0.737909 -0.094201
535.000000 211.000000 0.675108 -0.091061
550.000000 211.000000 0.722209 -0.091061
623.000000 211.000000 0.951431 -0.091061
338.000000 212.000000 0.056521 -0.087921
364.000000 212.000000 0.138162 -0.087921
572.000000 212.000000 0.791289 -0.087921
599.000000 212.000000 0.876070 -0.087921
342.000000 213.000000 0.069081 -0.084781
624.000000 213.000000 0.954571 -0.084781
335.000000 214.000000 0.047101 -0.081641
429.000000 215.000000 0.342264 -0.078501
353.000000 216.000000 0.103621 -0.075361
359.000000 216.000000 0.122461 -0.075361
396.000000 216.000000 0.238643 -0.075361
346.000000 217.000000 0.081641 -0.072221
412.000000 217.000000 0.288883 -0.072221
416.000000 217.000000 0.301444 -0.072221
388.000000 218.000000 0.213523 -0.069081
409.000000 218.000000 0.279463 -0.069081
561.000000 218.000000 0.756749 -0.069081
381.000000 219.000000 0.191542 -0.065941
537.000000 219.000000 0.681388 -0.065941
419.000000 220.000000 0.310864 -0.062801
337.000000 221.000000 0.053381 -0.059661
341.000000 221.000000 0.065941 -0.059661
619.000000 221.000000 0.938871 -0.059661
318.000000 222.000000 -0.006280 -0.056521
577.000000 223.000000 0.806990 -0.053381
600.000000 223.000000 0.879210 -0.053381
352.000000 224.000000 0.100481 -0.050241
626.000000 224.000000 0.960851 -0.050241
361.000000 225.000000 0.128742 -0.047101
631.000000 225.000000 0.976552 -0.047101
418.000000 226.000000 0.307724 -0.043961
614.000000 226.000000 0.923171 -0.043961
332.000000 227.000000 0.037680 -0.040820
483.000000 228.000000 0.511826 -0.037680
566.000000 228.000000 0.772449 -0.037680
600.000000 228.000000 0.879210 -0.037680
610.000000 228.000000 0.910611 -0.037680
17.000000 229.000000 -0.951431 -0.034540
395.000000 229.000000 0.235503 -0.034540
514.000000 229.000000 0.609167 -0.034540
578.000000 229.000000 0.810130 -0.034540
338.000000 230.000000 0.056521 -0.031400
521.000000 230.000000 0.631147 -0.031400
544.000000 230.000000 0.703368 -0.031400
574.000000 231.000000 0.797569 -0.028260
578.000000 232.000000 0.810130 -0.025120
607.000000 232.000000 0.901191 -0.025120
636.000000 232.000000 0.992252 -0.025120
343.000000 233.000000 0.072221 -0.021980
330.000000 234.000000 0.031400 -0.018840
433.000000 234.000000 0.354824 -0.018840
615.000000 234.000000 0.926311 -0.018840
617.000000 234.000000 0.932591 -0.018840
410.000000 235.000000 0.282603 -0.015700
606.000000 235.000000 0.898051 -0.015700
609.000000 235.000000 0.907471 -0.015700
532.000000 236.000000 0.665688 -0.012560
598.000000 236.000000 0.872930 -0.012560
600.000000 236.000000 0.879210 -0.012560
335.000000 237.000000 0.047101 -0.009420
504.000000 237.000000 0.577767 -0.009420
611.000000 237.000000 0.913751 -0.009420
358.000000 238.000000 0.119321 -0.006280
499.000000 238.000000 0.562067 -0.006280
379.000000 239.000000 0.185262 -0.003140
577.000000 239.000000 0.806990 -0.003140
6.000000 240.000000 -0.985972 0.000000
418.000000 240.000000 0.307724 0.000000
14.000000 241.000000 -0.960851 0.003140
23.000000 241.000000 -0.932591 0.003140
31.000000 241.000000 -0.907471 0.003140
33.000000 241.000000 -0.901191 0.003140
29.000000 242.000000 -0.913751 0.006280
35.000000 242.000000 -0.894911 0.006280
38.000000 242.000000 -0.885490 0.006280
47.000000 242.000000 -0.857230 0.006280
387.000000 242.000000 0.210382 0.006280
405.000000 242.000000 0.266903 0.006280
425.000000 242.000000 0.329704 0.006280
487.000000 242.000000 0.524386 0.006280
26.000000 243.000000 -0.923171 0.009420
32.000000 243.000000 -0.904331 0.009420
44.000000 243.000000 -0.866650 0.009420
435.000000 243.000000 0.361104 0.009420
459.000000 243.000000 0.436465 0.009420
520.000000 243.000000 0.628007 0.009420
543.000000 243.000000 0.700228 0.009420
545.000000 243.000000 0.706508 0.009420
605.000000 243.000000 0.894911 0.009420
42.000000 244.000000 -0.872930 0.012560
55.000000 244.000000 -0.832110 0.012560
65.000000 244.000000 -0.800709 0.012560
365.000000 244.000000 0.141302 0.012560
420.000000 244.000000 0.314004 0.012560
437.000000 244.000000 0.367384 0.012560
500.000000 244.000000 0.565207 0.012560
565.000000 244.000000 0.769309 0.012560
50.000000 245.000000 -0.847810 0.015700
76.000000 245.000000 -0.766169 0.015700
90.000000 245.000000 -0.722209 0.015700
359.000000 245.000000 0.122461 0.015700
362.000000 245.000000 0.131882 0.015700
392.000000 245.000000 0.226083 0.015700
422.000000 245.000000 0.320284 0.015700
430.000000 245.000000 0.345404 0.015700
490.000000 245.000000 0.533806 0.015700
579.000000 245.000000 0.813270 0.015700
20.000000 246.000000 -0.942011 0.018840
29.000000 246.000000 -0.913751 0.018840
56.000000 246.000000 -0.828970 0.018840
60.000000 246.000000 -0.816410 0.018840
65.000000 246.000000 -0.800709 0.018840
67.000000 246.000000 -0.794429 0.018840
70.000000 246.000000 -0.785009 0.018840
94.000000 246.000000 -0.709648 0.018840
413.000000 246.000000 0.292023 0.018840
478.000000 246.000000 0.496126 0.018840
481.000000 246.000000 0.505546 0.018840
32.000000 247.000000 -0.904331 0.021980
41.000000 247.000000 -0.876070 0.021980
75.000000 247.000000 -0.769309 0.021980
87.000000 247.000000 -0.731629 0.021980
96.000000 247.000000 -0.703368 0.021980
114.000000 247.000000 -0.646848 0.021980
116.000000 247.000000 -0.640568 0.021980
331.000000 247.000000 0.034540 0.021980
399.000000 247.000000 0.248063 0.021980
403.000000 247.000000 0.260623 0.021980
470.000000 247.000000 0.471006 0.021980
472.000000 247.000000 0.477286 0.021980
606.000000 247.000000 0.898051 0.021980
55.000000 248.000000 -0.832110 0.025120
92.000000 248.000000 -0.715928 0.025120
99.000000 248.000000 -0.693948 0.025120
131.000000 248.000000 -0.593467 0.025120
368.000000 248.000000 0.150722 0.025120
393.000000 248.000000 0.229223 0.025120
409.000000 248.000000 0.279463 0.025120
569.000000 248.000000 0.781869 0.025120
624.000000 248.000000 0.954571 0.025120
113.000000 249.000000 -0.649988 0.028260
119.000000 249.000000 -0.631147 0.028260
124.000000 249.000000 -0.615447 0.028260
127.000000 249.000000 -0.606027 0.028260
136.000000 249.000000 -0.577767 0.028260
328.000000 249.000000 0.025120 0.028260
365.000000 249.000000 0.141302 0.028260
379.000000 249.000000 0.185262 0.028260
383.000000 249.000000 0.197822 0.028260
425.000000 249.000000 0.329704 0.028260
433.000000 249.000000 0.354824 0.028260
524.000000 249.000000 0.640568 0.028260
130.000000 250.000000 -0.596607 0.031400
142.000000 250.000000 -0.558927 0.031400
147.000000 250.000000 -0.543226 0.031400
360.000000 250.000000 0.125601 0.031400
370.000000 250.000000 0.157002 0.031400
387.000000 250.000000 0.210382 0.031400
76.000000 251.000000 -0.766169 0.034540
80.000000 251.000000 -0.753609 0.034540
84.000000 251.000000 -0.741049 0.034540
138.000000 251.000000 -0.571487 0.034540
151.000000 251.000000 -0.530666 0.034540
270.000000 251.000000 -0.157002 0.034540
355.000000 251.000000 0.109901 0.034540
365.000000 251.000000 0.141302 0.034540
381.000000 251.000000 0.191542 0.034540
396.000000 251.000000 0.238643 0.034540
422.000000 251.000000 0.320284 0.034540
602.000000 251.000000 0.885490 0.034540
627.000000 251.000000 0.963991 0.034540
351.000000 252.000000 0.097341 0.037680
614.000000 252.000000 0.923171 0.037680
375.000000 253.000000 0.172702 0.040820
377.000000 253.000000 0.178982 0.040820
384.000000 253.000000 0.200962 0.040820
386.000000 253.000000 0.207242 0.040820
436.000000 253.000000 0.364244 0.040820
105.000000 254.000000 -0.675108 0.043961
110.000000 254.000000 -0.659408 0.043961
308.000000 254.000000 -0.037680 0.043961
321.000000 254.000000 0.003140 0.043961
363.000000 254.000000 0.135022 0.043961
404.000000 254.000000 0.263763 0.043961
406.000000 254.000000 0.270043 0.043961
417.000000 254.000000 0.304584 0.043961
427.000000 254.000000 0.335984 0.043961
539.000000 254.000000 0.687668 0.043961
633.000000 254.000000 0.982832 0.043961
636.000000 254.000000 0.992252 0.043961
121.000000 255.000000 -0.624867 0.047101
375.000000 255.000000 0.172702 0.047101
391.000000 255.000000 0.222943 0.047101
399.000000 255.000000 0.248063 0.047101
408.000000 255.000000 0.276323 0.047101
436.000000 255.000000 0.364244 0.047101
561.000000 255.000000 0.756749 0.047101
68.000000 256.000000 -0.791289 0.050241
84.000000 256.000000 -0.741049 0.050241
270.000000 256.000000 -0.157002 0.050241
304.000000 256.000000 -0.050241 0.050241
311.000000 256.000000 -0.028260 0.050241
326.000000 256.000000 0.018840 0.050241
331.000000 256.000000 0.034540 0.050241
385.000000 256.000000 0.204102 0.050241
411.000000 256.000000 0.285743 0.050241
629.000000 256.000000 0.970271 0.050241
282.000000 257.000000 -0.119321 0.053381
388.000000 257.000000 0.213523 0.053381
391.000000 257.000000 0.222943 0.053381
414.000000 257.000000 0.295163 0.053381
436.000000 257.000000 0.364244 0.053381
470.000000 257.000000 0.471006 0.053381
619.000000 257.000000 0.938871 0.053381
631.000000 257.000000 0.976552 0.053381
242.000000 258.000000 -0.244923 0.056521
269.000000 258.000000 -0.160142 0.056521
276.000000 258.000000 -0.138162 0.056521
280.000000 258.000000 -0.125601 0.056521
299.000000 258.000000 -0.065941 0.056521
352.000000 258.000000 0.100481 0.056521
375.000000 258.000000 0.172702 0.056521
382.000000 258.000000 0.194682 0.056521
402.000000 258.000000 0.257483 0.056521
420.000000 258.000000 0.314004 0.056521
459.000000 258.000000 0.436465 0.056521
518.000000 258.000000 0.621727 0.056521
549.000000 258.000000 0.719069 0.056521
233.000000 259.000000 -0.273183 0.059661
294.000000 259.000000 -0.081641 0.059661
367.000000 259.000000 0.147582 0.059661
394.000000 259.000000 0.232363 0.059661
407.000000 259.000000 0.273183 0.059661
413.000000 259.000000 0.292023 0.059661
448.000000 259.000000 0.401925 0.059661
450.000000 259.000000 0.408205 0.059661
496.000000 259.000000 0.552647 0.059661
582.000000 259.000000 0.822690 0.059661
613.000000 259.000000 0.920031 0.059661
270.000000 260.000000 -0.157002 0.062801
321.000000 260.000000 0.003140 0.062801
324.000000 260.000000 0.012560 0.062801
346.000000 260.000000 0.081641 0.062801
348.000000 260.000000 0.087921 0.062801
355.000000 260.000000 0.109901 0.062801
380.000000 260.000000 0.188402 0.062801
423.000000 260.000000 0.323424 0.062801
443.000000 260.000000 0.386225 0.062801
535.000000 260.000000 0.675108 0.062801
111.000000 261.000000 -0.656268 0.065941
189.000000 261.000000 -0.411345 0.065941
308.000000 261.000000 -0.037680 0.065941
336.000000 261.000000 0.050241 0.065941
344.000000 261.000000 0.075361 0.065941
371.000000 261.000000 0.160142 0.065941
385.000000 261.000000 0.204102 0.065941
391.000000 261.000000 0.222943 0.065941
404.000000 261.000000 0.263763 0.065941
429.000000 261.000000 0.342264 0.065941
456.000000 261.000000 0.427045 0.065941
488.000000 261.000000 0.527526 0.065941
569.000000 261.000000 0.781869 0.065941
311.000000 262.000000 -0.028260 0.069081
330.000000 262.000000 0.031400 0.069081
340.000000 262.000000 0.062801 0.069081
358.000000 262.000000 0.119321 0.069081
363.000000 262.000000 0.135022 0.069081
414.000000 262.000000 0.295163 0.069081
416.000000 262.000000 0.301444 0.069081
322.000000 263.000000 0.006280 0.072221
324.000000 263.000000 0.012560 0.072221
350.000000 263.000000 0.094201 0.072221
411.000000 263.000000 0.285743 0.072221
448.000000 263.000000 0.401925 0.072221
452.000000 263.000000 0.414485 0.072221
483.000000 263.000000 0.511826 0.072221
319.000000 264.000000 -0.003140 0.075361
341.000000 264.000000 0.065941 0.075361
379.000000 264.000000 0.185262 0.075361
391.000000 264.000000 0.222943 0.075361
393.000000 264.000000 0.229223 0.075361
413.000000 264.000000 0.292023 0.075361
310.000000 265.000000 -0.031400 0.078501
330.000000 265.000000 0.031400 0.078501
356.000000 265.000000 0.113041 0.078501
406.000000 265.000000 0.270043 0.078501
424.000000 265.000000 0.326564 0.078501
445.000000 265.000000 0.392505 0.078501
31.000000 266.000000 -0.907471 0.081641
80.000000 266.000000 -0.753609 0.081641
307.000000 266.000000 -0.040820 0.081641
359.000000 266.000000 0.122461 0.081641
370.000000 266.000000 0.157002 0.081641
373.000000 266.000000 0.166422 0.081641
386.000000 266.000000 0.207242 0.081641
442.000000 266.000000 0.383085 0.081641
322.000000 267.000000 0.006280 0.084781
336.000000 267.000000 0.050241 0.084781
362.000000 267.000000 0.131882 0.084781
482.000000 267.000000 0.508686 0.084781
634.000000 267.000000 0.985972 0.084781
122.000000 268.000000 -0.621727 0.087921
222.000000 268.000000 -0.307724 0.087921
253.000000 268.000000 -0.210382 0.087921
353.000000 268.000000 0.103621 0.087921
424.000000 268.000000 0.326564 0.087921
437.000000 268.000000 0.367384 0.087921
529.000000 268.000000 0.656268 0.087921
625.000000 268.000000 0.957711 0.087921
629.000000 268.000000 0.970271 0.087921
113.000000 269.000000 -0.649988 0.091061
304.000000 269.000000 -0.050241 0.091061
319.000000 269.000000 -0.003140 0.091061
324.000000 269.000000 0.012560 0.091061
406.000000 269.000000 0.270043 0.091061
444.000000 269.000000 0.389365 0.091061
31.000000 270.000000 -0.907471 0.094201
81.000000 270.000000 -0.750469 0.094201
308.000000 270.000000 -0.037680 0.094201
332.000000 270.000000 0.037680 0.094201
413.000000 270.000000 0.292023 0.094201
416.000000 270.000000 0.301444 0.094201
439.000000 270.000000 0.373664 0.094201
618.000000 270.000000 0.935731 0.094201
26.000000 271.000000 -0.923171 0.097341
40.000000 271.000000 -0.879210 0.097341
44.000000 271.000000 -0.866650 0.097341
168.000000 271.000000 -0.477286 0.097341
202.000000 271.000000 -0.370524 0.097341
296.000000 271.000000 -0.075361 0.097341
318.000000 271.000000 -0.006280 0.097341
320.000000 271.000000 -0.000000 0.097341
322.000000 271.000000 0.006280 0.097341
342.000000 271.000000 0.069081 0.097341
361.000000 271.000000 0.128742 0.097341
365.000000 271.000000 0.141302 0.097341
441.000000 271.000000 0.379945 0.097341
587.000000 271.000000 0.838390 0.097341
609.000000 271.000000 0.907471 0.097341
272.000000 272.000000 -0.150722 0.100481
289.000000 272.000000 -0.097341 0.100481
311.000000 272.000000 -0.028260 0.100481
340.000000 272.000000 0.062801 0.100481
350.000000 272.000000 0.094201 0.100481
384.000000 272.000000 0.200962 0.100481
397.000000 272.000000 0.241783 0.100481
410.000000 272.000000 0.282603 0.100481
424.000000 272.000000 0.326564 0.100481
301.000000 273.000000 -0.059661 0.103621
387.000000 273.000000 0.210382 0.103621
391.000000 273.000000 0.222943 0.103621
400.000000 273.000000 0.251203 0.103621
133.000000 274.000000 -0.587187 0.106761
143.000000 274.000000 -0.555787 0.106761
216.000000 274.000000 -0.326564 0.106761
318.000000 274.000000 -0.006280 0.106761
438.000000 274.000000 0.370524 0.106761
625.000000 274.000000 0.957711 0.106761
73.000000 275.000000 -0.775589 0.109901
75.000000 275.000000 -0.769309 0.109901
86.000000 275.000000 -0.734769 0.109901
111.000000 275.000000 -0.656268 0.109901
119.000000 275.000000 -0.631147 0.109901
221.000000 275.000000 -0.310864 0.109901
253.000000 275.000000 -0.210382 0.109901
278.000000 275.000000 -0.131882 0.109901
591.000000 275.000000 0.850950 0.109901
593.000000 275.000000 0.857230 0.109901
622.000000 275.000000 0.948291 0.109901
116.000000 276.000000 -0.640568 0.113041
125.000000 276.000000 -0.612307 0.113041
300.000000 276.000000 -0.062801 0.113041
306.000000 276.000000 -0.043961 0.113041
310.000000 276.000000 -0.031400 0.113041
380.000000 276.000000 0.188402 0.113041
11.000000 277.000000 -0.970271 0.116181
235.000000 277.000000 -0.266903 0.116181
258.000000 277.000000 -0.194682 0.116181
298.000000 277.000000 -0.069081 0.116181
313.000000 277.000000 -0.021980 0.116181
370.000000 277.000000 0.157002 0.116181
377.000000 277.000000 0.178982 0.116181
27.000000 278.000000 -0.920031 0.119321
248.000000 278.000000 -0.226083 0.119321
273.000000 278.000000 -0.147582 0.119321
354.000000 278.000000 0.106761 0.119321
383.000000 278.000000 0.197822 0.119321
442.000000 278.000000 0.383085 0.119321
458.000000 278.000000 0.433325 0.119321
291.000000 279.000000 -0.091061 0.122461
296.000000 279.000000 -0.075361 0.122461
351.000000 279.000000 0.097341 0.122461
408.000000 279.000000 0.276323 0.122461
259.000000 280.000000 -0.191542 0.125601
282.000000 280.000000 -0.119321 0.125601
390.000000 280.000000 0.219803 0.125601
439.000000 280.000000 0.373664 0.125601
551.000000 280.000000 0.725349 0.125601
117.000000 281.000000 -0.637428 0.128742
125.000000 281.000000 -0.612307 0.128742
311.000000 281.000000 -0.028260 0.128742
356.000000 281.000000 0.113041 0.128742
371.000000 281.000000 0.160142 0.128742
400.000000 281.000000 0.251203 0.128742
407.000000 281.000000 0.273183 0.128742
107.000000 282.000000 -0.668828 0.131882
180.000000 282.000000 -0.439605 0.131882
303.000000 282.000000 -0.053381 0.131882
351.000000 282.000000 0.097341 0.131882
291.000000 283.000000 -0.091061 0.135022
619.000000 283.000000 0.938871 0.135022
206.000000 284.000000 -0.357964 0.138162
281.000000 284.000000 -0.122461 0.138162
304.000000 284.000000 -0.050241 0.138162
316.000000 284.000000 -0.012560 0.138162
403.000000 284.000000 0.260623 0.138162
441.000000 284.000000 0.379945 0.138162
443.000000 284.000000 0.386225 0.138162
491.000000 284.000000 0.536946 0.138162
146.000000 285.000000 -0.546366 0.141302
150.000000 285.000000 -0.533806 0.141302
273.000000 285.000000 -0.147582 0.141302
283.000000 285.000000 -0.116181 0.141302
322.000000 285.000000 0.006280 0.141302
367.000000 285.000000 0.147582 0.141302
540.000000 285.000000 0.690808 0.141302
636.000000 285.000000 0.992252 0.141302
137.000000 286.000000 -0.574627 0.144442
140.000000 286.000000 -0.565207 0.144442
185.000000 286.000000 -0.423905 0.144442
307.000000 286.000000 -0.040820 0.144442
371.000000 286.000000 0.160142 0.144442
25.000000 287.000000 -0.926311 0.147582
125.000000 287.000000 -0.612307 0.147582
217.000000 287.000000 -0.323424 0.147582
332.000000 287.000000 0.037680 0.147582
347.000000 287.000000 0.084781 0.147582
355.000000 287.000000 0.109901 0.147582
358.000000 287.000000 0.119321 0.147582
363.000000 287.000000 0.135022 0.147582
621.000000 287.000000 0.945151 0.147582
19.000000 288.000000 -0.945151 0.150722
120.000000 288.000000 -0.628007 0.150722
130.000000 288.000000 -0.596607 0.150722
175.000000 288.000000 -0.455305 0.150722
244.000000 288.000000 -0.238643 0.150722
440.000000 288.000000 0.376804 0.150722
107.000000 289.000000 -0.668828 0.153862
381.000000 289.000000 0.191542 0.153862
12.000000 290.000000 -0.967131 0.157002
156.000000 290.000000 -0.514966 0.157002
158.000000 290.000000 -0.508686 0.157002
306.000000 290.000000 -0.043961 0.157002
328.000000 290.000000 0.025120 0.157002
354.000000 291.000000 0.106761 0.160142
529.000000 291.000000 0.656268 0.160142
587.000000 291.000000 0.838390 0.160142
629.000000 291.000000 0.970271 0.160142
121.000000 292.000000 -0.624867 0.163282
143.000000 292.000000 -0.555787 0.163282
185.000000 292.000000 -0.423905 0.163282
244.000000 292.000000 -0.238643 0.163282
259.000000 292.000000 -0.191542 0.163282
306.000000 292.000000 -0.043961 0.163282
314.000000 292.000000 -0.018840 0.163282
330.000000 292.000000 0.031400 0.163282
532.000000 292.000000 0.665688 0.163282
593.000000 292.000000 0.857230 0.163282
177.000000 293.000000 -0.449025 0.166422
206.000000 293.000000 -0.357964 0.166422
344.000000 293.000000 0.075361 0.166422
352.000000 293.000000 0.100481 0.166422
465.000000 293.000000 0.455305 0.166422
33.000000 294.000000 -0.901191 0.169562
124.000000 294.000000 -0.615447 0.169562
253.000000 294.000000 -0.210382 0.169562
306.000000 294.000000 -0.043961 0.169562
308.000000 294.000000 -0.037680 0.169562
318.000000 295.000000 -0.006280 0.172702
339.000000 295.000000 0.059661 0.172702
343.000000 295.000000 0.072221 0.172702
372.000000 295.000000 0.163282 0.172702
423.000000 295.000000 0.323424 0.172702
33.000000 296.000000 -0.901191 0.175842
158.000000 296.000000 -0.508686 0.175842
356.000000 296.000000 0.113041 0.175842
441.000000 296.000000 0.379945 0.175842
454.000000 296.000000 0.420765 0.175842
19.000000 297.000000 -0.945151 0.178982
25.000000 297.000000 -0.926311 0.178982
185.000000 297.000000 -0.423905 0.178982
231.000000 297.000000 -0.279463 0.178982
306.000000 297.000000 -0.043961 0.178982
321.000000 297.000000 0.003140 0.178982
411.000000 297.000000 0.285743 0.178982
564.000000 297.000000 0.766169 0.178982
619.000000 297.000000 0.938871 0.178982
636.000000 297.000000 0.992252 0.178982
265.000000 298.000000 -0.172702 0.182122
274.000000 298.000000 -0.144442 0.182122
309.000000 298.000000 -0.034540 0.182122
332.000000 298.000000 0.037680 0.182122
344.000000 298.000000 0.075361 0.182122
348.000000 298.000000 0.087921 0.182122
616.000000 298.000000 0.929451 0.182122
628.000000 298.000000 0.967131 0.182122
285.000000 299.000000 -0.109901 0.185262
385.000000 299.000000 0.204102 0.185262
555.000000 299.000000 0.737909 0.185262
133.000000 300.000000 -0.587187 0.188402
322.000000 300.000000 0.006280 0.188402
360.000000 300.000000 0.125601 0.188402
462.000000 300.000000 0.445885 0.188402
560.000000 300.000000 0.753609 0.188402
126.000000 301.000000 -0.609167 0.191542
306.000000 301.000000 -0.043961 0.191542
309.000000 301.000000 -0.034540 0.191542
333.000000 301.000000 0.040820 0.191542
522.000000 301.000000 0.634288 0.191542
566.000000 301.000000 0.772449 0.191542
37.000000 302.000000 -0.888631 0.194682
120.000000 302.000000 -0.628007 0.194682
186.000000 302.000000 -0.420765 0.194682
373.000000 302.000000 0.166422 0.194682
448.000000 302.000000 0.401925 0.194682
592.000000 302.000000 0.854090 0.194682
628.000000 302.000000 0.967131 0.194682
10.000000 303.000000 -0.973412 0.197822
50.000000 303.000000 -0.847810 0.197822
320.000000 303.000000 -0.000000 0.197822
340.000000 303.000000 0.062801 0.197822
6.000000 304.000000 -0.985972 0.200962
117.000000 304.000000 -0.637428 0.200962
130.000000 304.000000 -0.596607 0.200962
147.000000 304.000000 -0.543226 0.200962
149.000000 304.000000 -0.536946 0.200962
178.000000 304.000000 -0.445885 0.200962
261.000000 304.000000 -0.185262 0.200962
361.000000 304.000000 0.128742 0.200962
35.000000 305.000000 -0.894911 0.204102
386.000000 305.000000 0.207242 0.204102
25.000000 306.000000 -0.926311 0.207242
168.000000 306.000000 -0.477286 0.207242
301.000000 306.000000 -0.059661 0.207242
304.000000 306.000000 -0.050241 0.207242
331.000000 306.000000 0.034540 0.207242
336.000000 306.000000 0.050241 0.207242
535.000000 306.000000 0.675108 0.207242
19.000000 307.000000 -0.945151 0.210382
127.000000 307.000000 -0.606027 0.210382
224.000000 307.000000 -0.301444 0.210382
308.000000 307.000000 -0.037680 0.210382
519.000000 307.000000 0.624867 0.210382
159.000000 308.000000 -0.505546 0.213523
186.000000 308.000000 -0.420765 0.213523
313.000000 308.000000 -0.021980 0.213523
421.000000 308.000000 0.317144 0.213523
594.000000 308.000000 0.860370 0.213523
275.000000 309.000000 -0.141302 0.216663
306.000000 309.000000 -0.043961 0.216663
149.000000 310.000000 -0.536946 0.219803
380.000000 310.000000 0.188402 0.219803
443.000000 310.000000 0.386225 0.219803
325.000000 311.000000 0.015700 0.222943
605.000000 311.000000 0.894911 0.222943
104.000000 312.000000 -0.678248 0.226083
190.000000 312.000000 -0.408205 0.226083
304.000000 312.000000 -0.050241 0.226083
549.000000 312.000000 0.719069 0.226083
98.000000 313.000000 -0.697088 0.229223
135.000000 313.000000 -0.580907 0.229223
322.000000 313.000000 0.006280 0.229223
329.000000 313.000000 0.028260 0.229223
387.000000 313.000000 0.210382 0.229223
7.000000 314.000000 -0.982832 0.232363
273.000000 314.000000 -0.147582 0.232363
459.000000 314.000000 0.436465 0.232363
34.000000 315.000000 -0.898051 0.235503
126.000000 315.000000 -0.609167 0.235503
328.000000 315.000000 0.025120 0.235503
387.000000 315.000000 0.210382 0.235503
406.000000 315.000000 0.270043 0.235503
25.000000 316.000000 -0.926311 0.238643
121.000000 316.000000 -0.624867 0.238643
194.000000 316.000000 -0.395645 0.238643
19.000000 317.000000 -0.945151 0.241783
115.000000 317.000000 -0.643708 0.241783
145.000000 317.000000 -0.549506 0.241783
380.000000 317.000000 0.188402 0.241783
387.000000 317.000000 0.210382 0.241783
406.000000 317.000000 0.270043 0.241783
454.000000 317.000000 0.420765 0.241783
105.000000 318.000000 -0.675108 0.244923
216.000000 318.000000 -0.326564 0.244923
306.000000 318.000000 -0.043961 0.244923
368.000000 318.000000 0.150722 0.244923
463.000000 318.000000 0.449025 0.244923
569.000000 318.000000 0.781869 0.244923
487.000000 319.000000 0.524386 0.248063
500.000000 319.000000 0.565207 0.248063
21.000000 320.000000 -0.938871 0.251203
101.000000 320.000000 -0.687668 0.251203
134.000000 320.000000 -0.584047 0.251203
602.000000 320.000000 0.885490 0.251203
54.000000 321.000000 -0.835250 0.254343
96.000000 321.000000 -0.703368 0.254343
230.000000 321.000000 -0.282603 0.254343
418.000000 321.000000 0.307724 0.254343
633.000000 321.000000 0.982832 0.254343
49.000000 322.000000 -0.850950 0.257483
91.000000 322.000000 -0.719069 0.257483
126.000000 322.000000 -0.609167 0.257483
219.000000 322.000000 -0.317144 0.257483
221.000000 322.000000 -0.310864 0.257483
276.000000 322.000000 -0.138162 0.257483
336.000000 322.000000 0.050241 0.257483
187.000000 323.000000 -0.417625 0.260623
226.000000 323.000000 -0.295163 0.260623
293.000000 323.000000 -0.084781 0.260623
495.000000 323.000000 0.549506 0.260623
529.000000 323.000000 0.656268 0.260623
36.000000 324.000000 -0.891771 0.263763
117.000000 324.000000 -0.637428 0.263763
236.000000 324.000000 -0.263763 0.263763
305.000000 324.000000 -0.047101 0.263763
497.000000 324.000000 0.555787 0.263763
505.000000 324.000000 0.580907 0.263763
144.000000 325.000000 -0.552647 0.266903
263.000000 325.000000 -0.178982 0.266903
364.000000 325.000000 0.138162 0.266903
436.000000 325.000000 0.364244 0.266903
515.000000 325.000000 0.612307 0.266903
536.000000 325.000000 0.678248 0.266903
605.000000 325.000000 0.894911 0.266903
26.000000 326.000000 -0.923171 0.270043
180.000000 326.000000 -0.439605 0.270043
208.000000 326.000000 -0.351684 0.270043
308.000000 326.000000 -0.037680 0.270043
350.000000 326.000000 0.094201 0.270043
372.000000 326.000000 0.163282 0.270043
20.000000 327.000000 -0.942011 0.273183
134.000000 327.000000 -0.584047 0.273183
221.000000 327.000000 -0.310864 0.273183
253.000000 327.000000 -0.210382 0.273183
263.000000 327.000000 -0.178982 0.273183
536.000000 327.000000 0.678248 0.273183
542.000000 327.000000 0.697088 0.273183
15.000000 328.000000 -0.957711 0.276323
64.000000 328.000000 -0.803850 0.276323
153.000000 328.000000 -0.524386 0.276323
171.000000 328.000000 -0.467866 0.276323
505.000000 328.000000 0.580907 0.276323
521.000000 328.000000 0.631147 0.276323
625.000000 328.000000 0.957711 0.276323
629.000000 328.000000 0.970271 0.276323
127.000000 329.000000 -0.606027 0.279463
201.000000 329.000000 -0.373664 0.279463
236.000000 329.000000 -0.263763 0.279463
247.000000 329.000000 -0.229223 0.279463
309.000000 329.000000 -0.034540 0.279463
359.000000 329.000000 0.122461 0.279463
382.000000 329.000000 0.194682 0.279463
432.000000 329.000000 0.351684 0.279463
500.000000 329.000000 0.565207 0.279463
123.000000 330.000000 -0.618587 0.282603
372.000000 330.000000 0.163282 0.282603
400.000000 330.000000 0.251203 0.282603
553.000000 330.000000 0.731629 0.282603
303.000000 331.000000 -0.053381 0.285743
398.000000 331.000000 0.244923 0.285743
463.000000 331.000000 0.449025 0.285743
514.000000 331.000000 0.609167 0.285743
270.000000 332.000000 -0.157002 0.288883
585.000000 332.000000 0.832110 0.288883
608.000000 332.000000 0.904331 0.288883
136.000000 333.000000 -0.577767 0.292023
349.000000 333.000000 0.091061 0.292023
467.000000 333.000000 0.461585 0.292023
522.000000 333.000000 0.634288 0.292023
544.000000 333.000000 0.703368 0.292023
587.000000 333.000000 0.838390 0.292023
594.000000 333.000000 0.860370 0.292023
206.000000 334.000000 -0.357964 0.295163
277.000000 334.000000 -0.135022 0.295163
612.000000 334.000000 0.916891 0.295163
110.000000 335.000000 -0.659408 0.298304
419.000000 335.000000 0.310864 0.298304
26.000000 336.000000 -0.923171 0.301444
128.000000 336.000000 -0.602887 0.301444
256.000000 336.000000 -0.200962 0.301444
264.000000 336.000000 -0.175842 0.301444
402.000000 336.000000 0.257483 0.301444
421.000000 336.000000 0.317144 0.301444
589.000000 336.000000 0.844670 0.301444
615.000000 336.000000 0.926311 0.301444
102.000000 337.000000 -0.684528 0.304584
180.000000 337.000000 -0.439605 0.304584
245.000000 337.000000 -0.235503 0.304584
385.000000 337.000000 0.204102 0.304584
387.000000 337.000000 0.210382 0.304584
389.000000 337.000000 0.216663 0.304584
466.000000 337.000000 0.458445 0.304584
612.000000 337.000000 0.916891 0.304584
120.000000 338.000000 -0.628007 0.307724
217.000000 338.000000 -0.323424 0.307724
313.000000 338.000000 -0.021980 0.307724
506.000000 338.000000 0.584047 0.307724
575.000000 338.000000 0.800709 0.307724
578.000000 338.000000 0.810130 0.307724
116.000000 339.000000 -0.640568 0.310864
131.000000 339.000000 -0.593467 0.310864
188.000000 339.000000 -0.414485 0.310864
356.000000 339.000000 0.113041 0.310864
488.000000 339.000000 0.527526 0.310864
519.000000 339.000000 0.624867 0.310864
573.000000 339.000000 0.794429 0.310864
7.000000 340.000000 -0.982832 0.314004
26.000000 340.000000 -0.923171 0.314004
114.000000 340.000000 -0.646848 0.314004
135.000000 340.000000 -0.580907 0.314004
173.000000 340.000000 -0.461585 0.314004
226.000000 340.000000 -0.295163 0.314004
241.000000 340.000000 -0.248063 0.314004
264.000000 340.000000 -0.175842 0.314004
414.000000 340.000000 0.295163 0.314004
479.000000 340.000000 0.499266 0.314004
583.000000 340.000000 0.825830 0.314004
606.000000 340.000000 0.898051 0.314004
610.000000 340.000000 0.910611 0.314004
282.000000 341.000000 -0.119321 0.317144
436.000000 341.000000 0.364244 0.317144
455.000000 341.000000 0.423905 0.317144
139.000000 342.000000 -0.568347 0.320284
277.000000 342.000000 -0.135022 0.320284
300.000000 342.000000 -0.062801 0.320284
418.000000 342.000000 0.307724 0.320284
449.000000 342.000000 0.405065 0.320284
533.000000 342.000000 0.668828 0.320284
236.000000 343.000000 -0.263763 0.323424
371.000000 343.000000 0.160142 0.323424
620.000000 343.000000 0.942011 0.323424
12.000000 344.000000 -0.967131 0.326564
34.000000 344.000000 -0.898051 0.326564
176.000000 344.000000 -0.452165 0.326564
347.000000 344.000000 0.084781 0.326564
367.000000 344.000000 0.147582 0.326564
555.000000 344.000000 0.737909 0.326564
616.000000 344.000000 0.929451 0.326564
631.000000 344.000000 0.976552 0.326564
188.000000 345.000000 -0.414485 0.329704
234.000000 345.000000 -0.270043 0.329704
352.000000 345.000000 0.100481 0.329704
578.000000 345.000000 0.810130 0.329704
611.000000 345.000000 0.913751 0.329704
25.000000 346.000000 -0.926311 0.332844
172.000000 346.000000 -0.464725 0.332844
220.000000 346.000000 -0.314004 0.332844
326.000000 346.000000 0.018840 0.332844
422.000000 346.000000 0.320284 0.332844
433.000000 346.000000 0.354824 0.332844
541.000000 346.000000 0.693948 0.332844
20.000000 347.000000 -0.942011 0.335984
119.000000 347.000000 -0.631147 0.335984
140.000000 347.000000 -0.565207 0.335984
157.000000 347.000000 -0.511826 0.335984
214.000000 347.000000 -0.332844 0.335984
280.000000 347.000000 -0.125601 0.335984
403.000000 347.000000 0.260623 0.335984
443.000000 347.000000 0.386225 0.335984
533.000000 347.000000 0.668828 0.335984
599.000000 347.000000 0.876070 0.335984
18.000000 348.000000 -0.948291 0.339124
212.000000 348.000000 -0.339124 0.339124
271.000000 348.000000 -0.153862 0.339124
312.000000 348.000000 -0.025120 0.339124
354.000000 348.000000 0.106761 0.339124
463.000000 348.000000 0.449025 0.339124
36.000000 349.000000 -0.891771 0.342264
108.000000 349.000000 -0.665688 0.342264
195.000000 349.000000 -0.392505 0.342264
245.000000 349.000000 -0.235503 0.342264
265.000000 349.000000 -0.172702 0.342264
310.000000 349.000000 -0.031400 0.342264
423.000000 349.000000 0.323424 0.342264
566.000000 349.000000 0.772449 0.342264
625.000000 349.000000 0.957711 0.342264
85.000000 350.000000 -0.737909 0.345404
240.000000 350.000000 -0.251203 0.345404
313.000000 350.000000 -0.021980 0.345404
395.000000 350.000000 0.235503 0.345404
491.000000 350.000000 0.536946 0.345404
509.000000 350.000000 0.593467 0.345404
530.000000 350.000000 0.659408 0.345404
82.000000 351.000000 -0.747329 0.348544
120.000000 351.000000 -0.628007 0.348544
149.000000 351.000000 -0.536946 0.348544
233.000000 351.000000 -0.273183 0.348544
522.000000 351.000000 0.634288 0.348544
604.000000 351.000000 0.891771 0.348544
615.000000 351.000000 0.926311 0.348544
79.000000 352.000000 -0.756749 0.351684
101.000000 352.000000 -0.687668 0.351684
213.000000 352.000000 -0.335984 0.351684
263.000000 352.000000 -0.178982 0.351684
265.000000 352.000000 -0.172702 0.351684
325.000000 352.000000 0.015700 0.351684
344.000000 352.000000 0.075361 0.351684
462.000000 352.000000 0.445885 0.351684
562.000000 352.000000 0.759889 0.351684
242.000000 353.000000 -0.244923 0.354824
475.000000 353.000000 0.486706 0.354824
480.000000 353.000000 0.502406 0.354824
623.000000 353.000000 0.951431 0.354824
634.000000 353.000000 0.985972 0.354824
136.000000 354.000000 -0.577767 0.357964
198.000000 354.000000 -0.383085 0.357964
441.000000 354.000000 0.379945 0.357964
471.000000 354.000000 0.474146 0.357964
487.000000 354.000000 0.524386 0.357964
532.000000 354.000000 0.665688 0.357964
545.000000 354.000000 0.706508 0.357964
591.000000 354.000000 0.850950 0.357964
605.000000 354.000000 0.894911 0.357964
628.000000 354.000000 0.967131 0.357964
308.000000 355.000000 -0.037680 0.361104
316.000000 355.000000 -0.012560 0.361104
320.000000 355.000000 -0.000000 0.361104
431.000000 355.000000 0.348544 0.361104
462.000000 355.000000 0.445885 0.361104
523.000000 355.000000 0.637428 0.361104
26.000000 356.000000 -0.923171 0.364244
288.000000 356.000000 -0.100481 0.364244
399.000000 356.000000 0.248063 0.364244
407.000000 356.000000 0.273183 0.364244
453.000000 356.000000 0.417625 0.364244
468.000000 356.000000 0.464725 0.364244
495.000000 356.000000 0.549506 0.364244
549.000000 356.000000 0.719069 0.364244
587.000000 356.000000 0.838390 0.364244
49.000000 357.000000 -0.850950 0.367384
129.000000 357.000000 -0.599747 0.367384
221.000000 357.000000 -0.310864 0.367384
229.000000 357.000000 -0.285743 0.367384
367.000000 357.000000 0.147582 0.367384
386.000000 357.000000 0.207242 0.367384
19.000000 358.000000 -0.945151 0.370524
234.000000 358.000000 -0.270043 0.370524
162.000000 359.000000 -0.496126 0.373664
261.000000 359.000000 -0.185262 0.373664
328.000000 359.000000 0.025120 0.373664
473.000000 359.000000 0.480426 0.373664
592.000000 359.000000 0.854090 0.373664
47.000000 360.000000 -0.857230 0.376804
53.000000 360.000000 -0.838390 0.376804
57.000000 360.000000 -0.825830 0.376804
251.000000 360.000000 -0.216663 0.376804
301.000000 360.000000 -0.059661 0.376804
607.000000 360.000000 0.901191 0.376804
236.000000 361.000000 -0.263763 0.379945
578.000000 361.000000 0.810130 0.379945
117.000000 362.000000 -0.637428 0.383085
135.000000 362.000000 -0.580907 0.383085
71.000000 363.000000 -0.781869 0.386225
195.000000 363.000000 -0.392505 0.386225
318.000000 363.000000 -0.006280 0.386225
606.000000 363.000000 0.898051 0.386225
68.000000 364.000000 -0.791289 0.389365
129.000000 364.000000 -0.599747 0.389365
263.000000 364.000000 -0.178982 0.389365
616.000000 364.000000 0.929451 0.389365
107.000000 365.000000 -0.668828 0.392505
323.000000 365.000000 0.009420 0.392505
592.000000 365.000000 0.854090 0.392505
3.000000 366.000000 -0.995392 0.395645
26.000000 366.000000 -0.923171 0.395645
104.000000 366.000000 -0.678248 0.395645
124.000000 366.000000 -0.615447 0.395645
190.000000 366.000000 -0.408205 0.395645
541.000000 366.000000 0.693948 0.395645
632.000000 366.000000 0.979692 0.395645
255.000000 367.000000 -0.204102 0.398785
328.000000 367.000000 0.025120 0.398785
570.000000 367.000000 0.785009 0.398785
606.000000 367.000000 0.898051 0.398785
20.000000 368.000000 -0.942011 0.401925
146.000000 368.000000 -0.546366 0.401925
219.000000 368.000000 -0.317144 0.401925
262.000000 368.000000 -0.182122 0.401925
618.000000 368.000000 0.935731 0.401925
135.000000 369.000000 -0.580907 0.405065
236.000000 369.000000 -0.263763 0.405065
573.000000 369.000000 0.794429 0.405065
591.000000 369.000000 0.850950 0.405065
96.000000 370.000000 -0.703368 0.408205
115.000000 370.000000 -0.643708 0.408205
211.000000 370.000000 -0.342264 0.408205
290.000000 370.000000 -0.094201 0.408205
326.000000 370.000000 0.018840 0.408205
497.000000 370.000000 0.555787 0.408205
41.000000 371.000000 -0.876070 0.411345
94.000000 371.000000 -0.709648 0.411345
125.000000 371.000000 -0.612307 0.411345
139.000000 371.000000 -0.568347 0.411345
166.000000 371.000000 -0.483566 0.411345
200.000000 371.000000 -0.376804 0.411345
252.000000 371.000000 -0.213523 0.411345
317.000000 371.000000 -0.009420 0.411345
350.000000 371.000000 0.094201 0.411345
567.000000 371.000000 0.775589 0.411345
582.000000 371.000000 0.822690 0.411345
39.000000 372.000000 -0.882350 0.414485
110.000000 372.000000 -0.659408 0.414485
289.000000 372.000000 -0.097341 0.414485
303.000000 372.000000 -0.053381 0.414485
364.000000 372.000000 0.138162 0.414485
372.000000 372.000000 0.163282 0.414485
163.000000 373.000000 -0.492986 0.417625
236.000000 373.000000 -0.263763 0.417625
326.000000 373.000000 0.018840 0.417625
601.000000 373.000000 0.882350 0.417625
106.000000 374.000000 -0.671968 0.420765
323.000000 374.000000 0.009420 0.420765
605.000000 374.000000 0.894911 0.420765
613.000000 374.000000 0.920031 0.420765
20.000000 375.000000 -0.942011 0.423905
133.000000 375.000000 -0.587187 0.423905
174.000000 375.000000 -0.458445 0.423905
195.000000 375.000000 -0.392505 0.423905
249.000000 375.000000 -0.222943 0.423905
238.000000 376.000000 -0.257483 0.427045
254.000000 376.000000 -0.207242 0.427045
288.000000 376.000000 -0.100481 0.427045
183.000000 377.000000 -0.430185 0.430185
267.000000 377.000000 -0.166422 0.430185
290.000000 377.000000 -0.094201 0.430185
128.000000 378.000000 -0.602887 0.433325
359.000000 378.000000 0.122461 0.433325
25.000000 380.000000 -0.926311 0.439605
52.000000 380.000000 -0.841530 0.439605
110.000000 380.000000 -0.659408 0.439605
252.000000 380.000000 -0.213523 0.439605
279.000000 380.000000 -0.128742 0.439605
563.000000 380.000000 0.763029 0.439605
108.000000 381.000000 -0.665688 0.442745
224.000000 381.000000 -0.301444 0.442745
38.000000 382.000000 -0.885490 0.445885
148.000000 383.000000 -0.540086 0.449025
204.000000 385.000000 -0.364244 0.455305
222.000000 386.000000 -0.307724 0.458445
102.000000 387.000000 -0.684528 0.461585
214.000000 387.000000 -0.332844 0.461585
104.000000 388.000000 -0.678248 0.464725
116.000000 388.000000 -0.640568 0.464725
182.000000 388.000000 -0.433325 0.464725
207.000000 388.000000 -0.354824 0.464725
212.000000 388.000000 -0.339124 0.464725
20.000000 389.000000 -0.942011 0.467866
203.000000 389.000000 -0.367384 0.467866
140.000000 390.000000 -0.565207 0.471006
186.000000 390.000000 -0.420765 0.471006
504.000000 390.000000 0.577767 0.471006
64.000000 391.000000 -0.803850 0.474146
118.000000 392.000000 -0.634288 0.477286
185.000000 392.000000 -0.423905 0.477286
225.000000 392.000000 -0.298304 0.477286
253.000000 392.000000 -0.210382 0.477286
264.000000 392.000000 -0.175842 0.477286
609.000000 392.000000 0.907471 0.477286
37.000000 393.000000 -0.888631 0.480426
116.000000 393.000000 -0.640568 0.480426
147.000000 393.000000 -0.543226 0.480426
194.000000 393.000000 -0.395645 0.480426
57.000000 394.000000 -0.825830 0.483566
114.000000 394.000000 -0.646848 0.483566
166.000000 394.000000 -0.483566 0.483566
229.000000 394.000000 -0.285743 0.483566
112.000000 395.000000 -0.653128 0.486706
134.000000 395.000000 -0.584047 0.486706
157.000000 395.000000 -0.511826 0.486706
226.000000 395.000000 -0.295163 0.486706
422.000000 395.000000 0.320284 0.486706
468.000000 395.000000 0.464725 0.486706
8.000000 396.000000 -0.979692 0.489846
110.000000 396.000000 -0.659408 0.489846
203.000000 396.000000 -0.367384 0.489846
259.000000 396.000000 -0.191542 0.489846
330.000000 396.000000 0.031400 0.489846
622.000000 396.000000 0.948291 0.489846
20.000000 397.000000 -0.942011 0.492986
229.000000 397.000000 -0.285743 0.492986
308.000000 397.000000 -0.037680 0.492986
323.000000 397.000000 0.009420 0.492986
30.000000 398.000000 -0.910611 0.496126
39.000000 398.000000 -0.882350 0.496126
101.000000 398.000000 -0.687668 0.496126
151.000000 398.000000 -0.530666 0.496126
197.000000 398.000000 -0.386225 0.496126
601.000000 398.000000 0.882350 0.496126
20.000000 399.000000 -0.942011 0.499266
192.000000 399.000000 -0.401925 0.499266
288.000000 399.000000 -0.100481 0.499266
148.000000 400.000000 -0.540086 0.502406
341.000000 400.000000 0.065941 0.502406
362.000000 400.000000 0.131882 0.502406
217.000000 401.000000 -0.323424 0.505546
248.000000 401.000000 -0.226083 0.505546
252.000000 401.000000 -0.213523 0.505546
99.000000 402.000000 -0.693948 0.508686
114.000000 402.000000 -0.646848 0.508686
261.000000 402.000000 -0.185262 0.508686
11.000000 403.000000 -0.970271 0.511826
112.000000 403.000000 -0.653128 0.511826
27.000000 404.000000 -0.920031 0.514966
34.000000 404.000000 -0.898051 0.514966
110.000000 404.000000 -0.659408 0.514966
116.000000 404.000000 -0.640568 0.514966
178.000000 404.000000 -0.445885 0.514966
242.000000 404.000000 -0.244923 0.514966
262.000000 404.000000 -0.182122 0.514966
61.000000 405.000000 -0.813270 0.518106
108.000000 405.000000 -0.665688 0.518106
215.000000 405.000000 -0.329704 0.518106
257.000000 405.000000 -0.197822 0.518106
10.000000 406.000000 -0.973412 0.521246
248.000000 406.000000 -0.226083 0.521246
340.000000 406.000000 0.062801 0.521246
105.000000 407.000000 -0.675108 0.524386
26.000000 408.000000 -0.923171 0.527526
20.000000 410.000000 -0.942011 0.533806
99.000000 410.000000 -0.693948 0.533806
190.000000 410.000000 -0.408205 0.533806
194.000000 410.000000 -0.395645 0.533806
588.000000 410.000000 0.841530 0.533806
12.000000 411.000000 -0.967131 0.536946
97.000000 411.000000 -0.700228 0.536946
161.000000 411.000000 -0.499266 0.536946
177.000000 411.000000 -0.449025 0.536946
212.000000 411.000000 -0.339124 0.536946
230.000000 411.000000 -0.282603 0.536946
49.000000 412.000000 -0.850950 0.540086
145.000000 412.000000 -0.549506 0.540086
153.000000 412.000000 -0.524386 0.540086
222.000000 412.000000 -0.307724 0.540086
249.000000 412.000000 -0.222943 0.540086
422.000000 412.000000 0.320284 0.540086
433.000000 412.000000 0.354824 0.540086
217.000000 413.000000 -0.323424 0.543226
231.000000 413.000000 -0.279463 0.543226
493.000000 413.000000 0.543226 0.543226
177.000000 414.000000 -0.449025 0.546366
37.000000 415.000000 -0.888631 0.549506
105.000000 415.000000 -0.675108 0.549506
179.000000 415.000000 -0.442745 0.549506
214.000000 415.000000 -0.332844 0.549506
230.000000 415.000000 -0.282603 0.549506
420.000000 415.000000 0.314004 0.549506
497.000000 415.000000 0.555787 0.549506
140.000000 416.000000 -0.565207 0.552647
25.000000 417.000000 -0.926311 0.555787
37.000000 417.000000 -0.888631 0.555787
101.000000 417.000000 -0.687668 0.555787
166.000000 417.000000 -0.483566 0.555787
262.000000 417.000000 -0.182122 0.555787
13.000000 419.000000 -0.963991 0.562067
98.000000 419.000000 -0.697088 0.562067
161.000000 419.000000 -0.499266 0.562067
211.000000 419.000000 -0.342264 0.562067
284.000000 419.000000 -0.113041 0.562067
299.000000 419.000000 -0.065941 0.562067
317.000000 419.000000 -0.009420 0.562067
505.000000 419.000000 0.580907 0.562067
10.000000 420.000000 -0.973412 0.565207
33.000000 420.000000 -0.901191 0.565207
96.000000 420.000000 -0.703368 0.565207
156.000000 420.000000 -0.514966 0.565207
177.000000 420.000000 -0.449025 0.565207
500.000000 420.000000 0.565207 0.565207
544.000000 420.000000 0.703368 0.565207
20.000000 421.000000 -0.942011 0.568347
203.000000 421.000000 -0.367384 0.568347
457.000000 421.000000 0.430185 0.568347
614.000000 421.000000 0.923171 0.568347
93.000000 422.000000 -0.712788 0.571487
207.000000 422.000000 -0.354824 0.571487
363.000000 422.000000 0.135022 0.571487
557.000000 422.000000 0.744189 0.571487
91.000000 423.000000 -0.719069 0.574627
106.000000 423.000000 -0.671968 0.574627
160.000000 423.000000 -0.502406 0.574627
625.000000 423.000000 0.957711 0.574627
104.000000 424.000000 -0.678248 0.577767
157.000000 424.000000 -0.511826 0.577767
189.000000 424.000000 -0.411345 0.577767
262.000000 424.000000 -0.182122 0.577767
366.000000 424.000000 0.144442 0.577767
585.000000 424.000000 0.832110 0.577767
208.000000 425.000000 -0.351684 0.580907
253.000000 425.000000 -0.210382 0.580907
625.000000 425.000000 0.957711 0.580907
7.000000 426.000000 -0.982832 0.584047
183.000000 426.000000 -0.430185 0.584047
581.000000 426.000000 0.819550 0.584047
99.000000 427.000000 -0.693948 0.587187
151.000000 427.000000 -0.530666 0.587187
224.000000 427.000000 -0.301444 0.587187
97.000000 428.000000 -0.700228 0.590327
203.000000 428.000000 -0.367384 0.590327
215.000000 428.000000 -0.329704 0.590327
265.000000 428.000000 -0.172702 0.590327
133.000000 429.000000 -0.587187 0.593467
183.000000 429.000000 -0.430185 0.593467
228.000000 429.000000 -0.288883 0.593467
233.000000 429.000000 -0.273183 0.593467
388.000000 429.000000 0.213523 0.593467
9.000000 430.000000 -0.976552 0.596607
94.000000 430.000000 -0.709648 0.596607
108.000000 430.000000 -0.665688 0.596607
182.000000 431.000000 -0.433325 0.599747
105.000000 432.000000 -0.675108 0.602887
103.000000 433.000000 -0.681388 0.606027
115.000000 433.000000 -0.643708 0.606027
633.000000 433.000000 0.982832 0.606027
139.000000 434.000000 -0.568347 0.609167
100.000000 435.000000 -0.690808 0.612307
112.000000 435.000000 -0.653128 0.612307
168.000000 435.000000 -0.477286 0.612307
173.000000 435.000000 -0.461585 0.612307
241.000000 435.000000 -0.248063 0.612307
163.000000 436.000000 -0.492986 0.615447
171.000000 436.000000 -0.467866 0.615447
65.000000 438.000000 -0.800709 0.621727
108.000000 438.000000 -0.665688 0.621727
122.000000 438.000000 -0.621727 0.621727
162.000000 438.000000 -0.496126 0.621727
190.000000 438.000000 -0.408205 0.621727
376.000000 438.000000 0.175842 0.621727
27.000000 439.000000 -0.920031 0.624867
46.000000 439.000000 -0.860370 0.624867
106.000000 439.000000 -0.671968 0.624867
148.000000 439.000000 -0.540086 0.624867
259.000000 439.000000 -0.191542 0.624867
44.000000 440.000000 -0.866650 0.628007
48.000000 440.000000 -0.854090 0.628007
463.000000 440.000000 0.449025 0.628007
466.000000 440.000000 0.458445 0.628007
60.000000 441.000000 -0.816410 0.631147
103.000000 441.000000 -0.681388 0.631147
253.000000 441.000000 -0.210382 0.631147
445.000000 441.000000 0.392505 0.631147
46.000000 442.000000 -0.860370 0.634288
58.000000 442.000000 -0.822690 0.634288
111.000000 442.000000 -0.656268 0.634288
226.000000 442.000000 -0.295163 0.634288
20.000000 443.000000 -0.942011 0.637428
206.000000 443.000000 -0.357964 0.637428
262.000000 443.000000 -0.182122 0.637428
17.000000 444.000000 -0.951431 0.640568
24.000000 444.000000 -0.929451 0.640568
55.000000 444.000000 -0.832110 0.640568
149.000000 444.000000 -0.536946 0.640568
552.000000 444.000000 0.728489 0.640568
157.000000 445.000000 -0.511826 0.643708
163.000000 445.000000 -0.492986 0.643708
179.000000 445.000000 -0.442745 0.643708
244.000000 445.000000 -0.238643 0.643708
459.000000 445.000000 0.436465 0.643708
474.000000 445.000000 0.483566 0.643708
6.000000 446.000000 -0.985972 0.646848
43.000000 446.000000 -0.869790 0.646848
52.000000 446.000000 -0.841530 0.646848
68.000000 446.000000 -0.791289 0.646848
628.000000 446.000000 0.967131 0.646848
12.000000 447.000000 -0.967131 0.649988
26.000000 447.000000 -0.923171 0.649988
270.000000 447.000000 -0.157002 0.649988
65.000000 448.000000 -0.800709 0.653128
146.000000 448.000000 -0.546366 0.653128
192.000000 448.000000 -0.401925 0.653128
311.000000 448.000000 -0.028260 0.653128
384.000000 448.000000 0.200962 0.653128
530.000000 448.000000 0.659408 0.653128
133.000000 449.000000 -0.587187 0.656268
33.000000 450.000000 -0.901191 0.659408
173.000000 450.000000 -0.461585 0.659408
16.000000 451.000000 -0.954571 0.662548
60.000000 451.000000 -0.816410 0.662548
158.000000 451.000000 -0.508686 0.662548
395.000000 451.000000 0.235503 0.662548
560.000000 451.000000 0.753609 0.662548
152.000000 452.000000 -0.527526 0.665688
294.000000 452.000000 -0.081641 0.665688
444.000000 452.000000 0.389365 0.665688
537.000000 452.000000 0.681388 0.665688
21.000000 453.000000 -0.938871 0.668828
57.000000 453.000000 -0.825830 0.668828
89.000000 453.000000 -0.725349 0.668828
197.000000 453.000000 -0.386225 0.668828
357.000000 453.000000 0.116181 0.668828
581.000000 453.000000 0.819550 0.668828
604.000000 453.000000 0.891771 0.668828
19.000000 454.000000 -0.945151 0.671968
23.000000 454.000000 -0.932591 0.671968
38.000000 454.000000 -0.885490 0.671968
97.000000 454.000000 -0.700228 0.671968
87.000000 455.000000 -0.731629 0.675108
198.000000 455.000000 -0.383085 0.675108
440.000000 455.000000 0.376804 0.675108
81.000000 456.000000 -0.750469 0.678248
94.000000 456.000000 -0.709648 0.678248
576.000000 456.000000 0.803850 0.678248
40.000000 457.000000 -0.879210 0.681388
184.000000 457.000000 -0.427045 0.681388
255.000000 457.000000 -0.204102 0.681388
91.000000 458.000000 -0.719069 0.684528
115.000000 458.000000 -0.643708 0.684528
179.000000 458.000000 -0.442745 0.684528
199.000000 458.000000 -0.379945 0.684528
246.000000 458.000000 -0.232363 0.684528
557.000000 458.000000 0.744189 0.684528
630.000000 458.000000 0.973412 0.684528
136.000000 459.000000 -0.577767 0.687668
428.000000 459.000000 0.339124 0.687668
502.000000 459.000000 0.571487 0.687668
138.000000 460.000000 -0.571487 0.690808
250.000000 460.000000 -0.219803 0.690808
273.000000 460.000000 -0.147582 0.690808
15.000000 461.000000 -0.957711 0.693948
49.000000 461.000000 -0.850950 0.693948
111.000000 461.000000 -0.656268 0.693948
218.000000 461.000000 -0.320284 0.693948
349.000000 461.000000 0.091061 0.693948
185.000000 462.000000 -0.423905 0.697088
193.000000 462.000000 -0.398785 0.697088
354.000000 462.000000 0.106761 0.697088
532.000000 462.000000 0.665688 0.697088
577.000000 462.000000 0.806990 0.697088
21.000000 463.000000 -0.938871 0.700228
30.000000 463.000000 -0.910611 0.700228
57.000000 463.000000 -0.825830 0.700228
84.000000 463.000000 -0.741049 0.700228
234.000000 463.000000 -0.270043 0.700228
107.000000 464.000000 -0.668828 0.703368
168.000000 464.000000 -0.477286 0.703368
180.000000 464.000000 -0.439605 0.703368
258.000000 464.000000 -0.194682 0.703368
11.000000 465.000000 -0.970271 0.706508
54.000000 465.000000 -0.835250 0.706508
68.000000 465.000000 -0.791289 0.706508
94.000000 465.000000 -0.709648 0.706508
244.000000 465.000000 -0.238643 0.706508
255.000000 465.000000 -0.204102 0.706508
539.000000 465.000000 0.687668 0.706508
593.000000 465.000000 0.857230 0.706508
108.000000 466.000000 -0.665688 0.709648
333.000000 466.000000 0.040820 0.709648
15.000000 467.000000 -0.957711 0.712788
51.000000 467.000000 -0.844670 0.712788
162.000000 467.000000 -0.496126 0.712788
170.000000 467.000000 -0.471006 0.712788
226.000000 467.000000 -0.295163 0.712788
241.000000 467.000000 -0.248063 0.712788
416.000000 467.000000 0.301444 0.712788
462.000000 467.000000 0.445885 0.712788
529.000000 467.000000 0.656268 0.712788
568.000000 467.000000 0.778729 0.712788
583.000000 467.000000 0.825830 0.712788
602.000000 467.000000 0.885490 0.712788
625.000000 467.000000 0.957711 0.712788
629.000000 467.000000 0.970271 0.712788
21.000000 468.000000 -0.938871 0.715928
42.000000 468.000000 -0.872930 0.715928
46.000000 468.000000 -0.860370 0.715928
102.000000 468.000000 -0.684528 0.715928
113.000000 468.000000 -0.649988 0.715928
165.000000 468.000000 -0.486706 0.715928
305.000000 468.000000 -0.047101 0.715928
418.000000 468.000000 0.307724 0.715928
480.000000 468.000000 0.502406 0.715928
545.000000 468.000000 0.706508 0.715928
28.000000 469.000000 -0.916891 0.719069
167.000000 469.000000 -0.480426 0.719069
181.000000 469.000000 -0.436465 0.719069
348.000000 469.000000 0.087921 0.719069
427.000000 469.000000 0.335984 0.719069
431.000000 469.000000 0.348544 0.719069
482.000000 469.000000 0.508686 0.719069
494.000000 469.000000 0.546366 0.719069
605.000000 469.000000 0.894911 0.719069
26.000000 470.000000 -0.923171 0.722209
46.000000 470.000000 -0.860370 0.722209
126.000000 470.000000 -0.609167 0.722209
139.000000 470.000000 -0.568347 0.722209
201.000000 470.000000 -0.373664 0.722209
226.000000 470.000000 -0.295163 0.722209
251.000000 470.000000 -0.216663 0.722209
540.000000 470.000000 0.690808 0.722209
573.000000 470.000000 0.794429 0.722209
608.000000 470.000000 0.904331 0.722209
73.000000 471.000000 -0.775589 0.725349
86.000000 471.000000 -0.734769 0.725349
98.000000 471.000000 -0.697088 0.725349
192.000000 471.000000 -0.401925 0.725349
219.000000 471.000000 -0.317144 0.725349
334.000000 471.000000 0.043961 0.725349
530.000000 471.000000 0.659408 0.725349
6.000000 472.000000 -0.985972 0.728489
29.000000 472.000000 -0.913751 0.728489
43.000000 472.000000 -0.869790 0.728489
459.000000 472.000000 0.436465 0.728489
590.000000 472.000000 0.847810 0.728489
595.000000 472.000000 0.863510 0.728489
632.000000 473.000000 0.979692 0.731629
40.000000 474.000000 -0.879210 0.734769
55.000000 474.000000 -0.832110 0.734769
69.000000 474.000000 -0.788149 0.734769
94.000000 474.000000 -0.709648 0.734769
165.000000 474.000000 -0.486706 0.734769
542.000000 474.000000 0.697088 0.734769
133.000000 475.000000 -0.587187 0.737909
171.000000 475.000000 -0.467866 0.737909
510.000000 475.000000 0.596607 0.737909
567.000000 475.000000 0.775589 0.737909
20.000000 476.000000 -0.942011 0.741049
37.000000 476.000000 -0.888631 0.741049
52.000000 476.000000 -0.841530 0.741049
381.000000 476.000000 0.191542 0.741049
416.000000 476.000000 0.301444 0.741049
500.000000 476.000000 0.565207 0.741049
