163.000000 3.000000 -0.492986 -0.744189
285.000000 3.000000 -0.109901 -0.744189
416.000000 3.000000 0.301444 -0.744189
524.000000 3.000000 0.640568 -0.744189
224.000000 4.000000 -0.301444 -0.741049
406.000000 4.000000 0.270043 -0.741049
410.000000 4.000000 0.282603 -0.741049
547.000000 4.000000 0.712788 -0.741049
562.000000 4.000000 0.759889 -0.741049
294.000000 5.000000 -0.081641 -0.737909
401.000000 5.000000 0.254343 -0.737909
428.000000 5.000000 0.339124 -0.737909
451.000000 5.000000 0.411345 -0.737909
486.000000 5.000000 0.521246 -0.737909
565.000000 5.000000 0.769309 -0.737909
605.000000 5.000000 0.894911 -0.737909
219.000000 6.000000 -0.317144 -0.734769
557.000000 6.000000 0.744189 -0.734769
166.000000 7.000000 -0.483566 -0.731629
291.000000 7.000000 -0.091061 -0.731629
392.000000 7.000000 0.226083 -0.731629
467.000000 7.000000 0.461585 -0.731629
529.000000 7.000000 0.656268 -0.731629
534.000000 7.000000 0.671968 -0.731629
551.000000 7.000000 0.725349 -0.731629
254.000000 8.000000 -0.207242 -0.728489
387.000000 8.000000 0.210382 -0.728489
558.000000 8.000000 0.747329 -0.728489
563.000000 8.000000 0.763029 -0.728489
633.000000 8.000000 0.982832 -0.728489
382.000000 9.000000 0.194682 -0.725349
492.000000 9.000000 0.540086 -0.725349
232.000000 10.000000 -0.276323 -0.722209
241.000000 10.000000 -0.248063 -0.722209
349.000000 10.000000 0.091061 -0.722209
479.000000 10.000000 0.499266 -0.722209
504.000000 10.000000 0.577767 -0.722209
534.000000 10.000000 0.671968 -0.722209
585.000000 10.000000 0.832110 -0.722209
608.000000 10.000000 0.904331 -0.722209
377.000000 11.000000 0.178982 -0.719069
482.000000 11.000000 0.508686 -0.719069
497.000000 11.000000 0.555787 -0.719069
548.000000 11.000000 0.715928 -0.719069
564.000000 11.000000 0.766169 -0.719069
229.000000 12.000000 -0.285743 -0.715928
368.000000 12.000000 0.150722 -0.715928
501.000000 12.000000 0.568347 -0.715928
560.000000 12.000000 0.753609 -0.715928
363.000000 13.000000 0.135022 -0.712788
475.000000 13.000000 0.486706 -0.712788
477.000000 13.000000 0.492986 -0.712788
567.000000 13.000000 0.775589 -0.712788
171.000000 14.000000 -0.467866 -0.709648
276.000000 14.000000 -0.138162 -0.709648
290.000000 14.000000 -0.094201 -0.709648
358.000000 14.000000 0.119321 -0.709648
591.000000 14.000000 0.850950 -0.709648
606.000000 14.000000 0.898051 -0.709648
224.000000 15.000000 -0.301444 -0.706508
482.000000 15.000000 0.508686 -0.706508
521.000000 15.000000 0.631147 -0.706508
561.000000 15.000000 0.756749 -0.706508
565.000000 15.000000 0.769309 -0.706508
629.000000 15.000000 0.970271 -0.706508
634.000000 15.000000 0.985972 -0.706508
353.000000 16.000000 0.103621 -0.703368
499.000000 16.000000 0.562067 -0.703368
631.000000 16.000000 0.976552 -0.703368
242.000000 17.000000 -0.244923 -0.700228
605.000000 17.000000 0.894911 -0.700228
344.000000 18.000000 0.075361 -0.697088
555.000000 18.000000 0.737909 -0.697088
563.000000 18.000000 0.763029 -0.697088
592.000000 18.000000 0.854090 -0.697088
633.000000 18.000000 0.982832 -0.697088
334.000000 19.000000 0.043961 -0.693948
339.000000 19.000000 0.059661 -0.693948
381.000000 19.000000 0.191542 -0.693948
462.000000 19.000000 0.445885 -0.693948
550.000000 19.000000 0.722209 -0.693948
594.000000 19.000000 0.860370 -0.693948
553.000000 21.000000 0.731629 -0.687668
604.000000 21.000000 0.891771 -0.687668
320.000000 22.000000 -0.000000 -0.684528
458.000000 22.000000 0.433325 -0.684528
556.000000 22.000000 0.741049 -0.684528
560.000000 22.000000 0.753609 -0.684528
593.000000 22.000000 0.857230 -0.684528
626.000000 22.000000 0.960851 -0.684528
315.000000 23.000000 -0.015700 -0.681388
550.000000 23.000000 0.722209 -0.681388
606.000000 23.000000 0.898051 -0.681388
178.000000 24.000000 -0.445885 -0.678248
310.000000 24.000000 -0.031400 -0.678248
604.000000 25.000000 0.891771 -0.675108
301.000000 26.000000 -0.059661 -0.671968
296.000000 27.000000 -0.075361 -0.668828
387.000000 27.000000 0.210382 -0.668828
552.000000 27.000000 0.728489 -0.668828
596.000000 27.000000 0.866650 -0.668828
603.000000 27.000000 0.888631 -0.668828
607.000000 27.000000 0.901191 -0.668828
609.000000 27.000000 0.907471 -0.668828
290.000000 28.000000 -0.094201 -0.665688
541.000000 28.000000 0.693948 -0.665688
555.000000 28.000000 0.737909 -0.665688
593.000000 28.000000 0.857230 -0.665688
286.000000 29.000000 -0.106761 -0.662548
611.000000 29.000000 0.913751 -0.662548
183.000000 30.000000 -0.430185 -0.659408
540.000000 30.000000 0.690808 -0.659408
552.000000 30.000000 0.728489 -0.659408
277.000000 31.000000 -0.135022 -0.656268
470.000000 31.000000 0.471006 -0.656268
595.000000 31.000000 0.863510 -0.656268
603.000000 31.000000 0.888631 -0.656268
607.000000 31.000000 0.901191 -0.656268
272.000000 32.000000 -0.150722 -0.653128
319.000000 32.000000 -0.003140 -0.653128
381.000000 32.000000 0.191542 -0.653128
534.000000 32.000000 0.671968 -0.653128
629.000000 32.000000 0.970271 -0.653128
540.000000 33.000000 0.690808 -0.649988
267.000000 34.000000 -0.166422 -0.646848
554.000000 34.000000 0.734769 -0.646848
606.000000 34.000000 0.898051 -0.646848
186.000000 35.000000 -0.420765 -0.643708
262.000000 35.000000 -0.182122 -0.643708
386.000000 35.000000 0.207242 -0.643708
532.000000 35.000000 0.665688 -0.643708
598.000000 35.000000 0.872930 -0.643708
253.000000 36.000000 -0.210382 -0.640568
609.000000 36.000000 0.907471 -0.640568
235.000000 37.000000 -0.266903 -0.637428
248.000000 37.000000 -0.226083 -0.637428
440.000000 37.000000 0.376804 -0.637428
614.000000 37.000000 0.923171 -0.637428
243.000000 38.000000 -0.241783 -0.634288
310.000000 38.000000 -0.031400 -0.634288
551.000000 38.000000 0.725349 -0.634288
607.000000 38.000000 0.901191 -0.634288
627.000000 38.000000 0.963991 -0.634288
322.000000 39.000000 0.006280 -0.631147
526.000000 39.000000 0.646848 -0.631147
537.000000 39.000000 0.681388 -0.631147
556.000000 39.000000 0.741049 -0.631147
280.000000 40.000000 -0.125601 -0.628007
599.000000 40.000000 0.876070 -0.628007
607.000000 40.000000 0.901191 -0.628007
623.000000 41.000000 0.951431 -0.624867
191.000000 42.000000 -0.405065 -0.621727
320.000000 42.000000 -0.000000 -0.621727
547.000000 42.000000 0.712788 -0.621727
556.000000 42.000000 0.741049 -0.621727
240.000000 43.000000 -0.251203 -0.618587
594.000000 43.000000 0.860370 -0.618587
551.000000 44.000000 0.725349 -0.615447
608.000000 44.000000 0.904331 -0.615447
292.000000 45.000000 -0.087921 -0.612307
582.000000 45.000000 0.822690 -0.612307
194.000000 46.000000 -0.395645 -0.609167
545.000000 46.000000 0.706508 -0.609167
548.000000 46.000000 0.715928 -0.609167
555.000000 46.000000 0.737909 -0.609167
572.000000 46.000000 0.791289 -0.609167
609.000000 46.000000 0.907471 -0.609167
619.000000 46.000000 0.938871 -0.609167
586.000000 47.000000 0.835250 -0.606027
599.000000 47.000000 0.876070 -0.606027
543.000000 48.000000 0.700228 -0.602887
560.000000 48.000000 0.753609 -0.602887
577.000000 48.000000 0.806990 -0.602887
610.000000 48.000000 0.910611 -0.602887
570.000000 49.000000 0.785009 -0.599747
579.000000 49.000000 0.813270 -0.599747
336.000000 51.000000 0.050241 -0.593467
541.000000 51.000000 0.693948 -0.593467
573.000000 51.000000 0.794429 -0.593467
577.000000 51.000000 0.806990 -0.593467
582.000000 51.000000 0.822690 -0.593467
600.000000 51.000000 0.879210 -0.593467
324.000000 52.000000 0.012560 -0.590327
469.000000 52.000000 0.467866 -0.590327
500.000000 52.000000 0.565207 -0.590327
567.000000 52.000000 0.775589 -0.590327
199.000000 53.000000 -0.379945 -0.587187
337.000000 53.000000 0.053381 -0.587187
387.000000 53.000000 0.210382 -0.587187
582.000000 53.000000 0.822690 -0.587187
282.000000 54.000000 -0.119321 -0.584047
290.000000 54.000000 -0.094201 -0.584047
486.000000 54.000000 0.521246 -0.584047
543.000000 54.000000 0.700228 -0.584047
548.000000 54.000000 0.715928 -0.584047
552.000000 54.000000 0.728489 -0.584047
576.000000 54.000000 0.803850 -0.584047
555.000000 55.000000 0.737909 -0.580907
634.000000 55.000000 0.985972 -0.580907
287.000000 56.000000 -0.103621 -0.577767
543.000000 56.000000 0.700228 -0.577767
202.000000 57.000000 -0.370524 -0.574627
535.000000 57.000000 0.675108 -0.574627
545.000000 57.000000 0.706508 -0.574627
547.000000 57.000000 0.712788 -0.574627
577.000000 57.000000 0.806990 -0.574627
583.000000 57.000000 0.825830 -0.574627
274.000000 59.000000 -0.144442 -0.568347
276.000000 59.000000 -0.138162 -0.568347
304.000000 59.000000 -0.050241 -0.568347
326.000000 59.000000 0.018840 -0.568347
343.000000 59.000000 0.072221 -0.568347
500.000000 59.000000 0.565207 -0.568347
561.000000 59.000000 0.756749 -0.568347
579.000000 59.000000 0.813270 -0.568347
581.000000 59.000000 0.819550 -0.568347
625.000000 59.000000 0.957711 -0.568347
204.000000 60.000000 -0.364244 -0.565207
284.000000 60.000000 -0.113041 -0.565207
434.000000 60.000000 0.357964 -0.565207
533.000000 60.000000 0.668828 -0.565207
597.000000 60.000000 0.869790 -0.565207
603.000000 60.000000 0.888631 -0.565207
538.000000 61.000000 0.684528 -0.562067
544.000000 61.000000 0.703368 -0.562067
556.000000 61.000000 0.741049 -0.562067
634.000000 61.000000 0.985972 -0.562067
261.000000 62.000000 -0.185262 -0.558927
272.000000 62.000000 -0.150722 -0.558927
289.000000 62.000000 -0.097341 -0.558927
420.000000 62.000000 0.314004 -0.558927
550.000000 62.000000 0.722209 -0.558927
553.000000 62.000000 0.731629 -0.558927
596.000000 62.000000 0.866650 -0.558927
280.000000 63.000000 -0.125601 -0.555787
309.000000 63.000000 -0.034540 -0.555787
345.000000 63.000000 0.078501 -0.555787
347.000000 63.000000 0.084781 -0.555787
486.000000 63.000000 0.521246 -0.555787
534.000000 63.000000 0.671968 -0.555787
558.000000 63.000000 0.747329 -0.555787
580.000000 63.000000 0.816410 -0.555787
582.000000 63.000000 0.822690 -0.555787
207.000000 64.000000 -0.354824 -0.552647
268.000000 64.000000 -0.163282 -0.552647
627.000000 64.000000 0.963991 -0.552647
531.000000 65.000000 0.662548 -0.549506
554.000000 65.000000 0.734769 -0.549506
623.000000 65.000000 0.951431 -0.549506
277.000000 66.000000 -0.135022 -0.546366
303.000000 66.000000 -0.053381 -0.546366
495.000000 66.000000 0.549506 -0.546366
533.000000 66.000000 0.668828 -0.546366
542.000000 66.000000 0.697088 -0.546366
544.000000 66.000000 0.703368 -0.546366
209.000000 67.000000 -0.348544 -0.543226
317.000000 67.000000 -0.009420 -0.543226
530.000000 67.000000 0.659408 -0.543226
549.000000 67.000000 0.719069 -0.543226
609.000000 67.000000 0.907471 -0.543226
338.000000 68.000000 0.056521 -0.540086
555.000000 68.000000 0.737909 -0.540086
581.000000 68.000000 0.819550 -0.540086
600.000000 68.000000 0.879210 -0.540086
303.000000 69.000000 -0.053381 -0.536946
252.000000 70.000000 -0.213523 -0.533806
259.000000 70.000000 -0.191542 -0.533806
321.000000 70.000000 0.003140 -0.533806
329.000000 70.000000 0.028260 -0.533806
352.000000 70.000000 0.100481 -0.533806
547.000000 70.000000 0.712788 -0.533806
550.000000 70.000000 0.722209 -0.533806
212.000000 71.000000 -0.339124 -0.530666
535.000000 71.000000 0.675108 -0.530666
271.000000 73.000000 -0.153862 -0.524386
560.000000 73.000000 0.753609 -0.524386
582.000000 73.000000 0.822690 -0.524386
267.000000 74.000000 -0.166422 -0.521246
527.000000 74.000000 0.649988 -0.521246
529.000000 74.000000 0.656268 -0.521246
215.000000 75.000000 -0.329704 -0.518106
492.000000 75.000000 0.540086 -0.518106
536.000000 75.000000 0.678248 -0.518106
541.000000 75.000000 0.693948 -0.518106
276.000000 76.000000 -0.138162 -0.514966
519.000000 76.000000 0.624867 -0.514966
522.000000 76.000000 0.634288 -0.514966
625.000000 76.000000 0.957711 -0.514966
633.000000 76.000000 0.982832 -0.514966
430.000000 77.000000 0.345404 -0.511826
435.000000 77.000000 0.361104 -0.511826
530.000000 77.000000 0.659408 -0.511826
533.000000 77.000000 0.668828 -0.511826
542.000000 77.000000 0.697088 -0.511826
550.000000 78.000000 0.722209 -0.508686
423.000000 79.000000 0.323424 -0.505546
529.000000 79.000000 0.656268 -0.505546
602.000000 79.000000 0.885490 -0.505546
516.000000 80.000000 0.615447 -0.502406
518.000000 80.000000 0.621727 -0.502406
522.000000 80.000000 0.634288 -0.502406
543.000000 80.000000 0.700228 -0.502406
311.000000 81.000000 -0.028260 -0.499266
467.000000 81.000000 0.461585 -0.499266
618.000000 81.000000 0.935731 -0.499266
220.000000 82.000000 -0.314004 -0.496126
316.000000 82.000000 -0.012560 -0.496126
407.000000 82.000000 0.273183 -0.496126
461.000000 82.000000 0.442745 -0.496126
506.000000 82.000000 0.584047 -0.496126
526.000000 82.000000 0.646848 -0.496126
535.000000 82.000000 0.675108 -0.496126
391.000000 83.000000 0.222943 -0.492986
456.000000 83.000000 0.427045 -0.492986
509.000000 83.000000 0.593467 -0.492986
518.000000 83.000000 0.621727 -0.492986
541.000000 83.000000 0.693948 -0.492986
614.000000 83.000000 0.923171 -0.492986
281.000000 84.000000 -0.122461 -0.489846
306.000000 84.000000 -0.043961 -0.489846
450.000000 84.000000 0.408205 -0.489846
582.000000 84.000000 0.822690 -0.489846
601.000000 84.000000 0.882350 -0.489846
391.000000 85.000000 0.222943 -0.486706
445.000000 85.000000 0.392505 -0.486706
522.000000 85.000000 0.634288 -0.486706
537.000000 85.000000 0.681388 -0.486706
625.000000 85.000000 0.957711 -0.486706
223.000000 86.000000 -0.304584 -0.483566
261.000000 86.000000 -0.185262 -0.483566
275.000000 86.000000 -0.141302 -0.483566
313.000000 86.000000 -0.021980 -0.483566
334.000000 86.000000 0.043961 -0.483566
438.000000 86.000000 0.370524 -0.483566
525.000000 86.000000 0.643708 -0.483566
532.000000 86.000000 0.665688 -0.483566
265.000000 87.000000 -0.172702 -0.480426
433.000000 87.000000 0.354824 -0.480426
517.000000 87.000000 0.618587 -0.480426
522.000000 87.000000 0.634288 -0.480426
619.000000 87.000000 0.938871 -0.480426
428.000000 88.000000 0.339124 -0.477286
515.000000 88.000000 0.612307 -0.477286
322.000000 89.000000 0.006280 -0.474146
422.000000 89.000000 0.320284 -0.474146
533.000000 89.000000 0.668828 -0.474146
535.000000 89.000000 0.675108 -0.474146
226.000000 90.000000 -0.295163 -0.471006
364.000000 90.000000 0.138162 -0.471006
416.000000 90.000000 0.301444 -0.471006
528.000000 90.000000 0.653128 -0.471006
304.000000 91.000000 -0.050241 -0.467866
411.000000 91.000000 0.285743 -0.467866
514.000000 91.000000 0.609167 -0.467866
585.000000 91.000000 0.832110 -0.467866
353.000000 92.000000 0.103621 -0.464725
406.000000 92.000000 0.270043 -0.464725
228.000000 93.000000 -0.288883 -0.461585
256.000000 93.000000 -0.200962 -0.461585
258.000000 93.000000 -0.194682 -0.461585
400.000000 93.000000 0.251203 -0.461585
632.000000 93.000000 0.979692 -0.461585
394.000000 94.000000 0.232363 -0.458445
527.000000 94.000000 0.649988 -0.458445
512.000000 95.000000 0.602887 -0.455305
525.000000 95.000000 0.643708 -0.455305
230.000000 96.000000 -0.282603 -0.452165
262.000000 96.000000 -0.182122 -0.452165
290.000000 96.000000 -0.094201 -0.452165
514.000000 96.000000 0.609167 -0.452165
517.000000 96.000000 0.618587 -0.452165
522.000000 96.000000 0.634288 -0.452165
281.000000 97.000000 -0.122461 -0.449025
326.000000 97.000000 0.018840 -0.449025
377.000000 97.000000 0.178982 -0.449025
626.000000 97.000000 0.960851 -0.449025
354.000000 98.000000 0.106761 -0.445885
619.000000 98.000000 0.938871 -0.445885
291.000000 99.000000 -0.091061 -0.442745
315.000000 99.000000 -0.015700 -0.442745
319.000000 99.000000 -0.003140 -0.442745
509.000000 99.000000 0.593467 -0.442745
564.000000 99.000000 0.766169 -0.442745
629.000000 99.000000 0.970271 -0.442745
309.000000 100.000000 -0.034540 -0.439605
340.000000 100.000000 0.062801 -0.439605
506.000000 100.000000 0.584047 -0.439605
522.000000 100.000000 0.634288 -0.439605
234.000000 101.000000 -0.270043 -0.436465
278.000000 101.000000 -0.131882 -0.436465
303.000000 101.000000 -0.053381 -0.436465
355.000000 101.000000 0.109901 -0.436465
634.000000 101.000000 0.985972 -0.436465
264.000000 102.000000 -0.175842 -0.433325
293.000000 102.000000 -0.084781 -0.433325
296.000000 102.000000 -0.075361 -0.433325
298.000000 102.000000 -0.069081 -0.433325
508.000000 102.000000 0.590327 -0.433325
579.000000 102.000000 0.813270 -0.433325
591.000000 102.000000 0.850950 -0.433325
235.000000 103.000000 -0.266903 -0.430185
616.000000 103.000000 0.929451 -0.430185
282.000000 104.000000 -0.119321 -0.427045
285.000000 104.000000 -0.109901 -0.427045
287.000000 104.000000 -0.103621 -0.427045
293.000000 104.000000 -0.084781 -0.427045
295.000000 104.000000 -0.078501 -0.427045
517.000000 104.000000 0.618587 -0.427045
607.000000 104.000000 0.901191 -0.427045
618.000000 104.000000 0.935731 -0.427045
275.000000 105.000000 -0.141302 -0.423905
279.000000 105.000000 -0.128742 -0.423905
591.000000 105.000000 0.850950 -0.423905
264.000000 106.000000 -0.175842 -0.420765
271.000000 106.000000 -0.153862 -0.420765
514.000000 106.000000 0.609167 -0.420765
570.000000 106.000000 0.785009 -0.420765
627.000000 106.000000 0.963991 -0.420765
238.000000 107.000000 -0.257483 -0.417625
269.000000 107.000000 -0.160142 -0.417625
301.000000 107.000000 -0.059661 -0.417625
248.000000 108.000000 -0.226083 -0.414485
265.000000 108.000000 -0.172702 -0.414485
513.000000 108.000000 0.606027 -0.414485
541.000000 108.000000 0.693948 -0.414485
631.000000 108.000000 0.976552 -0.414485
260.000000 109.000000 -0.188402 -0.411345
566.000000 109.000000 0.772449 -0.411345
254.000000 110.000000 -0.207242 -0.408205
306.000000 110.000000 -0.043961 -0.408205
329.000000 110.000000 0.028260 -0.408205
493.000000 110.000000 0.543226 -0.408205
561.000000 110.000000 0.756749 -0.408205
579.000000 110.000000 0.813270 -0.408205
600.000000 110.000000 0.879210 -0.408205
628.000000 110.000000 0.967131 -0.408205
632.000000 110.000000 0.979692 -0.408205
241.000000 111.000000 -0.248063 -0.405065
250.000000 111.000000 -0.219803 -0.405065
509.000000 111.000000 0.593467 -0.405065
573.000000 111.000000 0.794429 -0.405065
310.000000 112.000000 -0.031400 -0.401925
314.000000 112.000000 -0.018840 -0.401925
491.000000 112.000000 0.536946 -0.401925
626.000000 112.000000 0.960851 -0.401925
632.000000 112.000000 0.979692 -0.401925
333.000000 113.000000 0.040820 -0.398785
336.000000 113.000000 0.050241 -0.398785
501.000000 113.000000 0.568347 -0.398785
244.000000 114.000000 -0.238643 -0.395645
249.000000 114.000000 -0.222943 -0.395645
284.000000 114.000000 -0.113041 -0.395645
623.000000 114.000000 0.951431 -0.395645
247.000000 115.000000 -0.229223 -0.392505
278.000000 115.000000 -0.131882 -0.392505
489.000000 115.000000 0.530666 -0.392505
494.000000 115.000000 0.546366 -0.392505
504.000000 115.000000 0.577767 -0.392505
272.000000 116.000000 -0.150722 -0.389365
325.000000 116.000000 0.015700 -0.389365
501.000000 116.000000 0.568347 -0.389365
578.000000 116.000000 0.810130 -0.389365
267.000000 117.000000 -0.166422 -0.386225
550.000000 117.000000 0.722209 -0.386225
558.000000 117.000000 0.747329 -0.386225
562.000000 117.000000 0.759889 -0.386225
261.000000 118.000000 -0.185262 -0.383085
504.000000 118.000000 0.577767 -0.383085
247.000000 119.000000 -0.229223 -0.379945
256.000000 119.000000 -0.200962 -0.379945
491.000000 119.000000 0.536946 -0.379945
495.000000 119.000000 0.549506 -0.379945
590.000000 119.000000 0.847810 -0.379945
281.000000 120.000000 -0.122461 -0.376804
557.000000 120.000000 0.744189 -0.376804
599.000000 120.000000 0.876070 -0.376804
627.000000 120.000000 0.963991 -0.376804
247.000000 121.000000 -0.229223 -0.373664
501.000000 121.000000 0.568347 -0.373664
292.000000 122.000000 -0.087921 -0.370524
320.000000 123.000000 -0.000000 -0.367384
282.000000 124.000000 -0.119321 -0.364244
289.000000 124.000000 -0.097341 -0.364244
584.000000 124.000000 0.828970 -0.364244
615.000000 124.000000 0.926311 -0.364244
287.000000 125.000000 -0.103621 -0.361104
321.000000 126.000000 0.003140 -0.357964
325.000000 127.000000 0.015700 -0.354824
550.000000 127.000000 0.722209 -0.354824
596.000000 127.000000 0.866650 -0.354824
607.000000 127.000000 0.901191 -0.354824
623.000000 127.000000 0.951431 -0.354824
308.000000 128.000000 -0.037680 -0.351684
495.000000 128.000000 0.549506 -0.351684
609.000000 128.000000 0.907471 -0.351684
322.000000 129.000000 0.006280 -0.348544
486.000000 129.000000 0.521246 -0.348544
582.000000 129.000000 0.822690 -0.348544
275.000000 130.000000 -0.141302 -0.345404
509.000000 130.000000 0.593467 -0.345404
632.000000 130.000000 0.979692 -0.345404
354.000000 131.000000 0.106761 -0.342264
396.000000 131.000000 0.238643 -0.342264
480.000000 131.000000 0.502406 -0.342264
577.000000 131.000000 0.806990 -0.342264
587.000000 131.000000 0.838390 -0.342264
266.000000 132.000000 -0.169562 -0.339124
323.000000 132.000000 0.009420 -0.339124
582.000000 132.000000 0.822690 -0.339124
370.000000 133.000000 0.157002 -0.335984
611.000000 133.000000 0.913751 -0.335984
277.000000 134.000000 -0.135022 -0.332844
285.000000 134.000000 -0.109901 -0.332844
621.000000 134.000000 0.945151 -0.332844
298.000000 135.000000 -0.069081 -0.329704
300.000000 135.000000 -0.062801 -0.329704
366.000000 135.000000 0.144442 -0.329704
379.000000 135.000000 0.185262 -0.329704
384.000000 135.000000 0.200962 -0.329704
280.000000 136.000000 -0.125601 -0.326564
322.000000 136.000000 0.006280 -0.326564
480.000000 136.000000 0.502406 -0.326564
601.000000 136.000000 0.882350 -0.326564
536.000000 137.000000 0.678248 -0.323424
546.000000 137.000000 0.709648 -0.323424
587.000000 138.000000 0.838390 -0.320284
599.000000 138.000000 0.876070 -0.320284
610.000000 138.000000 0.910611 -0.320284
276.000000 139.000000 -0.138162 -0.317144
323.000000 139.000000 0.009420 -0.317144
479.000000 139.000000 0.499266 -0.317144
491.000000 139.000000 0.536946 -0.317144
294.000000 140.000000 -0.081641 -0.314004
382.000000 140.000000 0.194682 -0.314004
573.000000 140.000000 0.794429 -0.314004
623.000000 140.000000 0.951431 -0.314004
568.000000 141.000000 0.778729 -0.310864
618.000000 141.000000 0.935731 -0.310864
482.000000 142.000000 0.508686 -0.307724
609.000000 142.000000 0.907471 -0.307724
492.000000 143.000000 0.540086 -0.304584
290.000000 144.000000 -0.094201 -0.301444
477.000000 144.000000 0.492986 -0.301444
315.000000 146.000000 -0.015700 -0.295163
566.000000 146.000000 0.772449 -0.295163
575.000000 146.000000 0.800709 -0.295163
310.000000 147.000000 -0.031400 -0.292023
406.000000 147.000000 0.270043 -0.292023
492.000000 147.000000 0.540086 -0.292023
584.000000 147.000000 0.828970 -0.292023
611.000000 147.000000 0.913751 -0.292023
332.000000 148.000000 0.037680 -0.288883
400.000000 148.000000 0.251203 -0.288883
397.000000 149.000000 0.241783 -0.285743
578.000000 149.000000 0.810130 -0.285743
593.000000 149.000000 0.857230 -0.285743
476.000000 150.000000 0.489846 -0.282603
297.000000 151.000000 -0.072221 -0.279463
557.000000 151.000000 0.744189 -0.279463
591.000000 151.000000 0.850950 -0.279463
320.000000 152.000000 -0.000000 -0.276323
405.000000 152.000000 0.266903 -0.276323
559.000000 153.000000 0.750469 -0.273183
327.000000 155.000000 0.021980 -0.266903
409.000000 155.000000 0.279463 -0.266903
526.000000 155.000000 0.646848 -0.266903
573.000000 156.000000 0.794429 -0.263763
578.000000 156.000000 0.810130 -0.263763
281.000000 157.000000 -0.122461 -0.260623
285.000000 157.000000 -0.109901 -0.260623
327.000000 157.000000 0.021980 -0.260623
508.000000 157.000000 0.590327 -0.260623
596.000000 157.000000 0.866650 -0.260623
290.000000 158.000000 -0.094201 -0.257483
333.000000 158.000000 0.040820 -0.257483
395.000000 158.000000 0.235503 -0.257483
526.000000 158.000000 0.646848 -0.257483
576.000000 158.000000 0.803850 -0.257483
328.000000 159.000000 0.025120 -0.254343
408.000000 159.000000 0.276323 -0.254343
282.000000 160.000000 -0.119321 -0.251203
372.000000 160.000000 0.163282 -0.251203
396.000000 160.000000 0.238643 -0.251203
493.000000 160.000000 0.543226 -0.251203
325.000000 161.000000 0.015700 -0.248063
382.000000 161.000000 0.194682 -0.248063
389.000000 161.000000 0.216663 -0.248063
329.000000 162.000000 0.028260 -0.244923
489.000000 162.000000 0.530666 -0.244923
494.000000 162.000000 0.546366 -0.244923
356.000000 163.000000 0.113041 -0.241783
358.000000 163.000000 0.119321 -0.241783
621.000000 163.000000 0.945151 -0.241783
375.000000 164.000000 0.172702 -0.238643
411.000000 164.000000 0.285743 -0.238643
491.000000 164.000000 0.536946 -0.238643
283.000000 165.000000 -0.116181 -0.235503
513.000000 165.000000 0.606027 -0.235503
347.000000 166.000000 0.084781 -0.232363
491.000000 166.000000 0.536946 -0.232363
506.000000 166.000000 0.584047 -0.232363
374.000000 167.000000 0.169562 -0.229223
284.000000 168.000000 -0.113041 -0.226083
368.000000 168.000000 0.150722 -0.226083
387.000000 168.000000 0.210382 -0.226083
492.000000 168.000000 0.540086 -0.226083
382.000000 169.000000 0.194682 -0.222943
624.000000 169.000000 0.954571 -0.222943
583.000000 171.000000 0.825830 -0.216663
625.000000 171.000000 0.957711 -0.216663
347.000000 172.000000 0.084781 -0.213523
385.000000 172.000000 0.204102 -0.213523
496.000000 172.000000 0.552647 -0.213523
528.000000 172.000000 0.653128 -0.213523
555.000000 172.000000 0.737909 -0.213523
418.000000 173.000000 0.307724 -0.210382
331.000000 174.000000 0.034540 -0.207242
335.000000 174.000000 0.047101 -0.207242
369.000000 174.000000 0.153862 -0.207242
620.000000 175.000000 0.942011 -0.204102
324.000000 176.000000 0.012560 -0.200962
590.000000 176.000000 0.847810 -0.200962
329.000000 177.000000 0.028260 -0.197822
346.000000 177.000000 0.081641 -0.197822
517.000000 177.000000 0.618587 -0.197822
541.000000 177.000000 0.693948 -0.197822
326.000000 178.000000 0.018840 -0.194682
367.000000 179.000000 0.147582 -0.191542
370.000000 179.000000 0.157002 -0.191542
406.000000 179.000000 0.270043 -0.191542
503.000000 179.000000 0.574627 -0.191542
523.000000 179.000000 0.637428 -0.191542
619.000000 179.000000 0.938871 -0.191542
334.000000 180.000000 0.043961 -0.188402
537.000000 180.000000 0.681388 -0.188402
602.000000 180.000000 0.885490 -0.188402
505.000000 181.000000 0.580907 -0.185262
595.000000 181.000000 0.863510 -0.185262
605.000000 182.000000 0.894911 -0.182122
628.000000 182.000000 0.967131 -0.182122
329.000000 183.000000 0.028260 -0.178982
596.000000 183.000000 0.866650 -0.178982
608.000000 183.000000 0.904331 -0.178982
364.000000 184.000000 0.138162 -0.175842
532.000000 184.000000 0.665688 -0.175842
587.000000 184.000000 0.838390 -0.175842
636.000000 184.000000 0.992252 -0.175842
544.000000 185.000000 0.703368 -0.172702
551.000000 185.000000 0.725349 -0.172702
567.000000 185.000000 0.775589 -0.172702
295.000000 186.000000 -0.078501 -0.169562
351.000000 186.000000 0.097341 -0.169562
361.000000 187.000000 0.128742 -0.166422
537.000000 187.000000 0.681388 -0.166422
327.000000 188.000000 0.021980 -0.163282
364.000000 188.000000 0.138162 -0.163282
582.000000 188.000000 0.822690 -0.163282
523.000000 189.000000 0.637428 -0.160142
543.000000 189.000000 0.700228 -0.160142
290.000000 190.000000 -0.094201 -0.157002
356.000000 190.000000 0.113041 -0.157002
375.000000 190.000000 0.172702 -0.157002
526.000000 190.000000 0.646848 -0.157002
568.000000 190.000000 0.778729 -0.157002
323.000000 191.000000 0.009420 -0.153862
361.000000 191.000000 0.128742 -0.153862
516.000000 191.000000 0.615447 -0.153862
520.000000 191.000000 0.628007 -0.153862
539.000000 191.000000 0.687668 -0.153862
291.000000 192.000000 -0.091061 -0.150722
355.000000 193.000000 0.109901 -0.147582
409.000000 193.000000 0.279463 -0.147582
536.000000 193.000000 0.678248 -0.147582
352.000000 194.000000 0.100481 -0.144442
359.000000 194.000000 0.122461 -0.144442
365.000000 194.000000 0.141302 -0.144442
344.000000 195.000000 0.075361 -0.141302
384.000000 195.000000 0.200962 -0.141302
497.000000 195.000000 0.555787 -0.141302
329.000000 196.000000 0.028260 -0.138162
500.000000 196.000000 0.565207 -0.138162
538.000000 196.000000 0.684528 -0.138162
611.000000 196.000000 0.913751 -0.138162
344.000000 197.000000 0.075361 -0.135022
331.000000 198.000000 0.034540 -0.131882
349.000000 198.000000 0.091061 -0.131882
354.000000 198.000000 0.106761 -0.131882
530.000000 198.000000 0.659408 -0.131882
500.000000 199.000000 0.565207 -0.128742
561.000000 199.000000 0.756749 -0.128742
583.000000 199.000000 0.825830 -0.128742
337.000000 200.000000 0.053381 -0.125601
546.000000 200.000000 0.709648 -0.125601
619.000000 200.000000 0.938871 -0.125601
351.000000 201.000000 0.097341 -0.122461
385.000000 201.000000 0.204102 -0.122461
420.000000 201.000000 0.314004 -0.122461
559.000000 201.000000 0.750469 -0.122461
531.000000 202.000000 0.662548 -0.119321
541.000000 203.000000 0.693948 -0.116181
562.000000 203.000000 0.759889 -0.116181
524.000000 204.000000 0.640568 -0.113041
60.000000 205.000000 -0.816410 -0.109901
331.000000 205.000000 0.034540 -0.109901
414.000000 205.000000 0.295163 -0.109901
544.000000 205.000000 0.703368 -0.109901
605.000000 205.000000 0.894911 -0.109901
607.000000 205.000000 0.901191 -0.109901
615.000000 205.000000 0.926311 -0.109901
550.000000 206.000000 0.722209 -0.106761
556.000000 206.000000 0.741049 -0.106761
331.000000 207.000000 0.034540 -0.103621
349.000000 207.000000 0.091061 -0.103621
576.000000 207.000000 0.803850 -0.103621
597.000000 209.000000 0.869790 -0.097341
631.000000 209.000000 0.976552 -0.097341
358.000000 210.000000 0.119321 -0.094201
410.000000 210.000000 0.282603 -0.094201
557.000000 210.000000 0.744189 -0.094201
572.000000 210.000000 0.791289 -0.094201
627.000000 210.000000 0.963991 -0.094201
393.000000 211.000000 0.229223 -0.091061
398.000000 211.000000 0.244923 -0.091061
415.000000 211.000000 0.298304 -0.091061
605.000000 211.000000 0.894911 -0.091061
374.000000 212.000000 0.169562 -0.087921
577.000000 212.000000 0.806990 -0.087921
331.000000 213.000000 0.034540 -0.084781
340.000000 214.000000 0.062801 -0.081641
315.000000 216.000000 -0.015700 -0.075361
333.000000 218.000000 0.040820 -0.069081
336.000000 218.000000 0.050241 -0.069081
360.000000 218.000000 0.125601 -0.069081
329.000000 220.000000 0.028260 -0.062801
393.000000 220.000000 0.229223 -0.062801
414.000000 221.000000 0.295163 -0.059661
547.000000 221.000000 0.712788 -0.059661
407.000000 222.000000 0.273183 -0.056521
341.000000 223.000000 0.065941 -0.053381
355.000000 223.000000 0.109901 -0.053381
378.000000 223.000000 0.182122 -0.053381
259.000000 224.000000 -0.191542 -0.050241
329.000000 224.000000 0.028260 -0.050241
417.000000 224.000000 0.304584 -0.050241
589.000000 224.000000 0.844670 -0.050241
38.000000 225.000000 -0.885490 -0.047101
584.000000 225.000000 0.828970 -0.047101
631.000000 226.000000 0.976552 -0.043961
335.000000 227.000000 0.047101 -0.040820
572.000000 227.000000 0.791289 -0.040820
578.000000 227.000000 0.810130 -0.040820
331.000000 228.000000 0.034540 -0.037680
563.000000 228.000000 0.763029 -0.037680
311.000000 229.000000 -0.028260 -0.034540
535.000000 229.000000 0.675108 -0.034540
587.000000 229.000000 0.838390 -0.034540
416.000000 230.000000 0.301444 -0.031400
553.000000 230.000000 0.731629 -0.031400
601.000000 230.000000 0.882350 -0.031400
349.000000 231.000000 0.091061 -0.028260
357.000000 231.000000 0.116181 -0.028260
546.000000 231.000000 0.709648 -0.028260
552.000000 233.000000 0.728489 -0.021980
556.000000 233.000000 0.741049 -0.021980
326.000000 234.000000 0.018840 -0.018840
393.000000 234.000000 0.229223 -0.018840
600.000000 234.000000 0.879210 -0.018840
563.000000 235.000000 0.763029 -0.015700
635.000000 235.000000 0.989112 -0.015700
610.000000 236.000000 0.910611 -0.012560
333.000000 237.000000 0.040820 -0.009420
563.000000 237.000000 0.763029 -0.009420
636.000000 237.000000 0.992252 -0.009420
338.000000 240.000000 0.056521 0.000000
408.000000 240.000000 0.276323 0.000000
557.000000 240.000000 0.744189 0.000000
607.000000 240.000000 0.901191 0.000000
325.000000 241.000000 0.015700 0.003140
525.000000 241.000000 0.643708 0.003140
529.000000 241.000000 0.656268 0.003140
576.000000 241.000000 0.803850 0.003140
580.000000 241.000000 0.816410 0.003140
582.000000 241.000000 0.822690 0.003140
515.000000 242.000000 0.612307 0.006280
541.000000 242.000000 0.693948 0.006280
562.000000 242.000000 0.759889 0.006280
566.000000 242.000000 0.772449 0.006280
568.000000 242.000000 0.778729 0.006280
570.000000 242.000000 0.785009 0.006280
589.000000 242.000000 0.844670 0.006280
330.000000 244.000000 0.031400 0.012560
376.000000 244.000000 0.175842 0.012560
388.000000 244.000000 0.213523 0.012560
390.000000 244.000000 0.219803 0.012560
597.000000 244.000000 0.869790 0.012560
354.000000 245.000000 0.106761 0.015700
392.000000 245.000000 0.226083 0.015700
417.000000 245.000000 0.304584 0.015700
425.000000 245.000000 0.329704 0.015700
477.000000 245.000000 0.492986 0.015700
336.000000 246.000000 0.050241 0.018840
533.000000 246.000000 0.668828 0.018840
586.000000 246.000000 0.835250 0.018840
339.000000 247.000000 0.059661 0.021980
425.000000 247.000000 0.329704 0.021980
436.000000 247.000000 0.364244 0.021980
441.000000 247.000000 0.379945 0.021980
463.000000 247.000000 0.449025 0.021980
506.000000 247.000000 0.584047 0.021980
547.000000 247.000000 0.712788 0.021980
554.000000 247.000000 0.734769 0.021980
385.000000 248.000000 0.204102 0.025120
403.000000 248.000000 0.260623 0.025120
619.000000 248.000000 0.938871 0.025120
430.000000 249.000000 0.345404 0.028260
487.000000 249.000000 0.524386 0.028260
489.000000 249.000000 0.530666 0.028260
422.000000 250.000000 0.320284 0.031400
479.000000 250.000000 0.499266 0.031400
481.000000 250.000000 0.505546 0.031400
362.000000 251.000000 0.131882 0.034540
415.000000 251.000000 0.298304 0.034540
471.000000 251.000000 0.474146 0.034540
473.000000 251.000000 0.480426 0.034540
540.000000 251.000000 0.690808 0.034540
356.000000 252.000000 0.113041 0.037680
358.000000 252.000000 0.119321 0.037680
407.000000 252.000000 0.273183 0.037680
558.000000 252.000000 0.747329 0.037680
400.000000 253.000000 0.251203 0.040820
414.000000 253.000000 0.295163 0.040820
545.000000 253.000000 0.706508 0.040820
358.000000 254.000000 0.119321 0.043961
390.000000 254.000000 0.219803 0.043961
408.000000 254.000000 0.276323 0.043961
515.000000 254.000000 0.612307 0.043961
605.000000 254.000000 0.894911 0.043961
619.000000 254.000000 0.938871 0.043961
326.000000 255.000000 0.018840 0.047101
369.000000 255.000000 0.153862 0.047101
384.000000 255.000000 0.200962 0.047101
635.000000 255.000000 0.989112 0.047101
362.000000 256.000000 0.131882 0.050241
365.000000 256.000000 0.141302 0.050241
375.000000 256.000000 0.172702 0.050241
399.000000 256.000000 0.248063 0.050241
437.000000 256.000000 0.367384 0.050241
587.000000 256.000000 0.838390 0.050241
8.000000 257.000000 -0.979692 0.053381
17.000000 257.000000 -0.951431 0.053381
25.000000 257.000000 -0.926311 0.053381
323.000000 257.000000 0.009420 0.053381
358.000000 257.000000 0.119321 0.053381
367.000000 257.000000 0.147582 0.053381
379.000000 257.000000 0.185262 0.053381
394.000000 257.000000 0.232363 0.053381
410.000000 257.000000 0.282603 0.053381
419.000000 257.000000 0.310864 0.053381
422.000000 257.000000 0.320284 0.053381
433.000000 257.000000 0.354824 0.053381
567.000000 257.000000 0.775589 0.053381
30.000000 258.000000 -0.910611 0.056521
44.000000 258.000000 -0.866650 0.056521
350.000000 258.000000 0.094201 0.056521
361.000000 258.000000 0.128742 0.056521
497.000000 258.000000 0.555787 0.056521
500.000000 258.000000 0.565207 0.056521
585.000000 258.000000 0.832110 0.056521
9.000000 259.000000 -0.976552 0.059661
37.000000 259.000000 -0.888631 0.059661
41.000000 259.000000 -0.876070 0.059661
50.000000 259.000000 -0.847810 0.059661
63.000000 259.000000 -0.806990 0.059661
322.000000 259.000000 0.006280 0.059661
343.000000 259.000000 0.072221 0.059661
374.000000 259.000000 0.169562 0.059661
416.000000 259.000000 0.301444 0.059661
427.000000 259.000000 0.335984 0.059661
13.000000 260.000000 -0.963991 0.062801
34.000000 260.000000 -0.898051 0.062801
84.000000 260.000000 -0.741049 0.062801
261.000000 260.000000 -0.185262 0.062801
347.000000 260.000000 0.084781 0.062801
372.000000 260.000000 0.163282 0.062801
381.000000 260.000000 0.191542 0.062801
384.000000 260.000000 0.200962 0.062801
401.000000 260.000000 0.254343 0.062801
403.000000 260.000000 0.260623 0.062801
407.000000 260.000000 0.273183 0.062801
409.000000 260.000000 0.279463 0.062801
436.000000 260.000000 0.364244 0.062801
439.000000 260.000000 0.373664 0.062801
484.000000 260.000000 0.514966 0.062801
632.000000 260.000000 0.979692 0.062801
38.000000 261.000000 -0.885490 0.065941
49.000000 261.000000 -0.850950 0.065941
59.000000 261.000000 -0.819550 0.065941
87.000000 261.000000 -0.731629 0.065941
89.000000 261.000000 -0.725349 0.065941
338.000000 261.000000 0.056521 0.065941
359.000000 261.000000 0.122461 0.065941
389.000000 261.000000 0.216663 0.065941
395.000000 261.000000 0.235503 0.065941
399.000000 261.000000 0.248063 0.065941
476.000000 261.000000 0.489846 0.065941
600.000000 261.000000 0.879210 0.065941
45.000000 262.000000 -0.863510 0.069081
84.000000 262.000000 -0.741049 0.069081
100.000000 262.000000 -0.690808 0.069081
106.000000 262.000000 -0.671968 0.069081
113.000000 262.000000 -0.649988 0.069081
123.000000 262.000000 -0.618587 0.069081
125.000000 262.000000 -0.612307 0.069081
127.000000 262.000000 -0.606027 0.069081
373.000000 262.000000 0.166422 0.069081
386.000000 262.000000 0.207242 0.069081
392.000000 262.000000 0.226083 0.069081
411.000000 262.000000 0.285743 0.069081
423.000000 262.000000 0.323424 0.069081
467.000000 262.000000 0.461585 0.069081
500.000000 262.000000 0.565207 0.069081
35.000000 263.000000 -0.894911 0.072221
130.000000 263.000000 -0.596607 0.072221
134.000000 263.000000 -0.584047 0.072221
144.000000 263.000000 -0.552647 0.072221
301.000000 263.000000 -0.059661 0.072221
315.000000 263.000000 -0.015700 0.072221
383.000000 263.000000 0.197822 0.072221
397.000000 263.000000 0.241783 0.072221
413.000000 263.000000 0.292023 0.072221
427.000000 263.000000 0.335984 0.072221
45.000000 264.000000 -0.863510 0.075361
103.000000 264.000000 -0.681388 0.075361
128.000000 264.000000 -0.602887 0.075361
321.000000 264.000000 0.003140 0.075361
389.000000 264.000000 0.216663 0.075361
407.000000 264.000000 0.273183 0.075361
419.000000 264.000000 0.310864 0.075361
451.000000 264.000000 0.411345 0.075361
625.000000 264.000000 0.957711 0.075361
16.000000 265.000000 -0.954571 0.078501
29.000000 265.000000 -0.913751 0.078501
170.000000 265.000000 -0.471006 0.078501
369.000000 265.000000 0.153862 0.078501
375.000000 265.000000 0.172702 0.078501
380.000000 265.000000 0.188402 0.078501
412.000000 265.000000 0.288883 0.078501
423.000000 265.000000 0.323424 0.078501
491.000000 265.000000 0.536946 0.078501
163.000000 266.000000 -0.492986 0.081641
232.000000 266.000000 -0.276323 0.081641
298.000000 266.000000 -0.069081 0.081641
366.000000 266.000000 0.144442 0.081641
390.000000 266.000000 0.219803 0.081641
261.000000 267.000000 -0.185262 0.084781
268.000000 267.000000 -0.163282 0.084781
358.000000 267.000000 0.119321 0.084781
360.000000 267.000000 0.125601 0.084781
379.000000 267.000000 0.185262 0.084781
381.000000 267.000000 0.191542 0.084781
383.000000 267.000000 0.197822 0.084781
392.000000 267.000000 0.226083 0.084781
425.000000 267.000000 0.329704 0.084781
428.000000 267.000000 0.339124 0.084781
468.000000 267.000000 0.464725 0.084781
486.000000 267.000000 0.521246 0.084781
620.000000 267.000000 0.942011 0.084781
135.000000 268.000000 -0.580907 0.087921
165.000000 268.000000 -0.486706 0.087921
167.000000 268.000000 -0.480426 0.087921
352.000000 268.000000 0.100481 0.087921
373.000000 268.000000 0.166422 0.087921
419.000000 268.000000 0.310864 0.087921
441.000000 268.000000 0.379945 0.087921
454.000000 268.000000 0.420765 0.087921
596.000000 268.000000 0.866650 0.087921
253.000000 269.000000 -0.210382 0.091061
316.000000 269.000000 -0.012560 0.091061
319.000000 269.000000 -0.003140 0.091061
342.000000 269.000000 0.069081 0.091061
365.000000 269.000000 0.141302 0.091061
405.000000 269.000000 0.266903 0.091061
412.000000 269.000000 0.288883 0.091061
449.000000 269.000000 0.405065 0.091061
469.000000 269.000000 0.467866 0.091061
27.000000 270.000000 -0.920031 0.094201
67.000000 270.000000 -0.794429 0.094201
167.000000 270.000000 -0.480426 0.094201
266.000000 270.000000 -0.169562 0.094201
329.000000 270.000000 0.028260 0.094201
335.000000 270.000000 0.047101 0.094201
355.000000 270.000000 0.109901 0.094201
357.000000 270.000000 0.116181 0.094201
402.000000 270.000000 0.257483 0.094201
280.000000 271.000000 -0.125601 0.097341
301.000000 271.000000 -0.059661 0.097341
325.000000 271.000000 0.015700 0.097341
347.000000 271.000000 0.084781 0.097341
349.000000 271.000000 0.091061 0.097341
390.000000 271.000000 0.219803 0.097341
393.000000 271.000000 0.229223 0.097341
424.000000 271.000000 0.326564 0.097341
447.000000 271.000000 0.398785 0.097341
26.000000 272.000000 -0.923171 0.100481
317.000000 272.000000 -0.009420 0.100481
319.000000 272.000000 -0.003140 0.100481
340.000000 272.000000 0.062801 0.100481
381.000000 272.000000 0.191542 0.100481
386.000000 272.000000 0.207242 0.100481
467.000000 272.000000 0.461585 0.100481
259.000000 273.000000 -0.191542 0.103621
315.000000 273.000000 -0.015700 0.103621
334.000000 273.000000 0.043961 0.103621
377.000000 273.000000 0.178982 0.103621
438.000000 273.000000 0.370524 0.103621
442.000000 273.000000 0.383085 0.103621
532.000000 273.000000 0.665688 0.103621
87.000000 274.000000 -0.731629 0.106761
183.000000 274.000000 -0.430185 0.106761
273.000000 274.000000 -0.147582 0.106761
304.000000 274.000000 -0.050241 0.106761
325.000000 274.000000 0.015700 0.106761
356.000000 274.000000 0.113041 0.106761
425.000000 274.000000 0.329704 0.106761
262.000000 275.000000 -0.182122 0.109901
300.000000 275.000000 -0.062801 0.109901
361.000000 275.000000 0.128742 0.109901
440.000000 275.000000 0.376804 0.109901
445.000000 275.000000 0.392505 0.109901
525.000000 275.000000 0.643708 0.109901
577.000000 275.000000 0.806990 0.109901
73.000000 276.000000 -0.775589 0.113041
202.000000 276.000000 -0.370524 0.113041
234.000000 276.000000 -0.270043 0.113041
267.000000 276.000000 -0.166422 0.113041
317.000000 276.000000 -0.009420 0.113041
406.000000 276.000000 0.270043 0.113041
559.000000 276.000000 0.750469 0.113041
620.000000 276.000000 0.942011 0.113041
31.000000 277.000000 -0.907471 0.116181
91.000000 277.000000 -0.719069 0.116181
300.000000 277.000000 -0.062801 0.116181
306.000000 277.000000 -0.043961 0.116181
343.000000 277.000000 0.072221 0.116181
345.000000 277.000000 0.078501 0.116181
413.000000 277.000000 0.292023 0.116181
416.000000 277.000000 0.301444 0.116181
454.000000 277.000000 0.420765 0.116181
155.000000 278.000000 -0.518106 0.119321
203.000000 278.000000 -0.367384 0.119321
249.000000 278.000000 -0.222943 0.119321
315.000000 278.000000 -0.015700 0.119321
350.000000 278.000000 0.094201 0.119321
303.000000 279.000000 -0.053381 0.122461
307.000000 279.000000 -0.040820 0.122461
318.000000 279.000000 -0.006280 0.122461
328.000000 279.000000 0.025120 0.122461
362.000000 279.000000 0.131882 0.122461
400.000000 279.000000 0.251203 0.122461
410.000000 279.000000 0.282603 0.122461
412.000000 279.000000 0.288883 0.122461
420.000000 279.000000 0.314004 0.122461
443.000000 279.000000 0.386225 0.122461
461.000000 279.000000 0.442745 0.122461
599.000000 279.000000 0.876070 0.122461
314.000000 280.000000 -0.018840 0.125601
358.000000 280.000000 0.119321 0.125601
396.000000 280.000000 0.238643 0.125601
94.000000 281.000000 -0.709648 0.128742
289.000000 281.000000 -0.097341 0.128742
335.000000 281.000000 0.047101 0.128742
338.000000 281.000000 0.056521 0.128742
549.000000 281.000000 0.719069 0.128742
168.000000 282.000000 -0.477286 0.131882
243.000000 282.000000 -0.241783 0.131882
305.000000 282.000000 -0.047101 0.131882
256.000000 283.000000 -0.200962 0.135022
264.000000 283.000000 -0.175842 0.135022
290.000000 283.000000 -0.094201 0.135022
295.000000 283.000000 -0.078501 0.135022
297.000000 283.000000 -0.072221 0.135022
20.000000 284.000000 -0.942011 0.138162
143.000000 284.000000 -0.555787 0.138162
147.000000 284.000000 -0.543226 0.138162
189.000000 284.000000 -0.411345 0.138162
212.000000 284.000000 -0.339124 0.138162
286.000000 284.000000 -0.106761 0.138162
312.000000 284.000000 -0.025120 0.138162
347.000000 284.000000 0.084781 0.138162
449.000000 284.000000 0.405065 0.138162
460.000000 284.000000 0.439605 0.138162
257.000000 285.000000 -0.197822 0.141302
280.000000 285.000000 -0.125601 0.141302
300.000000 285.000000 -0.062801 0.141302
302.000000 285.000000 -0.056521 0.141302
375.000000 285.000000 0.172702 0.141302
202.000000 286.000000 -0.370524 0.144442
221.000000 286.000000 -0.310864 0.144442
351.000000 286.000000 0.097341 0.144442
368.000000 286.000000 0.150722 0.144442
407.000000 286.000000 0.273183 0.144442
409.000000 286.000000 0.279463 0.144442
444.000000 286.000000 0.389365 0.144442
307.000000 287.000000 -0.040820 0.147582
376.000000 287.000000 0.175842 0.147582
395.000000 287.000000 0.235503 0.147582
368.000000 288.000000 0.150722 0.150722
388.000000 288.000000 0.213523 0.150722
390.000000 288.000000 0.219803 0.150722
393.000000 288.000000 0.229223 0.150722
520.000000 288.000000 0.628007 0.150722
108.000000 289.000000 -0.665688 0.153862
122.000000 290.000000 -0.621727 0.157002
284.000000 290.000000 -0.113041 0.157002
290.000000 290.000000 -0.094201 0.157002
299.000000 290.000000 -0.065941 0.157002
306.000000 290.000000 -0.043961 0.157002
369.000000 290.000000 0.153862 0.157002
162.000000 291.000000 -0.496126 0.160142
275.000000 291.000000 -0.141302 0.160142
348.000000 291.000000 0.087921 0.160142
111.000000 292.000000 -0.656268 0.163282
367.000000 292.000000 0.147582 0.163282
403.000000 292.000000 0.260623 0.163282
445.000000 292.000000 0.392505 0.163282
609.000000 292.000000 0.907471 0.163282
68.000000 293.000000 -0.791289 0.166422
79.000000 293.000000 -0.756749 0.166422
93.000000 293.000000 -0.712788 0.166422
117.000000 293.000000 -0.637428 0.166422
125.000000 293.000000 -0.612307 0.166422
265.000000 293.000000 -0.172702 0.166422
267.000000 293.000000 -0.166422 0.166422
281.000000 293.000000 -0.122461 0.166422
307.000000 293.000000 -0.040820 0.166422
424.000000 293.000000 0.326564 0.166422
593.000000 293.000000 0.857230 0.166422
620.000000 293.000000 0.942011 0.166422
250.000000 294.000000 -0.219803 0.169562
285.000000 294.000000 -0.109901 0.169562
311.000000 294.000000 -0.028260 0.169562
352.000000 294.000000 0.100481 0.169562
365.000000 294.000000 0.141302 0.169562
6.000000 295.000000 -0.985972 0.172702
253.000000 295.000000 -0.210382 0.172702
356.000000 295.000000 0.113041 0.172702
359.000000 295.000000 0.122461 0.172702
369.000000 295.000000 0.153862 0.172702
442.000000 295.000000 0.383085 0.172702
586.000000 295.000000 0.835250 0.172702
274.000000 296.000000 -0.144442 0.175842
276.000000 296.000000 -0.138162 0.175842
317.000000 296.000000 -0.009420 0.175842
362.000000 296.000000 0.131882 0.175842
125.000000 297.000000 -0.612307 0.178982
201.000000 297.000000 -0.373664 0.178982
302.000000 297.000000 -0.056521 0.178982
328.000000 297.000000 0.025120 0.178982
346.000000 297.000000 0.081641 0.178982
550.000000 297.000000 0.722209 0.178982
624.000000 297.000000 0.954571 0.178982
96.000000 298.000000 -0.703368 0.182122
134.000000 298.000000 -0.584047 0.182122
154.000000 298.000000 -0.521246 0.182122
156.000000 298.000000 -0.514966 0.182122
349.000000 299.000000 0.091061 0.185262
356.000000 299.000000 0.113041 0.185262
501.000000 299.000000 0.568347 0.185262
505.000000 299.000000 0.580907 0.185262
532.000000 299.000000 0.665688 0.185262
597.000000 299.000000 0.869790 0.185262
616.000000 299.000000 0.929451 0.185262
75.000000 300.000000 -0.769309 0.188402
85.000000 300.000000 -0.737909 0.188402
250.000000 300.000000 -0.219803 0.188402
353.000000 300.000000 0.103621 0.188402
174.000000 301.000000 -0.458445 0.191542
163.000000 302.000000 -0.492986 0.194682
168.000000 302.000000 -0.477286 0.194682
202.000000 302.000000 -0.370524 0.194682
349.000000 302.000000 0.091061 0.194682
422.000000 302.000000 0.320284 0.194682
482.000000 302.000000 0.508686 0.194682
624.000000 302.000000 0.954571 0.194682
258.000000 303.000000 -0.194682 0.197822
266.000000 303.000000 -0.169562 0.197822
381.000000 303.000000 0.191542 0.197822
548.000000 303.000000 0.715928 0.197822
240.000000 304.000000 -0.251203 0.200962
310.000000 304.000000 -0.031400 0.200962
342.000000 304.000000 0.069081 0.200962
347.000000 304.000000 0.084781 0.200962
79.000000 305.000000 -0.756749 0.204102
303.000000 305.000000 -0.053381 0.204102
318.000000 305.000000 -0.006280 0.204102
333.000000 305.000000 0.040820 0.204102
615.000000 305.000000 0.926311 0.204102
31.000000 306.000000 -0.907471 0.207242
87.000000 306.000000 -0.731629 0.207242
202.000000 306.000000 -0.370524 0.207242
244.000000 306.000000 -0.238643 0.207242
249.000000 306.000000 -0.222943 0.207242
314.000000 306.000000 -0.018840 0.207242
336.000000 306.000000 0.050241 0.207242
341.000000 306.000000 0.065941 0.207242
371.000000 306.000000 0.160142 0.207242
412.000000 306.000000 0.288883 0.207242
82.000000 307.000000 -0.747329 0.210382
85.000000 307.000000 -0.737909 0.210382
120.000000 307.000000 -0.628007 0.210382
327.000000 307.000000 0.021980 0.210382
339.000000 307.000000 0.059661 0.210382
581.000000 307.000000 0.819550 0.210382
128.000000 308.000000 -0.602887 0.213523
130.000000 308.000000 -0.596607 0.213523
317.000000 308.000000 -0.009420 0.213523
334.000000 308.000000 0.043961 0.213523
385.000000 308.000000 0.204102 0.213523
68.000000 309.000000 -0.791289 0.216663
162.000000 309.000000 -0.496126 0.216663
198.000000 309.000000 -0.383085 0.216663
210.000000 309.000000 -0.345404 0.216663
248.000000 309.000000 -0.226083 0.216663
300.000000 309.000000 -0.062801 0.216663
342.000000 309.000000 0.069081 0.216663
345.000000 309.000000 0.078501 0.216663
116.000000 310.000000 -0.640568 0.219803
304.000000 310.000000 -0.050241 0.219803
500.000000 310.000000 0.565207 0.219803
234.000000 311.000000 -0.270043 0.222943
300.000000 311.000000 -0.062801 0.222943
302.000000 311.000000 -0.056521 0.222943
318.000000 311.000000 -0.006280 0.222943
102.000000 312.000000 -0.684528 0.226083
327.000000 312.000000 0.021980 0.226083
329.000000 312.000000 0.028260 0.226083
343.000000 312.000000 0.072221 0.226083
415.000000 312.000000 0.298304 0.226083
96.000000 313.000000 -0.703368 0.229223
169.000000 313.000000 -0.474146 0.229223
267.000000 313.000000 -0.166422 0.229223
301.000000 313.000000 -0.059661 0.229223
135.000000 314.000000 -0.580907 0.232363
337.000000 314.000000 0.053381 0.232363
495.000000 314.000000 0.549506 0.232363
523.000000 314.000000 0.637428 0.232363
85.000000 315.000000 -0.737909 0.235503
161.000000 315.000000 -0.499266 0.235503
529.000000 315.000000 0.656268 0.235503
625.000000 315.000000 0.957711 0.235503
629.000000 315.000000 0.970271 0.235503
266.000000 316.000000 -0.169562 0.238643
271.000000 316.000000 -0.153862 0.238643
309.000000 316.000000 -0.034540 0.238643
386.000000 316.000000 0.207242 0.238643
501.000000 316.000000 0.568347 0.238643
578.000000 316.000000 0.810130 0.238643
153.000000 317.000000 -0.524386 0.241783
318.000000 317.000000 -0.006280 0.241783
328.000000 317.000000 0.025120 0.241783
334.000000 317.000000 0.043961 0.241783
573.000000 317.000000 0.794429 0.241783
607.000000 317.000000 0.901191 0.241783
79.000000 318.000000 -0.756749 0.244923
113.000000 318.000000 -0.649988 0.244923
148.000000 318.000000 -0.540086 0.244923
157.000000 318.000000 -0.511826 0.244923
300.000000 318.000000 -0.062801 0.244923
445.000000 318.000000 0.392505 0.244923
591.000000 318.000000 0.850950 0.244923
296.000000 319.000000 -0.075361 0.248063
303.000000 319.000000 -0.053381 0.248063
102.000000 320.000000 -0.684528 0.251203
115.000000 320.000000 -0.643708 0.251203
164.000000 320.000000 -0.489846 0.251203
300.000000 320.000000 -0.062801 0.251203
324.000000 320.000000 0.012560 0.251203
97.000000 321.000000 -0.700228 0.254343
240.000000 321.000000 -0.251203 0.254343
312.000000 321.000000 -0.025120 0.254343
614.000000 321.000000 0.923171 0.254343
209.000000 322.000000 -0.348544 0.257483
301.000000 322.000000 -0.059661 0.257483
430.000000 322.000000 0.345404 0.257483
87.000000 323.000000 -0.731629 0.260623
131.000000 323.000000 -0.593467 0.260623
212.000000 323.000000 -0.339124 0.260623
268.000000 323.000000 -0.163282 0.260623
322.000000 323.000000 0.006280 0.260623
404.000000 323.000000 0.263763 0.260623
517.000000 323.000000 0.618587 0.260623
567.000000 323.000000 0.775589 0.260623
569.000000 323.000000 0.781869 0.260623
245.000000 324.000000 -0.235503 0.263763
257.000000 324.000000 -0.197822 0.263763
293.000000 324.000000 -0.084781 0.263763
299.000000 324.000000 -0.065941 0.263763
354.000000 324.000000 0.106761 0.263763
387.000000 324.000000 0.210382 0.263763
456.000000 324.000000 0.427045 0.263763
627.000000 324.000000 0.963991 0.263763
115.000000 325.000000 -0.643708 0.266903
316.000000 325.000000 -0.012560 0.266903
318.000000 325.000000 -0.006280 0.266903
361.000000 325.000000 0.128742 0.266903
458.000000 325.000000 0.433325 0.266903
518.000000 325.000000 0.621727 0.266903
574.000000 325.000000 0.797569 0.266903
148.000000 326.000000 -0.540086 0.270043
233.000000 326.000000 -0.273183 0.270043
262.000000 326.000000 -0.182122 0.270043
273.000000 326.000000 -0.147582 0.270043
281.000000 326.000000 -0.122461 0.270043
350.000000 326.000000 0.094201 0.270043
469.000000 326.000000 0.467866 0.270043
577.000000 326.000000 0.806990 0.270043
588.000000 326.000000 0.841530 0.270043
297.000000 327.000000 -0.072221 0.273183
408.000000 327.000000 0.276323 0.273183
604.000000 327.000000 0.891771 0.273183
134.000000 328.000000 -0.584047 0.276323
210.000000 328.000000 -0.345404 0.276323
379.000000 328.000000 0.185262 0.276323
381.000000 328.000000 0.191542 0.276323
97.000000 329.000000 -0.700228 0.279463
105.000000 329.000000 -0.675108 0.279463
221.000000 329.000000 -0.310864 0.279463
257.000000 329.000000 -0.197822 0.279463
323.000000 329.000000 0.009420 0.279463
369.000000 329.000000 0.153862 0.279463
426.000000 329.000000 0.332844 0.279463
617.000000 329.000000 0.932591 0.279463
124.000000 330.000000 -0.615447 0.282603
285.000000 330.000000 -0.109901 0.282603
467.000000 330.000000 0.461585 0.282603
500.000000 330.000000 0.565207 0.282603
558.000000 330.000000 0.747329 0.282603
626.000000 330.000000 0.960851 0.282603
88.000000 331.000000 -0.728489 0.285743
83.000000 332.000000 -0.744189 0.288883
117.000000 332.000000 -0.637428 0.288883
440.000000 332.000000 0.376804 0.288883
563.000000 332.000000 0.763029 0.288883
78.000000 333.000000 -0.759889 0.292023
269.000000 333.000000 -0.160142 0.292023
458.000000 333.000000 0.433325 0.292023
573.000000 333.000000 0.794429 0.292023
631.000000 333.000000 0.976552 0.292023
108.000000 334.000000 -0.665688 0.295163
142.000000 334.000000 -0.558927 0.295163
298.000000 334.000000 -0.069081 0.295163
519.000000 334.000000 0.624867 0.295163
569.000000 334.000000 0.781869 0.295163
615.000000 334.000000 0.926311 0.295163
366.000000 335.000000 0.144442 0.298304
486.000000 335.000000 0.521246 0.298304
101.000000 336.000000 -0.687668 0.301444
502.000000 336.000000 0.571487 0.301444
54.000000 337.000000 -0.835250 0.304584
186.000000 337.000000 -0.420765 0.304584
353.000000 337.000000 0.103621 0.304584
364.000000 337.000000 0.138162 0.304584
569.000000 337.000000 0.781869 0.304584
165.000000 338.000000 -0.486706 0.307724
348.000000 338.000000 0.087921 0.307724
88.000000 339.000000 -0.728489 0.310864
141.000000 339.000000 -0.562067 0.310864
300.000000 339.000000 -0.062801 0.310864
620.000000 339.000000 0.942011 0.310864
46.000000 340.000000 -0.860370 0.314004
86.000000 340.000000 -0.734769 0.314004
258.000000 340.000000 -0.194682 0.314004
496.000000 340.000000 0.552647 0.314004
596.000000 340.000000 0.866650 0.314004
634.000000 340.000000 0.985972 0.314004
468.000000 341.000000 0.464725 0.317144
491.000000 341.000000 0.536946 0.317144
629.000000 341.000000 0.970271 0.317144
77.000000 342.000000 -0.763029 0.320284
98.000000 342.000000 -0.697088 0.320284
248.000000 342.000000 -0.226083 0.320284
593.000000 342.000000 0.857230 0.320284
71.000000 343.000000 -0.781869 0.323424
93.000000 343.000000 -0.712788 0.323424
188.000000 343.000000 -0.414485 0.323424
270.000000 343.000000 -0.157002 0.323424
392.000000 343.000000 0.226083 0.323424
583.000000 343.000000 0.825830 0.323424
162.000000 344.000000 -0.496126 0.326564
168.000000 344.000000 -0.477286 0.326564
237.000000 344.000000 -0.260623 0.326564
336.000000 344.000000 0.050241 0.326564
506.000000 344.000000 0.584047 0.326564
523.000000 344.000000 0.637428 0.326564
528.000000 344.000000 0.653128 0.326564
569.000000 344.000000 0.781869 0.326564
248.000000 345.000000 -0.226083 0.329704
254.000000 345.000000 -0.207242 0.329704
299.000000 345.000000 -0.065941 0.329704
592.000000 345.000000 0.854090 0.329704
102.000000 346.000000 -0.684528 0.332844
191.000000 346.000000 -0.405065 0.332844
223.000000 346.000000 -0.304584 0.332844
246.000000 346.000000 -0.232363 0.332844
273.000000 346.000000 -0.147582 0.332844
430.000000 346.000000 0.345404 0.332844
460.000000 346.000000 0.439605 0.332844
600.000000 346.000000 0.879210 0.332844
84.000000 347.000000 -0.741049 0.335984
188.000000 347.000000 -0.414485 0.335984
206.000000 347.000000 -0.357964 0.335984
239.000000 347.000000 -0.254343 0.335984
354.000000 347.000000 0.106761 0.335984
508.000000 347.000000 0.590327 0.335984
533.000000 347.000000 0.668828 0.335984
548.000000 347.000000 0.715928 0.335984
610.000000 347.000000 0.910611 0.335984
67.000000 348.000000 -0.794429 0.339124
449.000000 348.000000 0.405065 0.339124
468.000000 348.000000 0.464725 0.339124
495.000000 348.000000 0.549506 0.339124
618.000000 348.000000 0.935731 0.339124
160.000000 349.000000 -0.502406 0.342264
317.000000 349.000000 -0.009420 0.342264
391.000000 349.000000 0.222943 0.342264
498.000000 349.000000 0.558927 0.342264
567.000000 349.000000 0.775589 0.342264
26.000000 350.000000 -0.923171 0.345404
166.000000 350.000000 -0.483566 0.345404
268.000000 350.000000 -0.163282 0.345404
381.000000 350.000000 0.191542 0.345404
523.000000 350.000000 0.637428 0.345404
585.000000 350.000000 0.832110 0.345404
192.000000 351.000000 -0.401925 0.348544
254.000000 351.000000 -0.207242 0.348544
371.000000 351.000000 0.160142 0.348544
486.000000 351.000000 0.521246 0.348544
509.000000 351.000000 0.593467 0.348544
536.000000 351.000000 0.678248 0.348544
244.000000 352.000000 -0.238643 0.351684
435.000000 352.000000 0.361104 0.351684
617.000000 352.000000 0.932591 0.351684
98.000000 353.000000 -0.697088 0.354824
121.000000 353.000000 -0.624867 0.354824
256.000000 353.000000 -0.200962 0.354824
271.000000 353.000000 -0.153862 0.354824
348.000000 353.000000 0.087921 0.354824
535.000000 353.000000 0.675108 0.354824
631.000000 353.000000 0.976552 0.354824
96.000000 354.000000 -0.703368 0.357964
172.000000 354.000000 -0.464725 0.357964
280.000000 354.000000 -0.125601 0.357964
446.000000 354.000000 0.395645 0.357964
554.000000 354.000000 0.734769 0.357964
614.000000 354.000000 0.923171 0.357964
321.000000 355.000000 0.003140 0.361104
391.000000 355.000000 0.222943 0.361104
413.000000 355.000000 0.292023 0.361104
448.000000 355.000000 0.401925 0.361104
494.000000 355.000000 0.546366 0.361104
87.000000 356.000000 -0.731629 0.364244
89.000000 356.000000 -0.725349 0.364244
178.000000 356.000000 -0.445885 0.364244
220.000000 356.000000 -0.314004 0.364244
466.000000 356.000000 0.458445 0.364244
166.000000 357.000000 -0.483566 0.367384
549.000000 357.000000 0.719069 0.367384
98.000000 358.000000 -0.697088 0.370524
152.000000 358.000000 -0.527526 0.370524
340.000000 358.000000 0.062801 0.370524
371.000000 358.000000 0.160142 0.370524
512.000000 358.000000 0.602887 0.370524
567.000000 358.000000 0.775589 0.370524
412.000000 359.000000 0.288883 0.373664
581.000000 359.000000 0.819550 0.373664
602.000000 359.000000 0.885490 0.373664
95.000000 360.000000 -0.706508 0.376804
521.000000 360.000000 0.631147 0.376804
525.000000 360.000000 0.643708 0.376804
97.000000 361.000000 -0.700228 0.379945
157.000000 361.000000 -0.511826 0.379945
301.000000 361.000000 -0.059661 0.379945
48.000000 362.000000 -0.854090 0.383085
117.000000 362.000000 -0.637428 0.383085
267.000000 362.000000 -0.166422 0.383085
290.000000 362.000000 -0.094201 0.383085
310.000000 362.000000 -0.031400 0.383085
624.000000 362.000000 0.954571 0.383085
257.000000 363.000000 -0.197822 0.386225
262.000000 363.000000 -0.182122 0.386225
281.000000 363.000000 -0.122461 0.386225
3.000000 364.000000 -0.995392 0.389365
218.000000 364.000000 -0.320284 0.389365
464.000000 364.000000 0.452165 0.389365
468.000000 364.000000 0.464725 0.389365
64.000000 365.000000 -0.803850 0.392505
186.000000 365.000000 -0.420765 0.392505
209.000000 365.000000 -0.348544 0.392505
282.000000 365.000000 -0.119321 0.392505
355.000000 365.000000 0.109901 0.392505
409.000000 365.000000 0.279463 0.392505
505.000000 365.000000 0.580907 0.392505
601.000000 365.000000 0.882350 0.392505
222.000000 366.000000 -0.307724 0.395645
262.000000 366.000000 -0.182122 0.395645
431.000000 366.000000 0.348544 0.395645
511.000000 366.000000 0.599747 0.395645
130.000000 367.000000 -0.596607 0.398785
217.000000 367.000000 -0.323424 0.398785
364.000000 367.000000 0.138162 0.398785
456.000000 367.000000 0.427045 0.398785
506.000000 367.000000 0.584047 0.398785
582.000000 367.000000 0.822690 0.398785
629.000000 367.000000 0.970271 0.398785
167.000000 368.000000 -0.480426 0.401925
170.000000 368.000000 -0.471006 0.401925
278.000000 368.000000 -0.131882 0.401925
327.000000 368.000000 0.021980 0.401925
239.000000 369.000000 -0.254343 0.405065
368.000000 369.000000 0.150722 0.405065
442.000000 369.000000 0.383085 0.405065
48.000000 370.000000 -0.854090 0.408205
207.000000 370.000000 -0.354824 0.408205
335.000000 370.000000 0.047101 0.408205
574.000000 370.000000 0.797569 0.408205
45.000000 371.000000 -0.863510 0.411345
138.000000 371.000000 -0.571487 0.411345
161.000000 371.000000 -0.499266 0.411345
180.000000 371.000000 -0.439605 0.411345
215.000000 371.000000 -0.329704 0.411345
248.000000 371.000000 -0.226083 0.411345
271.000000 371.000000 -0.153862 0.411345
349.000000 371.000000 0.091061 0.411345
355.000000 371.000000 0.109901 0.411345
428.000000 371.000000 0.339124 0.411345
503.000000 371.000000 0.574627 0.411345
628.000000 371.000000 0.967131 0.411345
42.000000 372.000000 -0.872930 0.414485
235.000000 372.000000 -0.266903 0.414485
298.000000 372.000000 -0.069081 0.414485
446.000000 372.000000 0.395645 0.414485
538.000000 372.000000 0.684528 0.414485
584.000000 372.000000 0.828970 0.414485
621.000000 372.000000 0.945151 0.414485
632.000000 372.000000 0.979692 0.414485
9.000000 373.000000 -0.976552 0.417625
39.000000 373.000000 -0.882350 0.417625
84.000000 373.000000 -0.741049 0.417625
161.000000 373.000000 -0.499266 0.417625
170.000000 373.000000 -0.471006 0.417625
184.000000 373.000000 -0.427045 0.417625
376.000000 373.000000 0.175842 0.417625
393.000000 373.000000 0.229223 0.417625
399.000000 373.000000 0.248063 0.417625
483.000000 373.000000 0.511826 0.417625
102.000000 374.000000 -0.684528 0.420765
154.000000 374.000000 -0.521246 0.420765
194.000000 374.000000 -0.395645 0.420765
258.000000 374.000000 -0.194682 0.420765
288.000000 374.000000 -0.100481 0.420765
384.000000 374.000000 0.200962 0.420765
549.000000 374.000000 0.719069 0.420765
601.000000 374.000000 0.882350 0.420765
626.000000 374.000000 0.960851 0.420765
231.000000 375.000000 -0.279463 0.423905
254.000000 375.000000 -0.207242 0.423905
293.000000 375.000000 -0.084781 0.423905
310.000000 375.000000 -0.031400 0.423905
354.000000 375.000000 0.106761 0.423905
89.000000 376.000000 -0.725349 0.427045
178.000000 376.000000 -0.445885 0.427045
190.000000 376.000000 -0.408205 0.427045
326.000000 376.000000 0.018840 0.427045
623.000000 376.000000 0.951431 0.427045
204.000000 377.000000 -0.364244 0.430185
269.000000 377.000000 -0.160142 0.430185
423.000000 377.000000 0.323424 0.430185
592.000000 377.000000 0.854090 0.430185
149.000000 378.000000 -0.536946 0.433325
194.000000 378.000000 -0.395645 0.433325
257.000000 378.000000 -0.197822 0.433325
295.000000 378.000000 -0.078501 0.433325
363.000000 378.000000 0.135022 0.433325
628.000000 378.000000 0.967131 0.433325
240.000000 379.000000 -0.251203 0.436465
270.000000 379.000000 -0.157002 0.436465
290.000000 379.000000 -0.094201 0.436465
320.000000 379.000000 -0.000000 0.436465
366.000000 379.000000 0.144442 0.436465
389.000000 379.000000 0.216663 0.436465
608.000000 379.000000 0.904331 0.436465
169.000000 380.000000 -0.474146 0.439605
215.000000 380.000000 -0.329704 0.439605
231.000000 380.000000 -0.279463 0.439605
288.000000 380.000000 -0.100481 0.439605
518.000000 380.000000 0.621727 0.439605
271.000000 381.000000 -0.153862 0.442745
321.000000 381.000000 0.003140 0.442745
559.000000 381.000000 0.750469 0.442745
63.000000 382.000000 -0.806990 0.445885
108.000000 382.000000 -0.665688 0.445885
194.000000 382.000000 -0.395645 0.445885
290.000000 382.000000 -0.094201 0.445885
596.000000 382.000000 0.866650 0.445885
604.000000 382.000000 0.891771 0.445885
303.000000 383.000000 -0.053381 0.449025
57.000000 384.000000 -0.825830 0.452165
203.000000 384.000000 -0.367384 0.452165
348.000000 384.000000 0.087921 0.452165
604.000000 384.000000 0.891771 0.452165
313.000000 385.000000 -0.021980 0.455305
620.000000 385.000000 0.942011 0.455305
99.000000 386.000000 -0.693948 0.458445
274.000000 386.000000 -0.144442 0.458445
51.000000 387.000000 -0.844670 0.461585
537.000000 387.000000 0.681388 0.461585
163.000000 388.000000 -0.492986 0.464725
309.000000 388.000000 -0.034540 0.464725
597.000000 388.000000 0.869790 0.464725
212.000000 389.000000 -0.339124 0.467866
227.000000 389.000000 -0.292023 0.467866
239.000000 389.000000 -0.254343 0.467866
296.000000 389.000000 -0.075361 0.467866
591.000000 389.000000 0.850950 0.467866
607.000000 389.000000 0.901191 0.467866
130.000000 390.000000 -0.596607 0.471006
181.000000 390.000000 -0.436465 0.471006
587.000000 390.000000 0.838390 0.471006
598.000000 390.000000 0.872930 0.471006
259.000000 391.000000 -0.191542 0.474146
577.000000 391.000000 0.806990 0.474146
284.000000 392.000000 -0.113041 0.477286
459.000000 392.000000 0.436465 0.477286
573.000000 392.000000 0.794429 0.477286
606.000000 392.000000 0.898051 0.477286
156.000000 393.000000 -0.514966 0.480426
564.000000 393.000000 0.766169 0.480426
40.000000 394.000000 -0.879210 0.483566
131.000000 394.000000 -0.593467 0.483566
166.000000 395.000000 -0.483566 0.486706
248.000000 395.000000 -0.226083 0.486706
296.000000 395.000000 -0.075361 0.486706
444.000000 395.000000 0.389365 0.486706
454.000000 395.000000 0.420765 0.486706
195.000000 396.000000 -0.392505 0.489846
274.000000 396.000000 -0.144442 0.489846
579.000000 396.000000 0.813270 0.489846
126.000000 397.000000 -0.609167 0.492986
176.000000 397.000000 -0.452165 0.492986
188.000000 397.000000 -0.414485 0.492986
211.000000 397.000000 -0.342264 0.492986
253.000000 397.000000 -0.210382 0.492986
405.000000 397.000000 0.266903 0.492986
455.000000 397.000000 0.423905 0.492986
605.000000 397.000000 0.894911 0.492986
331.000000 398.000000 0.034540 0.496126
398.000000 398.000000 0.244923 0.496126
582.000000 398.000000 0.822690 0.496126
116.000000 399.000000 -0.640568 0.499266
97.000000 400.000000 -0.700228 0.502406
135.000000 400.000000 -0.580907 0.502406
220.000000 400.000000 -0.314004 0.502406
317.000000 400.000000 -0.009420 0.502406
92.000000 401.000000 -0.715928 0.505546
279.000000 401.000000 -0.128742 0.505546
605.000000 401.000000 0.894911 0.505546
166.000000 402.000000 -0.483566 0.508686
213.000000 402.000000 -0.335984 0.508686
285.000000 402.000000 -0.109901 0.508686
528.000000 402.000000 0.653128 0.508686
60.000000 403.000000 -0.816410 0.511826
192.000000 403.000000 -0.401925 0.511826
238.000000 403.000000 -0.257483 0.511826
87.000000 404.000000 -0.731629 0.514966
103.000000 404.000000 -0.681388 0.514966
110.000000 404.000000 -0.659408 0.514966
252.000000 404.000000 -0.213523 0.514966
317.000000 404.000000 -0.009420 0.514966
544.000000 404.000000 0.703368 0.514966
20.000000 405.000000 -0.942011 0.518106
178.000000 405.000000 -0.445885 0.518106
220.000000 405.000000 -0.314004 0.518106
184.000000 406.000000 -0.427045 0.521246
238.000000 406.000000 -0.257483 0.521246
203.000000 407.000000 -0.367384 0.524386
221.000000 407.000000 -0.310864 0.524386
167.000000 408.000000 -0.480426 0.527526
46.000000 409.000000 -0.860370 0.530666
183.000000 409.000000 -0.430185 0.530666
44.000000 410.000000 -0.866650 0.533806
103.000000 410.000000 -0.681388 0.533806
218.000000 410.000000 -0.320284 0.533806
223.000000 410.000000 -0.304584 0.533806
63.000000 411.000000 -0.806990 0.536946
190.000000 411.000000 -0.408205 0.536946
61.000000 412.000000 -0.813270 0.540086
185.000000 412.000000 -0.423905 0.540086
323.000000 412.000000 0.009420 0.540086
59.000000 413.000000 -0.819550 0.543226
113.000000 414.000000 -0.649988 0.546366
232.000000 414.000000 -0.276323 0.546366
328.000000 414.000000 0.025120 0.546366
628.000000 414.000000 0.967131 0.546366
104.000000 415.000000 -0.678248 0.549506
222.000000 415.000000 -0.307724 0.549506
527.000000 415.000000 0.649988 0.549506
184.000000 416.000000 -0.427045 0.552647
230.000000 416.000000 -0.282603 0.552647
236.000000 416.000000 -0.263763 0.552647
79.000000 417.000000 -0.756749 0.555787
282.000000 417.000000 -0.119321 0.555787
102.000000 418.000000 -0.684528 0.558927
143.000000 418.000000 -0.555787 0.558927
342.000000 418.000000 0.069081 0.558927
582.000000 418.000000 0.822690 0.558927
210.000000 419.000000 -0.345404 0.562067
308.000000 419.000000 -0.037680 0.562067
314.000000 419.000000 -0.018840 0.562067
333.000000 419.000000 0.040820 0.562067
238.000000 420.000000 -0.257483 0.565207
295.000000 420.000000 -0.078501 0.565207
187.000000 421.000000 -0.417625 0.568347
240.000000 421.000000 -0.251203 0.568347
248.000000 421.000000 -0.226083 0.568347
471.000000 421.000000 0.474146 0.568347
550.000000 421.000000 0.722209 0.568347
5.000000 422.000000 -0.989112 0.571487
93.000000 422.000000 -0.712788 0.571487
105.000000 422.000000 -0.675108 0.571487
149.000000 422.000000 -0.536946 0.571487
285.000000 422.000000 -0.109901 0.571487
454.000000 422.000000 0.420765 0.571487
546.000000 422.000000 0.709648 0.571487
46.000000 423.000000 -0.860370 0.574627
101.000000 423.000000 -0.687668 0.574627
180.000000 423.000000 -0.439605 0.574627
220.000000 423.000000 -0.314004 0.574627
249.000000 423.000000 -0.222943 0.574627
206.000000 424.000000 -0.357964 0.577767
71.000000 425.000000 -0.781869 0.580907
270.000000 425.000000 -0.157002 0.580907
39.000000 426.000000 -0.882350 0.584047
254.000000 426.000000 -0.207242 0.584047
313.000000 427.000000 -0.021980 0.587187
20.000000 428.000000 -0.942011 0.590327
293.000000 428.000000 -0.084781 0.590327
535.000000 428.000000 0.675108 0.590327
581.000000 428.000000 0.819550 0.590327
142.000000 429.000000 -0.558927 0.593467
162.000000 429.000000 -0.496126 0.593467
60.000000 430.000000 -0.816410 0.596607
248.000000 430.000000 -0.226083 0.596607
299.000000 430.000000 -0.065941 0.596607
624.000000 430.000000 0.954571 0.596607
19.000000 432.000000 -0.945151 0.602887
102.000000 433.000000 -0.684528 0.606027
380.000000 434.000000 0.188402 0.609167
300.000000 435.000000 -0.062801 0.612307
634.000000 435.000000 0.985972 0.612307
191.000000 436.000000 -0.405065 0.615447
203.000000 436.000000 -0.367384 0.615447
600.000000 436.000000 0.879210 0.615447
136.000000 437.000000 -0.577767 0.618587
148.000000 437.000000 -0.540086 0.618587
209.000000 437.000000 -0.348544 0.618587
282.000000 437.000000 -0.119321 0.618587
161.000000 438.000000 -0.499266 0.621727
177.000000 438.000000 -0.449025 0.621727
200.000000 438.000000 -0.376804 0.621727
222.000000 438.000000 -0.307724 0.621727
285.000000 438.000000 -0.109901 0.621727
179.000000 439.000000 -0.442745 0.624867
124.000000 440.000000 -0.615447 0.628007
569.000000 440.000000 0.781869 0.628007
63.000000 441.000000 -0.806990 0.631147
120.000000 441.000000 -0.628007 0.631147
296.000000 441.000000 -0.075361 0.631147
61.000000 442.000000 -0.813270 0.634288
66.000000 442.000000 -0.797569 0.634288
130.000000 442.000000 -0.596607 0.634288
139.000000 442.000000 -0.568347 0.634288
40.000000 443.000000 -0.879210 0.637428
52.000000 443.000000 -0.841530 0.637428
59.000000 443.000000 -0.819550 0.637428
142.000000 443.000000 -0.558927 0.637428
157.000000 443.000000 -0.511826 0.637428
230.000000 443.000000 -0.282603 0.637428
340.000000 443.000000 0.062801 0.637428
112.000000 444.000000 -0.653128 0.640568
120.000000 444.000000 -0.628007 0.640568
166.000000 444.000000 -0.483566 0.640568
210.000000 444.000000 -0.345404 0.640568
342.000000 444.000000 0.069081 0.640568
471.000000 444.000000 0.474146 0.640568
574.000000 444.000000 0.797569 0.640568
61.000000 445.000000 -0.813270 0.643708
122.000000 445.000000 -0.621727 0.643708
126.000000 445.000000 -0.609167 0.643708
153.000000 445.000000 -0.524386 0.643708
289.000000 445.000000 -0.097341 0.643708
409.000000 445.000000 0.279463 0.643708
619.000000 445.000000 0.938871 0.643708
71.000000 446.000000 -0.781869 0.646848
98.000000 446.000000 -0.697088 0.646848
102.000000 446.000000 -0.684528 0.646848
140.000000 446.000000 -0.565207 0.646848
225.000000 446.000000 -0.298304 0.646848
156.000000 447.000000 -0.514966 0.649988
160.000000 447.000000 -0.502406 0.649988
172.000000 447.000000 -0.464725 0.649988
597.000000 447.000000 0.869790 0.649988
93.000000 448.000000 -0.712788 0.653128
65.000000 449.000000 -0.800709 0.656268
199.000000 450.000000 -0.379945 0.659408
245.000000 450.000000 -0.235503 0.659408
256.000000 450.000000 -0.200962 0.659408
617.000000 450.000000 0.932591 0.659408
106.000000 451.000000 -0.671968 0.662548
129.000000 451.000000 -0.599747 0.662548
320.000000 451.000000 -0.000000 0.662548
160.000000 453.000000 -0.502406 0.668828
317.000000 453.000000 -0.009420 0.668828
57.000000 454.000000 -0.825830 0.671968
151.000000 454.000000 -0.530666 0.671968
331.000000 454.000000 0.034540 0.671968
350.000000 454.000000 0.094201 0.671968
93.000000 455.000000 -0.712788 0.675108
119.000000 455.000000 -0.631147 0.675108
132.000000 455.000000 -0.590327 0.675108
105.000000 456.000000 -0.675108 0.678248
202.000000 456.000000 -0.370524 0.678248
224.000000 456.000000 -0.301444 0.678248
52.000000 457.000000 -0.841530 0.681388
77.000000 457.000000 -0.763029 0.681388
241.000000 457.000000 -0.248063 0.681388
561.000000 457.000000 0.756749 0.681388
130.000000 459.000000 -0.596607 0.687668
200.000000 459.000000 -0.376804 0.687668
299.000000 459.000000 -0.065941 0.687668
159.000000 460.000000 -0.505546 0.690808
186.000000 460.000000 -0.420765 0.690808
244.000000 460.000000 -0.238643 0.690808
332.000000 460.000000 0.037680 0.690808
45.000000 461.000000 -0.863510 0.693948
70.000000 461.000000 -0.785009 0.693948
104.000000 461.000000 -0.678248 0.693948
227.000000 461.000000 -0.292023 0.693948
235.000000 461.000000 -0.266903 0.693948
323.000000 461.000000 0.009420 0.693948
100.000000 462.000000 -0.690808 0.697088
111.000000 462.000000 -0.656268 0.697088
122.000000 462.000000 -0.621727 0.697088
145.000000 462.000000 -0.549506 0.697088
207.000000 462.000000 -0.354824 0.697088
349.000000 462.000000 0.091061 0.697088
486.000000 462.000000 0.521246 0.697088
113.000000 463.000000 -0.649988 0.700228
175.000000 463.000000 -0.455305 0.700228
277.000000 463.000000 -0.135022 0.700228
367.000000 463.000000 0.147582 0.700228
165.000000 464.000000 -0.486706 0.703368
245.000000 464.000000 -0.235503 0.703368
167.000000 465.000000 -0.480426 0.706508
203.000000 465.000000 -0.367384 0.706508
598.000000 465.000000 0.872930 0.706508
10.000000 466.000000 -0.973412 0.709648
138.000000 466.000000 -0.571487 0.709648
155.000000 466.000000 -0.518106 0.709648
182.000000 466.000000 -0.433325 0.709648
207.000000 466.000000 -0.354824 0.709648
41.000000 467.000000 -0.876070 0.712788
158.000000 467.000000 -0.508686 0.712788
432.000000 467.000000 0.351684 0.712788
605.000000 467.000000 0.894911 0.712788
116.000000 468.000000 -0.640568 0.715928
170.000000 468.000000 -0.471006 0.715928
174.000000 468.000000 -0.458445 0.715928
220.000000 468.000000 -0.314004 0.715928
224.000000 468.000000 -0.301444 0.715928
268.000000 468.000000 -0.163282 0.715928
276.000000 468.000000 -0.138162 0.715928
440.000000 468.000000 0.376804 0.715928
194.000000 469.000000 -0.395645 0.719069
236.000000 469.000000 -0.263763 0.719069
311.000000 469.000000 -0.028260 0.719069
559.000000 469.000000 0.750469 0.719069
586.000000 469.000000 0.835250 0.719069
79.000000 470.000000 -0.756749 0.722209
87.000000 470.000000 -0.731629 0.722209
148.000000 470.000000 -0.540086 0.722209
313.000000 470.000000 -0.021980 0.722209
83.000000 471.000000 -0.744189 0.725349
105.000000 471.000000 -0.675108 0.725349
157.000000 471.000000 -0.511826 0.725349
169.000000 472.000000 -0.474146 0.728489
220.000000 472.000000 -0.314004 0.728489
254.000000 472.000000 -0.207242 0.728489
176.000000 473.000000 -0.452165 0.731629
339.000000 473.000000 0.059661 0.731629
105.000000 474.000000 -0.675108 0.734769
128.000000 474.000000 -0.602887 0.734769
40.000000 475.000000 -0.879210 0.737909
