145.000000 3.000000 -0.549506 -0.744189
306.000000 3.000000 -0.043961 -0.744189
396.000000 3.000000 0.238643 -0.744189
347.000000 4.000000 0.084781 -0.741049
387.000000 4.000000 0.210382 -0.741049
572.000000 4.000000 0.791289 -0.741049
584.000000 4.000000 0.828970 -0.741049
594.000000 5.000000 0.860370 -0.737909
226.000000 6.000000 -0.295163 -0.734769
378.000000 6.000000 0.182122 -0.734769
473.000000 6.000000 0.480426 -0.734769
569.000000 6.000000 0.781869 -0.734769
148.000000 7.000000 -0.540086 -0.731629
301.000000 7.000000 -0.059661 -0.731629
330.000000 7.000000 0.031400 -0.731629
373.000000 7.000000 0.166422 -0.731629
414.000000 7.000000 0.295163 -0.731629
437.000000 7.000000 0.367384 -0.731629
514.000000 7.000000 0.609167 -0.731629
179.000000 8.000000 -0.442745 -0.728489
369.000000 8.000000 0.153862 -0.728489
421.000000 8.000000 0.317144 -0.728489
634.000000 8.000000 0.985972 -0.728489
364.000000 9.000000 0.138162 -0.725349
541.000000 9.000000 0.693948 -0.725349
205.000000 10.000000 -0.361104 -0.722209
268.000000 10.000000 -0.163282 -0.722209
449.000000 10.000000 0.405065 -0.722209
151.000000 11.000000 -0.530666 -0.719069
355.000000 11.000000 0.109901 -0.719069
428.000000 11.000000 0.339124 -0.719069
494.000000 11.000000 0.546366 -0.719069
594.000000 11.000000 0.860370 -0.719069
625.000000 11.000000 0.957711 -0.719069
227.000000 12.000000 -0.292023 -0.715928
305.000000 12.000000 -0.047101 -0.715928
345.000000 12.000000 0.078501 -0.715928
509.000000 12.000000 0.593467 -0.715928
566.000000 12.000000 0.772449 -0.715928
629.000000 13.000000 0.970271 -0.712788
248.000000 14.000000 -0.226083 -0.709648
299.000000 14.000000 -0.065941 -0.709648
422.000000 14.000000 0.320284 -0.709648
505.000000 14.000000 0.580907 -0.709648
337.000000 15.000000 0.053381 -0.706508
497.000000 15.000000 0.555787 -0.706508
555.000000 15.000000 0.737909 -0.706508
611.000000 15.000000 0.913751 -0.706508
564.000000 16.000000 0.766169 -0.703368
613.000000 16.000000 0.920031 -0.703368
405.000000 17.000000 0.266903 -0.700228
509.000000 17.000000 0.593467 -0.700228
578.000000 17.000000 0.810130 -0.700228
323.000000 18.000000 0.009420 -0.697088
328.000000 18.000000 0.025120 -0.697088
562.000000 18.000000 0.759889 -0.697088
184.000000 19.000000 -0.427045 -0.693948
210.000000 19.000000 -0.345404 -0.693948
319.000000 19.000000 -0.003140 -0.693948
489.000000 19.000000 0.530666 -0.693948
636.000000 19.000000 0.992252 -0.693948
158.000000 20.000000 -0.508686 -0.690808
314.000000 20.000000 -0.018840 -0.690808
414.000000 20.000000 0.295163 -0.690808
590.000000 20.000000 0.847810 -0.690808
581.000000 21.000000 0.819550 -0.687668
277.000000 22.000000 -0.135022 -0.684528
305.000000 22.000000 -0.047101 -0.684528
320.000000 22.000000 -0.000000 -0.684528
588.000000 22.000000 0.841530 -0.684528
582.000000 23.000000 0.822690 -0.681388
161.000000 24.000000 -0.499266 -0.678248
296.000000 24.000000 -0.075361 -0.678248
397.000000 24.000000 0.241783 -0.678248
501.000000 24.000000 0.568347 -0.678248
231.000000 25.000000 -0.279463 -0.675108
564.000000 25.000000 0.766169 -0.675108
287.000000 27.000000 -0.103621 -0.668828
443.000000 27.000000 0.386225 -0.668828
500.000000 27.000000 0.565207 -0.668828
164.000000 28.000000 -0.489846 -0.665688
278.000000 28.000000 -0.131882 -0.665688
557.000000 28.000000 0.744189 -0.665688
232.000000 29.000000 -0.276323 -0.662548
273.000000 29.000000 -0.147582 -0.662548
497.000000 29.000000 0.555787 -0.662548
552.000000 29.000000 0.728489 -0.662548
606.000000 29.000000 0.898051 -0.662548
573.000000 30.000000 0.794429 -0.659408
264.000000 31.000000 -0.175842 -0.656268
269.000000 31.000000 -0.160142 -0.656268
277.000000 31.000000 -0.135022 -0.656268
321.000000 31.000000 0.003140 -0.656268
367.000000 31.000000 0.147582 -0.656268
500.000000 31.000000 0.565207 -0.656268
167.000000 32.000000 -0.480426 -0.653128
312.000000 32.000000 -0.025120 -0.653128
425.000000 32.000000 0.329704 -0.653128
558.000000 32.000000 0.747329 -0.653128
621.000000 32.000000 0.945151 -0.653128
255.000000 33.000000 -0.204102 -0.649988
301.000000 33.000000 -0.059661 -0.649988
376.000000 33.000000 0.175842 -0.649988
495.000000 33.000000 0.549506 -0.649988
572.000000 33.000000 0.791289 -0.649988
595.000000 33.000000 0.863510 -0.649988
601.000000 33.000000 0.882350 -0.649988
229.000000 34.000000 -0.285743 -0.646848
263.000000 34.000000 -0.178982 -0.646848
327.000000 34.000000 0.021980 -0.646848
428.000000 34.000000 0.339124 -0.646848
461.000000 34.000000 0.442745 -0.646848
467.000000 34.000000 0.461585 -0.646848
246.000000 35.000000 -0.232363 -0.643708
423.000000 35.000000 0.323424 -0.643708
552.000000 35.000000 0.728489 -0.643708
170.000000 36.000000 -0.471006 -0.640568
566.000000 36.000000 0.772449 -0.640568
569.000000 36.000000 0.781869 -0.640568
629.000000 36.000000 0.970271 -0.640568
237.000000 37.000000 -0.260623 -0.637428
468.000000 37.000000 0.464725 -0.637428
514.000000 37.000000 0.609167 -0.637428
554.000000 37.000000 0.734769 -0.637428
634.000000 38.000000 0.985972 -0.634288
228.000000 39.000000 -0.288883 -0.631147
575.000000 39.000000 0.800709 -0.631147
610.000000 39.000000 0.910611 -0.631147
173.000000 40.000000 -0.461585 -0.628007
524.000000 40.000000 0.640568 -0.628007
549.000000 40.000000 0.719069 -0.628007
563.000000 40.000000 0.763029 -0.628007
566.000000 40.000000 0.772449 -0.628007
592.000000 41.000000 0.854090 -0.624867
295.000000 42.000000 -0.078501 -0.621727
558.000000 43.000000 0.747329 -0.618587
570.000000 43.000000 0.785009 -0.618587
573.000000 43.000000 0.794429 -0.618587
176.000000 44.000000 -0.452165 -0.615447
548.000000 44.000000 0.715928 -0.615447
564.000000 44.000000 0.766169 -0.615447
561.000000 45.000000 0.756749 -0.612307
226.000000 46.000000 -0.295163 -0.609167
542.000000 46.000000 0.697088 -0.609167
602.000000 46.000000 0.885490 -0.609167
279.000000 47.000000 -0.128742 -0.606027
305.000000 47.000000 -0.047101 -0.606027
397.000000 47.000000 0.241783 -0.606027
474.000000 47.000000 0.483566 -0.606027
624.000000 47.000000 0.954571 -0.606027
179.000000 48.000000 -0.442745 -0.602887
227.000000 48.000000 -0.292023 -0.602887
438.000000 48.000000 0.370524 -0.602887
446.000000 48.000000 0.395645 -0.602887
272.000000 49.000000 -0.150722 -0.599747
287.000000 49.000000 -0.103621 -0.599747
558.000000 49.000000 0.747329 -0.599747
562.000000 49.000000 0.759889 -0.599747
228.000000 50.000000 -0.288883 -0.596607
308.000000 50.000000 -0.037680 -0.596607
566.000000 50.000000 0.772449 -0.596607
181.000000 51.000000 -0.436465 -0.593467
276.000000 51.000000 -0.138162 -0.593467
549.000000 51.000000 0.719069 -0.593467
551.000000 51.000000 0.725349 -0.593467
553.000000 51.000000 0.731629 -0.593467
556.000000 51.000000 0.741049 -0.593467
538.000000 52.000000 0.684528 -0.590327
619.000000 52.000000 0.938871 -0.590327
543.000000 53.000000 0.700228 -0.587187
557.000000 53.000000 0.744189 -0.587187
561.000000 53.000000 0.756749 -0.587187
566.000000 53.000000 0.772449 -0.587187
602.000000 53.000000 0.885490 -0.587187
183.000000 54.000000 -0.430185 -0.584047
263.000000 54.000000 -0.178982 -0.584047
288.000000 54.000000 -0.100481 -0.584047
292.000000 54.000000 -0.087921 -0.584047
553.000000 54.000000 0.731629 -0.584047
228.000000 55.000000 -0.288883 -0.580907
281.000000 55.000000 -0.122461 -0.580907
331.000000 55.000000 0.034540 -0.580907
464.000000 55.000000 0.452165 -0.580907
531.000000 55.000000 0.662548 -0.580907
548.000000 55.000000 0.715928 -0.580907
556.000000 55.000000 0.741049 -0.580907
567.000000 55.000000 0.775589 -0.580907
592.000000 55.000000 0.854090 -0.580907
629.000000 55.000000 0.970271 -0.580907
185.000000 56.000000 -0.423905 -0.577767
284.000000 56.000000 -0.113041 -0.577767
386.000000 56.000000 0.207242 -0.577767
540.000000 56.000000 0.690808 -0.577767
545.000000 56.000000 0.706508 -0.577767
610.000000 56.000000 0.910611 -0.577767
549.000000 57.000000 0.719069 -0.574627
613.000000 57.000000 0.920031 -0.574627
536.000000 58.000000 0.678248 -0.571487
545.000000 58.000000 0.706508 -0.571487
625.000000 58.000000 0.957711 -0.571487
187.000000 59.000000 -0.417625 -0.568347
529.000000 59.000000 0.656268 -0.568347
549.000000 59.000000 0.719069 -0.568347
552.000000 59.000000 0.728489 -0.568347
606.000000 59.000000 0.898051 -0.568347
513.000000 60.000000 0.606027 -0.565207
544.000000 60.000000 0.703368 -0.565207
613.000000 60.000000 0.920031 -0.565207
245.000000 62.000000 -0.235503 -0.558927
514.000000 62.000000 0.609167 -0.558927
547.000000 62.000000 0.712788 -0.558927
552.000000 62.000000 0.728489 -0.558927
601.000000 62.000000 0.882350 -0.558927
248.000000 63.000000 -0.226083 -0.555787
256.000000 63.000000 -0.200962 -0.555787
335.000000 63.000000 0.047101 -0.555787
340.000000 63.000000 0.062801 -0.555787
467.000000 63.000000 0.461585 -0.555787
538.000000 63.000000 0.684528 -0.555787
578.000000 63.000000 0.810130 -0.555787
308.000000 64.000000 -0.037680 -0.552647
530.000000 64.000000 0.659408 -0.552647
535.000000 64.000000 0.675108 -0.552647
622.000000 64.000000 0.948291 -0.552647
255.000000 65.000000 -0.204102 -0.549506
279.000000 65.000000 -0.128742 -0.549506
568.000000 65.000000 0.778729 -0.549506
192.000000 66.000000 -0.401925 -0.546366
632.000000 66.000000 0.979692 -0.546366
285.000000 67.000000 -0.109901 -0.543226
311.000000 67.000000 -0.028260 -0.543226
326.000000 67.000000 0.018840 -0.543226
529.000000 67.000000 0.656268 -0.543226
539.000000 67.000000 0.687668 -0.543226
595.000000 67.000000 0.863510 -0.543226
526.000000 69.000000 0.646848 -0.536946
534.000000 69.000000 0.671968 -0.536946
548.000000 69.000000 0.715928 -0.536946
551.000000 69.000000 0.725349 -0.536946
628.000000 69.000000 0.967131 -0.536946
195.000000 70.000000 -0.392505 -0.533806
246.000000 70.000000 -0.232363 -0.533806
432.000000 70.000000 0.351684 -0.533806
529.000000 71.000000 0.656268 -0.530666
580.000000 71.000000 0.816410 -0.530666
235.000000 73.000000 -0.266903 -0.524386
525.000000 73.000000 0.643708 -0.524386
538.000000 73.000000 0.684528 -0.524386
541.000000 73.000000 0.693948 -0.524386
198.000000 74.000000 -0.383085 -0.521246
343.000000 74.000000 0.072221 -0.521246
411.000000 74.000000 0.285743 -0.521246
528.000000 74.000000 0.653128 -0.521246
522.000000 75.000000 0.634288 -0.518106
531.000000 75.000000 0.662548 -0.518106
538.000000 75.000000 0.684528 -0.518106
620.000000 75.000000 0.942011 -0.518106
290.000000 76.000000 -0.094201 -0.514966
324.000000 76.000000 0.012560 -0.514966
528.000000 76.000000 0.653128 -0.514966
418.000000 77.000000 0.307724 -0.511826
533.000000 77.000000 0.668828 -0.511826
201.000000 78.000000 -0.373664 -0.508686
295.000000 78.000000 -0.078501 -0.508686
633.000000 78.000000 0.982832 -0.508686
274.000000 79.000000 -0.144442 -0.505546
409.000000 79.000000 0.279463 -0.505546
459.000000 79.000000 0.436465 -0.505546
625.000000 79.000000 0.957711 -0.505546
265.000000 80.000000 -0.172702 -0.502406
404.000000 80.000000 0.263763 -0.502406
453.000000 80.000000 0.417625 -0.502406
486.000000 80.000000 0.521246 -0.502406
538.000000 80.000000 0.684528 -0.502406
611.000000 80.000000 0.913751 -0.502406
617.000000 80.000000 0.932591 -0.502406
299.000000 81.000000 -0.065941 -0.499266
399.000000 81.000000 0.248063 -0.499266
449.000000 81.000000 0.405065 -0.499266
510.000000 81.000000 0.596607 -0.499266
533.000000 81.000000 0.668828 -0.499266
548.000000 81.000000 0.715928 -0.499266
569.000000 81.000000 0.781869 -0.499266
625.000000 81.000000 0.957711 -0.499266
204.000000 82.000000 -0.364244 -0.496126
443.000000 82.000000 0.386225 -0.496126
298.000000 83.000000 -0.069081 -0.492986
439.000000 83.000000 0.373664 -0.492986
477.000000 83.000000 0.492986 -0.492986
525.000000 83.000000 0.643708 -0.492986
607.000000 83.000000 0.901191 -0.492986
614.000000 83.000000 0.923171 -0.492986
266.000000 84.000000 -0.169562 -0.489846
383.000000 84.000000 0.197822 -0.489846
434.000000 84.000000 0.357964 -0.489846
522.000000 84.000000 0.634288 -0.489846
616.000000 84.000000 0.929451 -0.489846
379.000000 85.000000 0.185262 -0.486706
428.000000 85.000000 0.339124 -0.486706
531.000000 85.000000 0.662548 -0.486706
577.000000 85.000000 0.806990 -0.486706
207.000000 86.000000 -0.354824 -0.483566
291.000000 86.000000 -0.091061 -0.483566
298.000000 86.000000 -0.069081 -0.483566
312.000000 86.000000 -0.025120 -0.483566
325.000000 86.000000 0.015700 -0.483566
374.000000 86.000000 0.169562 -0.483566
423.000000 86.000000 0.323424 -0.483566
632.000000 86.000000 0.979692 -0.483566
418.000000 87.000000 0.307724 -0.480426
588.000000 87.000000 0.841530 -0.480426
363.000000 88.000000 0.135022 -0.477286
413.000000 88.000000 0.292023 -0.477286
487.000000 88.000000 0.524386 -0.477286
507.000000 88.000000 0.587187 -0.477286
509.000000 88.000000 0.593467 -0.477286
521.000000 88.000000 0.631147 -0.477286
583.000000 88.000000 0.825830 -0.477286
408.000000 89.000000 0.276323 -0.474146
346.000000 90.000000 0.081641 -0.471006
354.000000 90.000000 0.106761 -0.471006
402.000000 90.000000 0.257483 -0.471006
577.000000 90.000000 0.806990 -0.471006
211.000000 91.000000 -0.342264 -0.467866
505.000000 91.000000 0.580907 -0.467866
524.000000 91.000000 0.640568 -0.467866
343.000000 92.000000 0.072221 -0.464725
393.000000 92.000000 0.229223 -0.464725
503.000000 93.000000 0.574627 -0.461585
510.000000 93.000000 0.596607 -0.461585
524.000000 93.000000 0.640568 -0.461585
213.000000 94.000000 -0.335984 -0.458445
245.000000 94.000000 -0.235503 -0.458445
333.000000 94.000000 0.040820 -0.458445
507.000000 94.000000 0.587187 -0.458445
378.000000 95.000000 0.182122 -0.455305
583.000000 95.000000 0.825830 -0.455305
236.000000 96.000000 -0.263763 -0.452165
328.000000 96.000000 0.025120 -0.452165
372.000000 96.000000 0.163282 -0.452165
519.000000 96.000000 0.624867 -0.452165
521.000000 96.000000 0.631147 -0.452165
362.000000 97.000000 0.131882 -0.449025
367.000000 97.000000 0.147582 -0.449025
506.000000 97.000000 0.584047 -0.449025
261.000000 98.000000 -0.185262 -0.445885
268.000000 98.000000 -0.163282 -0.445885
346.000000 98.000000 0.081641 -0.445885
503.000000 98.000000 0.574627 -0.445885
518.000000 98.000000 0.621727 -0.445885
250.000000 99.000000 -0.219803 -0.442745
308.000000 99.000000 -0.037680 -0.442745
248.000000 100.000000 -0.226083 -0.439605
280.000000 100.000000 -0.125601 -0.439605
303.000000 100.000000 -0.053381 -0.439605
504.000000 100.000000 0.577767 -0.439605
570.000000 100.000000 0.785009 -0.439605
587.000000 100.000000 0.838390 -0.439605
298.000000 101.000000 -0.069081 -0.436465
606.000000 101.000000 0.898051 -0.436465
261.000000 102.000000 -0.185262 -0.433325
282.000000 102.000000 -0.119321 -0.433325
293.000000 102.000000 -0.084781 -0.433325
220.000000 103.000000 -0.314004 -0.430185
250.000000 103.000000 -0.219803 -0.430185
266.000000 103.000000 -0.169562 -0.430185
285.000000 103.000000 -0.109901 -0.430185
321.000000 103.000000 0.003140 -0.430185
502.000000 103.000000 0.571487 -0.430185
565.000000 103.000000 0.769309 -0.430185
252.000000 104.000000 -0.213523 -0.427045
300.000000 104.000000 -0.062801 -0.427045
345.000000 104.000000 0.078501 -0.427045
515.000000 104.000000 0.612307 -0.427045
284.000000 105.000000 -0.113041 -0.423905
263.000000 106.000000 -0.178982 -0.420765
325.000000 106.000000 0.015700 -0.420765
613.000000 106.000000 0.920031 -0.420765
620.000000 106.000000 0.942011 -0.420765
223.000000 107.000000 -0.304584 -0.417625
257.000000 107.000000 -0.197822 -0.417625
259.000000 107.000000 -0.191542 -0.417625
505.000000 107.000000 0.580907 -0.417625
559.000000 107.000000 0.750469 -0.417625
602.000000 107.000000 0.885490 -0.417625
252.000000 108.000000 -0.213523 -0.414485
263.000000 108.000000 -0.178982 -0.414485
291.000000 108.000000 -0.091061 -0.414485
595.000000 108.000000 0.863510 -0.414485
620.000000 108.000000 0.942011 -0.414485
500.000000 109.000000 0.565207 -0.411345
632.000000 109.000000 0.979692 -0.411345
253.000000 110.000000 -0.210382 -0.408205
299.000000 110.000000 -0.065941 -0.408205
302.000000 110.000000 -0.056521 -0.408205
600.000000 110.000000 0.879210 -0.408205
226.000000 111.000000 -0.295163 -0.405065
243.000000 111.000000 -0.241783 -0.405065
248.000000 111.000000 -0.226083 -0.405065
500.000000 112.000000 0.565207 -0.401925
586.000000 112.000000 0.835250 -0.401925
300.000000 113.000000 -0.062801 -0.398785
304.000000 113.000000 -0.050241 -0.398785
542.000000 113.000000 0.697088 -0.398785
228.000000 114.000000 -0.288883 -0.395645
564.000000 114.000000 0.766169 -0.395645
500.000000 115.000000 0.565207 -0.392505
558.000000 115.000000 0.747329 -0.392505
632.000000 115.000000 0.979692 -0.392505
585.000000 117.000000 0.832110 -0.386225
231.000000 118.000000 -0.279463 -0.383085
260.000000 118.000000 -0.188402 -0.383085
296.000000 118.000000 -0.075361 -0.383085
255.000000 119.000000 -0.204102 -0.379945
251.000000 120.000000 -0.216663 -0.376804
492.000000 120.000000 0.540086 -0.376804
508.000000 120.000000 0.590327 -0.376804
245.000000 121.000000 -0.235503 -0.373664
512.000000 121.000000 0.602887 -0.373664
560.000000 121.000000 0.753609 -0.373664
606.000000 121.000000 0.898051 -0.373664
610.000000 121.000000 0.910611 -0.373664
629.000000 121.000000 0.970271 -0.373664
241.000000 122.000000 -0.248063 -0.370524
551.000000 122.000000 0.725349 -0.370524
589.000000 122.000000 0.844670 -0.370524
281.000000 123.000000 -0.122461 -0.367384
326.000000 123.000000 0.018840 -0.367384
559.000000 124.000000 0.750469 -0.364244
633.000000 124.000000 0.982832 -0.364244
263.000000 125.000000 -0.178982 -0.361104
259.000000 126.000000 -0.191542 -0.357964
272.000000 126.000000 -0.150722 -0.357964
278.000000 126.000000 -0.131882 -0.357964
494.000000 126.000000 0.546366 -0.357964
503.000000 126.000000 0.574627 -0.357964
270.000000 127.000000 -0.157002 -0.354824
276.000000 127.000000 -0.138162 -0.354824
497.000000 127.000000 0.555787 -0.354824
617.000000 127.000000 0.932591 -0.354824
316.000000 128.000000 -0.012560 -0.351684
489.000000 128.000000 0.530666 -0.351684
493.000000 128.000000 0.543226 -0.351684
549.000000 128.000000 0.719069 -0.351684
589.000000 128.000000 0.844670 -0.351684
591.000000 128.000000 0.850950 -0.351684
620.000000 128.000000 0.942011 -0.351684
255.000000 129.000000 -0.204102 -0.348544
257.000000 129.000000 -0.197822 -0.348544
298.000000 129.000000 -0.069081 -0.348544
499.000000 129.000000 0.562067 -0.348544
503.000000 129.000000 0.574627 -0.348544
511.000000 129.000000 0.599747 -0.348544
594.000000 129.000000 0.860370 -0.348544
313.000000 130.000000 -0.021980 -0.345404
536.000000 130.000000 0.678248 -0.345404
390.000000 131.000000 0.219803 -0.342264
490.000000 131.000000 0.533806 -0.342264
500.000000 131.000000 0.565207 -0.342264
595.000000 131.000000 0.863510 -0.342264
606.000000 131.000000 0.898051 -0.342264
502.000000 132.000000 0.571487 -0.339124
546.000000 132.000000 0.709648 -0.339124
363.000000 133.000000 0.135022 -0.335984
264.000000 134.000000 -0.175842 -0.332844
314.000000 134.000000 -0.018840 -0.332844
633.000000 134.000000 0.982832 -0.332844
254.000000 135.000000 -0.207242 -0.329704
336.000000 135.000000 0.050241 -0.329704
372.000000 135.000000 0.163282 -0.329704
378.000000 135.000000 0.182122 -0.329704
265.000000 136.000000 -0.172702 -0.326564
274.000000 136.000000 -0.144442 -0.326564
286.000000 136.000000 -0.106761 -0.326564
303.000000 136.000000 -0.053381 -0.326564
501.000000 136.000000 0.568347 -0.326564
527.000000 136.000000 0.649988 -0.326564
278.000000 137.000000 -0.131882 -0.323424
290.000000 137.000000 -0.094201 -0.323424
269.000000 138.000000 -0.160142 -0.320284
288.000000 138.000000 -0.100481 -0.320284
313.000000 138.000000 -0.021980 -0.320284
636.000000 138.000000 0.992252 -0.320284
315.000000 140.000000 -0.015700 -0.314004
585.000000 140.000000 0.832110 -0.314004
590.000000 140.000000 0.847810 -0.314004
377.000000 141.000000 0.178982 -0.310864
265.000000 142.000000 -0.172702 -0.307724
283.000000 143.000000 -0.116181 -0.304584
626.000000 143.000000 0.960851 -0.304584
633.000000 144.000000 0.982832 -0.301444
266.000000 145.000000 -0.169562 -0.298304
279.000000 146.000000 -0.128742 -0.295163
510.000000 146.000000 0.596607 -0.295163
585.000000 146.000000 0.832110 -0.295163
324.000000 147.000000 0.012560 -0.292023
400.000000 147.000000 0.251203 -0.292023
593.000000 147.000000 0.857230 -0.292023
305.000000 148.000000 -0.047101 -0.288883
589.000000 148.000000 0.844670 -0.288883
301.000000 149.000000 -0.059661 -0.285743
331.000000 149.000000 0.034540 -0.285743
557.000000 149.000000 0.744189 -0.285743
598.000000 149.000000 0.872930 -0.285743
323.000000 150.000000 0.009420 -0.282603
520.000000 150.000000 0.628007 -0.282603
571.000000 150.000000 0.788149 -0.282603
330.000000 151.000000 0.031400 -0.279463
562.000000 151.000000 0.759889 -0.279463
632.000000 151.000000 0.979692 -0.279463
555.000000 152.000000 0.737909 -0.276323
586.000000 152.000000 0.835250 -0.276323
622.000000 152.000000 0.948291 -0.276323
400.000000 153.000000 0.251203 -0.273183
287.000000 154.000000 -0.103621 -0.270043
520.000000 154.000000 0.628007 -0.270043
547.000000 154.000000 0.712788 -0.270043
635.000000 154.000000 0.989112 -0.270043
569.000000 155.000000 0.781869 -0.266903
633.000000 155.000000 0.982832 -0.266903
577.000000 156.000000 0.806990 -0.263763
593.000000 156.000000 0.857230 -0.263763
356.000000 157.000000 0.113041 -0.260623
568.000000 157.000000 0.778729 -0.260623
607.000000 157.000000 0.901191 -0.260623
513.000000 158.000000 0.606027 -0.257483
551.000000 158.000000 0.725349 -0.257483
389.000000 159.000000 0.216663 -0.254343
403.000000 159.000000 0.260623 -0.254343
270.000000 160.000000 -0.157002 -0.251203
319.000000 160.000000 -0.003140 -0.251203
325.000000 160.000000 0.015700 -0.251203
570.000000 160.000000 0.785009 -0.251203
629.000000 160.000000 0.970271 -0.251203
391.000000 161.000000 0.222943 -0.248063
578.000000 161.000000 0.810130 -0.248063
316.000000 162.000000 -0.012560 -0.244923
320.000000 162.000000 -0.000000 -0.244923
366.000000 162.000000 0.144442 -0.244923
376.000000 162.000000 0.175842 -0.244923
384.000000 162.000000 0.200962 -0.244923
596.000000 162.000000 0.866650 -0.244923
565.000000 163.000000 0.769309 -0.241783
333.000000 164.000000 0.040820 -0.238643
352.000000 164.000000 0.100481 -0.238643
321.000000 165.000000 0.003140 -0.235503
369.000000 165.000000 0.153862 -0.235503
589.000000 166.000000 0.844670 -0.232363
630.000000 166.000000 0.973412 -0.232363
548.000000 167.000000 0.715928 -0.229223
340.000000 168.000000 0.062801 -0.226083
354.000000 168.000000 0.106761 -0.226083
566.000000 168.000000 0.772449 -0.226083
273.000000 169.000000 -0.147582 -0.222943
368.000000 169.000000 0.150722 -0.222943
361.000000 170.000000 0.128742 -0.219803
381.000000 170.000000 0.191542 -0.219803
560.000000 170.000000 0.753609 -0.219803
334.000000 171.000000 0.043961 -0.216663
342.000000 171.000000 0.069081 -0.216663
376.000000 171.000000 0.175842 -0.216663
507.000000 172.000000 0.587187 -0.213523
569.000000 172.000000 0.781869 -0.213523
596.000000 173.000000 0.866650 -0.210382
609.000000 173.000000 0.907471 -0.210382
522.000000 174.000000 0.634288 -0.207242
589.000000 174.000000 0.844670 -0.207242
601.000000 174.000000 0.882350 -0.207242
340.000000 175.000000 0.062801 -0.204102
632.000000 175.000000 0.979692 -0.204102
324.000000 176.000000 0.012560 -0.200962
359.000000 176.000000 0.122461 -0.200962
598.000000 176.000000 0.872930 -0.200962
615.000000 176.000000 0.926311 -0.200962
312.000000 177.000000 -0.025120 -0.197822
328.000000 177.000000 0.025120 -0.197822
533.000000 177.000000 0.668828 -0.197822
611.000000 178.000000 0.913751 -0.194682
615.000000 178.000000 0.926311 -0.194682
316.000000 179.000000 -0.012560 -0.191542
339.000000 179.000000 0.059661 -0.191542
510.000000 179.000000 0.596607 -0.191542
532.000000 179.000000 0.665688 -0.191542
543.000000 179.000000 0.700228 -0.191542
321.000000 180.000000 0.003140 -0.188402
536.000000 180.000000 0.678248 -0.188402
549.000000 180.000000 0.719069 -0.188402
562.000000 180.000000 0.759889 -0.188402
607.000000 180.000000 0.901191 -0.188402
318.000000 181.000000 -0.006280 -0.185262
361.000000 181.000000 0.128742 -0.185262
364.000000 181.000000 0.138162 -0.185262
540.000000 181.000000 0.690808 -0.185262
586.000000 181.000000 0.835250 -0.185262
578.000000 182.000000 0.810130 -0.182122
610.000000 183.000000 0.910611 -0.178982
536.000000 184.000000 0.678248 -0.175842
624.000000 184.000000 0.954571 -0.175842
597.000000 185.000000 0.869790 -0.172702
346.000000 186.000000 0.081641 -0.169562
358.000000 186.000000 0.119321 -0.169562
365.000000 186.000000 0.141302 -0.169562
545.000000 186.000000 0.706508 -0.169562
553.000000 186.000000 0.731629 -0.169562
614.000000 186.000000 0.923171 -0.169562
358.000000 188.000000 0.119321 -0.163282
355.000000 190.000000 0.109901 -0.157002
358.000000 190.000000 0.119321 -0.157002
286.000000 191.000000 -0.106761 -0.153862
338.000000 192.000000 0.056521 -0.150722
344.000000 192.000000 0.075361 -0.150722
369.000000 192.000000 0.153862 -0.150722
548.000000 192.000000 0.715928 -0.150722
350.000000 193.000000 0.094201 -0.147582
353.000000 193.000000 0.103621 -0.147582
355.000000 194.000000 0.109901 -0.144442
539.000000 194.000000 0.687668 -0.144442
548.000000 194.000000 0.715928 -0.144442
553.000000 194.000000 0.731629 -0.144442
624.000000 194.000000 0.954571 -0.144442
368.000000 195.000000 0.150722 -0.141302
405.000000 195.000000 0.266903 -0.141302
340.000000 196.000000 0.062801 -0.138162
346.000000 197.000000 0.081641 -0.135022
349.000000 197.000000 0.091061 -0.135022
353.000000 197.000000 0.103621 -0.135022
359.000000 197.000000 0.122461 -0.135022
574.000000 197.000000 0.797569 -0.135022
589.000000 197.000000 0.844670 -0.135022
596.000000 197.000000 0.866650 -0.135022
630.000000 197.000000 0.973412 -0.135022
282.000000 198.000000 -0.119321 -0.131882
320.000000 198.000000 -0.000000 -0.131882
379.000000 198.000000 0.185262 -0.131882
626.000000 198.000000 0.960851 -0.131882
606.000000 199.000000 0.898051 -0.128742
322.000000 200.000000 0.006280 -0.125601
337.000000 200.000000 0.053381 -0.125601
422.000000 201.000000 0.320284 -0.122461
519.000000 201.000000 0.624867 -0.122461
588.000000 201.000000 0.841530 -0.122461
325.000000 202.000000 0.015700 -0.119321
348.000000 202.000000 0.087921 -0.119321
354.000000 202.000000 0.106761 -0.119321
417.000000 203.000000 0.304584 -0.116181
380.000000 204.000000 0.188402 -0.113041
624.000000 204.000000 0.954571 -0.113041
20.000000 207.000000 -0.942011 -0.103621
411.000000 207.000000 0.285743 -0.103621
324.000000 209.000000 0.012560 -0.097341
362.000000 209.000000 0.131882 -0.097341
614.000000 209.000000 0.923171 -0.097341
324.000000 211.000000 0.012560 -0.091061
343.000000 211.000000 0.072221 -0.091061
352.000000 213.000000 0.100481 -0.084781
394.000000 213.000000 0.232363 -0.084781
412.000000 213.000000 0.288883 -0.084781
389.000000 214.000000 0.216663 -0.081641
635.000000 215.000000 0.989112 -0.078501
303.000000 216.000000 -0.053381 -0.075361
325.000000 217.000000 0.015700 -0.072221
333.000000 217.000000 0.040820 -0.072221
612.000000 217.000000 0.916891 -0.072221
308.000000 221.000000 -0.037680 -0.059661
383.000000 221.000000 0.197822 -0.059661
582.000000 222.000000 0.822690 -0.056521
594.000000 222.000000 0.860370 -0.056521
330.000000 223.000000 0.031400 -0.053381
572.000000 223.000000 0.791289 -0.053381
620.000000 223.000000 0.942011 -0.053381
389.000000 224.000000 0.216663 -0.050241
411.000000 224.000000 0.285743 -0.050241
322.000000 225.000000 0.006280 -0.047101
404.000000 225.000000 0.263763 -0.047101
525.000000 225.000000 0.643708 -0.047101
343.000000 226.000000 0.072221 -0.043961
408.000000 226.000000 0.276323 -0.043961
349.000000 227.000000 0.091061 -0.040820
373.000000 227.000000 0.166422 -0.040820
582.000000 227.000000 0.822690 -0.040820
334.000000 228.000000 0.043961 -0.037680
578.000000 228.000000 0.810130 -0.037680
633.000000 228.000000 0.982832 -0.037680
322.000000 229.000000 0.006280 -0.034540
607.000000 229.000000 0.901191 -0.034540
602.000000 230.000000 0.885490 -0.031400
569.000000 231.000000 0.781869 -0.028260
329.000000 232.000000 0.028260 -0.025120
565.000000 232.000000 0.769309 -0.025120
413.000000 233.000000 0.292023 -0.021980
416.000000 234.000000 0.301444 -0.018840
581.000000 234.000000 0.819550 -0.018840
342.000000 235.000000 0.069081 -0.015700
579.000000 235.000000 0.813270 -0.015700
390.000000 238.000000 0.219803 -0.006280
585.000000 238.000000 0.832110 -0.006280
592.000000 238.000000 0.854090 -0.006280
596.000000 238.000000 0.866650 -0.006280
599.000000 238.000000 0.876070 -0.006280
634.000000 238.000000 0.985972 -0.006280
537.000000 239.000000 0.681388 -0.003140
628.000000 239.000000 0.967131 -0.003140
319.000000 240.000000 -0.003140 0.000000
571.000000 240.000000 0.788149 0.000000
336.000000 241.000000 0.050241 0.003140
512.000000 241.000000 0.602887 0.003140
631.000000 241.000000 0.976552 0.003140
327.000000 242.000000 0.021980 0.006280
514.000000 242.000000 0.609167 0.006280
548.000000 242.000000 0.715928 0.006280
621.000000 242.000000 0.945151 0.006280
250.000000 243.000000 -0.219803 0.009420
528.000000 243.000000 0.653128 0.009420
619.000000 243.000000 0.938871 0.009420
406.000000 244.000000 0.270043 0.012560
575.000000 244.000000 0.800709 0.012560
426.000000 245.000000 0.332844 0.015700
593.000000 245.000000 0.857230 0.015700
606.000000 245.000000 0.898051 0.015700
332.000000 246.000000 0.037680 0.018840
578.000000 246.000000 0.810130 0.018840
585.000000 246.000000 0.832110 0.018840
318.000000 247.000000 -0.006280 0.021980
534.000000 247.000000 0.671968 0.021980
626.000000 247.000000 0.960851 0.021980
389.000000 248.000000 0.216663 0.025120
372.000000 249.000000 0.163282 0.028260
377.000000 249.000000 0.178982 0.028260
387.000000 249.000000 0.210382 0.028260
468.000000 249.000000 0.464725 0.028260
606.000000 249.000000 0.898051 0.028260
633.000000 249.000000 0.982832 0.028260
324.000000 250.000000 0.012560 0.031400
418.000000 250.000000 0.307724 0.031400
347.000000 251.000000 0.084781 0.034540
424.000000 251.000000 0.326564 0.034540
436.000000 251.000000 0.364244 0.034540
481.000000 251.000000 0.505546 0.034540
330.000000 252.000000 0.031400 0.037680
484.000000 252.000000 0.514966 0.037680
538.000000 252.000000 0.684528 0.037680
333.000000 253.000000 0.040820 0.040820
382.000000 253.000000 0.194682 0.040820
401.000000 253.000000 0.254343 0.040820
478.000000 253.000000 0.496126 0.040820
636.000000 253.000000 0.992252 0.040820
471.000000 254.000000 0.474146 0.043961
589.000000 254.000000 0.844670 0.043961
410.000000 255.000000 0.282603 0.047101
414.000000 255.000000 0.295163 0.047101
465.000000 255.000000 0.455305 0.047101
582.000000 255.000000 0.822690 0.047101
595.000000 255.000000 0.863510 0.047101
358.000000 256.000000 0.119321 0.050241
574.000000 256.000000 0.797569 0.050241
578.000000 256.000000 0.810130 0.050241
632.000000 256.000000 0.979692 0.050241
400.000000 257.000000 0.251203 0.053381
413.000000 257.000000 0.292023 0.053381
570.000000 257.000000 0.785009 0.053381
615.000000 257.000000 0.926311 0.053381
351.000000 258.000000 0.097341 0.056521
378.000000 258.000000 0.182122 0.056521
395.000000 258.000000 0.235503 0.056521
407.000000 258.000000 0.273183 0.056521
618.000000 258.000000 0.935731 0.056521
353.000000 259.000000 0.103621 0.059661
388.000000 259.000000 0.213523 0.059661
432.000000 259.000000 0.351684 0.059661
365.000000 260.000000 0.141302 0.062801
373.000000 260.000000 0.166422 0.062801
382.000000 260.000000 0.194682 0.062801
410.000000 260.000000 0.282603 0.062801
376.000000 261.000000 0.175842 0.065941
396.000000 261.000000 0.238643 0.065941
420.000000 261.000000 0.314004 0.065941
433.000000 261.000000 0.354824 0.065941
320.000000 262.000000 -0.000000 0.069081
358.000000 262.000000 0.119321 0.069081
361.000000 262.000000 0.128742 0.069081
369.000000 262.000000 0.153862 0.069081
379.000000 262.000000 0.185262 0.069081
382.000000 262.000000 0.194682 0.069081
392.000000 262.000000 0.226083 0.069081
408.000000 262.000000 0.276323 0.069081
418.000000 262.000000 0.307724 0.069081
435.000000 262.000000 0.361104 0.069081
440.000000 262.000000 0.376804 0.069081
491.000000 262.000000 0.536946 0.069081
542.000000 262.000000 0.697088 0.069081
569.000000 262.000000 0.781869 0.069081
354.000000 263.000000 0.106761 0.072221
363.000000 263.000000 0.135022 0.072221
376.000000 263.000000 0.175842 0.072221
485.000000 263.000000 0.518106 0.072221
315.000000 264.000000 -0.015700 0.075361
317.000000 264.000000 -0.009420 0.075361
336.000000 264.000000 0.050241 0.075361
357.000000 264.000000 0.116181 0.075361
422.000000 264.000000 0.320284 0.075361
425.000000 264.000000 0.329704 0.075361
479.000000 264.000000 0.499266 0.075361
502.000000 264.000000 0.571487 0.075361
580.000000 264.000000 0.816410 0.075361
607.000000 264.000000 0.901191 0.075361
615.000000 264.000000 0.926311 0.075361
350.000000 265.000000 0.094201 0.078501
367.000000 265.000000 0.147582 0.078501
369.000000 265.000000 0.153862 0.078501
371.000000 265.000000 0.160142 0.078501
380.000000 265.000000 0.188402 0.078501
406.000000 265.000000 0.270043 0.078501
415.000000 265.000000 0.298304 0.078501
472.000000 265.000000 0.477286 0.078501
552.000000 265.000000 0.728489 0.078501
342.000000 266.000000 0.069081 0.081641
383.000000 266.000000 0.197822 0.081641
543.000000 266.000000 0.700228 0.081641
356.000000 267.000000 0.113041 0.084781
377.000000 267.000000 0.178982 0.084781
387.000000 267.000000 0.210382 0.084781
390.000000 267.000000 0.219803 0.084781
409.000000 267.000000 0.279463 0.084781
418.000000 267.000000 0.307724 0.084781
428.000000 267.000000 0.339124 0.084781
436.000000 267.000000 0.364244 0.084781
458.000000 267.000000 0.433325 0.084781
251.000000 268.000000 -0.216663 0.087921
375.000000 268.000000 0.172702 0.087921
395.000000 268.000000 0.235503 0.087921
412.000000 268.000000 0.288883 0.087921
451.000000 268.000000 0.411345 0.087921
453.000000 268.000000 0.417625 0.087921
493.000000 268.000000 0.543226 0.087921
527.000000 268.000000 0.649988 0.087921
529.000000 268.000000 0.656268 0.087921
380.000000 269.000000 0.188402 0.091061
405.000000 269.000000 0.266903 0.091061
445.000000 269.000000 0.392505 0.091061
487.000000 269.000000 0.524386 0.091061
489.000000 269.000000 0.530666 0.091061
294.000000 270.000000 -0.081641 0.094201
313.000000 270.000000 -0.021980 0.094201
387.000000 270.000000 0.210382 0.094201
398.000000 270.000000 0.244923 0.094201
411.000000 270.000000 0.285743 0.094201
421.000000 270.000000 0.317144 0.094201
427.000000 270.000000 0.335984 0.094201
458.000000 270.000000 0.433325 0.094201
624.000000 270.000000 0.954571 0.094201
309.000000 271.000000 -0.034540 0.097341
372.000000 271.000000 0.163282 0.097341
382.000000 271.000000 0.194682 0.097341
390.000000 271.000000 0.219803 0.097341
406.000000 271.000000 0.270043 0.097341
416.000000 271.000000 0.301444 0.097341
430.000000 271.000000 0.345404 0.097341
469.000000 271.000000 0.467866 0.097341
521.000000 271.000000 0.631147 0.097341
550.000000 271.000000 0.722209 0.097341
627.000000 271.000000 0.963991 0.097341
10.000000 272.000000 -0.973412 0.100481
13.000000 272.000000 -0.963991 0.100481
21.000000 272.000000 -0.938871 0.100481
118.000000 272.000000 -0.634288 0.100481
298.000000 272.000000 -0.069081 0.100481
315.000000 272.000000 -0.015700 0.100481
365.000000 272.000000 0.141302 0.100481
424.000000 272.000000 0.326564 0.100481
441.000000 272.000000 0.379945 0.100481
455.000000 272.000000 0.423905 0.100481
464.000000 272.000000 0.452165 0.100481
601.000000 272.000000 0.882350 0.100481
17.000000 273.000000 -0.951431 0.103621
24.000000 273.000000 -0.929451 0.103621
26.000000 273.000000 -0.923171 0.103621
36.000000 273.000000 -0.891771 0.103621
54.000000 273.000000 -0.835250 0.103621
56.000000 273.000000 -0.828970 0.103621
58.000000 273.000000 -0.822690 0.103621
359.000000 273.000000 0.122461 0.103621
389.000000 273.000000 0.216663 0.103621
404.000000 273.000000 0.263763 0.103621
418.000000 273.000000 0.307724 0.103621
449.000000 273.000000 0.405065 0.103621
470.000000 273.000000 0.471006 0.103621
613.000000 273.000000 0.920031 0.103621
61.000000 274.000000 -0.813270 0.106761
83.000000 274.000000 -0.744189 0.106761
93.000000 274.000000 -0.712788 0.106761
96.000000 274.000000 -0.703368 0.106761
223.000000 274.000000 -0.304584 0.106761
254.000000 274.000000 -0.207242 0.106761
291.000000 274.000000 -0.091061 0.106761
298.000000 274.000000 -0.069081 0.106761
338.000000 274.000000 0.056521 0.106761
352.000000 274.000000 0.100481 0.106761
372.000000 274.000000 0.163282 0.106761
392.000000 274.000000 0.226083 0.106761
402.000000 274.000000 0.257483 0.106761
409.000000 274.000000 0.279463 0.106761
600.000000 274.000000 0.879210 0.106761
31.000000 275.000000 -0.907471 0.109901
102.000000 275.000000 -0.684528 0.109901
131.000000 275.000000 -0.593467 0.109901
138.000000 275.000000 -0.571487 0.109901
316.000000 275.000000 -0.012560 0.109901
345.000000 275.000000 0.078501 0.109901
365.000000 275.000000 0.141302 0.109901
381.000000 275.000000 0.191542 0.109901
397.000000 275.000000 0.241783 0.109901
406.000000 275.000000 0.270043 0.109901
412.000000 275.000000 0.288883 0.109901
421.000000 275.000000 0.317144 0.109901
447.000000 275.000000 0.398785 0.109901
55.000000 276.000000 -0.832110 0.113041
79.000000 276.000000 -0.756749 0.113041
85.000000 276.000000 -0.737909 0.113041
100.000000 276.000000 -0.690808 0.113041
133.000000 276.000000 -0.587187 0.113041
252.000000 276.000000 -0.213523 0.113041
260.000000 276.000000 -0.188402 0.113041
359.000000 276.000000 0.122461 0.113041
401.000000 276.000000 0.254343 0.113041
424.000000 276.000000 0.326564 0.113041
469.000000 276.000000 0.467866 0.113041
143.000000 277.000000 -0.555787 0.116181
145.000000 277.000000 -0.549506 0.116181
211.000000 277.000000 -0.342264 0.116181
309.000000 277.000000 -0.034540 0.116181
313.000000 277.000000 -0.021980 0.116181
350.000000 277.000000 0.094201 0.116181
391.000000 277.000000 0.222943 0.116181
405.000000 277.000000 0.266903 0.116181
410.000000 277.000000 0.282603 0.116181
433.000000 277.000000 0.354824 0.116181
140.000000 278.000000 -0.565207 0.119321
326.000000 278.000000 0.018840 0.119321
331.000000 278.000000 0.034540 0.119321
345.000000 278.000000 0.078501 0.119321
359.000000 278.000000 0.122461 0.119321
438.000000 278.000000 0.370524 0.119321
225.000000 279.000000 -0.298304 0.122461
294.000000 279.000000 -0.081641 0.122461
319.000000 279.000000 -0.003140 0.122461
338.000000 279.000000 0.056521 0.122461
377.000000 279.000000 0.178982 0.122461
391.000000 279.000000 0.222943 0.122461
425.000000 279.000000 0.329704 0.122461
441.000000 279.000000 0.379945 0.122461
446.000000 279.000000 0.395645 0.122461
509.000000 279.000000 0.593467 0.122461
313.000000 280.000000 -0.021980 0.125601
331.000000 280.000000 0.034540 0.125601
371.000000 280.000000 0.160142 0.125601
418.000000 280.000000 0.307724 0.125601
297.000000 281.000000 -0.072221 0.128742
309.000000 281.000000 -0.034540 0.128742
352.000000 281.000000 0.100481 0.128742
510.000000 281.000000 0.596607 0.128742
560.000000 281.000000 0.753609 0.128742
252.000000 282.000000 -0.213523 0.131882
357.000000 282.000000 0.116181 0.131882
410.000000 282.000000 0.282603 0.131882
415.000000 282.000000 0.298304 0.131882
162.000000 283.000000 -0.496126 0.135022
298.000000 283.000000 -0.069081 0.135022
405.000000 283.000000 0.266903 0.135022
408.000000 283.000000 0.276323 0.135022
462.000000 283.000000 0.445885 0.135022
311.000000 284.000000 -0.028260 0.138162
326.000000 284.000000 0.018840 0.138162
425.000000 284.000000 0.329704 0.138162
439.000000 284.000000 0.373664 0.138162
293.000000 285.000000 -0.084781 0.141302
295.000000 285.000000 -0.078501 0.141302
337.000000 285.000000 0.053381 0.141302
409.000000 285.000000 0.279463 0.141302
213.000000 286.000000 -0.335984 0.144442
298.000000 286.000000 -0.069081 0.144442
310.000000 286.000000 -0.031400 0.144442
342.000000 286.000000 0.069081 0.144442
359.000000 286.000000 0.122461 0.144442
395.000000 286.000000 0.235503 0.144442
402.000000 286.000000 0.257483 0.144442
407.000000 286.000000 0.273183 0.144442
414.000000 286.000000 0.295163 0.144442
108.000000 287.000000 -0.665688 0.147582
227.000000 287.000000 -0.292023 0.147582
307.000000 287.000000 -0.040820 0.147582
313.000000 287.000000 -0.021980 0.147582
324.000000 287.000000 0.012560 0.147582
346.000000 287.000000 0.081641 0.147582
354.000000 287.000000 0.106761 0.147582
388.000000 287.000000 0.213523 0.147582
176.000000 288.000000 -0.452165 0.150722
237.000000 288.000000 -0.260623 0.150722
260.000000 288.000000 -0.188402 0.150722
293.000000 288.000000 -0.084781 0.150722
296.000000 288.000000 -0.075361 0.150722
317.000000 288.000000 -0.009420 0.150722
334.000000 288.000000 0.043961 0.150722
381.000000 288.000000 0.191542 0.150722
462.000000 288.000000 0.445885 0.150722
533.000000 288.000000 0.668828 0.150722
575.000000 288.000000 0.800709 0.150722
583.000000 288.000000 0.825830 0.150722
606.000000 288.000000 0.898051 0.150722
311.000000 289.000000 -0.028260 0.153862
331.000000 289.000000 0.034540 0.153862
384.000000 289.000000 0.200962 0.153862
551.000000 289.000000 0.725349 0.153862
123.000000 290.000000 -0.618587 0.157002
305.000000 290.000000 -0.047101 0.157002
441.000000 290.000000 0.379945 0.157002
450.000000 290.000000 0.408205 0.157002
534.000000 290.000000 0.671968 0.157002
603.000000 290.000000 0.888631 0.157002
141.000000 291.000000 -0.562067 0.160142
282.000000 291.000000 -0.119321 0.160142
298.000000 291.000000 -0.069081 0.160142
376.000000 291.000000 0.175842 0.160142
379.000000 291.000000 0.185262 0.160142
621.000000 291.000000 0.945151 0.160142
70.000000 292.000000 -0.785009 0.163282
216.000000 292.000000 -0.326564 0.163282
239.000000 292.000000 -0.254343 0.163282
291.000000 292.000000 -0.091061 0.163282
308.000000 292.000000 -0.037680 0.163282
310.000000 292.000000 -0.031400 0.163282
343.000000 292.000000 0.072221 0.163282
373.000000 292.000000 0.166422 0.163282
389.000000 292.000000 0.216663 0.163282
392.000000 292.000000 0.226083 0.163282
413.000000 292.000000 0.292023 0.163282
500.000000 292.000000 0.565207 0.163282
61.000000 293.000000 -0.813270 0.166422
141.000000 293.000000 -0.562067 0.166422
218.000000 293.000000 -0.320284 0.166422
293.000000 293.000000 -0.084781 0.166422
347.000000 293.000000 0.084781 0.166422
365.000000 293.000000 0.141302 0.166422
379.000000 293.000000 0.185262 0.166422
385.000000 293.000000 0.204102 0.166422
395.000000 293.000000 0.235503 0.166422
405.000000 293.000000 0.266903 0.166422
441.000000 293.000000 0.379945 0.166422
204.000000 294.000000 -0.364244 0.169562
222.000000 294.000000 -0.307724 0.169562
255.000000 294.000000 -0.204102 0.169562
276.000000 294.000000 -0.138162 0.169562
408.000000 294.000000 0.276323 0.169562
429.000000 294.000000 0.342264 0.169562
587.000000 294.000000 0.838390 0.169562
199.000000 295.000000 -0.379945 0.172702
249.000000 295.000000 -0.222943 0.172702
253.000000 295.000000 -0.210382 0.172702
270.000000 295.000000 -0.157002 0.172702
389.000000 295.000000 0.216663 0.172702
392.000000 295.000000 0.226083 0.172702
406.000000 295.000000 0.270043 0.172702
432.000000 295.000000 0.351684 0.172702
493.000000 295.000000 0.543226 0.172702
33.000000 296.000000 -0.901191 0.175842
39.000000 296.000000 -0.882350 0.175842
154.000000 296.000000 -0.521246 0.175842
204.000000 296.000000 -0.364244 0.175842
266.000000 296.000000 -0.169562 0.175842
301.000000 296.000000 -0.059661 0.175842
383.000000 296.000000 0.197822 0.175842
387.000000 296.000000 0.210382 0.175842
399.000000 296.000000 0.248063 0.175842
402.000000 296.000000 0.257483 0.175842
423.000000 296.000000 0.323424 0.175842
373.000000 297.000000 0.166422 0.178982
442.000000 297.000000 0.383085 0.178982
140.000000 298.000000 -0.565207 0.182122
159.000000 298.000000 -0.505546 0.182122
211.000000 298.000000 -0.342264 0.182122
251.000000 298.000000 -0.216663 0.182122
366.000000 298.000000 0.144442 0.182122
414.000000 298.000000 0.295163 0.182122
432.000000 298.000000 0.351684 0.182122
223.000000 299.000000 -0.304584 0.185262
231.000000 299.000000 -0.279463 0.185262
282.000000 299.000000 -0.119321 0.185262
292.000000 299.000000 -0.087921 0.185262
344.000000 299.000000 0.075361 0.185262
348.000000 299.000000 0.087921 0.185262
403.000000 299.000000 0.260623 0.185262
519.000000 299.000000 0.624867 0.185262
551.000000 299.000000 0.725349 0.185262
124.000000 300.000000 -0.615447 0.188402
277.000000 300.000000 -0.135022 0.188402
364.000000 300.000000 0.138162 0.188402
379.000000 300.000000 0.185262 0.188402
93.000000 301.000000 -0.712788 0.191542
239.000000 301.000000 -0.254343 0.191542
245.000000 301.000000 -0.235503 0.191542
267.000000 301.000000 -0.166422 0.191542
355.000000 301.000000 0.109901 0.191542
61.000000 302.000000 -0.813270 0.194682
190.000000 302.000000 -0.408205 0.194682
225.000000 302.000000 -0.298304 0.194682
256.000000 302.000000 -0.200962 0.194682
272.000000 302.000000 -0.150722 0.194682
280.000000 302.000000 -0.125601 0.194682
363.000000 302.000000 0.135022 0.194682
378.000000 302.000000 0.182122 0.194682
395.000000 302.000000 0.235503 0.194682
609.000000 302.000000 0.907471 0.194682
357.000000 303.000000 0.116181 0.197822
46.000000 304.000000 -0.860370 0.200962
115.000000 304.000000 -0.643708 0.200962
277.000000 304.000000 -0.135022 0.200962
305.000000 304.000000 -0.047101 0.200962
352.000000 304.000000 0.100481 0.200962
359.000000 304.000000 0.122461 0.200962
37.000000 305.000000 -0.888631 0.204102
44.000000 305.000000 -0.866650 0.204102
313.000000 305.000000 -0.021980 0.204102
341.000000 305.000000 0.065941 0.204102
345.000000 305.000000 0.078501 0.204102
349.000000 305.000000 0.091061 0.204102
413.000000 305.000000 0.292023 0.204102
486.000000 305.000000 0.521246 0.204102
66.000000 306.000000 -0.797569 0.207242
70.000000 306.000000 -0.785009 0.207242
119.000000 306.000000 -0.631147 0.207242
135.000000 306.000000 -0.580907 0.207242
266.000000 306.000000 -0.169562 0.207242
83.000000 307.000000 -0.744189 0.210382
268.000000 307.000000 -0.163282 0.210382
295.000000 307.000000 -0.078501 0.210382
404.000000 307.000000 0.263763 0.210382
615.000000 307.000000 0.926311 0.210382
75.000000 308.000000 -0.769309 0.213523
368.000000 308.000000 0.150722 0.213523
64.000000 309.000000 -0.803850 0.216663
67.000000 309.000000 -0.794429 0.216663
252.000000 309.000000 -0.213523 0.216663
58.000000 310.000000 -0.822690 0.219803
319.000000 310.000000 -0.003140 0.219803
512.000000 310.000000 0.602887 0.219803
631.000000 310.000000 0.976552 0.219803
30.000000 311.000000 -0.910611 0.222943
257.000000 311.000000 -0.197822 0.222943
264.000000 311.000000 -0.175842 0.222943
350.000000 311.000000 0.094201 0.222943
379.000000 311.000000 0.185262 0.222943
479.000000 311.000000 0.499266 0.222943
48.000000 312.000000 -0.854090 0.226083
528.000000 312.000000 0.653128 0.226083
585.000000 312.000000 0.832110 0.226083
135.000000 313.000000 -0.580907 0.229223
338.000000 313.000000 0.056521 0.229223
346.000000 313.000000 0.081641 0.229223
412.000000 313.000000 0.288883 0.229223
484.000000 313.000000 0.514966 0.229223
514.000000 313.000000 0.609167 0.229223
592.000000 313.000000 0.854090 0.229223
6.000000 314.000000 -0.985972 0.232363
40.000000 314.000000 -0.879210 0.232363
128.000000 314.000000 -0.602887 0.232363
236.000000 314.000000 -0.263763 0.232363
304.000000 314.000000 -0.050241 0.232363
329.000000 314.000000 0.028260 0.232363
406.000000 314.000000 0.270043 0.232363
560.000000 314.000000 0.753609 0.232363
575.000000 314.000000 0.800709 0.232363
8.000000 315.000000 -0.979692 0.235503
36.000000 315.000000 -0.891771 0.235503
53.000000 315.000000 -0.838390 0.235503
190.000000 315.000000 -0.408205 0.235503
297.000000 315.000000 -0.072221 0.235503
332.000000 315.000000 0.037680 0.235503
336.000000 315.000000 0.050241 0.235503
369.000000 315.000000 0.153862 0.235503
619.000000 315.000000 0.938871 0.235503
11.000000 316.000000 -0.970271 0.238643
185.000000 316.000000 -0.423905 0.238643
237.000000 316.000000 -0.260623 0.238643
242.000000 316.000000 -0.244923 0.238643
265.000000 316.000000 -0.172702 0.238643
384.000000 316.000000 0.200962 0.238643
308.000000 317.000000 -0.037680 0.241783
322.000000 317.000000 0.006280 0.241783
342.000000 317.000000 0.069081 0.241783
447.000000 317.000000 0.398785 0.241783
330.000000 318.000000 0.031400 0.244923
384.000000 318.000000 0.200962 0.244923
551.000000 318.000000 0.725349 0.244923
566.000000 318.000000 0.772449 0.244923
167.000000 319.000000 -0.480426 0.248063
258.000000 319.000000 -0.194682 0.248063
324.000000 319.000000 0.012560 0.248063
416.000000 319.000000 0.301444 0.248063
469.000000 319.000000 0.467866 0.248063
636.000000 319.000000 0.992252 0.248063
26.000000 320.000000 -0.923171 0.251203
135.000000 320.000000 -0.580907 0.251203
272.000000 320.000000 -0.150722 0.251203
329.000000 320.000000 0.028260 0.251203
338.000000 320.000000 0.056521 0.251203
402.000000 320.000000 0.257483 0.251203
556.000000 320.000000 0.741049 0.251203
81.000000 321.000000 -0.750469 0.254343
122.000000 321.000000 -0.621727 0.254343
184.000000 321.000000 -0.427045 0.254343
234.000000 321.000000 -0.270043 0.254343
274.000000 321.000000 -0.144442 0.254343
296.000000 321.000000 -0.075361 0.254343
298.000000 321.000000 -0.069081 0.254343
618.000000 321.000000 0.935731 0.254343
76.000000 322.000000 -0.766169 0.257483
313.000000 322.000000 -0.021980 0.257483
325.000000 322.000000 0.015700 0.257483
370.000000 322.000000 0.157002 0.257483
624.000000 322.000000 0.954571 0.257483
232.000000 323.000000 -0.276323 0.260623
322.000000 323.000000 0.006280 0.260623
447.000000 323.000000 0.398785 0.260623
470.000000 323.000000 0.471006 0.260623
332.000000 324.000000 0.037680 0.263763
343.000000 324.000000 0.072221 0.263763
411.000000 324.000000 0.285743 0.263763
438.000000 324.000000 0.370524 0.263763
584.000000 324.000000 0.828970 0.263763
136.000000 325.000000 -0.577767 0.266903
295.000000 325.000000 -0.078501 0.266903
587.000000 325.000000 0.838390 0.266903
49.000000 326.000000 -0.850950 0.270043
51.000000 326.000000 -0.844670 0.270043
527.000000 326.000000 0.649988 0.270043
65.000000 327.000000 -0.800709 0.273183
136.000000 327.000000 -0.577767 0.273183
253.000000 327.000000 -0.210382 0.273183
324.000000 327.000000 0.012560 0.273183
556.000000 327.000000 0.741049 0.273183
587.000000 327.000000 0.838390 0.273183
102.000000 328.000000 -0.684528 0.276323
198.000000 328.000000 -0.383085 0.276323
213.000000 328.000000 -0.335984 0.276323
259.000000 328.000000 -0.191542 0.276323
313.000000 328.000000 -0.021980 0.276323
412.000000 328.000000 0.288883 0.276323
455.000000 328.000000 0.423905 0.276323
609.000000 328.000000 0.907471 0.276323
28.000000 329.000000 -0.916891 0.279463
113.000000 329.000000 -0.649988 0.279463
324.000000 329.000000 0.012560 0.279463
328.000000 329.000000 0.025120 0.279463
385.000000 329.000000 0.204102 0.279463
387.000000 329.000000 0.210382 0.279463
418.000000 329.000000 0.307724 0.279463
519.000000 329.000000 0.624867 0.279463
23.000000 330.000000 -0.932591 0.282603
297.000000 330.000000 -0.072221 0.282603
311.000000 330.000000 -0.028260 0.282603
326.000000 330.000000 0.018840 0.282603
344.000000 330.000000 0.075361 0.282603
591.000000 330.000000 0.850950 0.282603
289.000000 331.000000 -0.097341 0.285743
535.000000 331.000000 0.675108 0.285743
11.000000 332.000000 -0.970271 0.288883
318.000000 332.000000 -0.006280 0.288883
461.000000 332.000000 0.442745 0.288883
574.000000 332.000000 0.797569 0.288883
594.000000 332.000000 0.860370 0.288883
596.000000 332.000000 0.866650 0.288883
80.000000 333.000000 -0.753609 0.292023
105.000000 333.000000 -0.675108 0.292023
134.000000 333.000000 -0.584047 0.292023
296.000000 333.000000 -0.075361 0.292023
415.000000 333.000000 0.298304 0.292023
56.000000 334.000000 -0.828970 0.295163
100.000000 334.000000 -0.690808 0.295163
268.000000 334.000000 -0.163282 0.295163
311.000000 334.000000 -0.028260 0.295163
386.000000 334.000000 0.207242 0.295163
408.000000 334.000000 0.276323 0.295163
213.000000 335.000000 -0.335984 0.298304
233.000000 335.000000 -0.273183 0.298304
317.000000 335.000000 -0.009420 0.298304
342.000000 335.000000 0.069081 0.298304
419.000000 335.000000 0.310864 0.298304
516.000000 335.000000 0.615447 0.298304
528.000000 335.000000 0.653128 0.298304
612.000000 335.000000 0.916891 0.298304
47.000000 336.000000 -0.857230 0.301444
91.000000 336.000000 -0.719069 0.301444
231.000000 336.000000 -0.279463 0.301444
260.000000 336.000000 -0.188402 0.301444
311.000000 336.000000 -0.028260 0.301444
377.000000 336.000000 0.178982 0.301444
553.000000 336.000000 0.731629 0.301444
293.000000 337.000000 -0.084781 0.304584
314.000000 337.000000 -0.018840 0.304584
319.000000 337.000000 -0.003140 0.304584
621.000000 337.000000 0.945151 0.304584
13.000000 338.000000 -0.963991 0.307724
34.000000 338.000000 -0.898051 0.307724
312.000000 338.000000 -0.025120 0.307724
382.000000 338.000000 0.194682 0.307724
538.000000 338.000000 0.684528 0.307724
552.000000 338.000000 0.728489 0.307724
15.000000 339.000000 -0.957711 0.310864
321.000000 339.000000 0.003140 0.310864
325.000000 339.000000 0.015700 0.310864
355.000000 339.000000 0.109901 0.310864
370.000000 339.000000 0.157002 0.310864
595.000000 339.000000 0.863510 0.310864
626.000000 339.000000 0.960851 0.310864
23.000000 340.000000 -0.932591 0.314004
137.000000 340.000000 -0.574627 0.314004
260.000000 340.000000 -0.188402 0.314004
318.000000 340.000000 -0.006280 0.314004
486.000000 340.000000 0.521246 0.314004
515.000000 340.000000 0.612307 0.314004
560.000000 340.000000 0.753609 0.314004
240.000000 341.000000 -0.251203 0.317144
310.000000 341.000000 -0.031400 0.317144
320.000000 341.000000 -0.000000 0.317144
387.000000 341.000000 0.210382 0.317144
466.000000 341.000000 0.458445 0.317144
470.000000 341.000000 0.471006 0.317144
518.000000 341.000000 0.621727 0.317144
539.000000 341.000000 0.687668 0.317144
578.000000 341.000000 0.810130 0.317144
600.000000 341.000000 0.879210 0.317144
612.000000 341.000000 0.916891 0.317144
11.000000 342.000000 -0.970271 0.320284
459.000000 342.000000 0.436465 0.320284
484.000000 342.000000 0.514966 0.320284
526.000000 342.000000 0.646848 0.320284
620.000000 342.000000 0.942011 0.320284
153.000000 343.000000 -0.524386 0.323424
164.000000 343.000000 -0.489846 0.323424
414.000000 343.000000 0.295163 0.323424
429.000000 343.000000 0.342264 0.323424
493.000000 343.000000 0.543226 0.323424
625.000000 343.000000 0.957711 0.323424
245.000000 344.000000 -0.235503 0.326564
261.000000 344.000000 -0.185262 0.326564
267.000000 344.000000 -0.166422 0.326564
303.000000 344.000000 -0.053381 0.326564
537.000000 344.000000 0.681388 0.326564
16.000000 345.000000 -0.954571 0.329704
48.000000 345.000000 -0.854090 0.329704
106.000000 345.000000 -0.671968 0.329704
146.000000 345.000000 -0.546366 0.329704
248.000000 345.000000 -0.226083 0.329704
259.000000 345.000000 -0.191542 0.329704
365.000000 345.000000 0.141302 0.329704
432.000000 345.000000 0.351684 0.329704
636.000000 345.000000 0.992252 0.329704
95.000000 346.000000 -0.706508 0.332844
204.000000 346.000000 -0.364244 0.332844
208.000000 346.000000 -0.351684 0.332844
377.000000 346.000000 0.178982 0.332844
569.000000 346.000000 0.781869 0.332844
579.000000 346.000000 0.813270 0.332844
598.000000 346.000000 0.872930 0.332844
615.000000 346.000000 0.926311 0.332844
53.000000 347.000000 -0.838390 0.335984
138.000000 347.000000 -0.571487 0.335984
190.000000 347.000000 -0.408205 0.335984
292.000000 347.000000 -0.087921 0.335984
3.000000 348.000000 -0.995392 0.339124
35.000000 348.000000 -0.894911 0.339124
362.000000 348.000000 0.131882 0.339124
208.000000 349.000000 -0.351684 0.342264
243.000000 349.000000 -0.241783 0.342264
305.000000 349.000000 -0.047101 0.342264
327.000000 349.000000 0.021980 0.342264
592.000000 349.000000 0.854090 0.342264
627.000000 349.000000 0.963991 0.342264
222.000000 350.000000 -0.307724 0.345404
239.000000 350.000000 -0.254343 0.345404
345.000000 350.000000 0.078501 0.345404
460.000000 350.000000 0.439605 0.345404
549.000000 350.000000 0.719069 0.345404
6.000000 351.000000 -0.985972 0.348544
63.000000 351.000000 -0.806990 0.348544
601.000000 351.000000 0.882350 0.348544
93.000000 352.000000 -0.712788 0.351684
231.000000 352.000000 -0.279463 0.351684
377.000000 352.000000 0.178982 0.351684
473.000000 352.000000 0.480426 0.351684
481.000000 352.000000 0.505546 0.351684
262.000000 353.000000 -0.182122 0.354824
449.000000 353.000000 0.405065 0.354824
541.000000 353.000000 0.693948 0.354824
52.000000 354.000000 -0.841530 0.357964
84.000000 354.000000 -0.741049 0.357964
138.000000 354.000000 -0.571487 0.357964
536.000000 354.000000 0.678248 0.357964
581.000000 354.000000 0.819550 0.357964
47.000000 355.000000 -0.857230 0.361104
89.000000 355.000000 -0.725349 0.361104
431.000000 355.000000 0.348544 0.361104
231.000000 356.000000 -0.279463 0.364244
446.000000 356.000000 0.395645 0.364244
487.000000 356.000000 0.524386 0.364244
35.000000 358.000000 -0.894911 0.370524
405.000000 358.000000 0.266903 0.370524
428.000000 358.000000 0.339124 0.370524
547.000000 358.000000 0.712788 0.370524
620.000000 358.000000 0.942011 0.370524
30.000000 359.000000 -0.910611 0.373664
85.000000 359.000000 -0.737909 0.373664
123.000000 359.000000 -0.618587 0.373664
365.000000 359.000000 0.141302 0.373664
411.000000 359.000000 0.285743 0.373664
418.000000 359.000000 0.307724 0.373664
438.000000 359.000000 0.370524 0.373664
534.000000 359.000000 0.671968 0.373664
542.000000 359.000000 0.697088 0.373664
169.000000 360.000000 -0.474146 0.376804
390.000000 360.000000 0.219803 0.376804
433.000000 360.000000 0.354824 0.376804
487.000000 360.000000 0.524386 0.376804
48.000000 361.000000 -0.854090 0.379945
190.000000 361.000000 -0.408205 0.379945
263.000000 361.000000 -0.178982 0.379945
278.000000 361.000000 -0.131882 0.379945
383.000000 361.000000 0.197822 0.379945
612.000000 361.000000 0.916891 0.379945
400.000000 362.000000 0.251203 0.383085
456.000000 362.000000 0.427045 0.383085
460.000000 362.000000 0.439605 0.383085
473.000000 362.000000 0.480426 0.383085
542.000000 362.000000 0.697088 0.383085
565.000000 362.000000 0.769309 0.383085
214.000000 363.000000 -0.332844 0.386225
367.000000 363.000000 0.147582 0.386225
379.000000 363.000000 0.185262 0.386225
487.000000 363.000000 0.524386 0.386225
10.000000 364.000000 -0.973412 0.389365
71.000000 364.000000 -0.781869 0.389365
98.000000 364.000000 -0.697088 0.389365
154.000000 364.000000 -0.521246 0.389365
320.000000 364.000000 -0.000000 0.389365
361.000000 364.000000 0.128742 0.389365
562.000000 364.000000 0.759889 0.389365
8.000000 365.000000 -0.979692 0.392505
89.000000 365.000000 -0.725349 0.392505
215.000000 365.000000 -0.329704 0.392505
242.000000 365.000000 -0.244923 0.392505
292.000000 365.000000 -0.087921 0.392505
353.000000 365.000000 0.103621 0.392505
536.000000 365.000000 0.678248 0.392505
57.000000 366.000000 -0.825830 0.395645
118.000000 366.000000 -0.634288 0.395645
418.000000 366.000000 0.307724 0.395645
490.000000 366.000000 0.533806 0.395645
554.000000 366.000000 0.734769 0.395645
582.000000 366.000000 0.822690 0.395645
615.000000 366.000000 0.926311 0.395645
53.000000 367.000000 -0.838390 0.398785
138.000000 367.000000 -0.571487 0.398785
161.000000 367.000000 -0.499266 0.398785
230.000000 367.000000 -0.282603 0.398785
292.000000 367.000000 -0.087921 0.398785
464.000000 367.000000 0.452165 0.398785
501.000000 367.000000 0.568347 0.398785
610.000000 367.000000 0.910611 0.398785
624.000000 367.000000 0.954571 0.398785
185.000000 368.000000 -0.423905 0.401925
342.000000 368.000000 0.069081 0.401925
405.000000 368.000000 0.266903 0.401925
473.000000 368.000000 0.480426 0.401925
492.000000 368.000000 0.540086 0.401925
513.000000 368.000000 0.606027 0.401925
551.000000 368.000000 0.725349 0.401925
559.000000 368.000000 0.750469 0.401925
565.000000 368.000000 0.769309 0.401925
569.000000 368.000000 0.781869 0.401925
584.000000 368.000000 0.828970 0.401925
603.000000 368.000000 0.888631 0.401925
630.000000 368.000000 0.973412 0.401925
66.000000 369.000000 -0.797569 0.405065
224.000000 369.000000 -0.301444 0.405065
247.000000 369.000000 -0.229223 0.405065
287.000000 369.000000 -0.103621 0.405065
316.000000 369.000000 -0.012560 0.405065
318.000000 369.000000 -0.006280 0.405065
378.000000 369.000000 0.182122 0.405065
385.000000 369.000000 0.204102 0.405065
506.000000 369.000000 0.584047 0.405065
529.000000 369.000000 0.656268 0.405065
575.000000 369.000000 0.800709 0.405065
579.000000 369.000000 0.813270 0.405065
34.000000 370.000000 -0.898051 0.408205
190.000000 370.000000 -0.408205 0.408205
264.000000 370.000000 -0.175842 0.408205
313.000000 370.000000 -0.021980 0.408205
324.000000 370.000000 0.012560 0.408205
405.000000 370.000000 0.266903 0.408205
420.000000 370.000000 0.314004 0.408205
620.000000 370.000000 0.942011 0.408205
134.000000 371.000000 -0.584047 0.411345
382.000000 371.000000 0.194682 0.411345
428.000000 371.000000 0.339124 0.411345
517.000000 371.000000 0.618587 0.411345
613.000000 371.000000 0.920031 0.411345
308.000000 373.000000 -0.037680 0.417625
319.000000 373.000000 -0.003140 0.417625
335.000000 373.000000 0.047101 0.417625
346.000000 373.000000 0.081641 0.417625
376.000000 373.000000 0.175842 0.417625
546.000000 373.000000 0.709648 0.417625
583.000000 373.000000 0.825830 0.417625
12.000000 374.000000 -0.967131 0.420765
60.000000 374.000000 -0.816410 0.420765
179.000000 374.000000 -0.442745 0.420765
241.000000 374.000000 -0.248063 0.420765
371.000000 374.000000 0.160142 0.420765
17.000000 375.000000 -0.951431 0.423905
289.000000 375.000000 -0.097341 0.423905
312.000000 375.000000 -0.025120 0.423905
454.000000 375.000000 0.420765 0.423905
469.000000 375.000000 0.467866 0.423905
280.000000 376.000000 -0.125601 0.427045
295.000000 376.000000 -0.078501 0.427045
437.000000 376.000000 0.367384 0.427045
510.000000 376.000000 0.596607 0.427045
121.000000 377.000000 -0.624867 0.430185
248.000000 377.000000 -0.226083 0.430185
271.000000 377.000000 -0.153862 0.430185
428.000000 377.000000 0.339124 0.430185
513.000000 377.000000 0.606027 0.430185
547.000000 377.000000 0.712788 0.430185
183.000000 378.000000 -0.430185 0.433325
335.000000 378.000000 0.047101 0.433325
404.000000 378.000000 0.263763 0.433325
565.000000 378.000000 0.769309 0.433325
36.000000 379.000000 -0.891771 0.436465
249.000000 379.000000 -0.222943 0.436465
56.000000 380.000000 -0.828970 0.439605
238.000000 380.000000 -0.257483 0.439605
632.000000 380.000000 0.979692 0.439605
16.000000 381.000000 -0.954571 0.442745
44.000000 381.000000 -0.866650 0.442745
112.000000 381.000000 -0.653128 0.442745
167.000000 381.000000 -0.480426 0.442745
209.000000 381.000000 -0.348544 0.442745
213.000000 381.000000 -0.335984 0.442745
260.000000 381.000000 -0.188402 0.442745
453.000000 381.000000 0.417625 0.442745
519.000000 381.000000 0.624867 0.442745
62.000000 382.000000 -0.810130 0.445885
80.000000 382.000000 -0.753609 0.445885
423.000000 382.000000 0.323424 0.445885
598.000000 383.000000 0.872930 0.449025
606.000000 383.000000 0.898051 0.449025
249.000000 384.000000 -0.222943 0.452165
447.000000 384.000000 0.398785 0.452165
570.000000 384.000000 0.785009 0.452165
578.000000 384.000000 0.810130 0.452165
616.000000 384.000000 0.929451 0.452165
630.000000 385.000000 0.973412 0.455305
40.000000 386.000000 -0.879210 0.458445
187.000000 386.000000 -0.417625 0.458445
226.000000 386.000000 -0.295163 0.458445
287.000000 386.000000 -0.103621 0.458445
318.000000 386.000000 -0.006280 0.458445
333.000000 386.000000 0.040820 0.458445
378.000000 386.000000 0.182122 0.458445
406.000000 386.000000 0.270043 0.458445
28.000000 387.000000 -0.916891 0.461585
47.000000 387.000000 -0.857230 0.461585
82.000000 387.000000 -0.747329 0.461585
155.000000 387.000000 -0.518106 0.461585
177.000000 387.000000 -0.449025 0.461585
404.000000 387.000000 0.263763 0.461585
466.000000 387.000000 0.458445 0.461585
624.000000 387.000000 0.954571 0.461585
84.000000 388.000000 -0.741049 0.464725
159.000000 388.000000 -0.505546 0.464725
203.000000 388.000000 -0.367384 0.464725
410.000000 388.000000 0.282603 0.464725
422.000000 388.000000 0.320284 0.464725
456.000000 388.000000 0.427045 0.464725
139.000000 389.000000 -0.568347 0.467866
187.000000 389.000000 -0.417625 0.467866
245.000000 389.000000 -0.235503 0.467866
294.000000 389.000000 -0.081641 0.467866
305.000000 389.000000 -0.047101 0.467866
354.000000 389.000000 0.106761 0.467866
437.000000 389.000000 0.367384 0.467866
463.000000 389.000000 0.449025 0.467866
42.000000 390.000000 -0.872930 0.471006
99.000000 390.000000 -0.693948 0.471006
103.000000 390.000000 -0.681388 0.471006
539.000000 390.000000 0.687668 0.471006
585.000000 390.000000 0.832110 0.471006
589.000000 390.000000 0.844670 0.471006
600.000000 390.000000 0.879210 0.471006
238.000000 391.000000 -0.257483 0.474146
271.000000 391.000000 -0.153862 0.474146
317.000000 391.000000 -0.009420 0.474146
361.000000 391.000000 0.128742 0.474146
373.000000 391.000000 0.166422 0.474146
434.000000 391.000000 0.357964 0.474146
605.000000 391.000000 0.894911 0.474146
166.000000 392.000000 -0.483566 0.477286
231.000000 392.000000 -0.279463 0.477286
285.000000 392.000000 -0.109901 0.477286
304.000000 392.000000 -0.050241 0.477286
335.000000 392.000000 0.047101 0.477286
377.000000 392.000000 0.178982 0.477286
410.000000 392.000000 0.282603 0.477286
571.000000 392.000000 0.788149 0.477286
579.000000 392.000000 0.813270 0.477286
583.000000 392.000000 0.825830 0.477286
44.000000 393.000000 -0.866650 0.480426
136.000000 393.000000 -0.577767 0.480426
138.000000 393.000000 -0.571487 0.480426
178.000000 393.000000 -0.445885 0.480426
180.000000 393.000000 -0.439605 0.480426
244.000000 393.000000 -0.238643 0.480426
272.000000 393.000000 -0.150722 0.480426
313.000000 393.000000 -0.021980 0.480426
361.000000 393.000000 0.128742 0.480426
420.000000 393.000000 0.314004 0.480426
428.000000 393.000000 0.339124 0.480426
601.000000 393.000000 0.882350 0.480426
635.000000 393.000000 0.989112 0.480426
31.000000 394.000000 -0.907471 0.483566
67.000000 394.000000 -0.794429 0.483566
229.000000 394.000000 -0.285743 0.483566
309.000000 394.000000 -0.034540 0.483566
348.000000 394.000000 0.087921 0.483566
355.000000 394.000000 0.109901 0.483566
369.000000 394.000000 0.153862 0.483566
613.000000 394.000000 0.920031 0.483566
615.000000 394.000000 0.926311 0.483566
74.000000 395.000000 -0.772449 0.486706
86.000000 395.000000 -0.734769 0.486706
271.000000 395.000000 -0.153862 0.486706
350.000000 395.000000 0.094201 0.486706
395.000000 395.000000 0.235503 0.486706
632.000000 395.000000 0.979692 0.486706
212.000000 396.000000 -0.339124 0.489846
244.000000 396.000000 -0.238643 0.489846
335.000000 396.000000 0.047101 0.489846
364.000000 396.000000 0.138162 0.489846
606.000000 396.000000 0.898051 0.489846
382.000000 397.000000 0.194682 0.492986
166.000000 398.000000 -0.483566 0.496126
181.000000 398.000000 -0.436465 0.496126
236.000000 398.000000 -0.263763 0.496126
350.000000 398.000000 0.094201 0.496126
363.000000 398.000000 0.135022 0.496126
130.000000 399.000000 -0.596607 0.499266
161.000000 399.000000 -0.499266 0.499266
223.000000 399.000000 -0.304584 0.499266
611.000000 399.000000 0.913751 0.499266
75.000000 400.000000 -0.769309 0.502406
152.000000 400.000000 -0.527526 0.502406
267.000000 400.000000 -0.166422 0.502406
293.000000 400.000000 -0.084781 0.502406
417.000000 400.000000 0.304584 0.502406
440.000000 400.000000 0.376804 0.502406
620.000000 400.000000 0.942011 0.502406
624.000000 400.000000 0.954571 0.502406
43.000000 401.000000 -0.869790 0.505546
197.000000 401.000000 -0.386225 0.505546
308.000000 401.000000 -0.037680 0.505546
65.000000 402.000000 -0.800709 0.508686
280.000000 402.000000 -0.125601 0.508686
425.000000 402.000000 0.329704 0.508686
472.000000 402.000000 0.477286 0.508686
590.000000 402.000000 0.847810 0.508686
345.000000 403.000000 0.078501 0.511826
161.000000 404.000000 -0.499266 0.514966
574.000000 404.000000 0.797569 0.514966
11.000000 405.000000 -0.970271 0.518106
223.000000 405.000000 -0.304584 0.518106
274.000000 405.000000 -0.144442 0.518106
607.000000 405.000000 0.901191 0.518106
214.000000 406.000000 -0.332844 0.521246
261.000000 406.000000 -0.185262 0.521246
316.000000 406.000000 -0.012560 0.521246
529.000000 406.000000 0.656268 0.521246
121.000000 407.000000 -0.624867 0.524386
205.000000 407.000000 -0.361104 0.524386
10.000000 408.000000 -0.973412 0.527526
104.000000 408.000000 -0.678248 0.527526
273.000000 408.000000 -0.147582 0.527526
338.000000 408.000000 0.056521 0.527526
473.000000 408.000000 0.480426 0.527526
50.000000 409.000000 -0.847810 0.530666
171.000000 409.000000 -0.467866 0.530666
265.000000 409.000000 -0.172702 0.530666
406.000000 409.000000 0.270043 0.530666
437.000000 409.000000 0.367384 0.530666
464.000000 409.000000 0.452165 0.530666
575.000000 409.000000 0.800709 0.530666
132.000000 410.000000 -0.590327 0.533806
209.000000 410.000000 -0.348544 0.533806
351.000000 410.000000 0.097341 0.533806
455.000000 410.000000 0.423905 0.533806
623.000000 410.000000 0.951431 0.533806
16.000000 411.000000 -0.954571 0.536946
27.000000 411.000000 -0.920031 0.536946
73.000000 411.000000 -0.775589 0.536946
207.000000 411.000000 -0.354824 0.536946
246.000000 411.000000 -0.232363 0.536946
365.000000 411.000000 0.141302 0.536946
592.000000 411.000000 0.854090 0.536946
614.000000 411.000000 0.923171 0.536946
260.000000 412.000000 -0.188402 0.540086
275.000000 412.000000 -0.141302 0.540086
282.000000 412.000000 -0.119321 0.540086
588.000000 412.000000 0.841530 0.540086
144.000000 413.000000 -0.552647 0.543226
222.000000 413.000000 -0.307724 0.543226
624.000000 413.000000 0.954571 0.543226
89.000000 414.000000 -0.725349 0.546366
290.000000 414.000000 -0.094201 0.546366
359.000000 414.000000 0.122461 0.546366
565.000000 414.000000 0.769309 0.546366
574.000000 414.000000 0.797569 0.546366
22.000000 415.000000 -0.935731 0.549506
43.000000 415.000000 -0.869790 0.549506
176.000000 415.000000 -0.452165 0.549506
369.000000 415.000000 0.153862 0.549506
408.000000 415.000000 0.276323 0.549506
519.000000 415.000000 0.624867 0.549506
583.000000 415.000000 0.825830 0.549506
9.000000 416.000000 -0.976552 0.552647
69.000000 416.000000 -0.788149 0.552647
75.000000 416.000000 -0.769309 0.552647
107.000000 416.000000 -0.668828 0.552647
153.000000 416.000000 -0.524386 0.552647
180.000000 416.000000 -0.439605 0.552647
249.000000 416.000000 -0.222943 0.552647
255.000000 416.000000 -0.204102 0.552647
464.000000 416.000000 0.452165 0.552647
589.000000 416.000000 0.844670 0.552647
16.000000 417.000000 -0.954571 0.555787
35.000000 417.000000 -0.894911 0.555787
156.000000 417.000000 -0.514966 0.555787
167.000000 417.000000 -0.480426 0.555787
240.000000 417.000000 -0.251203 0.555787
298.000000 417.000000 -0.069081 0.555787
555.000000 417.000000 0.737909 0.555787
584.000000 417.000000 0.828970 0.555787
586.000000 417.000000 0.835250 0.555787
619.000000 417.000000 0.938871 0.555787
118.000000 418.000000 -0.634288 0.558927
272.000000 418.000000 -0.150722 0.558927
308.000000 418.000000 -0.037680 0.558927
90.000000 419.000000 -0.722209 0.562067
102.000000 419.000000 -0.684528 0.562067
154.000000 419.000000 -0.521246 0.562067
268.000000 419.000000 -0.163282 0.562067
341.000000 419.000000 0.065941 0.562067
595.000000 419.000000 0.863510 0.562067
287.000000 420.000000 -0.103621 0.565207
267.000000 421.000000 -0.166422 0.568347
289.000000 421.000000 -0.097341 0.568347
35.000000 422.000000 -0.894911 0.571487
46.000000 422.000000 -0.860370 0.571487
165.000000 422.000000 -0.486706 0.571487
245.000000 422.000000 -0.235503 0.571487
606.000000 422.000000 0.898051 0.571487
117.000000 423.000000 -0.637428 0.574627
174.000000 423.000000 -0.458445 0.574627
252.000000 423.000000 -0.213523 0.574627
432.000000 423.000000 0.351684 0.574627
559.000000 423.000000 0.750469 0.574627
12.000000 424.000000 -0.967131 0.577767
43.000000 424.000000 -0.869790 0.577767
400.000000 424.000000 0.251203 0.577767
554.000000 424.000000 0.734769 0.577767
576.000000 424.000000 0.803850 0.577767
256.000000 425.000000 -0.200962 0.580907
56.000000 426.000000 -0.828970 0.584047
559.000000 426.000000 0.750469 0.584047
594.000000 427.000000 0.860370 0.587187
252.000000 428.000000 -0.213523 0.590327
324.000000 428.000000 0.012560 0.590327
562.000000 428.000000 0.759889 0.590327
220.000000 429.000000 -0.314004 0.593467
246.000000 429.000000 -0.232363 0.593467
578.000000 429.000000 0.810130 0.593467
233.000000 430.000000 -0.273183 0.596607
154.000000 431.000000 -0.521246 0.599747
542.000000 431.000000 0.697088 0.599747
57.000000 432.000000 -0.825830 0.602887
172.000000 432.000000 -0.464725 0.602887
212.000000 433.000000 -0.339124 0.606027
240.000000 433.000000 -0.251203 0.606027
251.000000 433.000000 -0.216663 0.606027
359.000000 433.000000 0.122461 0.606027
432.000000 433.000000 0.351684 0.606027
550.000000 433.000000 0.722209 0.606027
94.000000 434.000000 -0.709648 0.609167
173.000000 434.000000 -0.461585 0.609167
200.000000 434.000000 -0.376804 0.609167
80.000000 435.000000 -0.753609 0.612307
159.000000 435.000000 -0.505546 0.612307
248.000000 435.000000 -0.226083 0.612307
70.000000 436.000000 -0.785009 0.615447
177.000000 436.000000 -0.449025 0.615447
218.000000 436.000000 -0.320284 0.615447
585.000000 436.000000 0.832110 0.615447
134.000000 437.000000 -0.584047 0.618587
144.000000 437.000000 -0.552647 0.618587
240.000000 437.000000 -0.251203 0.618587
45.000000 438.000000 -0.863510 0.621727
181.000000 438.000000 -0.436465 0.621727
272.000000 438.000000 -0.150722 0.621727
42.000000 439.000000 -0.872930 0.624867
99.000000 439.000000 -0.693948 0.624867
111.000000 439.000000 -0.656268 0.624867
211.000000 439.000000 -0.342264 0.624867
284.000000 439.000000 -0.113041 0.624867
505.000000 439.000000 0.580907 0.624867
516.000000 439.000000 0.615447 0.624867
537.000000 439.000000 0.681388 0.624867
67.000000 440.000000 -0.794429 0.628007
96.000000 440.000000 -0.703368 0.628007
185.000000 440.000000 -0.423905 0.628007
196.000000 440.000000 -0.389365 0.628007
198.000000 440.000000 -0.383085 0.628007
446.000000 440.000000 0.395645 0.628007
465.000000 440.000000 0.455305 0.628007
89.000000 441.000000 -0.725349 0.631147
114.000000 441.000000 -0.646848 0.631147
145.000000 441.000000 -0.549506 0.631147
231.000000 441.000000 -0.279463 0.631147
243.000000 441.000000 -0.241783 0.631147
281.000000 441.000000 -0.122461 0.631147
429.000000 441.000000 0.342264 0.631147
537.000000 441.000000 0.681388 0.631147
65.000000 442.000000 -0.800709 0.634288
71.000000 442.000000 -0.781869 0.634288
103.000000 442.000000 -0.681388 0.634288
226.000000 442.000000 -0.295163 0.634288
245.000000 442.000000 -0.235503 0.634288
108.000000 444.000000 -0.665688 0.640568
124.000000 444.000000 -0.615447 0.640568
181.000000 444.000000 -0.436465 0.640568
251.000000 444.000000 -0.216663 0.640568
253.000000 444.000000 -0.210382 0.640568
20.000000 445.000000 -0.942011 0.643708
104.000000 445.000000 -0.678248 0.643708
149.000000 445.000000 -0.536946 0.643708
235.000000 445.000000 -0.266903 0.643708
318.000000 445.000000 -0.006280 0.643708
48.000000 446.000000 -0.854090 0.646848
56.000000 446.000000 -0.828970 0.646848
101.000000 447.000000 -0.687668 0.649988
170.000000 447.000000 -0.471006 0.649988
615.000000 447.000000 0.926311 0.649988
230.000000 448.000000 -0.282603 0.653128
74.000000 449.000000 -0.772449 0.656268
172.000000 449.000000 -0.464725 0.656268
266.000000 449.000000 -0.169562 0.656268
166.000000 450.000000 -0.483566 0.659408
380.000000 450.000000 0.188402 0.659408
229.000000 451.000000 -0.285743 0.662548
216.000000 452.000000 -0.326564 0.665688
20.000000 453.000000 -0.942011 0.668828
45.000000 453.000000 -0.863510 0.668828
67.000000 453.000000 -0.794429 0.668828
209.000000 453.000000 -0.348544 0.668828
273.000000 454.000000 -0.147582 0.671968
217.000000 455.000000 -0.323424 0.675108
288.000000 455.000000 -0.100481 0.675108
314.000000 455.000000 -0.018840 0.675108
379.000000 455.000000 0.185262 0.675108
479.000000 455.000000 0.499266 0.675108
556.000000 455.000000 0.741049 0.675108
94.000000 456.000000 -0.709648 0.678248
98.000000 456.000000 -0.697088 0.678248
528.000000 456.000000 0.653128 0.678248
54.000000 457.000000 -0.835250 0.681388
365.000000 457.000000 0.141302 0.681388
395.000000 457.000000 0.235503 0.681388
461.000000 457.000000 0.442745 0.681388
615.000000 457.000000 0.926311 0.681388
30.000000 458.000000 -0.910611 0.684528
164.000000 458.000000 -0.489846 0.684528
53.000000 459.000000 -0.838390 0.687668
132.000000 459.000000 -0.590327 0.687668
140.000000 459.000000 -0.565207 0.687668
143.000000 459.000000 -0.555787 0.687668
190.000000 459.000000 -0.408205 0.687668
228.000000 459.000000 -0.288883 0.687668
26.000000 460.000000 -0.923171 0.690808
96.000000 460.000000 -0.703368 0.690808
80.000000 462.000000 -0.753609 0.697088
117.000000 462.000000 -0.637428 0.697088
163.000000 462.000000 -0.492986 0.697088
228.000000 462.000000 -0.288883 0.697088
77.000000 463.000000 -0.763029 0.700228
300.000000 463.000000 -0.062801 0.700228
3.000000 464.000000 -0.995392 0.703368
160.000000 464.000000 -0.502406 0.703368
170.000000 464.000000 -0.471006 0.703368
185.000000 464.000000 -0.423905 0.703368
191.000000 464.000000 -0.405065 0.703368
222.000000 464.000000 -0.307724 0.703368
239.000000 464.000000 -0.254343 0.703368
475.000000 464.000000 0.486706 0.703368
588.000000 464.000000 0.841530 0.703368
19.000000 465.000000 -0.945151 0.706508
90.000000 465.000000 -0.722209 0.706508
234.000000 465.000000 -0.270043 0.706508
81.000000 466.000000 -0.750469 0.709648
210.000000 466.000000 -0.345404 0.709648
271.000000 466.000000 -0.153862 0.709648
277.000000 466.000000 -0.135022 0.709648
309.000000 466.000000 -0.034540 0.709648
321.000000 466.000000 0.003140 0.709648
332.000000 466.000000 0.037680 0.709648
56.000000 467.000000 -0.828970 0.712788
291.000000 467.000000 -0.091061 0.712788
211.000000 468.000000 -0.342264 0.715928
33.000000 469.000000 -0.901191 0.719069
217.000000 469.000000 -0.323424 0.719069
253.000000 469.000000 -0.210382 0.719069
371.000000 469.000000 0.160142 0.719069
29.000000 470.000000 -0.913751 0.722209
40.000000 470.000000 -0.879210 0.722209
266.000000 470.000000 -0.169562 0.722209
458.000000 470.000000 0.433325 0.722209
485.000000 470.000000 0.518106 0.722209
565.000000 470.000000 0.769309 0.722209
610.000000 470.000000 0.910611 0.722209
6.000000 472.000000 -0.985972 0.728489
48.000000 472.000000 -0.854090 0.728489
78.000000 472.000000 -0.759889 0.728489
106.000000 472.000000 -0.671968 0.728489
202.000000 472.000000 -0.370524 0.728489
225.000000 472.000000 -0.298304 0.728489
320.000000 472.000000 -0.000000 0.728489
44.000000 473.000000 -0.866650 0.731629
89.000000 473.000000 -0.725349 0.731629
116.000000 473.000000 -0.640568 0.731629
7.000000 474.000000 -0.982832 0.734769
84.000000 474.000000 -0.741049 0.734769
149.000000 474.000000 -0.536946 0.734769
153.000000 474.000000 -0.524386 0.734769
157.000000 474.000000 -0.511826 0.734769
275.000000 474.000000 -0.141302 0.734769
102.000000 475.000000 -0.684528 0.737909
271.000000 475.000000 -0.153862 0.737909
