45.000000 3.000000 -0.863510 -0.744189
146.000000 3.000000 -0.546366 -0.744189
388.000000 3.000000 0.213523 -0.744189
423.000000 3.000000 0.323424 -0.744189
435.000000 3.000000 0.361104 -0.744189
469.000000 3.000000 0.467866 -0.744189
506.000000 3.000000 0.584047 -0.744189
532.000000 3.000000 0.665688 -0.744189
600.000000 3.000000 0.879210 -0.744189
625.000000 3.000000 0.957711 -0.744189
77.000000 4.000000 -0.763029 -0.741049
445.000000 4.000000 0.392505 -0.741049
453.000000 4.000000 0.417625 -0.741049
190.000000 5.000000 -0.408205 -0.737909
240.000000 5.000000 -0.251203 -0.737909
392.000000 5.000000 0.226083 -0.737909
432.000000 5.000000 0.351684 -0.737909
516.000000 5.000000 0.615447 -0.737909
538.000000 5.000000 0.684528 -0.737909
512.000000 6.000000 0.602887 -0.734769
81.000000 7.000000 -0.750469 -0.731629
295.000000 7.000000 -0.078501 -0.731629
436.000000 7.000000 0.364244 -0.731629
464.000000 7.000000 0.452165 -0.731629
498.000000 7.000000 0.558927 -0.731629
606.000000 7.000000 0.898051 -0.731629
205.000000 8.000000 -0.361104 -0.728489
432.000000 8.000000 0.351684 -0.728489
459.000000 8.000000 0.436465 -0.728489
544.000000 8.000000 0.703368 -0.728489
512.000000 9.000000 0.602887 -0.725349
30.000000 10.000000 -0.910611 -0.722209
81.000000 10.000000 -0.750469 -0.722209
548.000000 10.000000 0.715928 -0.722209
474.000000 11.000000 0.483566 -0.719069
83.000000 12.000000 -0.744189 -0.715928
133.000000 12.000000 -0.587187 -0.715928
205.000000 12.000000 -0.361104 -0.715928
216.000000 13.000000 -0.326564 -0.712788
61.000000 14.000000 -0.813270 -0.709648
160.000000 14.000000 -0.502406 -0.709648
183.000000 14.000000 -0.430185 -0.709648
553.000000 14.000000 0.731629 -0.709648
307.000000 15.000000 -0.040820 -0.706508
485.000000 15.000000 0.518106 -0.706508
508.000000 15.000000 0.590327 -0.706508
631.000000 15.000000 0.976552 -0.706508
96.000000 16.000000 -0.703368 -0.703368
188.000000 16.000000 -0.414485 -0.703368
261.000000 16.000000 -0.185262 -0.703368
434.000000 16.000000 0.357964 -0.703368
461.000000 16.000000 0.442745 -0.703368
522.000000 16.000000 0.634288 -0.703368
86.000000 17.000000 -0.734769 -0.700228
179.000000 17.000000 -0.442745 -0.700228
198.000000 17.000000 -0.383085 -0.700228
214.000000 17.000000 -0.332844 -0.700228
498.000000 17.000000 0.558927 -0.700228
545.000000 17.000000 0.706508 -0.700228
548.000000 17.000000 0.715928 -0.700228
598.000000 17.000000 0.872930 -0.700228
609.000000 17.000000 0.907471 -0.700228
89.000000 18.000000 -0.725349 -0.697088
124.000000 18.000000 -0.615447 -0.697088
465.000000 18.000000 0.455305 -0.697088
480.000000 18.000000 0.502406 -0.697088
100.000000 19.000000 -0.690808 -0.693948
449.000000 19.000000 0.405065 -0.693948
456.000000 20.000000 0.427045 -0.690808
462.000000 20.000000 0.445885 -0.690808
479.000000 20.000000 0.499266 -0.690808
548.000000 20.000000 0.715928 -0.690808
525.000000 21.000000 0.643708 -0.687668
161.000000 22.000000 -0.499266 -0.684528
173.000000 22.000000 -0.461585 -0.684528
211.000000 22.000000 -0.342264 -0.684528
493.000000 22.000000 0.543226 -0.684528
507.000000 22.000000 0.587187 -0.684528
618.000000 22.000000 0.935731 -0.684528
164.000000 23.000000 -0.489846 -0.681388
169.000000 23.000000 -0.474146 -0.681388
200.000000 23.000000 -0.376804 -0.681388
206.000000 23.000000 -0.357964 -0.681388
223.000000 23.000000 -0.304584 -0.681388
465.000000 23.000000 0.455305 -0.681388
490.000000 23.000000 0.533806 -0.681388
513.000000 23.000000 0.606027 -0.681388
147.000000 24.000000 -0.543226 -0.678248
216.000000 24.000000 -0.326564 -0.678248
420.000000 24.000000 0.314004 -0.678248
529.000000 24.000000 0.656268 -0.678248
537.000000 24.000000 0.681388 -0.678248
548.000000 24.000000 0.715928 -0.678248
46.000000 25.000000 -0.860370 -0.675108
136.000000 25.000000 -0.577767 -0.675108
455.000000 25.000000 0.423905 -0.675108
630.000000 25.000000 0.973412 -0.675108
635.000000 25.000000 0.989112 -0.675108
208.000000 26.000000 -0.351684 -0.671968
511.000000 26.000000 0.599747 -0.671968
521.000000 26.000000 0.631147 -0.671968
523.000000 26.000000 0.637428 -0.671968
474.000000 27.000000 0.483566 -0.668828
516.000000 27.000000 0.615447 -0.668828
456.000000 28.000000 0.427045 -0.665688
100.000000 29.000000 -0.690808 -0.662548
219.000000 29.000000 -0.317144 -0.662548
400.000000 29.000000 0.251203 -0.662548
461.000000 29.000000 0.442745 -0.662548
593.000000 29.000000 0.857230 -0.662548
615.000000 29.000000 0.926311 -0.662548
622.000000 30.000000 0.948291 -0.659408
99.000000 31.000000 -0.693948 -0.656268
159.000000 31.000000 -0.505546 -0.656268
248.000000 31.000000 -0.226083 -0.656268
512.000000 31.000000 0.602887 -0.656268
624.000000 31.000000 0.954571 -0.656268
150.000000 32.000000 -0.533806 -0.653128
103.000000 33.000000 -0.681388 -0.649988
145.000000 33.000000 -0.549506 -0.649988
195.000000 33.000000 -0.392505 -0.649988
368.000000 33.000000 0.150722 -0.649988
429.000000 33.000000 0.342264 -0.649988
452.000000 33.000000 0.414485 -0.649988
610.000000 33.000000 0.910611 -0.649988
516.000000 34.000000 0.615447 -0.646848
547.000000 34.000000 0.712788 -0.646848
166.000000 36.000000 -0.483566 -0.640568
623.000000 36.000000 0.951431 -0.640568
518.000000 37.000000 0.621727 -0.637428
466.000000 38.000000 0.458445 -0.634288
142.000000 39.000000 -0.558927 -0.631147
618.000000 39.000000 0.935731 -0.631147
129.000000 40.000000 -0.599747 -0.628007
156.000000 40.000000 -0.514966 -0.628007
440.000000 40.000000 0.376804 -0.628007
182.000000 41.000000 -0.433325 -0.624867
243.000000 41.000000 -0.241783 -0.624867
485.000000 41.000000 0.518106 -0.624867
150.000000 42.000000 -0.533806 -0.621727
248.000000 42.000000 -0.226083 -0.621727
483.000000 42.000000 0.511826 -0.621727
522.000000 42.000000 0.634288 -0.621727
544.000000 42.000000 0.703368 -0.621727
552.000000 42.000000 0.728489 -0.621727
613.000000 42.000000 0.920031 -0.621727
214.000000 43.000000 -0.332844 -0.618587
237.000000 43.000000 -0.260623 -0.618587
507.000000 43.000000 0.587187 -0.618587
393.000000 44.000000 0.229223 -0.615447
481.000000 44.000000 0.505546 -0.615447
616.000000 44.000000 0.929451 -0.615447
205.000000 45.000000 -0.361104 -0.612307
420.000000 45.000000 0.314004 -0.612307
474.000000 45.000000 0.483566 -0.612307
556.000000 45.000000 0.741049 -0.612307
83.000000 46.000000 -0.744189 -0.609167
141.000000 46.000000 -0.562067 -0.609167
251.000000 46.000000 -0.216663 -0.609167
438.000000 46.000000 0.370524 -0.609167
444.000000 46.000000 0.389365 -0.609167
540.000000 46.000000 0.690808 -0.609167
563.000000 46.000000 0.763029 -0.609167
611.000000 46.000000 0.913751 -0.609167
615.000000 46.000000 0.926311 -0.609167
24.000000 47.000000 -0.929451 -0.606027
109.000000 47.000000 -0.662548 -0.606027
602.000000 47.000000 0.885490 -0.606027
608.000000 47.000000 0.904331 -0.606027
629.000000 47.000000 0.970271 -0.606027
77.000000 48.000000 -0.763029 -0.602887
95.000000 48.000000 -0.706508 -0.602887
232.000000 48.000000 -0.276323 -0.602887
250.000000 48.000000 -0.219803 -0.602887
269.000000 48.000000 -0.160142 -0.602887
373.000000 48.000000 0.166422 -0.602887
388.000000 48.000000 0.213523 -0.602887
455.000000 48.000000 0.423905 -0.602887
468.000000 48.000000 0.464725 -0.602887
503.000000 48.000000 0.574627 -0.602887
543.000000 48.000000 0.700228 -0.602887
553.000000 48.000000 0.731629 -0.602887
33.000000 49.000000 -0.901191 -0.599747
118.000000 49.000000 -0.634288 -0.599747
160.000000 49.000000 -0.502406 -0.599747
179.000000 49.000000 -0.442745 -0.599747
181.000000 49.000000 -0.436465 -0.599747
187.000000 49.000000 -0.417625 -0.599747
196.000000 49.000000 -0.389365 -0.599747
210.000000 49.000000 -0.345404 -0.599747
500.000000 49.000000 0.565207 -0.599747
511.000000 49.000000 0.599747 -0.599747
557.000000 49.000000 0.744189 -0.599747
562.000000 50.000000 0.759889 -0.596607
608.000000 50.000000 0.904331 -0.596607
200.000000 51.000000 -0.376804 -0.593467
254.000000 51.000000 -0.207242 -0.593467
354.000000 51.000000 0.106761 -0.593467
493.000000 51.000000 0.543226 -0.593467
543.000000 51.000000 0.700228 -0.593467
589.000000 51.000000 0.844670 -0.593467
624.000000 51.000000 0.954571 -0.593467
124.000000 52.000000 -0.615447 -0.590327
186.000000 52.000000 -0.420765 -0.590327
224.000000 52.000000 -0.301444 -0.590327
236.000000 52.000000 -0.263763 -0.590327
243.000000 52.000000 -0.241783 -0.590327
547.000000 52.000000 0.712788 -0.590327
594.000000 52.000000 0.860370 -0.590327
96.000000 53.000000 -0.703368 -0.587187
142.000000 53.000000 -0.558927 -0.587187
184.000000 53.000000 -0.427045 -0.587187
356.000000 53.000000 0.113041 -0.587187
402.000000 53.000000 0.257483 -0.587187
606.000000 53.000000 0.898051 -0.587187
633.000000 53.000000 0.982832 -0.587187
398.000000 54.000000 0.244923 -0.584047
494.000000 54.000000 0.546366 -0.584047
501.000000 54.000000 0.568347 -0.584047
128.000000 55.000000 -0.602887 -0.580907
146.000000 55.000000 -0.546366 -0.580907
394.000000 55.000000 0.232363 -0.580907
496.000000 55.000000 0.552647 -0.580907
199.000000 56.000000 -0.379945 -0.577767
214.000000 56.000000 -0.332844 -0.577767
330.000000 56.000000 0.031400 -0.577767
383.000000 56.000000 0.197822 -0.577767
389.000000 56.000000 0.216663 -0.577767
560.000000 56.000000 0.753609 -0.577767
186.000000 57.000000 -0.420765 -0.574627
326.000000 57.000000 0.018840 -0.574627
493.000000 57.000000 0.543226 -0.574627
616.000000 57.000000 0.929451 -0.574627
378.000000 58.000000 0.182122 -0.571487
245.000000 59.000000 -0.235503 -0.568347
205.000000 60.000000 -0.361104 -0.565207
369.000000 60.000000 0.153862 -0.565207
518.000000 60.000000 0.621727 -0.565207
543.000000 60.000000 0.700228 -0.565207
121.000000 61.000000 -0.624867 -0.562067
226.000000 61.000000 -0.295163 -0.562067
365.000000 61.000000 0.141302 -0.562067
538.000000 61.000000 0.684528 -0.562067
557.000000 61.000000 0.744189 -0.562067
360.000000 62.000000 0.125601 -0.558927
564.000000 62.000000 0.766169 -0.558927
355.000000 63.000000 0.109901 -0.555787
350.000000 64.000000 0.094201 -0.552647
485.000000 64.000000 0.518106 -0.552647
346.000000 65.000000 0.081641 -0.549506
526.000000 65.000000 0.646848 -0.549506
553.000000 65.000000 0.731629 -0.549506
179.000000 66.000000 -0.442745 -0.546366
186.000000 66.000000 -0.420765 -0.546366
282.000000 66.000000 -0.119321 -0.546366
341.000000 66.000000 0.065941 -0.546366
540.000000 66.000000 0.690808 -0.546366
581.000000 66.000000 0.819550 -0.546366
143.000000 67.000000 -0.555787 -0.543226
262.000000 67.000000 -0.182122 -0.543226
337.000000 67.000000 0.053381 -0.543226
538.000000 67.000000 0.684528 -0.543226
100.000000 68.000000 -0.690808 -0.540086
184.000000 68.000000 -0.427045 -0.540086
332.000000 68.000000 0.037680 -0.540086
164.000000 69.000000 -0.489846 -0.536946
202.000000 69.000000 -0.370524 -0.536946
223.000000 69.000000 -0.304584 -0.536946
268.000000 69.000000 -0.163282 -0.536946
272.000000 69.000000 -0.150722 -0.536946
490.000000 69.000000 0.533806 -0.536946
502.000000 69.000000 0.571487 -0.536946
524.000000 69.000000 0.640568 -0.536946
120.000000 70.000000 -0.628007 -0.533806
168.000000 70.000000 -0.477286 -0.533806
241.000000 70.000000 -0.248063 -0.533806
322.000000 70.000000 0.006280 -0.533806
516.000000 70.000000 0.615447 -0.533806
100.000000 71.000000 -0.690808 -0.530666
318.000000 71.000000 -0.006280 -0.530666
476.000000 71.000000 0.489846 -0.530666
597.000000 71.000000 0.869790 -0.530666
618.000000 71.000000 0.935731 -0.530666
97.000000 72.000000 -0.700228 -0.527526
229.000000 72.000000 -0.285743 -0.527526
258.000000 72.000000 -0.194682 -0.527526
308.000000 72.000000 -0.037680 -0.527526
313.000000 72.000000 -0.021980 -0.527526
411.000000 72.000000 0.285743 -0.527526
546.000000 72.000000 0.709648 -0.527526
187.000000 73.000000 -0.417625 -0.524386
245.000000 73.000000 -0.235503 -0.524386
483.000000 73.000000 0.511826 -0.524386
556.000000 73.000000 0.741049 -0.524386
589.000000 73.000000 0.844670 -0.524386
121.000000 74.000000 -0.624867 -0.521246
178.000000 74.000000 -0.445885 -0.521246
223.000000 74.000000 -0.304584 -0.521246
248.000000 74.000000 -0.226083 -0.521246
303.000000 74.000000 -0.053381 -0.521246
459.000000 74.000000 0.436465 -0.521246
478.000000 74.000000 0.496126 -0.521246
522.000000 74.000000 0.634288 -0.521246
534.000000 74.000000 0.671968 -0.521246
551.000000 74.000000 0.725349 -0.521246
572.000000 74.000000 0.791289 -0.521246
576.000000 74.000000 0.803850 -0.521246
578.000000 74.000000 0.810130 -0.521246
143.000000 75.000000 -0.555787 -0.518106
530.000000 75.000000 0.659408 -0.518106
176.000000 76.000000 -0.452165 -0.514966
187.000000 76.000000 -0.417625 -0.514966
110.000000 77.000000 -0.659408 -0.511826
121.000000 77.000000 -0.624867 -0.511826
228.000000 77.000000 -0.288883 -0.511826
289.000000 77.000000 -0.097341 -0.511826
493.000000 77.000000 0.543226 -0.511826
285.000000 78.000000 -0.109901 -0.508686
562.000000 78.000000 0.759889 -0.508686
238.000000 79.000000 -0.257483 -0.505546
261.000000 79.000000 -0.185262 -0.505546
280.000000 79.000000 -0.125601 -0.505546
116.000000 80.000000 -0.640568 -0.502406
220.000000 80.000000 -0.314004 -0.502406
228.000000 80.000000 -0.288883 -0.502406
236.000000 80.000000 -0.263763 -0.502406
271.000000 80.000000 -0.153862 -0.502406
276.000000 80.000000 -0.138162 -0.502406
528.000000 80.000000 0.653128 -0.502406
635.000000 80.000000 0.989112 -0.502406
170.000000 81.000000 -0.471006 -0.499266
156.000000 82.000000 -0.514966 -0.496126
266.000000 82.000000 -0.169562 -0.496126
602.000000 82.000000 0.885490 -0.496126
621.000000 82.000000 0.945151 -0.496126
260.000000 83.000000 -0.188402 -0.492986
594.000000 83.000000 0.860370 -0.492986
169.000000 84.000000 -0.474146 -0.489846
265.000000 84.000000 -0.172702 -0.489846
634.000000 84.000000 0.985972 -0.489846
472.000000 85.000000 0.477286 -0.486706
626.000000 85.000000 0.960851 -0.486706
129.000000 86.000000 -0.599747 -0.483566
168.000000 86.000000 -0.477286 -0.483566
191.000000 86.000000 -0.405065 -0.483566
575.000000 86.000000 0.800709 -0.483566
135.000000 87.000000 -0.580907 -0.480426
131.000000 88.000000 -0.593467 -0.477286
181.000000 88.000000 -0.436465 -0.477286
480.000000 88.000000 0.502406 -0.477286
507.000000 88.000000 0.587187 -0.477286
600.000000 88.000000 0.879210 -0.477286
176.000000 89.000000 -0.452165 -0.474146
544.000000 89.000000 0.703368 -0.474146
171.000000 90.000000 -0.467866 -0.471006
470.000000 90.000000 0.471006 -0.471006
132.000000 91.000000 -0.590327 -0.467866
174.000000 91.000000 -0.458445 -0.467866
584.000000 91.000000 0.828970 -0.467866
593.000000 91.000000 0.857230 -0.467866
144.000000 92.000000 -0.552647 -0.464725
149.000000 92.000000 -0.536946 -0.464725
193.000000 92.000000 -0.398785 -0.464725
475.000000 92.000000 0.486706 -0.464725
189.000000 93.000000 -0.411345 -0.461585
493.000000 93.000000 0.543226 -0.461585
500.000000 93.000000 0.565207 -0.461585
548.000000 93.000000 0.715928 -0.461585
623.000000 93.000000 0.951431 -0.461585
152.000000 94.000000 -0.527526 -0.458445
198.000000 94.000000 -0.383085 -0.458445
461.000000 94.000000 0.442745 -0.458445
612.000000 94.000000 0.916891 -0.458445
77.000000 95.000000 -0.763029 -0.455305
133.000000 95.000000 -0.587187 -0.455305
137.000000 95.000000 -0.574627 -0.455305
143.000000 95.000000 -0.555787 -0.455305
147.000000 95.000000 -0.543226 -0.455305
210.000000 95.000000 -0.345404 -0.455305
590.000000 95.000000 0.847810 -0.455305
139.000000 96.000000 -0.568347 -0.452165
197.000000 96.000000 -0.386225 -0.452165
199.000000 96.000000 -0.379945 -0.452165
201.000000 96.000000 -0.373664 -0.452165
510.000000 96.000000 0.596607 -0.452165
596.000000 96.000000 0.866650 -0.452165
522.000000 97.000000 0.634288 -0.449025
530.000000 97.000000 0.659408 -0.449025
134.000000 98.000000 -0.584047 -0.445885
139.000000 98.000000 -0.568347 -0.445885
190.000000 98.000000 -0.408205 -0.445885
195.000000 98.000000 -0.392505 -0.445885
201.000000 98.000000 -0.373664 -0.445885
204.000000 98.000000 -0.364244 -0.445885
234.000000 98.000000 -0.270043 -0.445885
519.000000 98.000000 0.624867 -0.445885
540.000000 98.000000 0.690808 -0.445885
136.000000 99.000000 -0.577767 -0.442745
186.000000 99.000000 -0.420765 -0.442745
502.000000 99.000000 0.571487 -0.442745
558.000000 99.000000 0.747329 -0.442745
567.000000 99.000000 0.775589 -0.442745
589.000000 99.000000 0.844670 -0.442745
616.000000 99.000000 0.929451 -0.442745
123.000000 100.000000 -0.618587 -0.439605
181.000000 100.000000 -0.436465 -0.439605
206.000000 100.000000 -0.357964 -0.439605
106.000000 101.000000 -0.671968 -0.436465
119.000000 101.000000 -0.631147 -0.436465
176.000000 101.000000 -0.452165 -0.436465
199.000000 101.000000 -0.379945 -0.436465
501.000000 101.000000 0.568347 -0.436465
512.000000 101.000000 0.602887 -0.436465
524.000000 101.000000 0.640568 -0.436465
114.000000 102.000000 -0.646848 -0.433325
498.000000 102.000000 0.558927 -0.433325
594.000000 102.000000 0.860370 -0.433325
86.000000 103.000000 -0.734769 -0.430185
109.000000 103.000000 -0.662548 -0.430185
166.000000 103.000000 -0.483566 -0.430185
482.000000 103.000000 0.508686 -0.430185
602.000000 103.000000 0.885490 -0.430185
96.000000 104.000000 -0.703368 -0.427045
162.000000 104.000000 -0.496126 -0.427045
197.000000 104.000000 -0.386225 -0.427045
469.000000 104.000000 0.467866 -0.427045
492.000000 104.000000 0.540086 -0.427045
158.000000 105.000000 -0.508686 -0.423905
583.000000 105.000000 0.825830 -0.423905
516.000000 106.000000 0.615447 -0.420765
98.000000 107.000000 -0.697088 -0.417625
100.000000 108.000000 -0.690808 -0.414485
144.000000 108.000000 -0.552647 -0.414485
198.000000 108.000000 -0.383085 -0.414485
265.000000 108.000000 -0.172702 -0.414485
577.000000 108.000000 0.806990 -0.414485
138.000000 109.000000 -0.571487 -0.411345
221.000000 110.000000 -0.310864 -0.408205
228.000000 110.000000 -0.288883 -0.408205
539.000000 110.000000 0.687668 -0.408205
581.000000 110.000000 0.819550 -0.408205
607.000000 110.000000 0.901191 -0.408205
160.000000 111.000000 -0.502406 -0.405065
214.000000 111.000000 -0.332844 -0.405065
218.000000 111.000000 -0.320284 -0.405065
457.000000 111.000000 0.430185 -0.405065
522.000000 111.000000 0.634288 -0.405065
107.000000 112.000000 -0.668828 -0.401925
125.000000 112.000000 -0.612307 -0.401925
176.000000 112.000000 -0.452165 -0.401925
229.000000 112.000000 -0.285743 -0.401925
568.000000 112.000000 0.778729 -0.401925
119.000000 113.000000 -0.631147 -0.398785
275.000000 113.000000 -0.141302 -0.398785
107.000000 115.000000 -0.668828 -0.392505
632.000000 115.000000 0.979692 -0.392505
143.000000 116.000000 -0.555787 -0.389365
150.000000 116.000000 -0.533806 -0.389365
221.000000 116.000000 -0.310864 -0.389365
322.000000 116.000000 0.006280 -0.389365
324.000000 116.000000 0.012560 -0.389365
544.000000 116.000000 0.703368 -0.389365
566.000000 116.000000 0.772449 -0.389365
225.000000 117.000000 -0.298304 -0.386225
229.000000 117.000000 -0.285743 -0.386225
483.000000 117.000000 0.511826 -0.386225
138.000000 118.000000 -0.571487 -0.383085
160.000000 118.000000 -0.502406 -0.383085
289.000000 118.000000 -0.097341 -0.383085
325.000000 118.000000 0.015700 -0.383085
557.000000 118.000000 0.744189 -0.383085
621.000000 118.000000 0.945151 -0.383085
167.000000 119.000000 -0.480426 -0.379945
286.000000 119.000000 -0.106761 -0.379945
291.000000 119.000000 -0.091061 -0.379945
294.000000 119.000000 -0.081641 -0.379945
510.000000 119.000000 0.596607 -0.379945
617.000000 119.000000 0.932591 -0.379945
36.000000 120.000000 -0.891771 -0.376804
140.000000 120.000000 -0.565207 -0.376804
201.000000 120.000000 -0.373664 -0.376804
282.000000 120.000000 -0.119321 -0.376804
308.000000 120.000000 -0.037680 -0.376804
501.000000 120.000000 0.568347 -0.376804
545.000000 120.000000 0.706508 -0.376804
595.000000 120.000000 0.863510 -0.376804
557.000000 121.000000 0.744189 -0.373664
567.000000 121.000000 0.775589 -0.373664
621.000000 121.000000 0.945151 -0.373664
221.000000 122.000000 -0.310864 -0.370524
298.000000 122.000000 -0.069081 -0.370524
470.000000 122.000000 0.471006 -0.370524
480.000000 122.000000 0.502406 -0.370524
283.000000 123.000000 -0.116181 -0.367384
605.000000 123.000000 0.894911 -0.367384
636.000000 123.000000 0.992252 -0.367384
223.000000 124.000000 -0.304584 -0.364244
580.000000 124.000000 0.816410 -0.364244
603.000000 124.000000 0.888631 -0.364244
309.000000 125.000000 -0.034540 -0.361104
567.000000 126.000000 0.775589 -0.357964
624.000000 126.000000 0.954571 -0.357964
208.000000 127.000000 -0.351684 -0.354824
523.000000 127.000000 0.637428 -0.354824
530.000000 127.000000 0.659408 -0.354824
565.000000 127.000000 0.769309 -0.354824
187.000000 128.000000 -0.417625 -0.351684
190.000000 128.000000 -0.408205 -0.351684
575.000000 128.000000 0.800709 -0.351684
236.000000 129.000000 -0.263763 -0.348544
305.000000 129.000000 -0.047101 -0.348544
307.000000 129.000000 -0.040820 -0.348544
573.000000 129.000000 0.794429 -0.348544
168.000000 130.000000 -0.477286 -0.345404
278.000000 130.000000 -0.131882 -0.345404
565.000000 130.000000 0.769309 -0.345404
584.000000 130.000000 0.828970 -0.345404
190.000000 131.000000 -0.408205 -0.342264
220.000000 131.000000 -0.314004 -0.342264
137.000000 132.000000 -0.574627 -0.339124
151.000000 132.000000 -0.530666 -0.339124
225.000000 132.000000 -0.298304 -0.339124
221.000000 135.000000 -0.310864 -0.329704
338.000000 135.000000 0.056521 -0.329704
479.000000 135.000000 0.499266 -0.329704
512.000000 136.000000 0.602887 -0.326564
169.000000 137.000000 -0.474146 -0.323424
584.000000 137.000000 0.828970 -0.323424
213.000000 139.000000 -0.335984 -0.317144
636.000000 139.000000 0.992252 -0.317144
211.000000 140.000000 -0.342264 -0.314004
239.000000 141.000000 -0.254343 -0.310864
174.000000 142.000000 -0.458445 -0.307724
208.000000 142.000000 -0.351684 -0.307724
343.000000 142.000000 0.072221 -0.307724
585.000000 142.000000 0.832110 -0.307724
176.000000 143.000000 -0.452165 -0.304584
211.000000 143.000000 -0.342264 -0.304584
148.000000 144.000000 -0.540086 -0.301444
205.000000 144.000000 -0.361104 -0.301444
238.000000 144.000000 -0.257483 -0.301444
331.000000 144.000000 0.034540 -0.301444
251.000000 145.000000 -0.216663 -0.298304
556.000000 145.000000 0.741049 -0.298304
589.000000 145.000000 0.844670 -0.298304
631.000000 145.000000 0.976552 -0.298304
332.000000 146.000000 0.037680 -0.295163
622.000000 146.000000 0.948291 -0.295163
242.000000 147.000000 -0.244923 -0.292023
281.000000 147.000000 -0.122461 -0.292023
208.000000 148.000000 -0.351684 -0.288883
255.000000 148.000000 -0.204102 -0.288883
269.000000 148.000000 -0.160142 -0.288883
343.000000 148.000000 0.072221 -0.288883
253.000000 149.000000 -0.210382 -0.285743
325.000000 149.000000 0.015700 -0.285743
152.000000 150.000000 -0.527526 -0.282603
257.000000 150.000000 -0.197822 -0.282603
347.000000 150.000000 0.084781 -0.282603
603.000000 150.000000 0.888631 -0.282603
187.000000 151.000000 -0.417625 -0.279463
343.000000 151.000000 0.072221 -0.279463
239.000000 152.000000 -0.254343 -0.276323
288.000000 152.000000 -0.100481 -0.276323
246.000000 153.000000 -0.232363 -0.273183
319.000000 153.000000 -0.003140 -0.273183
519.000000 153.000000 0.624867 -0.273183
307.000000 154.000000 -0.040820 -0.270043
342.000000 154.000000 0.069081 -0.270043
598.000000 154.000000 0.872930 -0.270043
153.000000 155.000000 -0.524386 -0.266903
297.000000 155.000000 -0.072221 -0.266903
261.000000 156.000000 -0.185262 -0.263763
274.000000 156.000000 -0.144442 -0.263763
312.000000 156.000000 -0.025120 -0.263763
348.000000 156.000000 0.087921 -0.263763
154.000000 157.000000 -0.521246 -0.260623
241.000000 157.000000 -0.248063 -0.260623
250.000000 157.000000 -0.219803 -0.260623
234.000000 158.000000 -0.270043 -0.257483
279.000000 158.000000 -0.128742 -0.257483
302.000000 158.000000 -0.056521 -0.257483
617.000000 158.000000 0.932591 -0.257483
275.000000 160.000000 -0.141302 -0.251203
411.000000 160.000000 0.285743 -0.251203
620.000000 160.000000 0.942011 -0.251203
623.000000 160.000000 0.951431 -0.251203
293.000000 161.000000 -0.084781 -0.248063
559.000000 161.000000 0.750469 -0.248063
151.000000 162.000000 -0.530666 -0.244923
178.000000 162.000000 -0.445885 -0.244923
283.000000 162.000000 -0.116181 -0.244923
316.000000 162.000000 -0.012560 -0.244923
612.000000 162.000000 0.916891 -0.244923
622.000000 162.000000 0.948291 -0.244923
250.000000 163.000000 -0.219803 -0.241783
260.000000 163.000000 -0.188402 -0.241783
318.000000 163.000000 -0.006280 -0.241783
581.000000 163.000000 0.819550 -0.241783
237.000000 164.000000 -0.260623 -0.238643
301.000000 164.000000 -0.059661 -0.238643
311.000000 164.000000 -0.028260 -0.238643
586.000000 164.000000 0.835250 -0.238643
636.000000 164.000000 0.992252 -0.238643
8.000000 166.000000 -0.979692 -0.232363
257.000000 166.000000 -0.197822 -0.232363
263.000000 166.000000 -0.178982 -0.232363
292.000000 166.000000 -0.087921 -0.232363
282.000000 167.000000 -0.119321 -0.229223
341.000000 167.000000 0.065941 -0.229223
343.000000 167.000000 0.072221 -0.229223
358.000000 167.000000 0.119321 -0.229223
580.000000 167.000000 0.816410 -0.229223
193.000000 168.000000 -0.398785 -0.226083
197.000000 168.000000 -0.386225 -0.226083
254.000000 168.000000 -0.207242 -0.226083
316.000000 168.000000 -0.012560 -0.226083
512.000000 168.000000 0.602887 -0.226083
585.000000 168.000000 0.832110 -0.226083
587.000000 168.000000 0.838390 -0.226083
600.000000 168.000000 0.879210 -0.226083
178.000000 169.000000 -0.445885 -0.222943
232.000000 169.000000 -0.276323 -0.222943
238.000000 169.000000 -0.257483 -0.222943
257.000000 169.000000 -0.197822 -0.222943
267.000000 169.000000 -0.166422 -0.222943
532.000000 169.000000 0.665688 -0.222943
539.000000 169.000000 0.687668 -0.222943
603.000000 169.000000 0.888631 -0.222943
618.000000 169.000000 0.935731 -0.222943
626.000000 169.000000 0.960851 -0.222943
590.000000 170.000000 0.847810 -0.219803
592.000000 170.000000 0.854090 -0.219803
294.000000 171.000000 -0.081641 -0.216663
636.000000 172.000000 0.992252 -0.213523
354.000000 173.000000 0.106761 -0.210382
570.000000 173.000000 0.785009 -0.210382
187.000000 174.000000 -0.417625 -0.207242
243.000000 174.000000 -0.241783 -0.207242
264.000000 174.000000 -0.175842 -0.207242
289.000000 174.000000 -0.097341 -0.207242
344.000000 174.000000 0.075361 -0.207242
362.000000 174.000000 0.131882 -0.207242
597.000000 175.000000 0.869790 -0.204102
123.000000 176.000000 -0.618587 -0.200962
225.000000 176.000000 -0.298304 -0.200962
564.000000 176.000000 0.766169 -0.200962
230.000000 177.000000 -0.282603 -0.197822
242.000000 177.000000 -0.244923 -0.197822
223.000000 178.000000 -0.304584 -0.194682
248.000000 178.000000 -0.226083 -0.194682
300.000000 179.000000 -0.062801 -0.191542
225.000000 180.000000 -0.298304 -0.188402
227.000000 180.000000 -0.292023 -0.188402
298.000000 180.000000 -0.069081 -0.188402
597.000000 180.000000 0.869790 -0.188402
232.000000 182.000000 -0.276323 -0.182122
284.000000 182.000000 -0.113041 -0.182122
358.000000 182.000000 0.119321 -0.182122
589.000000 182.000000 0.844670 -0.182122
628.000000 182.000000 0.967131 -0.182122
301.000000 183.000000 -0.059661 -0.178982
549.000000 183.000000 0.719069 -0.178982
239.000000 184.000000 -0.254343 -0.175842
571.000000 184.000000 0.788149 -0.175842
598.000000 184.000000 0.872930 -0.175842
242.000000 185.000000 -0.244923 -0.172702
244.000000 185.000000 -0.238643 -0.172702
263.000000 185.000000 -0.178982 -0.172702
251.000000 186.000000 -0.216663 -0.169562
269.000000 186.000000 -0.160142 -0.169562
290.000000 186.000000 -0.094201 -0.169562
349.000000 186.000000 0.091061 -0.169562
580.000000 186.000000 0.816410 -0.169562
607.000000 186.000000 0.901191 -0.169562
618.000000 186.000000 0.935731 -0.169562
232.000000 187.000000 -0.276323 -0.166422
266.000000 187.000000 -0.169562 -0.166422
237.000000 188.000000 -0.260623 -0.163282
290.000000 188.000000 -0.094201 -0.163282
255.000000 190.000000 -0.204102 -0.157002
630.000000 190.000000 0.973412 -0.157002
632.000000 190.000000 0.979692 -0.157002
636.000000 190.000000 0.992252 -0.157002
207.000000 191.000000 -0.354824 -0.153862
272.000000 191.000000 -0.150722 -0.153862
284.000000 191.000000 -0.113041 -0.153862
412.000000 191.000000 0.288883 -0.153862
626.000000 191.000000 0.960851 -0.153862
628.000000 191.000000 0.967131 -0.153862
238.000000 192.000000 -0.257483 -0.150722
298.000000 192.000000 -0.069081 -0.150722
351.000000 192.000000 0.097341 -0.150722
572.000000 192.000000 0.791289 -0.150722
580.000000 192.000000 0.816410 -0.150722
595.000000 192.000000 0.863510 -0.150722
597.000000 192.000000 0.869790 -0.150722
603.000000 192.000000 0.888631 -0.150722
635.000000 192.000000 0.989112 -0.150722
274.000000 193.000000 -0.144442 -0.147582
617.000000 193.000000 0.932591 -0.147582
621.000000 193.000000 0.945151 -0.147582
632.000000 194.000000 0.979692 -0.144442
263.000000 195.000000 -0.178982 -0.141302
288.000000 195.000000 -0.100481 -0.141302
627.000000 195.000000 0.963991 -0.141302
265.000000 196.000000 -0.172702 -0.138162
268.000000 196.000000 -0.163282 -0.138162
271.000000 196.000000 -0.153862 -0.138162
280.000000 196.000000 -0.125601 -0.138162
374.000000 196.000000 0.169562 -0.138162
608.000000 196.000000 0.904331 -0.138162
625.000000 196.000000 0.957711 -0.138162
338.000000 197.000000 0.056521 -0.135022
230.000000 198.000000 -0.282603 -0.131882
232.000000 198.000000 -0.276323 -0.131882
266.000000 198.000000 -0.169562 -0.131882
321.000000 198.000000 0.003140 -0.131882
528.000000 198.000000 0.653128 -0.131882
597.000000 198.000000 0.869790 -0.131882
616.000000 198.000000 0.929451 -0.131882
593.000000 199.000000 0.857230 -0.128742
611.000000 199.000000 0.913751 -0.128742
199.000000 200.000000 -0.379945 -0.125601
364.000000 200.000000 0.138162 -0.125601
552.000000 200.000000 0.728489 -0.125601
630.000000 200.000000 0.973412 -0.125601
220.000000 201.000000 -0.314004 -0.122461
266.000000 201.000000 -0.169562 -0.122461
284.000000 201.000000 -0.113041 -0.122461
562.000000 201.000000 0.759889 -0.122461
627.000000 201.000000 0.963991 -0.122461
190.000000 202.000000 -0.408205 -0.119321
196.000000 202.000000 -0.389365 -0.119321
233.000000 202.000000 -0.273183 -0.119321
274.000000 202.000000 -0.144442 -0.119321
279.000000 202.000000 -0.128742 -0.119321
296.000000 202.000000 -0.075361 -0.119321
335.000000 202.000000 0.047101 -0.119321
230.000000 204.000000 -0.282603 -0.113041
232.000000 204.000000 -0.276323 -0.113041
324.000000 204.000000 0.012560 -0.113041
631.000000 204.000000 0.976552 -0.113041
238.000000 207.000000 -0.257483 -0.103621
263.000000 207.000000 -0.178982 -0.103621
287.000000 207.000000 -0.103621 -0.103621
321.000000 207.000000 0.003140 -0.103621
349.000000 207.000000 0.091061 -0.103621
361.000000 207.000000 0.128742 -0.103621
184.000000 208.000000 -0.427045 -0.100481
302.000000 208.000000 -0.056521 -0.100481
443.000000 208.000000 0.386225 -0.100481
554.000000 208.000000 0.734769 -0.100481
589.000000 208.000000 0.844670 -0.100481
229.000000 209.000000 -0.285743 -0.097341
242.000000 209.000000 -0.244923 -0.097341
545.000000 209.000000 0.706508 -0.097341
618.000000 209.000000 0.935731 -0.097341
248.000000 210.000000 -0.226083 -0.094201
364.000000 210.000000 0.138162 -0.094201
536.000000 210.000000 0.678248 -0.094201
636.000000 210.000000 0.992252 -0.094201
246.000000 211.000000 -0.232363 -0.091061
254.000000 211.000000 -0.207242 -0.091061
272.000000 212.000000 -0.150722 -0.087921
566.000000 212.000000 0.772449 -0.087921
237.000000 213.000000 -0.260623 -0.084781
559.000000 213.000000 0.750469 -0.084781
627.000000 213.000000 0.963991 -0.084781
364.000000 214.000000 0.138162 -0.081641
575.000000 214.000000 0.800709 -0.081641
589.000000 214.000000 0.844670 -0.081641
280.000000 215.000000 -0.125601 -0.078501
516.000000 215.000000 0.615447 -0.078501
580.000000 215.000000 0.816410 -0.078501
358.000000 216.000000 0.119321 -0.075361
361.000000 216.000000 0.128742 -0.075361
542.000000 216.000000 0.697088 -0.075361
626.000000 216.000000 0.960851 -0.075361
589.000000 217.000000 0.844670 -0.072221
268.000000 218.000000 -0.163282 -0.069081
283.000000 218.000000 -0.116181 -0.069081
342.000000 218.000000 0.069081 -0.069081
607.000000 218.000000 0.901191 -0.069081
576.000000 219.000000 0.803850 -0.065941
246.000000 220.000000 -0.232363 -0.062801
335.000000 220.000000 0.047101 -0.062801
599.000000 220.000000 0.876070 -0.062801
273.000000 221.000000 -0.147582 -0.059661
540.000000 221.000000 0.690808 -0.059661
544.000000 221.000000 0.703368 -0.059661
233.000000 222.000000 -0.273183 -0.056521
305.000000 222.000000 -0.047101 -0.056521
216.000000 223.000000 -0.326564 -0.053381
247.000000 223.000000 -0.229223 -0.053381
321.000000 223.000000 0.003140 -0.053381
510.000000 223.000000 0.596607 -0.053381
529.000000 223.000000 0.656268 -0.053381
575.000000 223.000000 0.800709 -0.053381
188.000000 224.000000 -0.414485 -0.050241
193.000000 224.000000 -0.398785 -0.050241
195.000000 224.000000 -0.392505 -0.050241
204.000000 224.000000 -0.364244 -0.050241
589.000000 224.000000 0.844670 -0.050241
218.000000 226.000000 -0.320284 -0.043961
220.000000 226.000000 -0.314004 -0.043961
390.000000 226.000000 0.219803 -0.043961
424.000000 226.000000 0.326564 -0.043961
629.000000 226.000000 0.970271 -0.043961
280.000000 228.000000 -0.125601 -0.037680
332.000000 228.000000 0.037680 -0.037680
337.000000 228.000000 0.053381 -0.037680
360.000000 229.000000 0.125601 -0.034540
365.000000 229.000000 0.141302 -0.034540
328.000000 230.000000 0.025120 -0.031400
340.000000 230.000000 0.062801 -0.031400
370.000000 230.000000 0.157002 -0.031400
621.000000 230.000000 0.945151 -0.031400
230.000000 231.000000 -0.282603 -0.028260
250.000000 231.000000 -0.219803 -0.028260
261.000000 231.000000 -0.185262 -0.028260
266.000000 231.000000 -0.169562 -0.028260
272.000000 231.000000 -0.150722 -0.028260
287.000000 231.000000 -0.103621 -0.028260
566.000000 231.000000 0.772449 -0.028260
248.000000 232.000000 -0.226083 -0.025120
277.000000 232.000000 -0.135022 -0.025120
355.000000 232.000000 0.109901 -0.025120
358.000000 232.000000 0.119321 -0.025120
425.000000 232.000000 0.329704 -0.025120
511.000000 232.000000 0.599747 -0.025120
576.000000 232.000000 0.803850 -0.025120
591.000000 232.000000 0.850950 -0.025120
319.000000 233.000000 -0.003140 -0.021980
598.000000 233.000000 0.872930 -0.021980
621.000000 233.000000 0.945151 -0.021980
217.000000 234.000000 -0.323424 -0.018840
291.000000 235.000000 -0.091061 -0.015700
636.000000 235.000000 0.992252 -0.015700
501.000000 236.000000 0.568347 -0.012560
609.000000 236.000000 0.907471 -0.012560
632.000000 236.000000 0.979692 -0.012560
318.000000 237.000000 -0.006280 -0.009420
335.000000 237.000000 0.047101 -0.009420
529.000000 237.000000 0.656268 -0.009420
619.000000 237.000000 0.938871 -0.009420
262.000000 238.000000 -0.182122 -0.006280
512.000000 238.000000 0.602887 -0.006280
591.000000 238.000000 0.850950 -0.006280
603.000000 238.000000 0.888631 -0.006280
608.000000 238.000000 0.904331 -0.006280
247.000000 239.000000 -0.229223 -0.003140
258.000000 239.000000 -0.194682 -0.003140
479.000000 239.000000 0.499266 -0.003140
578.000000 239.000000 0.810130 -0.003140
5.000000 240.000000 -0.989112 0.000000
208.000000 240.000000 -0.351684 0.000000
273.000000 240.000000 -0.147582 0.000000
275.000000 240.000000 -0.141302 0.000000
282.000000 240.000000 -0.119321 0.000000
284.000000 240.000000 -0.113041 0.000000
330.000000 240.000000 0.031400 0.000000
369.000000 240.000000 0.153862 0.000000
371.000000 240.000000 0.160142 0.000000
373.000000 240.000000 0.166422 0.000000
381.000000 240.000000 0.191542 0.000000
485.000000 240.000000 0.518106 0.000000
527.000000 240.000000 0.649988 0.000000
533.000000 240.000000 0.668828 0.000000
627.000000 240.000000 0.963991 0.000000
187.000000 241.000000 -0.417625 0.003140
572.000000 241.000000 0.791289 0.003140
585.000000 241.000000 0.832110 0.003140
245.000000 242.000000 -0.235503 0.006280
540.000000 242.000000 0.690808 0.006280
239.000000 243.000000 -0.254343 0.009420
381.000000 243.000000 0.191542 0.009420
526.000000 243.000000 0.646848 0.009420
567.000000 243.000000 0.775589 0.009420
209.000000 244.000000 -0.348544 0.012560
264.000000 244.000000 -0.175842 0.012560
471.000000 244.000000 0.474146 0.012560
501.000000 244.000000 0.568347 0.012560
246.000000 245.000000 -0.232363 0.015700
286.000000 245.000000 -0.106761 0.015700
288.000000 245.000000 -0.100481 0.015700
558.000000 245.000000 0.747329 0.015700
229.000000 246.000000 -0.285743 0.018840
453.000000 246.000000 0.417625 0.018840
196.000000 247.000000 -0.389365 0.021980
470.000000 247.000000 0.471006 0.021980
492.000000 247.000000 0.540086 0.021980
554.000000 247.000000 0.734769 0.021980
226.000000 248.000000 -0.295163 0.025120
247.000000 248.000000 -0.229223 0.025120
287.000000 248.000000 -0.103621 0.025120
342.000000 248.000000 0.069081 0.025120
436.000000 248.000000 0.364244 0.025120
268.000000 249.000000 -0.163282 0.028260
433.000000 249.000000 0.354824 0.028260
583.000000 249.000000 0.825830 0.028260
258.000000 250.000000 -0.194682 0.031400
501.000000 250.000000 0.568347 0.031400
219.000000 251.000000 -0.317144 0.034540
523.000000 251.000000 0.637428 0.034540
537.000000 251.000000 0.681388 0.034540
225.000000 252.000000 -0.298304 0.037680
265.000000 252.000000 -0.172702 0.037680
279.000000 252.000000 -0.128742 0.037680
286.000000 252.000000 -0.106761 0.037680
415.000000 252.000000 0.298304 0.037680
516.000000 252.000000 0.615447 0.037680
268.000000 253.000000 -0.163282 0.040820
427.000000 253.000000 0.335984 0.040820
251.000000 254.000000 -0.216663 0.043961
275.000000 254.000000 -0.141302 0.043961
278.000000 254.000000 -0.131882 0.043961
337.000000 254.000000 0.053381 0.043961
292.000000 255.000000 -0.087921 0.047101
340.000000 255.000000 0.062801 0.047101
526.000000 255.000000 0.646848 0.047101
362.000000 256.000000 0.131882 0.050241
395.000000 256.000000 0.235503 0.050241
417.000000 256.000000 0.304584 0.050241
593.000000 256.000000 0.857230 0.050241
636.000000 256.000000 0.992252 0.050241
287.000000 257.000000 -0.103621 0.053381
414.000000 257.000000 0.295163 0.053381
446.000000 257.000000 0.395645 0.053381
591.000000 258.000000 0.850950 0.056521
221.000000 259.000000 -0.310864 0.059661
374.000000 259.000000 0.169562 0.059661
400.000000 259.000000 0.251203 0.059661
474.000000 259.000000 0.483566 0.059661
529.000000 259.000000 0.656268 0.059661
608.000000 259.000000 0.904331 0.059661
398.000000 260.000000 0.244923 0.062801
470.000000 260.000000 0.471006 0.062801
594.000000 260.000000 0.860370 0.062801
600.000000 260.000000 0.879210 0.062801
239.000000 261.000000 -0.254343 0.065941
337.000000 261.000000 0.053381 0.065941
387.000000 261.000000 0.210382 0.065941
517.000000 261.000000 0.618587 0.065941
530.000000 261.000000 0.659408 0.065941
289.000000 262.000000 -0.097341 0.069081
324.000000 262.000000 0.012560 0.069081
390.000000 262.000000 0.219803 0.069081
394.000000 262.000000 0.232363 0.069081
503.000000 262.000000 0.574627 0.069081
540.000000 262.000000 0.690808 0.069081
559.000000 262.000000 0.750469 0.069081
202.000000 263.000000 -0.370524 0.072221
340.000000 263.000000 0.062801 0.072221
342.000000 263.000000 0.069081 0.072221
374.000000 263.000000 0.169562 0.072221
384.000000 263.000000 0.200962 0.072221
581.000000 263.000000 0.819550 0.072221
244.000000 264.000000 -0.238643 0.075361
388.000000 264.000000 0.213523 0.075361
399.000000 264.000000 0.248063 0.075361
449.000000 264.000000 0.405065 0.075361
476.000000 264.000000 0.489846 0.075361
508.000000 264.000000 0.590327 0.075361
300.000000 265.000000 -0.062801 0.078501
324.000000 265.000000 0.012560 0.078501
503.000000 265.000000 0.574627 0.078501
513.000000 265.000000 0.606027 0.078501
519.000000 265.000000 0.624867 0.078501
254.000000 266.000000 -0.207242 0.081641
386.000000 266.000000 0.207242 0.081641
458.000000 266.000000 0.433325 0.081641
621.000000 266.000000 0.945151 0.081641
291.000000 267.000000 -0.091061 0.084781
358.000000 267.000000 0.119321 0.084781
466.000000 267.000000 0.458445 0.084781
490.000000 267.000000 0.533806 0.084781
513.000000 267.000000 0.606027 0.084781
239.000000 268.000000 -0.254343 0.087921
398.000000 268.000000 0.244923 0.087921
581.000000 268.000000 0.819550 0.087921
358.000000 269.000000 0.119321 0.091061
401.000000 269.000000 0.254343 0.091061
406.000000 269.000000 0.270043 0.091061
225.000000 270.000000 -0.298304 0.094201
551.000000 270.000000 0.725349 0.094201
264.000000 271.000000 -0.175842 0.097341
360.000000 271.000000 0.125601 0.097341
626.000000 271.000000 0.960851 0.097341
298.000000 272.000000 -0.069081 0.100481
399.000000 272.000000 0.248063 0.100481
473.000000 272.000000 0.480426 0.100481
226.000000 273.000000 -0.295163 0.103621
229.000000 273.000000 -0.285743 0.103621
243.000000 273.000000 -0.241783 0.103621
274.000000 273.000000 -0.144442 0.103621
295.000000 273.000000 -0.078501 0.103621
353.000000 273.000000 0.103621 0.103621
365.000000 273.000000 0.141302 0.103621
368.000000 273.000000 0.150722 0.103621
384.000000 273.000000 0.200962 0.103621
397.000000 273.000000 0.241783 0.103621
406.000000 273.000000 0.270043 0.103621
356.000000 274.000000 0.113041 0.106761
371.000000 274.000000 0.160142 0.106761
467.000000 274.000000 0.461585 0.106761
630.000000 274.000000 0.973412 0.106761
243.000000 275.000000 -0.241783 0.109901
275.000000 275.000000 -0.141302 0.109901
285.000000 275.000000 -0.109901 0.109901
346.000000 275.000000 0.081641 0.109901
382.000000 275.000000 0.194682 0.109901
389.000000 275.000000 0.216663 0.109901
391.000000 275.000000 0.222943 0.109901
401.000000 275.000000 0.254343 0.109901
441.000000 275.000000 0.379945 0.109901
471.000000 275.000000 0.474146 0.109901
473.000000 275.000000 0.480426 0.109901
225.000000 276.000000 -0.298304 0.113041
251.000000 276.000000 -0.216663 0.113041
256.000000 276.000000 -0.200962 0.113041
368.000000 276.000000 0.150722 0.113041
370.000000 276.000000 0.157002 0.113041
373.000000 276.000000 0.166422 0.113041
377.000000 276.000000 0.178982 0.113041
385.000000 276.000000 0.204102 0.113041
447.000000 276.000000 0.398785 0.113041
469.000000 276.000000 0.467866 0.113041
297.000000 277.000000 -0.072221 0.116181
340.000000 277.000000 0.062801 0.116181
381.000000 277.000000 0.191542 0.116181
388.000000 277.000000 0.213523 0.116181
392.000000 277.000000 0.226083 0.116181
417.000000 277.000000 0.304584 0.116181
433.000000 277.000000 0.354824 0.116181
465.000000 277.000000 0.455305 0.116181
633.000000 277.000000 0.982832 0.116181
338.000000 278.000000 0.056521 0.119321
342.000000 278.000000 0.069081 0.119321
344.000000 278.000000 0.075361 0.119321
386.000000 278.000000 0.207242 0.119321
470.000000 278.000000 0.471006 0.119321
599.000000 278.000000 0.876070 0.119321
354.000000 279.000000 0.106761 0.122461
367.000000 279.000000 0.147582 0.122461
374.000000 279.000000 0.169562 0.122461
404.000000 279.000000 0.263763 0.122461
443.000000 279.000000 0.386225 0.122461
451.000000 279.000000 0.411345 0.122461
267.000000 280.000000 -0.166422 0.125601
300.000000 280.000000 -0.062801 0.125601
377.000000 280.000000 0.178982 0.125601
446.000000 280.000000 0.395645 0.125601
531.000000 280.000000 0.662548 0.125601
333.000000 281.000000 0.040820 0.128742
341.000000 281.000000 0.065941 0.128742
348.000000 281.000000 0.087921 0.128742
354.000000 281.000000 0.106761 0.128742
368.000000 281.000000 0.150722 0.128742
389.000000 281.000000 0.216663 0.128742
392.000000 281.000000 0.226083 0.128742
433.000000 281.000000 0.354824 0.128742
456.000000 281.000000 0.427045 0.128742
459.000000 281.000000 0.436465 0.128742
468.000000 281.000000 0.464725 0.128742
518.000000 281.000000 0.621727 0.128742
329.000000 282.000000 0.028260 0.131882
337.000000 282.000000 0.053381 0.131882
416.000000 282.000000 0.301444 0.131882
268.000000 283.000000 -0.163282 0.135022
291.000000 283.000000 -0.091061 0.135022
295.000000 283.000000 -0.078501 0.135022
319.000000 283.000000 -0.003140 0.135022
334.000000 283.000000 0.043961 0.135022
377.000000 283.000000 0.178982 0.135022
405.000000 283.000000 0.266903 0.135022
414.000000 283.000000 0.295163 0.135022
447.000000 283.000000 0.398785 0.135022
450.000000 283.000000 0.408205 0.135022
458.000000 283.000000 0.433325 0.135022
461.000000 283.000000 0.442745 0.135022
516.000000 283.000000 0.615447 0.135022
364.000000 284.000000 0.138162 0.138162
380.000000 284.000000 0.188402 0.138162
428.000000 284.000000 0.339124 0.138162
453.000000 284.000000 0.417625 0.138162
606.000000 284.000000 0.898051 0.138162
40.000000 285.000000 -0.879210 0.141302
313.000000 285.000000 -0.021980 0.141302
333.000000 285.000000 0.040820 0.141302
338.000000 285.000000 0.056521 0.141302
362.000000 285.000000 0.131882 0.141302
370.000000 285.000000 0.157002 0.141302
383.000000 285.000000 0.197822 0.141302
413.000000 285.000000 0.292023 0.141302
417.000000 285.000000 0.304584 0.141302
423.000000 285.000000 0.323424 0.141302
38.000000 286.000000 -0.885490 0.144442
295.000000 286.000000 -0.078501 0.144442
328.000000 286.000000 0.025120 0.144442
336.000000 286.000000 0.050241 0.144442
374.000000 286.000000 0.169562 0.144442
381.000000 286.000000 0.191542 0.144442
393.000000 286.000000 0.229223 0.144442
543.000000 286.000000 0.700228 0.144442
31.000000 287.000000 -0.907471 0.147582
307.000000 287.000000 -0.040820 0.147582
309.000000 287.000000 -0.034540 0.147582
312.000000 287.000000 -0.025120 0.147582
326.000000 287.000000 0.018840 0.147582
355.000000 287.000000 0.109901 0.147582
363.000000 287.000000 0.135022 0.147582
387.000000 287.000000 0.210382 0.147582
407.000000 287.000000 0.273183 0.147582
448.000000 287.000000 0.401925 0.147582
329.000000 288.000000 0.028260 0.150722
337.000000 288.000000 0.053381 0.150722
366.000000 288.000000 0.144442 0.150722
368.000000 288.000000 0.150722 0.150722
413.000000 288.000000 0.292023 0.150722
415.000000 288.000000 0.298304 0.150722
246.000000 289.000000 -0.232363 0.153862
309.000000 289.000000 -0.034540 0.153862
324.000000 289.000000 0.012560 0.153862
335.000000 289.000000 0.047101 0.153862
349.000000 289.000000 0.091061 0.153862
479.000000 289.000000 0.499266 0.153862
342.000000 290.000000 0.069081 0.157002
345.000000 290.000000 0.078501 0.157002
352.000000 290.000000 0.100481 0.157002
367.000000 290.000000 0.147582 0.157002
371.000000 290.000000 0.160142 0.157002
373.000000 290.000000 0.166422 0.157002
389.000000 290.000000 0.216663 0.157002
420.000000 290.000000 0.314004 0.157002
566.000000 290.000000 0.772449 0.157002
295.000000 291.000000 -0.078501 0.160142
298.000000 291.000000 -0.069081 0.160142
316.000000 291.000000 -0.012560 0.160142
318.000000 291.000000 -0.006280 0.160142
336.000000 291.000000 0.050241 0.160142
357.000000 291.000000 0.116181 0.160142
415.000000 291.000000 0.298304 0.160142
286.000000 292.000000 -0.106761 0.163282
290.000000 292.000000 -0.094201 0.163282
391.000000 292.000000 0.222943 0.163282
401.000000 292.000000 0.254343 0.163282
418.000000 292.000000 0.307724 0.163282
431.000000 292.000000 0.348544 0.163282
520.000000 292.000000 0.628007 0.163282
549.000000 292.000000 0.719069 0.163282
302.000000 293.000000 -0.056521 0.166422
328.000000 293.000000 0.025120 0.166422
342.000000 293.000000 0.069081 0.166422
360.000000 293.000000 0.125601 0.166422
379.000000 293.000000 0.185262 0.166422
284.000000 294.000000 -0.113041 0.169562
333.000000 294.000000 0.040820 0.169562
336.000000 294.000000 0.050241 0.169562
347.000000 294.000000 0.084781 0.169562
355.000000 294.000000 0.109901 0.169562
357.000000 294.000000 0.116181 0.169562
365.000000 294.000000 0.141302 0.169562
387.000000 294.000000 0.210382 0.169562
395.000000 294.000000 0.235503 0.169562
409.000000 294.000000 0.279463 0.169562
427.000000 294.000000 0.335984 0.169562
269.000000 295.000000 -0.160142 0.172702
359.000000 295.000000 0.122461 0.172702
376.000000 295.000000 0.175842 0.172702
391.000000 295.000000 0.222943 0.172702
393.000000 295.000000 0.229223 0.172702
398.000000 295.000000 0.244923 0.172702
438.000000 295.000000 0.370524 0.172702
556.000000 295.000000 0.741049 0.172702
248.000000 296.000000 -0.226083 0.175842
300.000000 296.000000 -0.062801 0.175842
327.000000 296.000000 0.021980 0.175842
343.000000 296.000000 0.072221 0.175842
369.000000 296.000000 0.153862 0.175842
417.000000 296.000000 0.304584 0.175842
419.000000 296.000000 0.310864 0.175842
497.000000 296.000000 0.555787 0.175842
273.000000 297.000000 -0.147582 0.178982
278.000000 297.000000 -0.131882 0.178982
331.000000 297.000000 0.034540 0.178982
339.000000 297.000000 0.059661 0.178982
346.000000 297.000000 0.081641 0.178982
349.000000 297.000000 0.091061 0.178982
352.000000 297.000000 0.100481 0.178982
355.000000 297.000000 0.109901 0.178982
403.000000 297.000000 0.260623 0.178982
410.000000 297.000000 0.282603 0.178982
415.000000 297.000000 0.298304 0.178982
441.000000 297.000000 0.379945 0.178982
473.000000 297.000000 0.480426 0.178982
36.000000 298.000000 -0.891771 0.182122
235.000000 298.000000 -0.266903 0.182122
244.000000 298.000000 -0.238643 0.182122
271.000000 298.000000 -0.153862 0.182122
326.000000 298.000000 0.018840 0.182122
334.000000 298.000000 0.043961 0.182122
456.000000 298.000000 0.427045 0.182122
505.000000 298.000000 0.580907 0.182122
266.000000 299.000000 -0.169562 0.185262
350.000000 299.000000 0.094201 0.185262
363.000000 299.000000 0.135022 0.185262
374.000000 299.000000 0.169562 0.185262
381.000000 299.000000 0.191542 0.185262
393.000000 299.000000 0.229223 0.185262
417.000000 299.000000 0.304584 0.185262
270.000000 300.000000 -0.157002 0.188402
335.000000 300.000000 0.047101 0.188402
345.000000 300.000000 0.078501 0.188402
398.000000 300.000000 0.244923 0.188402
407.000000 300.000000 0.273183 0.188402
423.000000 300.000000 0.323424 0.188402
434.000000 300.000000 0.357964 0.188402
246.000000 301.000000 -0.232363 0.191542
354.000000 301.000000 0.106761 0.191542
368.000000 301.000000 0.150722 0.191542
376.000000 301.000000 0.175842 0.191542
405.000000 301.000000 0.266903 0.191542
412.000000 301.000000 0.288883 0.191542
545.000000 301.000000 0.706508 0.191542
554.000000 301.000000 0.734769 0.191542
289.000000 302.000000 -0.097341 0.194682
333.000000 302.000000 0.040820 0.194682
348.000000 302.000000 0.087921 0.194682
351.000000 302.000000 0.097341 0.194682
422.000000 302.000000 0.320284 0.194682
426.000000 302.000000 0.332844 0.194682
440.000000 302.000000 0.376804 0.194682
244.000000 303.000000 -0.238643 0.197822
301.000000 303.000000 -0.059661 0.197822
330.000000 303.000000 0.031400 0.197822
339.000000 303.000000 0.059661 0.197822
399.000000 303.000000 0.248063 0.197822
82.000000 304.000000 -0.747329 0.200962
236.000000 304.000000 -0.263763 0.200962
240.000000 304.000000 -0.251203 0.200962
242.000000 304.000000 -0.244923 0.200962
345.000000 304.000000 0.078501 0.200962
348.000000 304.000000 0.087921 0.200962
352.000000 304.000000 0.100481 0.200962
384.000000 304.000000 0.200962 0.200962
390.000000 304.000000 0.219803 0.200962
395.000000 304.000000 0.235503 0.200962
549.000000 304.000000 0.719069 0.200962
313.000000 305.000000 -0.021980 0.204102
323.000000 305.000000 0.009420 0.204102
374.000000 305.000000 0.169562 0.204102
381.000000 305.000000 0.191542 0.204102
387.000000 305.000000 0.210382 0.204102
441.000000 305.000000 0.379945 0.204102
525.000000 305.000000 0.643708 0.204102
570.000000 305.000000 0.785009 0.204102
275.000000 306.000000 -0.141302 0.207242
308.000000 306.000000 -0.037680 0.207242
338.000000 306.000000 0.056521 0.207242
420.000000 306.000000 0.314004 0.207242
277.000000 307.000000 -0.135022 0.210382
281.000000 307.000000 -0.122461 0.210382
290.000000 307.000000 -0.094201 0.210382
318.000000 307.000000 -0.006280 0.210382
349.000000 307.000000 0.091061 0.210382
369.000000 307.000000 0.153862 0.210382
380.000000 307.000000 0.188402 0.210382
414.000000 307.000000 0.295163 0.210382
424.000000 307.000000 0.326564 0.210382
230.000000 308.000000 -0.282603 0.213523
237.000000 308.000000 -0.260623 0.213523
283.000000 308.000000 -0.116181 0.213523
355.000000 308.000000 0.109901 0.213523
372.000000 308.000000 0.163282 0.213523
427.000000 308.000000 0.335984 0.213523
513.000000 308.000000 0.606027 0.213523
557.000000 308.000000 0.744189 0.213523
575.000000 308.000000 0.800709 0.213523
620.000000 308.000000 0.942011 0.213523
243.000000 309.000000 -0.241783 0.216663
247.000000 309.000000 -0.229223 0.216663
269.000000 309.000000 -0.160142 0.216663
273.000000 309.000000 -0.147582 0.216663
376.000000 309.000000 0.175842 0.216663
378.000000 309.000000 0.182122 0.216663
569.000000 309.000000 0.781869 0.216663
571.000000 309.000000 0.788149 0.216663
150.000000 310.000000 -0.533806 0.219803
188.000000 310.000000 -0.414485 0.219803
240.000000 310.000000 -0.251203 0.219803
254.000000 310.000000 -0.207242 0.219803
275.000000 310.000000 -0.141302 0.219803
280.000000 310.000000 -0.125601 0.219803
305.000000 310.000000 -0.047101 0.219803
426.000000 310.000000 0.332844 0.219803
547.000000 310.000000 0.712788 0.219803
557.000000 310.000000 0.744189 0.219803
626.000000 310.000000 0.960851 0.219803
285.000000 311.000000 -0.109901 0.222943
294.000000 311.000000 -0.081641 0.222943
302.000000 311.000000 -0.056521 0.222943
322.000000 311.000000 0.006280 0.222943
343.000000 311.000000 0.072221 0.222943
354.000000 311.000000 0.106761 0.222943
369.000000 311.000000 0.153862 0.222943
371.000000 311.000000 0.160142 0.222943
379.000000 311.000000 0.185262 0.222943
415.000000 311.000000 0.298304 0.222943
536.000000 311.000000 0.678248 0.222943
567.000000 311.000000 0.775589 0.222943
226.000000 312.000000 -0.295163 0.226083
244.000000 312.000000 -0.238643 0.226083
263.000000 312.000000 -0.178982 0.226083
319.000000 312.000000 -0.003140 0.226083
339.000000 312.000000 0.059661 0.226083
376.000000 312.000000 0.175842 0.226083
625.000000 312.000000 0.957711 0.226083
633.000000 312.000000 0.982832 0.226083
212.000000 313.000000 -0.339124 0.229223
247.000000 313.000000 -0.229223 0.229223
380.000000 313.000000 0.188402 0.229223
502.000000 313.000000 0.571487 0.229223
545.000000 313.000000 0.706508 0.229223
209.000000 314.000000 -0.348544 0.232363
243.000000 314.000000 -0.241783 0.232363
259.000000 314.000000 -0.191542 0.232363
284.000000 314.000000 -0.113041 0.232363
298.000000 314.000000 -0.069081 0.232363
314.000000 314.000000 -0.018840 0.232363
331.000000 314.000000 0.034540 0.232363
357.000000 314.000000 0.116181 0.232363
364.000000 314.000000 0.138162 0.232363
368.000000 314.000000 0.150722 0.232363
370.000000 314.000000 0.157002 0.232363
513.000000 314.000000 0.606027 0.232363
519.000000 314.000000 0.624867 0.232363
536.000000 314.000000 0.678248 0.232363
213.000000 315.000000 -0.335984 0.235503
289.000000 315.000000 -0.097341 0.235503
295.000000 315.000000 -0.078501 0.235503
309.000000 315.000000 -0.034540 0.235503
614.000000 315.000000 0.923171 0.235503
291.000000 316.000000 -0.091061 0.238643
306.000000 316.000000 -0.043961 0.238643
207.000000 317.000000 -0.354824 0.241783
461.000000 317.000000 0.442745 0.241783
627.000000 317.000000 0.963991 0.241783
631.000000 317.000000 0.976552 0.241783
245.000000 318.000000 -0.235503 0.244923
347.000000 318.000000 0.084781 0.244923
350.000000 318.000000 0.094201 0.244923
362.000000 318.000000 0.131882 0.244923
210.000000 319.000000 -0.345404 0.248063
275.000000 319.000000 -0.141302 0.248063
315.000000 319.000000 -0.015700 0.248063
320.000000 319.000000 -0.000000 0.248063
341.000000 319.000000 0.065941 0.248063
343.000000 319.000000 0.072221 0.248063
356.000000 319.000000 0.113041 0.248063
370.000000 319.000000 0.157002 0.248063
377.000000 319.000000 0.178982 0.248063
635.000000 319.000000 0.989112 0.248063
240.000000 320.000000 -0.251203 0.251203
261.000000 320.000000 -0.185262 0.251203
293.000000 320.000000 -0.084781 0.251203
359.000000 320.000000 0.122461 0.251203
381.000000 320.000000 0.191542 0.251203
542.000000 320.000000 0.697088 0.251203
143.000000 321.000000 -0.555787 0.254343
234.000000 321.000000 -0.270043 0.254343
269.000000 321.000000 -0.160142 0.254343
290.000000 321.000000 -0.094201 0.254343
354.000000 321.000000 0.106761 0.254343
371.000000 321.000000 0.160142 0.254343
510.000000 321.000000 0.596607 0.254343
625.000000 321.000000 0.957711 0.254343
629.000000 321.000000 0.970271 0.254343
244.000000 322.000000 -0.238643 0.257483
247.000000 322.000000 -0.229223 0.257483
256.000000 322.000000 -0.200962 0.257483
307.000000 322.000000 -0.040820 0.257483
375.000000 322.000000 0.172702 0.257483
236.000000 323.000000 -0.263763 0.260623
238.000000 323.000000 -0.257483 0.260623
355.000000 323.000000 0.109901 0.260623
357.000000 323.000000 0.116181 0.260623
361.000000 323.000000 0.128742 0.260623
491.000000 323.000000 0.536946 0.260623
505.000000 323.000000 0.580907 0.260623
241.000000 324.000000 -0.248063 0.263763
280.000000 324.000000 -0.125601 0.263763
283.000000 324.000000 -0.116181 0.263763
332.000000 324.000000 0.037680 0.263763
345.000000 324.000000 0.078501 0.263763
374.000000 324.000000 0.169562 0.263763
555.000000 324.000000 0.737909 0.263763
254.000000 325.000000 -0.207242 0.266903
258.000000 325.000000 -0.194682 0.266903
277.000000 325.000000 -0.135022 0.266903
300.000000 325.000000 -0.062801 0.266903
334.000000 325.000000 0.043961 0.266903
475.000000 325.000000 0.486706 0.266903
512.000000 325.000000 0.602887 0.266903
224.000000 326.000000 -0.301444 0.270043
234.000000 326.000000 -0.270043 0.270043
245.000000 326.000000 -0.235503 0.270043
289.000000 326.000000 -0.097341 0.270043
329.000000 326.000000 0.028260 0.270043
355.000000 326.000000 0.109901 0.270043
366.000000 326.000000 0.144442 0.270043
421.000000 326.000000 0.317144 0.270043
509.000000 326.000000 0.593467 0.270043
577.000000 326.000000 0.806990 0.270043
8.000000 327.000000 -0.979692 0.273183
145.000000 327.000000 -0.549506 0.273183
215.000000 327.000000 -0.329704 0.273183
242.000000 327.000000 -0.244923 0.273183
604.000000 327.000000 0.891771 0.273183
168.000000 328.000000 -0.477286 0.276323
211.000000 328.000000 -0.342264 0.276323
244.000000 328.000000 -0.238643 0.276323
280.000000 328.000000 -0.125601 0.276323
284.000000 328.000000 -0.113041 0.276323
348.000000 328.000000 0.087921 0.276323
444.000000 328.000000 0.389365 0.276323
564.000000 328.000000 0.766169 0.276323
264.000000 329.000000 -0.175842 0.279463
302.000000 329.000000 -0.056521 0.279463
320.000000 329.000000 -0.000000 0.279463
215.000000 330.000000 -0.329704 0.282603
279.000000 330.000000 -0.128742 0.282603
317.000000 330.000000 -0.009420 0.282603
324.000000 330.000000 0.012560 0.282603
352.000000 330.000000 0.100481 0.282603
422.000000 330.000000 0.320284 0.282603
3.000000 331.000000 -0.995392 0.285743
156.000000 331.000000 -0.514966 0.285743
299.000000 331.000000 -0.065941 0.285743
474.000000 331.000000 0.483566 0.285743
513.000000 331.000000 0.606027 0.285743
608.000000 331.000000 0.904331 0.285743
145.000000 332.000000 -0.549506 0.288883
181.000000 332.000000 -0.436465 0.288883
270.000000 332.000000 -0.157002 0.288883
369.000000 332.000000 0.153862 0.288883
214.000000 333.000000 -0.332844 0.292023
241.000000 333.000000 -0.248063 0.292023
318.000000 333.000000 -0.006280 0.292023
142.000000 334.000000 -0.558927 0.295163
150.000000 334.000000 -0.533806 0.295163
212.000000 334.000000 -0.339124 0.295163
452.000000 334.000000 0.414485 0.295163
534.000000 334.000000 0.671968 0.295163
557.000000 334.000000 0.744189 0.295163
153.000000 335.000000 -0.524386 0.298304
172.000000 335.000000 -0.464725 0.298304
189.000000 335.000000 -0.411345 0.298304
216.000000 335.000000 -0.326564 0.298304
222.000000 335.000000 -0.307724 0.298304
265.000000 335.000000 -0.172702 0.298304
554.000000 335.000000 0.734769 0.298304
117.000000 336.000000 -0.637428 0.301444
140.000000 336.000000 -0.565207 0.301444
167.000000 336.000000 -0.480426 0.301444
224.000000 336.000000 -0.301444 0.301444
240.000000 336.000000 -0.251203 0.301444
289.000000 336.000000 -0.097341 0.301444
292.000000 336.000000 -0.087921 0.301444
318.000000 336.000000 -0.006280 0.301444
321.000000 336.000000 0.003140 0.301444
360.000000 336.000000 0.125601 0.301444
589.000000 336.000000 0.844670 0.301444
612.000000 336.000000 0.916891 0.301444
632.000000 336.000000 0.979692 0.301444
125.000000 337.000000 -0.612307 0.304584
211.000000 337.000000 -0.342264 0.304584
238.000000 337.000000 -0.257483 0.304584
294.000000 337.000000 -0.081641 0.304584
626.000000 337.000000 0.960851 0.304584
91.000000 338.000000 -0.719069 0.307724
214.000000 338.000000 -0.332844 0.307724
224.000000 338.000000 -0.301444 0.307724
598.000000 338.000000 0.872930 0.307724
621.000000 338.000000 0.945151 0.307724
115.000000 339.000000 -0.643708 0.310864
133.000000 339.000000 -0.587187 0.310864
182.000000 339.000000 -0.433325 0.310864
240.000000 339.000000 -0.251203 0.310864
528.000000 339.000000 0.653128 0.310864
586.000000 339.000000 0.835250 0.310864
8.000000 340.000000 -0.979692 0.314004
112.000000 340.000000 -0.653128 0.314004
162.000000 340.000000 -0.496126 0.314004
213.000000 340.000000 -0.335984 0.314004
216.000000 340.000000 -0.326564 0.314004
287.000000 340.000000 -0.103621 0.314004
426.000000 340.000000 0.332844 0.314004
496.000000 340.000000 0.552647 0.314004
547.000000 340.000000 0.712788 0.314004
625.000000 340.000000 0.957711 0.314004
192.000000 341.000000 -0.401925 0.317144
233.000000 341.000000 -0.273183 0.317144
292.000000 341.000000 -0.087921 0.317144
317.000000 341.000000 -0.009420 0.317144
556.000000 341.000000 0.741049 0.317144
137.000000 342.000000 -0.574627 0.320284
167.000000 342.000000 -0.480426 0.320284
182.000000 342.000000 -0.433325 0.320284
562.000000 342.000000 0.759889 0.320284
601.000000 342.000000 0.882350 0.320284
630.000000 342.000000 0.973412 0.320284
146.000000 343.000000 -0.546366 0.323424
217.000000 343.000000 -0.323424 0.323424
219.000000 343.000000 -0.317144 0.323424
302.000000 343.000000 -0.056521 0.323424
311.000000 343.000000 -0.028260 0.323424
557.000000 343.000000 0.744189 0.323424
126.000000 344.000000 -0.609167 0.326564
232.000000 344.000000 -0.276323 0.326564
305.000000 344.000000 -0.047101 0.326564
315.000000 344.000000 -0.015700 0.326564
427.000000 344.000000 0.335984 0.326564
594.000000 344.000000 0.860370 0.326564
610.000000 344.000000 0.910611 0.326564
621.000000 344.000000 0.945151 0.326564
94.000000 345.000000 -0.709648 0.329704
159.000000 345.000000 -0.505546 0.329704
211.000000 345.000000 -0.342264 0.329704
289.000000 345.000000 -0.097341 0.329704
302.000000 345.000000 -0.056521 0.329704
520.000000 345.000000 0.628007 0.329704
601.000000 345.000000 0.882350 0.329704
154.000000 346.000000 -0.521246 0.332844
241.000000 346.000000 -0.248063 0.332844
309.000000 346.000000 -0.034540 0.332844
338.000000 346.000000 0.056521 0.332844
214.000000 347.000000 -0.332844 0.335984
305.000000 347.000000 -0.047101 0.335984
317.000000 347.000000 -0.009420 0.335984
320.000000 347.000000 -0.000000 0.335984
375.000000 347.000000 0.172702 0.335984
207.000000 348.000000 -0.354824 0.339124
299.000000 348.000000 -0.065941 0.339124
301.000000 348.000000 -0.059661 0.339124
312.000000 348.000000 -0.025120 0.339124
323.000000 348.000000 0.009420 0.339124
473.000000 348.000000 0.480426 0.339124
566.000000 348.000000 0.772449 0.339124
5.000000 349.000000 -0.989112 0.342264
28.000000 349.000000 -0.916891 0.342264
33.000000 349.000000 -0.901191 0.342264
36.000000 349.000000 -0.891771 0.342264
441.000000 349.000000 0.379945 0.342264
486.000000 349.000000 0.521246 0.342264
97.000000 350.000000 -0.700228 0.345404
223.000000 350.000000 -0.304584 0.345404
323.000000 350.000000 0.009420 0.345404
429.000000 350.000000 0.342264 0.345404
277.000000 351.000000 -0.135022 0.348544
305.000000 351.000000 -0.047101 0.348544
498.000000 351.000000 0.558927 0.348544
548.000000 351.000000 0.715928 0.348544
598.000000 351.000000 0.872930 0.348544
78.000000 352.000000 -0.759889 0.351684
132.000000 352.000000 -0.590327 0.351684
299.000000 352.000000 -0.065941 0.351684
339.000000 352.000000 0.059661 0.351684
341.000000 352.000000 0.065941 0.351684
393.000000 352.000000 0.229223 0.351684
19.000000 353.000000 -0.945151 0.354824
26.000000 353.000000 -0.923171 0.354824
205.000000 353.000000 -0.361104 0.354824
278.000000 353.000000 -0.131882 0.354824
353.000000 353.000000 0.103621 0.354824
382.000000 353.000000 0.194682 0.354824
453.000000 353.000000 0.417625 0.354824
552.000000 353.000000 0.728489 0.354824
619.000000 353.000000 0.938871 0.354824
635.000000 353.000000 0.989112 0.354824
50.000000 354.000000 -0.847810 0.357964
55.000000 354.000000 -0.832110 0.357964
101.000000 354.000000 -0.687668 0.357964
129.000000 354.000000 -0.599747 0.357964
202.000000 354.000000 -0.370524 0.357964
289.000000 354.000000 -0.097341 0.357964
294.000000 354.000000 -0.081641 0.357964
297.000000 354.000000 -0.072221 0.357964
303.000000 354.000000 -0.053381 0.357964
324.000000 354.000000 0.012560 0.357964
451.000000 354.000000 0.411345 0.357964
502.000000 354.000000 0.571487 0.357964
518.000000 354.000000 0.621727 0.357964
582.000000 354.000000 0.822690 0.357964
593.000000 354.000000 0.857230 0.357964
13.000000 355.000000 -0.963991 0.361104
265.000000 355.000000 -0.172702 0.361104
275.000000 355.000000 -0.141302 0.361104
287.000000 355.000000 -0.103621 0.361104
291.000000 355.000000 -0.091061 0.361104
301.000000 355.000000 -0.059661 0.361104
430.000000 355.000000 0.345404 0.361104
538.000000 355.000000 0.684528 0.361104
622.000000 355.000000 0.948291 0.361104
8.000000 356.000000 -0.979692 0.364244
151.000000 356.000000 -0.530666 0.364244
231.000000 356.000000 -0.279463 0.364244
297.000000 356.000000 -0.072221 0.364244
517.000000 356.000000 0.618587 0.364244
585.000000 356.000000 0.832110 0.364244
595.000000 356.000000 0.863510 0.364244
72.000000 357.000000 -0.778729 0.367384
220.000000 357.000000 -0.314004 0.367384
365.000000 357.000000 0.141302 0.367384
617.000000 357.000000 0.932591 0.367384
631.000000 357.000000 0.976552 0.367384
229.000000 358.000000 -0.285743 0.370524
236.000000 358.000000 -0.263763 0.370524
261.000000 358.000000 -0.185262 0.370524
274.000000 358.000000 -0.144442 0.370524
295.000000 358.000000 -0.078501 0.370524
374.000000 358.000000 0.169562 0.370524
385.000000 358.000000 0.204102 0.370524
433.000000 358.000000 0.354824 0.370524
494.000000 358.000000 0.546366 0.370524
515.000000 358.000000 0.612307 0.370524
527.000000 358.000000 0.649988 0.370524
533.000000 358.000000 0.668828 0.370524
629.000000 358.000000 0.970271 0.370524
17.000000 359.000000 -0.951431 0.373664
317.000000 359.000000 -0.009420 0.373664
346.000000 359.000000 0.081641 0.373664
551.000000 359.000000 0.725349 0.373664
574.000000 359.000000 0.797569 0.373664
66.000000 360.000000 -0.797569 0.376804
141.000000 360.000000 -0.562067 0.376804
164.000000 360.000000 -0.489846 0.376804
195.000000 360.000000 -0.392505 0.376804
258.000000 360.000000 -0.194682 0.376804
286.000000 360.000000 -0.106761 0.376804
326.000000 360.000000 0.018840 0.376804
348.000000 360.000000 0.087921 0.376804
469.000000 360.000000 0.467866 0.376804
479.000000 360.000000 0.499266 0.376804
530.000000 360.000000 0.659408 0.376804
565.000000 360.000000 0.769309 0.376804
590.000000 360.000000 0.847810 0.376804
97.000000 361.000000 -0.700228 0.379945
111.000000 361.000000 -0.656268 0.379945
118.000000 361.000000 -0.634288 0.379945
188.000000 361.000000 -0.414485 0.379945
292.000000 361.000000 -0.087921 0.379945
475.000000 361.000000 0.486706 0.379945
60.000000 362.000000 -0.816410 0.383085
71.000000 362.000000 -0.781869 0.383085
94.000000 362.000000 -0.709648 0.383085
242.000000 362.000000 -0.244923 0.383085
327.000000 362.000000 0.021980 0.383085
348.000000 362.000000 0.087921 0.383085
562.000000 362.000000 0.759889 0.383085
607.000000 362.000000 0.901191 0.383085
620.000000 362.000000 0.942011 0.383085
152.000000 363.000000 -0.527526 0.386225
182.000000 363.000000 -0.433325 0.386225
251.000000 363.000000 -0.216663 0.386225
350.000000 363.000000 0.094201 0.386225
451.000000 363.000000 0.411345 0.386225
535.000000 363.000000 0.675108 0.386225
626.000000 363.000000 0.960851 0.386225
7.000000 364.000000 -0.982832 0.389365
91.000000 364.000000 -0.719069 0.389365
177.000000 364.000000 -0.449025 0.389365
207.000000 364.000000 -0.354824 0.389365
217.000000 364.000000 -0.323424 0.389365
285.000000 364.000000 -0.109901 0.389365
327.000000 364.000000 0.021980 0.389365
384.000000 364.000000 0.200962 0.389365
475.000000 364.000000 0.486706 0.389365
499.000000 364.000000 0.562067 0.389365
611.000000 364.000000 0.913751 0.389365
137.000000 365.000000 -0.574627 0.392505
173.000000 365.000000 -0.461585 0.392505
466.000000 365.000000 0.458445 0.392505
521.000000 365.000000 0.631147 0.392505
624.000000 365.000000 0.954571 0.392505
50.000000 366.000000 -0.847810 0.395645
101.000000 366.000000 -0.687668 0.395645
217.000000 366.000000 -0.323424 0.395645
243.000000 366.000000 -0.241783 0.395645
269.000000 366.000000 -0.160142 0.395645
392.000000 366.000000 0.226083 0.395645
452.000000 366.000000 0.414485 0.395645
96.000000 367.000000 -0.703368 0.398785
153.000000 367.000000 -0.524386 0.398785
171.000000 367.000000 -0.467866 0.398785
254.000000 367.000000 -0.207242 0.398785
281.000000 367.000000 -0.122461 0.398785
287.000000 367.000000 -0.103621 0.398785
389.000000 367.000000 0.216663 0.398785
132.000000 368.000000 -0.590327 0.401925
167.000000 368.000000 -0.480426 0.401925
443.000000 368.000000 0.386225 0.401925
482.000000 368.000000 0.508686 0.401925
501.000000 368.000000 0.568347 0.401925
73.000000 369.000000 -0.775589 0.405065
323.000000 369.000000 0.009420 0.405065
395.000000 369.000000 0.235503 0.405065
492.000000 369.000000 0.540086 0.405065
535.000000 369.000000 0.675108 0.405065
25.000000 370.000000 -0.926311 0.408205
122.000000 370.000000 -0.621727 0.408205
174.000000 370.000000 -0.458445 0.408205
188.000000 370.000000 -0.414485 0.408205
216.000000 370.000000 -0.326564 0.408205
220.000000 370.000000 -0.314004 0.408205
277.000000 370.000000 -0.135022 0.408205
507.000000 370.000000 0.587187 0.408205
621.000000 370.000000 0.945151 0.408205
136.000000 371.000000 -0.577767 0.411345
263.000000 371.000000 -0.178982 0.411345
268.000000 371.000000 -0.163282 0.411345
168.000000 372.000000 -0.477286 0.414485
261.000000 372.000000 -0.185262 0.414485
299.000000 372.000000 -0.065941 0.414485
330.000000 372.000000 0.031400 0.414485
154.000000 373.000000 -0.521246 0.417625
171.000000 373.000000 -0.467866 0.417625
265.000000 373.000000 -0.172702 0.417625
271.000000 373.000000 -0.153862 0.417625
362.000000 373.000000 0.131882 0.417625
484.000000 373.000000 0.514966 0.417625
507.000000 373.000000 0.587187 0.417625
578.000000 373.000000 0.810130 0.417625
110.000000 374.000000 -0.659408 0.420765
238.000000 374.000000 -0.257483 0.420765
246.000000 374.000000 -0.232363 0.420765
289.000000 374.000000 -0.097341 0.420765
375.000000 374.000000 0.172702 0.420765
467.000000 374.000000 0.461585 0.420765
567.000000 374.000000 0.775589 0.420765
63.000000 375.000000 -0.806990 0.423905
174.000000 375.000000 -0.458445 0.423905
284.000000 375.000000 -0.113041 0.423905
352.000000 375.000000 0.100481 0.423905
42.000000 376.000000 -0.872930 0.427045
54.000000 376.000000 -0.835250 0.427045
115.000000 376.000000 -0.643708 0.427045
170.000000 376.000000 -0.471006 0.427045
449.000000 376.000000 0.405065 0.427045
453.000000 376.000000 0.417625 0.427045
476.000000 376.000000 0.489846 0.427045
526.000000 376.000000 0.646848 0.427045
573.000000 376.000000 0.794429 0.427045
618.000000 376.000000 0.935731 0.427045
245.000000 377.000000 -0.235503 0.430185
388.000000 377.000000 0.213523 0.430185
421.000000 377.000000 0.317144 0.430185
540.000000 377.000000 0.690808 0.430185
559.000000 377.000000 0.750469 0.430185
609.000000 377.000000 0.907471 0.430185
63.000000 378.000000 -0.806990 0.433325
120.000000 378.000000 -0.628007 0.433325
148.000000 378.000000 -0.540086 0.433325
162.000000 378.000000 -0.496126 0.433325
627.000000 378.000000 0.963991 0.433325
3.000000 379.000000 -0.995392 0.436465
76.000000 379.000000 -0.766169 0.436465
110.000000 379.000000 -0.659408 0.436465
138.000000 379.000000 -0.571487 0.436465
155.000000 379.000000 -0.518106 0.436465
221.000000 379.000000 -0.310864 0.436465
237.000000 379.000000 -0.260623 0.436465
239.000000 379.000000 -0.254343 0.436465
263.000000 379.000000 -0.178982 0.436465
269.000000 379.000000 -0.160142 0.436465
281.000000 379.000000 -0.122461 0.436465
383.000000 379.000000 0.197822 0.436465
426.000000 379.000000 0.332844 0.436465
10.000000 380.000000 -0.973412 0.439605
117.000000 380.000000 -0.637428 0.439605
174.000000 380.000000 -0.458445 0.439605
186.000000 380.000000 -0.420765 0.439605
290.000000 380.000000 -0.094201 0.439605
571.000000 380.000000 0.788149 0.439605
76.000000 381.000000 -0.766169 0.442745
143.000000 381.000000 -0.555787 0.442745
253.000000 381.000000 -0.210382 0.442745
354.000000 381.000000 0.106761 0.442745
431.000000 381.000000 0.348544 0.442745
619.000000 381.000000 0.938871 0.442745
53.000000 382.000000 -0.838390 0.445885
132.000000 382.000000 -0.590327 0.445885
370.000000 382.000000 0.157002 0.445885
511.000000 382.000000 0.599747 0.445885
518.000000 382.000000 0.621727 0.445885
562.000000 382.000000 0.759889 0.445885
607.000000 382.000000 0.901191 0.445885
614.000000 382.000000 0.923171 0.445885
62.000000 383.000000 -0.810130 0.449025
254.000000 383.000000 -0.207242 0.449025
265.000000 383.000000 -0.172702 0.449025
365.000000 383.000000 0.141302 0.449025
385.000000 383.000000 0.204102 0.449025
434.000000 383.000000 0.357964 0.449025
442.000000 383.000000 0.383085 0.449025
488.000000 383.000000 0.527526 0.449025
492.000000 383.000000 0.540086 0.449025
525.000000 383.000000 0.643708 0.449025
534.000000 383.000000 0.671968 0.449025
634.000000 383.000000 0.985972 0.449025
30.000000 384.000000 -0.910611 0.452165
40.000000 384.000000 -0.879210 0.452165
103.000000 384.000000 -0.681388 0.452165
156.000000 384.000000 -0.514966 0.452165
258.000000 384.000000 -0.194682 0.452165
289.000000 384.000000 -0.097341 0.452165
295.000000 384.000000 -0.078501 0.452165
418.000000 384.000000 0.307724 0.452165
516.000000 384.000000 0.615447 0.452165
560.000000 384.000000 0.753609 0.452165
27.000000 385.000000 -0.920031 0.455305
50.000000 385.000000 -0.847810 0.455305
123.000000 385.000000 -0.618587 0.455305
146.000000 385.000000 -0.546366 0.455305
167.000000 385.000000 -0.480426 0.455305
279.000000 385.000000 -0.128742 0.455305
307.000000 385.000000 -0.040820 0.455305
10.000000 386.000000 -0.973412 0.458445
222.000000 386.000000 -0.307724 0.458445
263.000000 386.000000 -0.178982 0.458445
275.000000 386.000000 -0.141302 0.458445
353.000000 386.000000 0.103621 0.458445
388.000000 386.000000 0.213523 0.458445
427.000000 386.000000 0.335984 0.458445
594.000000 386.000000 0.860370 0.458445
218.000000 387.000000 -0.320284 0.461585
498.000000 387.000000 0.558927 0.461585
514.000000 387.000000 0.609167 0.461585
25.000000 388.000000 -0.926311 0.464725
194.000000 388.000000 -0.395645 0.464725
377.000000 388.000000 0.178982 0.464725
101.000000 389.000000 -0.687668 0.467866
242.000000 389.000000 -0.244923 0.467866
446.000000 389.000000 0.395645 0.467866
142.000000 390.000000 -0.558927 0.471006
157.000000 390.000000 -0.511826 0.471006
160.000000 390.000000 -0.502406 0.471006
355.000000 390.000000 0.109901 0.471006
371.000000 390.000000 0.160142 0.471006
515.000000 390.000000 0.612307 0.471006
525.000000 390.000000 0.643708 0.471006
13.000000 391.000000 -0.963991 0.474146
36.000000 391.000000 -0.891771 0.474146
109.000000 391.000000 -0.662548 0.474146
222.000000 391.000000 -0.307724 0.474146
271.000000 391.000000 -0.153862 0.474146
286.000000 391.000000 -0.106761 0.474146
293.000000 391.000000 -0.084781 0.474146
324.000000 391.000000 0.012560 0.474146
432.000000 391.000000 0.351684 0.474146
547.000000 391.000000 0.712788 0.474146
264.000000 392.000000 -0.175842 0.477286
345.000000 392.000000 0.078501 0.477286
451.000000 392.000000 0.411345 0.477286
511.000000 392.000000 0.599747 0.477286
584.000000 392.000000 0.828970 0.477286
607.000000 392.000000 0.901191 0.477286
114.000000 393.000000 -0.646848 0.480426
176.000000 393.000000 -0.452165 0.480426
552.000000 393.000000 0.728489 0.480426
59.000000 394.000000 -0.819550 0.483566
141.000000 394.000000 -0.562067 0.483566
186.000000 394.000000 -0.420765 0.483566
220.000000 394.000000 -0.314004 0.483566
255.000000 394.000000 -0.204102 0.483566
478.000000 394.000000 0.496126 0.483566
542.000000 394.000000 0.697088 0.483566
620.000000 394.000000 0.942011 0.483566
158.000000 395.000000 -0.508686 0.486706
357.000000 395.000000 0.116181 0.486706
462.000000 395.000000 0.445885 0.486706
514.000000 395.000000 0.609167 0.486706
556.000000 395.000000 0.741049 0.486706
609.000000 395.000000 0.907471 0.486706
18.000000 397.000000 -0.948291 0.492986
41.000000 397.000000 -0.876070 0.492986
475.000000 397.000000 0.486706 0.492986
525.000000 397.000000 0.643708 0.492986
125.000000 398.000000 -0.612307 0.496126
271.000000 398.000000 -0.153862 0.496126
297.000000 398.000000 -0.072221 0.496126
582.000000 398.000000 0.822690 0.496126
635.000000 398.000000 0.989112 0.496126
73.000000 399.000000 -0.775589 0.499266
218.000000 399.000000 -0.320284 0.499266
262.000000 399.000000 -0.182122 0.499266
526.000000 399.000000 0.646848 0.499266
61.000000 400.000000 -0.813270 0.502406
243.000000 400.000000 -0.241783 0.502406
425.000000 400.000000 0.329704 0.502406
472.000000 400.000000 0.477286 0.502406
613.000000 400.000000 0.920031 0.502406
159.000000 401.000000 -0.505546 0.505546
205.000000 401.000000 -0.361104 0.505546
256.000000 401.000000 -0.200962 0.505546
516.000000 401.000000 0.615447 0.505546
554.000000 401.000000 0.734769 0.505546
589.000000 401.000000 0.844670 0.505546
26.000000 402.000000 -0.923171 0.508686
50.000000 402.000000 -0.847810 0.508686
115.000000 402.000000 -0.643708 0.508686
207.000000 402.000000 -0.354824 0.508686
223.000000 402.000000 -0.304584 0.508686
545.000000 402.000000 0.706508 0.508686
129.000000 403.000000 -0.599747 0.511826
333.000000 403.000000 0.040820 0.511826
475.000000 403.000000 0.486706 0.511826
402.000000 404.000000 0.257483 0.514966
454.000000 404.000000 0.420765 0.514966
493.000000 404.000000 0.543226 0.514966
635.000000 404.000000 0.989112 0.514966
4.000000 405.000000 -0.992252 0.518106
15.000000 405.000000 -0.957711 0.518106
21.000000 405.000000 -0.938871 0.518106
54.000000 405.000000 -0.835250 0.518106
88.000000 405.000000 -0.728489 0.518106
255.000000 405.000000 -0.204102 0.518106
95.000000 406.000000 -0.706508 0.521246
160.000000 406.000000 -0.502406 0.521246
244.000000 406.000000 -0.238643 0.521246
306.000000 406.000000 -0.043961 0.521246
317.000000 406.000000 -0.009420 0.521246
323.000000 406.000000 0.009420 0.521246
603.000000 406.000000 0.888631 0.521246
32.000000 407.000000 -0.904331 0.524386
76.000000 407.000000 -0.766169 0.524386
153.000000 407.000000 -0.524386 0.524386
294.000000 407.000000 -0.081641 0.524386
418.000000 407.000000 0.307724 0.524386
462.000000 407.000000 0.445885 0.524386
498.000000 407.000000 0.558927 0.524386
500.000000 407.000000 0.565207 0.524386
504.000000 407.000000 0.577767 0.524386
625.000000 407.000000 0.957711 0.524386
38.000000 408.000000 -0.885490 0.527526
82.000000 408.000000 -0.747329 0.527526
109.000000 408.000000 -0.662548 0.527526
219.000000 408.000000 -0.317144 0.527526
238.000000 408.000000 -0.257483 0.527526
403.000000 408.000000 0.260623 0.527526
405.000000 408.000000 0.266903 0.527526
436.000000 408.000000 0.364244 0.527526
476.000000 408.000000 0.489846 0.527526
493.000000 408.000000 0.543226 0.527526
536.000000 408.000000 0.678248 0.527526
64.000000 409.000000 -0.803850 0.530666
133.000000 409.000000 -0.587187 0.530666
135.000000 409.000000 -0.580907 0.530666
145.000000 409.000000 -0.549506 0.530666
164.000000 409.000000 -0.489846 0.530666
254.000000 409.000000 -0.207242 0.530666
300.000000 409.000000 -0.062801 0.530666
312.000000 409.000000 -0.025120 0.530666
352.000000 409.000000 0.100481 0.530666
392.000000 409.000000 0.226083 0.530666
469.000000 409.000000 0.467866 0.530666
609.000000 409.000000 0.907471 0.530666
625.000000 409.000000 0.957711 0.530666
13.000000 410.000000 -0.963991 0.533806
53.000000 410.000000 -0.838390 0.533806
118.000000 410.000000 -0.634288 0.533806
214.000000 410.000000 -0.332844 0.533806
252.000000 410.000000 -0.213523 0.533806
412.000000 410.000000 0.288883 0.533806
424.000000 410.000000 0.326564 0.533806
447.000000 410.000000 0.398785 0.533806
621.000000 410.000000 0.945151 0.533806
127.000000 411.000000 -0.606027 0.536946
149.000000 411.000000 -0.536946 0.536946
384.000000 411.000000 0.200962 0.536946
483.000000 411.000000 0.511826 0.536946
533.000000 411.000000 0.668828 0.536946
557.000000 411.000000 0.744189 0.536946
66.000000 412.000000 -0.797569 0.540086
146.000000 412.000000 -0.546366 0.540086
161.000000 412.000000 -0.499266 0.540086
400.000000 412.000000 0.251203 0.540086
498.000000 412.000000 0.558927 0.540086
507.000000 412.000000 0.587187 0.540086
630.000000 412.000000 0.973412 0.540086
80.000000 413.000000 -0.753609 0.543226
119.000000 413.000000 -0.631147 0.543226
140.000000 413.000000 -0.565207 0.543226
323.000000 413.000000 0.009420 0.543226
346.000000 413.000000 0.081641 0.543226
391.000000 413.000000 0.222943 0.543226
453.000000 413.000000 0.417625 0.543226
469.000000 413.000000 0.467866 0.543226
599.000000 413.000000 0.876070 0.543226
121.000000 414.000000 -0.624867 0.546366
155.000000 414.000000 -0.518106 0.546366
201.000000 414.000000 -0.373664 0.546366
397.000000 414.000000 0.241783 0.546366
424.000000 414.000000 0.326564 0.546366
505.000000 414.000000 0.580907 0.546366
544.000000 414.000000 0.703368 0.546366
219.000000 415.000000 -0.317144 0.549506
315.000000 415.000000 -0.015700 0.549506
354.000000 415.000000 0.106761 0.549506
534.000000 415.000000 0.671968 0.549506
290.000000 416.000000 -0.094201 0.552647
296.000000 416.000000 -0.075361 0.552647
368.000000 416.000000 0.150722 0.552647
387.000000 416.000000 0.210382 0.552647
433.000000 416.000000 0.354824 0.552647
21.000000 417.000000 -0.938871 0.555787
86.000000 417.000000 -0.734769 0.555787
117.000000 417.000000 -0.637428 0.555787
162.000000 417.000000 -0.496126 0.555787
213.000000 417.000000 -0.335984 0.555787
263.000000 417.000000 -0.178982 0.555787
374.000000 417.000000 0.169562 0.555787
405.000000 417.000000 0.266903 0.555787
566.000000 417.000000 0.772449 0.555787
616.000000 417.000000 0.929451 0.555787
154.000000 418.000000 -0.521246 0.558927
434.000000 418.000000 0.357964 0.558927
461.000000 418.000000 0.442745 0.558927
484.000000 418.000000 0.514966 0.558927
588.000000 418.000000 0.841530 0.558927
3.000000 419.000000 -0.995392 0.562067
48.000000 419.000000 -0.854090 0.562067
76.000000 419.000000 -0.766169 0.562067
110.000000 420.000000 -0.659408 0.565207
301.000000 420.000000 -0.059661 0.565207
568.000000 420.000000 0.778729 0.565207
630.000000 421.000000 0.973412 0.568347
4.000000 422.000000 -0.992252 0.571487
235.000000 422.000000 -0.266903 0.571487
300.000000 422.000000 -0.062801 0.571487
595.000000 422.000000 0.863510 0.571487
598.000000 422.000000 0.872930 0.571487
107.000000 423.000000 -0.668828 0.574627
163.000000 423.000000 -0.492986 0.574627
279.000000 423.000000 -0.128742 0.574627
406.000000 423.000000 0.270043 0.574627
479.000000 423.000000 0.499266 0.574627
36.000000 424.000000 -0.891771 0.577767
347.000000 424.000000 0.084781 0.577767
531.000000 424.000000 0.662548 0.577767
539.000000 424.000000 0.687668 0.577767
604.000000 424.000000 0.891771 0.577767
65.000000 425.000000 -0.800709 0.580907
95.000000 425.000000 -0.706508 0.580907
246.000000 425.000000 -0.232363 0.580907
358.000000 425.000000 0.119321 0.580907
399.000000 425.000000 0.248063 0.580907
426.000000 425.000000 0.332844 0.580907
438.000000 425.000000 0.370524 0.580907
476.000000 425.000000 0.489846 0.580907
445.000000 426.000000 0.392505 0.584047
513.000000 426.000000 0.606027 0.584047
582.000000 426.000000 0.822690 0.584047
63.000000 427.000000 -0.806990 0.587187
97.000000 427.000000 -0.700228 0.587187
154.000000 427.000000 -0.521246 0.587187
301.000000 427.000000 -0.059661 0.587187
549.000000 427.000000 0.719069 0.587187
561.000000 427.000000 0.756749 0.587187
566.000000 427.000000 0.772449 0.587187
104.000000 428.000000 -0.678248 0.590327
330.000000 428.000000 0.031400 0.590327
517.000000 428.000000 0.618587 0.590327
10.000000 429.000000 -0.973412 0.593467
50.000000 429.000000 -0.847810 0.593467
224.000000 429.000000 -0.301444 0.593467
237.000000 429.000000 -0.260623 0.593467
260.000000 429.000000 -0.188402 0.593467
264.000000 429.000000 -0.175842 0.593467
440.000000 429.000000 0.376804 0.593467
502.000000 429.000000 0.571487 0.593467
34.000000 430.000000 -0.898051 0.596607
47.000000 430.000000 -0.857230 0.596607
86.000000 430.000000 -0.734769 0.596607
126.000000 430.000000 -0.609167 0.596607
533.000000 430.000000 0.668828 0.596607
594.000000 430.000000 0.860370 0.596607
612.000000 430.000000 0.916891 0.596607
621.000000 430.000000 0.945151 0.596607
9.000000 431.000000 -0.976552 0.599747
17.000000 431.000000 -0.951431 0.599747
19.000000 431.000000 -0.945151 0.599747
90.000000 431.000000 -0.722209 0.599747
173.000000 431.000000 -0.461585 0.599747
222.000000 431.000000 -0.307724 0.599747
224.000000 431.000000 -0.301444 0.599747
265.000000 431.000000 -0.172702 0.599747
562.000000 431.000000 0.759889 0.599747
106.000000 432.000000 -0.671968 0.602887
150.000000 432.000000 -0.533806 0.602887
156.000000 432.000000 -0.514966 0.602887
183.000000 432.000000 -0.430185 0.602887
204.000000 432.000000 -0.364244 0.602887
242.000000 432.000000 -0.244923 0.602887
375.000000 432.000000 0.172702 0.602887
400.000000 432.000000 0.251203 0.602887
411.000000 432.000000 0.285743 0.602887
417.000000 432.000000 0.304584 0.602887
592.000000 432.000000 0.854090 0.602887
88.000000 433.000000 -0.728489 0.606027
226.000000 433.000000 -0.295163 0.606027
310.000000 433.000000 -0.031400 0.606027
314.000000 433.000000 -0.018840 0.606027
318.000000 433.000000 -0.006280 0.606027
352.000000 433.000000 0.100481 0.606027
370.000000 433.000000 0.157002 0.606027
393.000000 433.000000 0.229223 0.606027
608.000000 433.000000 0.904331 0.606027
29.000000 434.000000 -0.913751 0.609167
173.000000 434.000000 -0.461585 0.609167
320.000000 434.000000 -0.000000 0.609167
338.000000 434.000000 0.056521 0.609167
501.000000 434.000000 0.568347 0.609167
528.000000 434.000000 0.653128 0.609167
553.000000 434.000000 0.731629 0.609167
620.000000 434.000000 0.942011 0.609167
60.000000 435.000000 -0.816410 0.612307
67.000000 435.000000 -0.794429 0.612307
90.000000 435.000000 -0.722209 0.612307
147.000000 435.000000 -0.543226 0.612307
165.000000 435.000000 -0.486706 0.612307
283.000000 435.000000 -0.116181 0.612307
302.000000 435.000000 -0.056521 0.612307
398.000000 435.000000 0.244923 0.612307
590.000000 435.000000 0.847810 0.612307
36.000000 436.000000 -0.891771 0.615447
311.000000 436.000000 -0.028260 0.615447
414.000000 436.000000 0.295163 0.615447
217.000000 437.000000 -0.323424 0.618587
244.000000 437.000000 -0.238643 0.618587
409.000000 437.000000 0.279463 0.618587
411.000000 437.000000 0.285743 0.618587
562.000000 437.000000 0.759889 0.618587
597.000000 437.000000 0.869790 0.618587
636.000000 437.000000 0.992252 0.618587
16.000000 438.000000 -0.954571 0.621727
55.000000 438.000000 -0.832110 0.621727
151.000000 438.000000 -0.530666 0.621727
343.000000 438.000000 0.072221 0.621727
552.000000 438.000000 0.728489 0.621727
631.000000 438.000000 0.976552 0.621727
72.000000 439.000000 -0.778729 0.624867
81.000000 439.000000 -0.750469 0.624867
137.000000 439.000000 -0.574627 0.624867
249.000000 439.000000 -0.222943 0.624867
310.000000 439.000000 -0.031400 0.624867
406.000000 439.000000 0.270043 0.624867
510.000000 439.000000 0.596607 0.624867
374.000000 440.000000 0.169562 0.628007
401.000000 440.000000 0.254343 0.628007
416.000000 440.000000 0.301444 0.628007
593.000000 440.000000 0.857230 0.628007
80.000000 441.000000 -0.753609 0.631147
131.000000 441.000000 -0.593467 0.631147
150.000000 441.000000 -0.533806 0.631147
166.000000 441.000000 -0.483566 0.631147
634.000000 441.000000 0.985972 0.631147
214.000000 442.000000 -0.332844 0.634288
368.000000 442.000000 0.150722 0.634288
14.000000 443.000000 -0.960851 0.637428
282.000000 443.000000 -0.119321 0.637428
472.000000 443.000000 0.477286 0.637428
615.000000 443.000000 0.926311 0.637428
34.000000 444.000000 -0.898051 0.640568
99.000000 444.000000 -0.693948 0.640568
249.000000 444.000000 -0.222943 0.640568
468.000000 444.000000 0.464725 0.640568
589.000000 444.000000 0.844670 0.640568
171.000000 445.000000 -0.467866 0.643708
68.000000 446.000000 -0.791289 0.646848
167.000000 446.000000 -0.480426 0.646848
237.000000 446.000000 -0.260623 0.646848
252.000000 446.000000 -0.213523 0.646848
536.000000 446.000000 0.678248 0.646848
104.000000 447.000000 -0.678248 0.649988
323.000000 447.000000 0.009420 0.649988
343.000000 447.000000 0.072221 0.649988
463.000000 447.000000 0.449025 0.649988
504.000000 447.000000 0.577767 0.649988
558.000000 447.000000 0.747329 0.649988
77.000000 448.000000 -0.763029 0.653128
265.000000 448.000000 -0.172702 0.653128
484.000000 448.000000 0.514966 0.653128
549.000000 448.000000 0.719069 0.653128
626.000000 448.000000 0.960851 0.653128
40.000000 449.000000 -0.879210 0.656268
236.000000 449.000000 -0.263763 0.656268
248.000000 449.000000 -0.226083 0.656268
279.000000 449.000000 -0.128742 0.656268
563.000000 449.000000 0.763029 0.656268
5.000000 450.000000 -0.989112 0.659408
93.000000 450.000000 -0.712788 0.659408
243.000000 450.000000 -0.241783 0.659408
301.000000 450.000000 -0.059661 0.659408
589.000000 450.000000 0.844670 0.659408
111.000000 451.000000 -0.656268 0.662548
219.000000 451.000000 -0.317144 0.662548
241.000000 451.000000 -0.248063 0.662548
307.000000 451.000000 -0.040820 0.662548
322.000000 451.000000 0.006280 0.662548
353.000000 451.000000 0.103621 0.662548
462.000000 451.000000 0.445885 0.662548
545.000000 451.000000 0.706508 0.662548
51.000000 452.000000 -0.844670 0.665688
55.000000 452.000000 -0.832110 0.665688
78.000000 452.000000 -0.759889 0.665688
197.000000 452.000000 -0.386225 0.665688
390.000000 452.000000 0.219803 0.665688
624.000000 452.000000 0.954571 0.665688
147.000000 453.000000 -0.543226 0.668828
168.000000 453.000000 -0.477286 0.668828
204.000000 453.000000 -0.364244 0.668828
283.000000 453.000000 -0.116181 0.668828
334.000000 453.000000 0.043961 0.668828
404.000000 453.000000 0.263763 0.668828
493.000000 453.000000 0.543226 0.668828
48.000000 454.000000 -0.854090 0.671968
163.000000 454.000000 -0.492986 0.671968
265.000000 454.000000 -0.172702 0.671968
280.000000 454.000000 -0.125601 0.671968
530.000000 454.000000 0.659408 0.671968
545.000000 454.000000 0.706508 0.671968
562.000000 454.000000 0.759889 0.671968
593.000000 454.000000 0.857230 0.671968
613.000000 454.000000 0.920031 0.671968
104.000000 455.000000 -0.678248 0.675108
173.000000 455.000000 -0.461585 0.675108
227.000000 455.000000 -0.292023 0.675108
392.000000 455.000000 0.226083 0.675108
442.000000 455.000000 0.383085 0.675108
448.000000 455.000000 0.401925 0.675108
469.000000 455.000000 0.467866 0.675108
500.000000 455.000000 0.565207 0.675108
24.000000 456.000000 -0.929451 0.678248
128.000000 456.000000 -0.602887 0.678248
169.000000 456.000000 -0.474146 0.678248
201.000000 456.000000 -0.373664 0.678248
249.000000 456.000000 -0.222943 0.678248
260.000000 456.000000 -0.188402 0.678248
491.000000 456.000000 0.536946 0.678248
602.000000 456.000000 0.885490 0.678248
357.000000 457.000000 0.116181 0.681388
417.000000 457.000000 0.304584 0.681388
447.000000 457.000000 0.398785 0.681388
526.000000 457.000000 0.646848 0.681388
634.000000 457.000000 0.985972 0.681388
14.000000 458.000000 -0.960851 0.684528
141.000000 458.000000 -0.562067 0.684528
229.000000 458.000000 -0.285743 0.684528
327.000000 458.000000 0.021980 0.684528
517.000000 458.000000 0.618587 0.684528
554.000000 458.000000 0.734769 0.684528
59.000000 459.000000 -0.819550 0.687668
226.000000 459.000000 -0.295163 0.687668
236.000000 459.000000 -0.263763 0.687668
255.000000 459.000000 -0.204102 0.687668
402.000000 459.000000 0.257483 0.687668
407.000000 459.000000 0.273183 0.687668
430.000000 459.000000 0.345404 0.687668
442.000000 459.000000 0.383085 0.687668
36.000000 460.000000 -0.891771 0.690808
245.000000 460.000000 -0.235503 0.690808
275.000000 460.000000 -0.141302 0.690808
317.000000 460.000000 -0.009420 0.690808
324.000000 460.000000 0.012560 0.690808
432.000000 460.000000 0.351684 0.690808
516.000000 460.000000 0.615447 0.690808
32.000000 461.000000 -0.904331 0.693948
39.000000 461.000000 -0.882350 0.693948
151.000000 461.000000 -0.530666 0.693948
162.000000 461.000000 -0.496126 0.693948
218.000000 461.000000 -0.320284 0.693948
361.000000 461.000000 0.128742 0.693948
384.000000 461.000000 0.200962 0.693948
524.000000 461.000000 0.640568 0.693948
543.000000 461.000000 0.700228 0.693948
237.000000 462.000000 -0.260623 0.697088
368.000000 462.000000 0.150722 0.697088
564.000000 462.000000 0.766169 0.697088
598.000000 462.000000 0.872930 0.697088
170.000000 463.000000 -0.471006 0.700228
178.000000 463.000000 -0.445885 0.700228
228.000000 463.000000 -0.288883 0.700228
305.000000 463.000000 -0.047101 0.700228
324.000000 463.000000 0.012560 0.700228
405.000000 463.000000 0.266903 0.700228
524.000000 463.000000 0.640568 0.700228
544.000000 463.000000 0.703368 0.700228
601.000000 463.000000 0.882350 0.700228
469.000000 464.000000 0.467866 0.703368
634.000000 464.000000 0.985972 0.703368
45.000000 465.000000 -0.863510 0.706508
57.000000 465.000000 -0.825830 0.706508
146.000000 465.000000 -0.546366 0.706508
149.000000 465.000000 -0.536946 0.706508
172.000000 465.000000 -0.464725 0.706508
314.000000 465.000000 -0.018840 0.706508
337.000000 465.000000 0.053381 0.706508
429.000000 465.000000 0.342264 0.706508
139.000000 466.000000 -0.568347 0.709648
263.000000 466.000000 -0.178982 0.709648
374.000000 466.000000 0.169562 0.709648
423.000000 466.000000 0.323424 0.709648
597.000000 466.000000 0.869790 0.709648
62.000000 467.000000 -0.810130 0.712788
177.000000 467.000000 -0.449025 0.712788
414.000000 467.000000 0.295163 0.712788
148.000000 468.000000 -0.540086 0.715928
263.000000 468.000000 -0.178982 0.715928
292.000000 468.000000 -0.087921 0.715928
404.000000 468.000000 0.263763 0.715928
530.000000 468.000000 0.659408 0.715928
626.000000 468.000000 0.960851 0.715928
113.000000 469.000000 -0.649988 0.719069
371.000000 469.000000 0.160142 0.719069
540.000000 469.000000 0.690808 0.719069
320.000000 470.000000 -0.000000 0.722209
412.000000 470.000000 0.288883 0.722209
4.000000 471.000000 -0.992252 0.725349
123.000000 471.000000 -0.618587 0.725349
485.000000 471.000000 0.518106 0.725349
522.000000 471.000000 0.634288 0.725349
534.000000 471.000000 0.671968 0.725349
10.000000 472.000000 -0.973412 0.728489
106.000000 472.000000 -0.671968 0.728489
133.000000 472.000000 -0.587187 0.728489
141.000000 472.000000 -0.562067 0.728489
152.000000 472.000000 -0.527526 0.728489
406.000000 472.000000 0.270043 0.728489
541.000000 472.000000 0.693948 0.728489
239.000000 473.000000 -0.254343 0.731629
297.000000 473.000000 -0.072221 0.731629
324.000000 473.000000 0.012560 0.731629
458.000000 473.000000 0.433325 0.731629
4.000000 474.000000 -0.992252 0.734769
19.000000 474.000000 -0.945151 0.734769
42.000000 474.000000 -0.872930 0.734769
54.000000 474.000000 -0.835250 0.734769
87.000000 474.000000 -0.731629 0.734769
247.000000 474.000000 -0.229223 0.734769
257.000000 474.000000 -0.197822 0.734769
315.000000 474.000000 -0.015700 0.734769
338.000000 474.000000 0.056521 0.734769
388.000000 474.000000 0.213523 0.734769
448.000000 474.000000 0.401925 0.734769
590.000000 474.000000 0.847810 0.734769
225.000000 475.000000 -0.298304 0.737909
263.000000 475.000000 -0.178982 0.737909
294.000000 475.000000 -0.081641 0.737909
24.000000 476.000000 -0.929451 0.741049
92.000000 476.000000 -0.715928 0.741049
120.000000 476.000000 -0.628007 0.741049
159.000000 476.000000 -0.505546 0.741049
177.000000 476.000000 -0.449025 0.741049
306.000000 476.000000 -0.043961 0.741049
311.000000 476.000000 -0.028260 0.741049
407.000000 476.000000 0.273183 0.741049
477.000000 476.000000 0.492986 0.741049
511.000000 476.000000 0.599747 0.741049
520.000000 476.000000 0.628007 0.741049
