32.000000 3.000000 -0.904331 -0.744189
63.000000 3.000000 -0.806990 -0.744189
389.000000 3.000000 0.216663 -0.744189
410.000000 3.000000 0.282603 -0.744189
458.000000 3.000000 0.433325 -0.744189
495.000000 3.000000 0.549506 -0.744189
533.000000 3.000000 0.668828 -0.744189
585.000000 3.000000 0.832110 -0.744189
598.000000 3.000000 0.872930 -0.744189
54.000000 4.000000 -0.835250 -0.741049
138.000000 4.000000 -0.571487 -0.741049
163.000000 4.000000 -0.492986 -0.741049
351.000000 4.000000 0.097341 -0.741049
436.000000 4.000000 0.364244 -0.741049
440.000000 4.000000 0.376804 -0.741049
442.000000 4.000000 0.383085 -0.741049
461.000000 4.000000 0.442745 -0.741049
470.000000 4.000000 0.471006 -0.741049
482.000000 4.000000 0.508686 -0.741049
492.000000 4.000000 0.540086 -0.741049
566.000000 4.000000 0.772449 -0.741049
576.000000 4.000000 0.803850 -0.741049
603.000000 4.000000 0.888631 -0.741049
62.000000 5.000000 -0.810130 -0.737909
177.000000 5.000000 -0.449025 -0.737909
200.000000 5.000000 -0.376804 -0.737909
387.000000 5.000000 0.210382 -0.737909
423.000000 5.000000 0.323424 -0.737909
607.000000 5.000000 0.901191 -0.737909
630.000000 5.000000 0.973412 -0.737909
453.000000 6.000000 0.417625 -0.734769
552.000000 6.000000 0.728489 -0.734769
62.000000 7.000000 -0.810130 -0.731629
125.000000 7.000000 -0.612307 -0.731629
200.000000 7.000000 -0.376804 -0.731629
537.000000 7.000000 0.681388 -0.731629
173.000000 8.000000 -0.461585 -0.728489
342.000000 8.000000 0.069081 -0.728489
381.000000 8.000000 0.191542 -0.728489
405.000000 8.000000 0.266903 -0.728489
95.000000 9.000000 -0.706508 -0.725349
122.000000 9.000000 -0.621727 -0.725349
419.000000 9.000000 0.310864 -0.725349
455.000000 9.000000 0.423905 -0.725349
75.000000 10.000000 -0.769309 -0.722209
98.000000 10.000000 -0.697088 -0.722209
204.000000 10.000000 -0.364244 -0.722209
232.000000 10.000000 -0.276323 -0.722209
278.000000 10.000000 -0.131882 -0.722209
532.000000 10.000000 0.665688 -0.722209
544.000000 10.000000 0.703368 -0.722209
81.000000 11.000000 -0.750469 -0.719069
135.000000 11.000000 -0.580907 -0.719069
166.000000 11.000000 -0.483566 -0.719069
304.000000 11.000000 -0.050241 -0.719069
538.000000 11.000000 0.684528 -0.719069
546.000000 11.000000 0.709648 -0.719069
30.000000 12.000000 -0.910611 -0.715928
515.000000 12.000000 0.612307 -0.715928
557.000000 12.000000 0.744189 -0.715928
606.000000 12.000000 0.898051 -0.715928
629.000000 12.000000 0.970271 -0.715928
109.000000 13.000000 -0.662548 -0.712788
186.000000 13.000000 -0.420765 -0.712788
424.000000 13.000000 0.326564 -0.712788
513.000000 13.000000 0.606027 -0.712788
548.000000 13.000000 0.715928 -0.712788
37.000000 14.000000 -0.888631 -0.709648
210.000000 15.000000 -0.345404 -0.706508
435.000000 15.000000 0.361104 -0.706508
529.000000 15.000000 0.656268 -0.706508
141.000000 16.000000 -0.562067 -0.703368
168.000000 16.000000 -0.477286 -0.703368
510.000000 16.000000 0.596607 -0.703368
575.000000 16.000000 0.800709 -0.703368
32.000000 17.000000 -0.904331 -0.700228
412.000000 17.000000 0.288883 -0.700228
613.000000 17.000000 0.920031 -0.700228
636.000000 17.000000 0.992252 -0.700228
425.000000 19.000000 0.329704 -0.693948
598.000000 19.000000 0.872930 -0.693948
55.000000 20.000000 -0.832110 -0.690808
316.000000 20.000000 -0.012560 -0.690808
490.000000 20.000000 0.533806 -0.690808
334.000000 21.000000 0.043961 -0.687668
392.000000 21.000000 0.226083 -0.687668
634.000000 21.000000 0.985972 -0.687668
150.000000 22.000000 -0.533806 -0.684528
420.000000 22.000000 0.314004 -0.684528
465.000000 22.000000 0.455305 -0.684528
501.000000 22.000000 0.568347 -0.684528
631.000000 22.000000 0.976552 -0.684528
62.000000 23.000000 -0.810130 -0.681388
481.000000 23.000000 0.505546 -0.681388
603.000000 23.000000 0.888631 -0.681388
157.000000 24.000000 -0.511826 -0.678248
177.000000 24.000000 -0.449025 -0.678248
465.000000 24.000000 0.455305 -0.678248
524.000000 24.000000 0.640568 -0.678248
607.000000 24.000000 0.901191 -0.678248
114.000000 25.000000 -0.646848 -0.675108
219.000000 25.000000 -0.317144 -0.675108
415.000000 25.000000 0.298304 -0.675108
529.000000 25.000000 0.656268 -0.675108
590.000000 25.000000 0.847810 -0.675108
3.000000 26.000000 -0.995392 -0.671968
68.000000 26.000000 -0.791289 -0.671968
176.000000 26.000000 -0.452165 -0.671968
193.000000 26.000000 -0.398785 -0.671968
210.000000 26.000000 -0.345404 -0.671968
612.000000 26.000000 0.916891 -0.671968
30.000000 27.000000 -0.910611 -0.668828
346.000000 27.000000 0.081641 -0.668828
401.000000 27.000000 0.254343 -0.668828
503.000000 27.000000 0.574627 -0.668828
526.000000 27.000000 0.646848 -0.668828
538.000000 27.000000 0.684528 -0.668828
597.000000 27.000000 0.869790 -0.668828
634.000000 27.000000 0.985972 -0.668828
20.000000 28.000000 -0.942011 -0.665688
62.000000 28.000000 -0.810130 -0.665688
427.000000 28.000000 0.335984 -0.665688
448.000000 28.000000 0.401925 -0.665688
479.000000 28.000000 0.499266 -0.665688
511.000000 28.000000 0.599747 -0.665688
534.000000 28.000000 0.671968 -0.665688
38.000000 29.000000 -0.885490 -0.662548
113.000000 29.000000 -0.649988 -0.662548
470.000000 29.000000 0.471006 -0.662548
581.000000 29.000000 0.819550 -0.662548
606.000000 29.000000 0.898051 -0.662548
137.000000 30.000000 -0.574627 -0.659408
557.000000 30.000000 0.744189 -0.659408
609.000000 30.000000 0.907471 -0.659408
628.000000 30.000000 0.967131 -0.659408
111.000000 31.000000 -0.656268 -0.656268
178.000000 31.000000 -0.445885 -0.656268
211.000000 31.000000 -0.342264 -0.656268
432.000000 31.000000 0.351684 -0.656268
501.000000 31.000000 0.568347 -0.656268
131.000000 32.000000 -0.593467 -0.653128
135.000000 32.000000 -0.580907 -0.653128
410.000000 32.000000 0.282603 -0.653128
492.000000 32.000000 0.540086 -0.653128
542.000000 32.000000 0.697088 -0.653128
41.000000 33.000000 -0.876070 -0.649988
76.000000 33.000000 -0.766169 -0.649988
91.000000 33.000000 -0.719069 -0.649988
121.000000 33.000000 -0.624867 -0.649988
186.000000 33.000000 -0.420765 -0.649988
198.000000 33.000000 -0.383085 -0.649988
605.000000 33.000000 0.894911 -0.649988
250.000000 34.000000 -0.219803 -0.646848
362.000000 34.000000 0.131882 -0.646848
472.000000 34.000000 0.477286 -0.646848
545.000000 34.000000 0.706508 -0.646848
216.000000 35.000000 -0.326564 -0.643708
350.000000 35.000000 0.094201 -0.643708
356.000000 35.000000 0.113041 -0.643708
167.000000 36.000000 -0.480426 -0.640568
589.000000 36.000000 0.844670 -0.640568
601.000000 36.000000 0.882350 -0.640568
605.000000 36.000000 0.894911 -0.640568
84.000000 37.000000 -0.741049 -0.637428
344.000000 37.000000 0.075361 -0.637428
518.000000 37.000000 0.621727 -0.637428
509.000000 38.000000 0.593467 -0.634288
554.000000 38.000000 0.734769 -0.634288
192.000000 39.000000 -0.401925 -0.631147
571.000000 39.000000 0.788149 -0.631147
597.000000 39.000000 0.869790 -0.631147
466.000000 40.000000 0.458445 -0.628007
587.000000 40.000000 0.838390 -0.628007
149.000000 41.000000 -0.536946 -0.624867
315.000000 41.000000 -0.015700 -0.624867
603.000000 41.000000 0.888631 -0.624867
381.000000 42.000000 0.191542 -0.621727
444.000000 42.000000 0.389365 -0.621727
51.000000 43.000000 -0.844670 -0.618587
140.000000 43.000000 -0.565207 -0.618587
374.000000 43.000000 0.169562 -0.618587
489.000000 43.000000 0.530666 -0.618587
539.000000 43.000000 0.687668 -0.618587
369.000000 44.000000 0.153862 -0.615447
438.000000 44.000000 0.370524 -0.615447
475.000000 44.000000 0.486706 -0.615447
503.000000 44.000000 0.574627 -0.615447
511.000000 44.000000 0.599747 -0.615447
75.000000 45.000000 -0.769309 -0.612307
164.000000 45.000000 -0.489846 -0.612307
206.000000 45.000000 -0.357964 -0.612307
525.000000 45.000000 0.643708 -0.612307
621.000000 45.000000 0.945151 -0.612307
40.000000 46.000000 -0.879210 -0.609167
174.000000 46.000000 -0.458445 -0.609167
186.000000 46.000000 -0.420765 -0.609167
358.000000 46.000000 0.119321 -0.609167
566.000000 46.000000 0.772449 -0.609167
597.000000 46.000000 0.869790 -0.609167
604.000000 46.000000 0.891771 -0.609167
352.000000 47.000000 0.100481 -0.606027
572.000000 47.000000 0.791289 -0.606027
37.000000 48.000000 -0.888631 -0.602887
127.000000 48.000000 -0.606027 -0.602887
280.000000 48.000000 -0.125601 -0.602887
346.000000 48.000000 0.081641 -0.602887
438.000000 48.000000 0.370524 -0.602887
528.000000 48.000000 0.653128 -0.602887
602.000000 48.000000 0.885490 -0.602887
624.000000 48.000000 0.954571 -0.602887
74.000000 49.000000 -0.772449 -0.599747
109.000000 49.000000 -0.662548 -0.599747
274.000000 49.000000 -0.144442 -0.599747
341.000000 49.000000 0.065941 -0.599747
460.000000 49.000000 0.439605 -0.599747
470.000000 49.000000 0.471006 -0.599747
556.000000 49.000000 0.741049 -0.599747
585.000000 49.000000 0.832110 -0.599747
123.000000 50.000000 -0.618587 -0.596607
163.000000 50.000000 -0.492986 -0.596607
330.000000 50.000000 0.031400 -0.596607
335.000000 50.000000 0.047101 -0.596607
337.000000 50.000000 0.053381 -0.596607
430.000000 50.000000 0.345404 -0.596607
531.000000 50.000000 0.662548 -0.596607
607.000000 50.000000 0.901191 -0.596607
41.000000 51.000000 -0.876070 -0.593467
442.000000 51.000000 0.383085 -0.593467
465.000000 51.000000 0.455305 -0.593467
477.000000 51.000000 0.492986 -0.593467
513.000000 51.000000 0.606027 -0.593467
569.000000 51.000000 0.781869 -0.593467
95.000000 52.000000 -0.706508 -0.590327
191.000000 52.000000 -0.405065 -0.590327
325.000000 52.000000 0.015700 -0.590327
589.000000 52.000000 0.844670 -0.590327
616.000000 52.000000 0.929451 -0.590327
102.000000 53.000000 -0.684528 -0.587187
173.000000 53.000000 -0.461585 -0.587187
251.000000 53.000000 -0.216663 -0.587187
526.000000 53.000000 0.646848 -0.587187
143.000000 54.000000 -0.555787 -0.584047
245.000000 54.000000 -0.235503 -0.584047
489.000000 54.000000 0.530666 -0.584047
544.000000 54.000000 0.703368 -0.584047
33.000000 55.000000 -0.901191 -0.580907
239.000000 55.000000 -0.254343 -0.580907
479.000000 55.000000 0.499266 -0.580907
614.000000 55.000000 0.923171 -0.580907
623.000000 55.000000 0.951431 -0.580907
80.000000 56.000000 -0.753609 -0.577767
159.000000 56.000000 -0.505546 -0.577767
302.000000 56.000000 -0.056521 -0.577767
532.000000 56.000000 0.665688 -0.577767
566.000000 56.000000 0.772449 -0.577767
634.000000 56.000000 0.985972 -0.577767
184.000000 57.000000 -0.427045 -0.574627
298.000000 57.000000 -0.069081 -0.574627
365.000000 57.000000 0.141302 -0.574627
455.000000 57.000000 0.423905 -0.574627
465.000000 57.000000 0.455305 -0.574627
523.000000 57.000000 0.637428 -0.574627
592.000000 57.000000 0.854090 -0.574627
57.000000 58.000000 -0.825830 -0.571487
292.000000 58.000000 -0.087921 -0.571487
483.000000 58.000000 0.511826 -0.571487
514.000000 58.000000 0.609167 -0.571487
529.000000 58.000000 0.656268 -0.571487
535.000000 58.000000 0.675108 -0.571487
113.000000 59.000000 -0.649988 -0.568347
171.000000 59.000000 -0.467866 -0.568347
186.000000 59.000000 -0.420765 -0.568347
209.000000 59.000000 -0.348544 -0.568347
216.000000 59.000000 -0.326564 -0.568347
285.000000 59.000000 -0.109901 -0.568347
497.000000 59.000000 0.555787 -0.568347
620.000000 59.000000 0.942011 -0.568347
625.000000 59.000000 0.957711 -0.568347
62.000000 60.000000 -0.810130 -0.565207
204.000000 60.000000 -0.364244 -0.565207
446.000000 60.000000 0.395645 -0.565207
11.000000 61.000000 -0.970271 -0.562067
588.000000 61.000000 0.841530 -0.562067
269.000000 62.000000 -0.160142 -0.558927
481.000000 62.000000 0.505546 -0.558927
547.000000 62.000000 0.712788 -0.558927
576.000000 62.000000 0.803850 -0.558927
263.000000 63.000000 -0.178982 -0.555787
488.000000 63.000000 0.527526 -0.555787
585.000000 63.000000 0.832110 -0.555787
591.000000 63.000000 0.850950 -0.555787
171.000000 64.000000 -0.467866 -0.552647
258.000000 64.000000 -0.194682 -0.552647
552.000000 64.000000 0.728489 -0.552647
41.000000 65.000000 -0.876070 -0.549506
120.000000 65.000000 -0.628007 -0.549506
122.000000 65.000000 -0.621727 -0.549506
181.000000 65.000000 -0.436465 -0.549506
252.000000 65.000000 -0.213523 -0.549506
539.000000 65.000000 0.687668 -0.549506
623.000000 65.000000 0.951431 -0.549506
13.000000 66.000000 -0.963991 -0.546366
103.000000 66.000000 -0.681388 -0.546366
124.000000 66.000000 -0.615447 -0.546366
128.000000 66.000000 -0.602887 -0.546366
132.000000 66.000000 -0.590327 -0.546366
247.000000 66.000000 -0.229223 -0.546366
562.000000 66.000000 0.759889 -0.546366
203.000000 67.000000 -0.367384 -0.543226
241.000000 67.000000 -0.248063 -0.543226
626.000000 67.000000 0.960851 -0.543226
119.000000 68.000000 -0.631147 -0.540086
121.000000 68.000000 -0.624867 -0.540086
225.000000 68.000000 -0.298304 -0.540086
236.000000 68.000000 -0.263763 -0.540086
460.000000 68.000000 0.439605 -0.540086
636.000000 68.000000 0.992252 -0.540086
230.000000 69.000000 -0.282603 -0.536946
501.000000 69.000000 0.568347 -0.536946
546.000000 69.000000 0.709648 -0.536946
583.000000 69.000000 0.825830 -0.536946
192.000000 70.000000 -0.401925 -0.533806
606.000000 70.000000 0.898051 -0.533806
35.000000 71.000000 -0.894911 -0.530666
78.000000 71.000000 -0.759889 -0.530666
118.000000 71.000000 -0.634288 -0.530666
146.000000 71.000000 -0.546366 -0.530666
206.000000 71.000000 -0.357964 -0.530666
561.000000 71.000000 0.756749 -0.530666
575.000000 71.000000 0.800709 -0.530666
74.000000 72.000000 -0.772449 -0.527526
97.000000 72.000000 -0.700228 -0.527526
140.000000 72.000000 -0.565207 -0.527526
186.000000 72.000000 -0.420765 -0.527526
58.000000 73.000000 -0.822690 -0.524386
177.000000 73.000000 -0.449025 -0.524386
438.000000 73.000000 0.370524 -0.524386
505.000000 73.000000 0.580907 -0.524386
624.000000 73.000000 0.954571 -0.524386
128.000000 74.000000 -0.602887 -0.521246
133.000000 74.000000 -0.587187 -0.521246
471.000000 74.000000 0.474146 -0.521246
479.000000 74.000000 0.499266 -0.521246
502.000000 74.000000 0.571487 -0.521246
546.000000 74.000000 0.709648 -0.521246
607.000000 74.000000 0.901191 -0.521246
622.000000 74.000000 0.948291 -0.521246
7.000000 75.000000 -0.982832 -0.518106
75.000000 75.000000 -0.769309 -0.518106
122.000000 75.000000 -0.621727 -0.518106
203.000000 75.000000 -0.367384 -0.518106
205.000000 75.000000 -0.361104 -0.518106
429.000000 75.000000 0.342264 -0.518106
483.000000 75.000000 0.511826 -0.518106
516.000000 75.000000 0.615447 -0.518106
598.000000 75.000000 0.872930 -0.518106
80.000000 76.000000 -0.753609 -0.514966
96.000000 76.000000 -0.703368 -0.514966
116.000000 76.000000 -0.640568 -0.514966
194.000000 76.000000 -0.395645 -0.514966
463.000000 76.000000 0.449025 -0.514966
497.000000 76.000000 0.555787 -0.514966
603.000000 76.000000 0.888631 -0.514966
168.000000 77.000000 -0.477286 -0.511826
183.000000 77.000000 -0.430185 -0.511826
450.000000 77.000000 0.408205 -0.511826
625.000000 77.000000 0.957711 -0.511826
148.000000 78.000000 -0.540086 -0.508686
229.000000 78.000000 -0.285743 -0.508686
99.000000 79.000000 -0.693948 -0.505546
141.000000 79.000000 -0.562067 -0.505546
172.000000 79.000000 -0.464725 -0.505546
524.000000 80.000000 0.640568 -0.502406
607.000000 80.000000 0.901191 -0.502406
87.000000 81.000000 -0.731629 -0.499266
145.000000 81.000000 -0.549506 -0.499266
445.000000 81.000000 0.392505 -0.499266
80.000000 82.000000 -0.753609 -0.496126
157.000000 82.000000 -0.511826 -0.496126
182.000000 82.000000 -0.433325 -0.496126
210.000000 82.000000 -0.345404 -0.496126
528.000000 82.000000 0.653128 -0.496126
543.000000 82.000000 0.700228 -0.496126
450.000000 83.000000 0.408205 -0.492986
539.000000 83.000000 0.687668 -0.492986
80.000000 84.000000 -0.753609 -0.489846
146.000000 84.000000 -0.546366 -0.489846
214.000000 84.000000 -0.332844 -0.489846
218.000000 84.000000 -0.320284 -0.489846
463.000000 84.000000 0.449025 -0.489846
483.000000 84.000000 0.511826 -0.489846
586.000000 84.000000 0.835250 -0.489846
626.000000 84.000000 0.960851 -0.489846
25.000000 85.000000 -0.926311 -0.486706
140.000000 85.000000 -0.565207 -0.486706
150.000000 85.000000 -0.533806 -0.486706
160.000000 85.000000 -0.502406 -0.486706
621.000000 85.000000 0.945151 -0.486706
29.000000 86.000000 -0.913751 -0.483566
134.000000 86.000000 -0.584047 -0.483566
590.000000 86.000000 0.847810 -0.483566
49.000000 87.000000 -0.850950 -0.480426
129.000000 87.000000 -0.599747 -0.480426
154.000000 87.000000 -0.521246 -0.480426
488.000000 87.000000 0.527526 -0.480426
30.000000 88.000000 -0.910611 -0.477286
123.000000 88.000000 -0.618587 -0.477286
502.000000 88.000000 0.571487 -0.477286
117.000000 89.000000 -0.637428 -0.474146
462.000000 89.000000 0.445885 -0.474146
494.000000 89.000000 0.546366 -0.474146
465.000000 90.000000 0.455305 -0.471006
484.000000 90.000000 0.514966 -0.471006
107.000000 91.000000 -0.668828 -0.467866
150.000000 91.000000 -0.533806 -0.467866
34.000000 92.000000 -0.898051 -0.464725
508.000000 92.000000 0.590327 -0.464725
557.000000 92.000000 0.744189 -0.464725
615.000000 92.000000 0.926311 -0.464725
104.000000 93.000000 -0.678248 -0.461585
476.000000 93.000000 0.489846 -0.461585
561.000000 93.000000 0.756749 -0.461585
483.000000 94.000000 0.511826 -0.458445
153.000000 95.000000 -0.524386 -0.455305
469.000000 95.000000 0.467866 -0.455305
178.000000 96.000000 -0.445885 -0.452165
541.000000 96.000000 0.693948 -0.452165
610.000000 96.000000 0.910611 -0.452165
43.000000 97.000000 -0.869790 -0.449025
108.000000 98.000000 -0.665688 -0.445885
447.000000 98.000000 0.398785 -0.445885
516.000000 98.000000 0.615447 -0.445885
543.000000 98.000000 0.700228 -0.445885
558.000000 98.000000 0.747329 -0.445885
566.000000 98.000000 0.772449 -0.445885
631.000000 98.000000 0.976552 -0.445885
73.000000 99.000000 -0.775589 -0.442745
172.000000 99.000000 -0.464725 -0.442745
407.000000 99.000000 0.273183 -0.442745
484.000000 99.000000 0.514966 -0.442745
526.000000 99.000000 0.646848 -0.442745
609.000000 99.000000 0.907471 -0.442745
208.000000 100.000000 -0.351684 -0.439605
450.000000 100.000000 0.408205 -0.439605
502.000000 100.000000 0.571487 -0.439605
544.000000 100.000000 0.703368 -0.439605
592.000000 100.000000 0.854090 -0.439605
617.000000 100.000000 0.932591 -0.439605
44.000000 101.000000 -0.866650 -0.436465
124.000000 101.000000 -0.615447 -0.436465
96.000000 102.000000 -0.703368 -0.433325
470.000000 102.000000 0.471006 -0.433325
503.000000 102.000000 0.574627 -0.433325
91.000000 103.000000 -0.719069 -0.430185
127.000000 103.000000 -0.606027 -0.430185
240.000000 103.000000 -0.251203 -0.430185
82.000000 104.000000 -0.747329 -0.427045
87.000000 104.000000 -0.731629 -0.427045
96.000000 104.000000 -0.703368 -0.427045
468.000000 104.000000 0.464725 -0.427045
525.000000 104.000000 0.643708 -0.427045
548.000000 105.000000 0.715928 -0.423905
565.000000 105.000000 0.769309 -0.423905
108.000000 106.000000 -0.665688 -0.420765
295.000000 106.000000 -0.078501 -0.420765
538.000000 106.000000 0.684528 -0.420765
584.000000 106.000000 0.828970 -0.420765
11.000000 107.000000 -0.970271 -0.417625
214.000000 107.000000 -0.332844 -0.417625
292.000000 107.000000 -0.087921 -0.417625
441.000000 107.000000 0.379945 -0.417625
633.000000 107.000000 0.982832 -0.417625
115.000000 108.000000 -0.643708 -0.414485
256.000000 108.000000 -0.200962 -0.414485
259.000000 108.000000 -0.191542 -0.414485
262.000000 108.000000 -0.182122 -0.414485
295.000000 108.000000 -0.078501 -0.414485
297.000000 108.000000 -0.072221 -0.414485
451.000000 108.000000 0.411345 -0.414485
474.000000 108.000000 0.483566 -0.414485
157.000000 109.000000 -0.511826 -0.411345
252.000000 109.000000 -0.213523 -0.411345
249.000000 110.000000 -0.222943 -0.408205
536.000000 110.000000 0.678248 -0.408205
165.000000 111.000000 -0.486706 -0.405065
179.000000 111.000000 -0.442745 -0.405065
522.000000 111.000000 0.634288 -0.405065
613.000000 112.000000 0.920031 -0.401925
249.000000 113.000000 -0.222943 -0.398785
611.000000 113.000000 0.913751 -0.398785
181.000000 114.000000 -0.436465 -0.395645
475.000000 114.000000 0.486706 -0.395645
552.000000 114.000000 0.728489 -0.395645
571.000000 114.000000 0.788149 -0.395645
625.000000 114.000000 0.957711 -0.395645
13.000000 115.000000 -0.963991 -0.392505
278.000000 116.000000 -0.131882 -0.389365
606.000000 116.000000 0.898051 -0.389365
634.000000 116.000000 0.985972 -0.389365
139.000000 117.000000 -0.568347 -0.386225
144.000000 117.000000 -0.552647 -0.386225
624.000000 117.000000 0.954571 -0.386225
480.000000 118.000000 0.502406 -0.383085
117.000000 119.000000 -0.637428 -0.379945
274.000000 119.000000 -0.144442 -0.379945
533.000000 119.000000 0.668828 -0.379945
635.000000 119.000000 0.989112 -0.379945
276.000000 120.000000 -0.138162 -0.376804
488.000000 120.000000 0.527526 -0.376804
586.000000 120.000000 0.835250 -0.376804
55.000000 121.000000 -0.832110 -0.373664
143.000000 121.000000 -0.555787 -0.373664
184.000000 121.000000 -0.427045 -0.373664
226.000000 121.000000 -0.295163 -0.373664
243.000000 121.000000 -0.241783 -0.373664
569.000000 121.000000 0.781869 -0.373664
602.000000 121.000000 0.885490 -0.373664
204.000000 122.000000 -0.364244 -0.370524
549.000000 122.000000 0.719069 -0.370524
607.000000 122.000000 0.901191 -0.370524
630.000000 122.000000 0.973412 -0.370524
8.000000 123.000000 -0.979692 -0.367384
137.000000 123.000000 -0.574627 -0.367384
479.000000 123.000000 0.499266 -0.367384
546.000000 123.000000 0.709648 -0.367384
117.000000 124.000000 -0.637428 -0.364244
483.000000 124.000000 0.511826 -0.364244
589.000000 124.000000 0.844670 -0.364244
194.000000 125.000000 -0.395645 -0.361104
471.000000 125.000000 0.474146 -0.361104
628.000000 125.000000 0.967131 -0.361104
179.000000 126.000000 -0.442745 -0.357964
602.000000 126.000000 0.885490 -0.357964
176.000000 127.000000 -0.452165 -0.354824
310.000000 127.000000 -0.031400 -0.354824
542.000000 127.000000 0.697088 -0.354824
170.000000 129.000000 -0.471006 -0.348544
546.000000 129.000000 0.709648 -0.348544
561.000000 129.000000 0.756749 -0.348544
11.000000 130.000000 -0.970271 -0.345404
218.000000 130.000000 -0.320284 -0.345404
71.000000 131.000000 -0.781869 -0.342264
149.000000 131.000000 -0.536946 -0.342264
180.000000 131.000000 -0.439605 -0.342264
310.000000 132.000000 -0.031400 -0.339124
519.000000 132.000000 0.624867 -0.339124
565.000000 132.000000 0.769309 -0.339124
164.000000 133.000000 -0.489846 -0.335984
556.000000 133.000000 0.741049 -0.335984
606.000000 133.000000 0.898051 -0.335984
167.000000 134.000000 -0.480426 -0.332844
200.000000 134.000000 -0.376804 -0.332844
211.000000 134.000000 -0.342264 -0.332844
315.000000 134.000000 -0.015700 -0.332844
618.000000 134.000000 0.935731 -0.332844
106.000000 135.000000 -0.671968 -0.329704
172.000000 136.000000 -0.464725 -0.326564
214.000000 136.000000 -0.332844 -0.326564
302.000000 136.000000 -0.056521 -0.326564
535.000000 136.000000 0.675108 -0.326564
636.000000 136.000000 0.992252 -0.326564
5.000000 138.000000 -0.989112 -0.320284
176.000000 138.000000 -0.452165 -0.320284
217.000000 138.000000 -0.323424 -0.320284
303.000000 138.000000 -0.053381 -0.320284
470.000000 138.000000 0.471006 -0.320284
629.000000 138.000000 0.970271 -0.320284
636.000000 138.000000 0.992252 -0.320284
204.000000 139.000000 -0.364244 -0.317144
248.000000 139.000000 -0.226083 -0.317144
256.000000 139.000000 -0.200962 -0.317144
603.000000 139.000000 0.888631 -0.317144
217.000000 140.000000 -0.323424 -0.314004
315.000000 140.000000 -0.015700 -0.314004
548.000000 140.000000 0.715928 -0.314004
296.000000 141.000000 -0.075361 -0.310864
626.000000 141.000000 0.960851 -0.310864
221.000000 142.000000 -0.310864 -0.307724
624.000000 142.000000 0.954571 -0.307724
139.000000 143.000000 -0.568347 -0.304584
145.000000 143.000000 -0.549506 -0.304584
314.000000 143.000000 -0.018840 -0.304584
320.000000 143.000000 -0.000000 -0.304584
586.000000 143.000000 0.835250 -0.304584
17.000000 144.000000 -0.951431 -0.301444
201.000000 144.000000 -0.373664 -0.301444
255.000000 144.000000 -0.204102 -0.301444
543.000000 144.000000 0.700228 -0.301444
552.000000 144.000000 0.728489 -0.301444
13.000000 145.000000 -0.963991 -0.298304
277.000000 145.000000 -0.135022 -0.298304
593.000000 145.000000 0.857230 -0.298304
619.000000 145.000000 0.938871 -0.298304
100.000000 146.000000 -0.690808 -0.295163
162.000000 146.000000 -0.496126 -0.295163
244.000000 146.000000 -0.238643 -0.295163
290.000000 146.000000 -0.094201 -0.295163
300.000000 146.000000 -0.062801 -0.295163
579.000000 146.000000 0.813270 -0.295163
314.000000 147.000000 -0.018840 -0.292023
516.000000 147.000000 0.615447 -0.292023
520.000000 147.000000 0.628007 -0.292023
527.000000 147.000000 0.649988 -0.292023
581.000000 147.000000 0.819550 -0.292023
265.000000 148.000000 -0.172702 -0.288883
488.000000 148.000000 0.527526 -0.288883
522.000000 148.000000 0.634288 -0.288883
203.000000 149.000000 -0.367384 -0.285743
224.000000 149.000000 -0.301444 -0.285743
269.000000 149.000000 -0.160142 -0.285743
277.000000 149.000000 -0.135022 -0.285743
279.000000 149.000000 -0.128742 -0.285743
308.000000 149.000000 -0.037680 -0.285743
569.000000 149.000000 0.781869 -0.285743
195.000000 150.000000 -0.392505 -0.282603
242.000000 151.000000 -0.244923 -0.279463
271.000000 151.000000 -0.153862 -0.279463
626.000000 151.000000 0.960851 -0.279463
244.000000 152.000000 -0.238643 -0.276323
585.000000 152.000000 0.832110 -0.276323
635.000000 152.000000 0.989112 -0.276323
405.000000 153.000000 0.266903 -0.273183
525.000000 153.000000 0.643708 -0.273183
575.000000 153.000000 0.800709 -0.273183
579.000000 153.000000 0.813270 -0.273183
596.000000 153.000000 0.866650 -0.273183
600.000000 153.000000 0.879210 -0.273183
97.000000 155.000000 -0.700228 -0.266903
213.000000 155.000000 -0.335984 -0.266903
248.000000 155.000000 -0.226083 -0.266903
592.000000 155.000000 0.854090 -0.266903
126.000000 156.000000 -0.609167 -0.263763
149.000000 156.000000 -0.536946 -0.263763
198.000000 156.000000 -0.383085 -0.263763
537.000000 156.000000 0.681388 -0.263763
598.000000 156.000000 0.872930 -0.263763
269.000000 157.000000 -0.160142 -0.260623
281.000000 157.000000 -0.122461 -0.260623
611.000000 157.000000 0.913751 -0.260623
564.000000 158.000000 0.766169 -0.257483
613.000000 158.000000 0.920031 -0.257483
260.000000 159.000000 -0.188402 -0.254343
332.000000 160.000000 0.037680 -0.251203
594.000000 160.000000 0.860370 -0.251203
600.000000 160.000000 0.879210 -0.251203
249.000000 161.000000 -0.222943 -0.248063
260.000000 161.000000 -0.188402 -0.248063
286.000000 161.000000 -0.106761 -0.248063
313.000000 161.000000 -0.021980 -0.248063
581.000000 161.000000 0.819550 -0.248063
218.000000 162.000000 -0.320284 -0.244923
221.000000 163.000000 -0.310864 -0.241783
232.000000 163.000000 -0.276323 -0.241783
262.000000 164.000000 -0.182122 -0.238643
256.000000 165.000000 -0.200962 -0.235503
248.000000 166.000000 -0.226083 -0.232363
562.000000 166.000000 0.759889 -0.232363
635.000000 166.000000 0.989112 -0.232363
631.000000 167.000000 0.976552 -0.229223
258.000000 168.000000 -0.194682 -0.226083
273.000000 168.000000 -0.147582 -0.226083
336.000000 168.000000 0.050241 -0.226083
607.000000 168.000000 0.901191 -0.226083
616.000000 168.000000 0.929451 -0.226083
68.000000 170.000000 -0.791289 -0.219803
170.000000 170.000000 -0.471006 -0.219803
203.000000 170.000000 -0.367384 -0.219803
210.000000 170.000000 -0.345404 -0.219803
529.000000 170.000000 0.656268 -0.219803
144.000000 171.000000 -0.552647 -0.216663
190.000000 171.000000 -0.408205 -0.216663
499.000000 171.000000 0.562067 -0.216663
559.000000 171.000000 0.750469 -0.216663
182.000000 172.000000 -0.433325 -0.213523
145.000000 173.000000 -0.549506 -0.210382
186.000000 173.000000 -0.420765 -0.210382
261.000000 173.000000 -0.185262 -0.210382
518.000000 173.000000 0.621727 -0.210382
562.000000 173.000000 0.759889 -0.210382
581.000000 173.000000 0.819550 -0.210382
625.000000 173.000000 0.957711 -0.210382
256.000000 174.000000 -0.200962 -0.207242
187.000000 175.000000 -0.417625 -0.204102
398.000000 175.000000 0.244923 -0.204102
585.000000 175.000000 0.832110 -0.204102
169.000000 176.000000 -0.474146 -0.200962
192.000000 176.000000 -0.401925 -0.200962
206.000000 176.000000 -0.357964 -0.200962
255.000000 176.000000 -0.204102 -0.200962
625.000000 176.000000 0.957711 -0.200962
251.000000 177.000000 -0.216663 -0.197822
331.000000 177.000000 0.034540 -0.197822
606.000000 177.000000 0.898051 -0.197822
269.000000 178.000000 -0.160142 -0.194682
573.000000 178.000000 0.794429 -0.194682
200.000000 179.000000 -0.376804 -0.191542
502.000000 179.000000 0.571487 -0.191542
602.000000 179.000000 0.885490 -0.191542
606.000000 179.000000 0.898051 -0.191542
616.000000 179.000000 0.929451 -0.191542
204.000000 180.000000 -0.364244 -0.188402
206.000000 180.000000 -0.357964 -0.188402
209.000000 180.000000 -0.348544 -0.188402
551.000000 180.000000 0.725349 -0.188402
214.000000 181.000000 -0.332844 -0.185262
227.000000 181.000000 -0.292023 -0.185262
234.000000 181.000000 -0.270043 -0.185262
258.000000 181.000000 -0.194682 -0.185262
592.000000 181.000000 0.854090 -0.185262
611.000000 181.000000 0.913751 -0.185262
253.000000 182.000000 -0.210382 -0.182122
198.000000 183.000000 -0.383085 -0.178982
258.000000 183.000000 -0.194682 -0.178982
261.000000 183.000000 -0.185262 -0.178982
608.000000 183.000000 0.904331 -0.178982
631.000000 183.000000 0.976552 -0.178982
192.000000 184.000000 -0.401925 -0.175842
603.000000 184.000000 0.888631 -0.175842
219.000000 185.000000 -0.317144 -0.172702
600.000000 185.000000 0.879210 -0.172702
199.000000 186.000000 -0.379945 -0.169562
325.000000 186.000000 0.015700 -0.169562
389.000000 186.000000 0.216663 -0.169562
596.000000 186.000000 0.866650 -0.169562
602.000000 186.000000 0.885490 -0.169562
63.000000 187.000000 -0.806990 -0.166422
238.000000 187.000000 -0.257483 -0.166422
267.000000 187.000000 -0.166422 -0.166422
600.000000 187.000000 0.879210 -0.166422
576.000000 188.000000 0.803850 -0.163282
584.000000 188.000000 0.828970 -0.163282
222.000000 189.000000 -0.307724 -0.160142
348.000000 189.000000 0.087921 -0.160142
256.000000 190.000000 -0.200962 -0.157002
598.000000 190.000000 0.872930 -0.157002
635.000000 190.000000 0.989112 -0.157002
228.000000 191.000000 -0.288883 -0.153862
247.000000 191.000000 -0.229223 -0.153862
349.000000 191.000000 0.091061 -0.153862
571.000000 191.000000 0.788149 -0.153862
231.000000 192.000000 -0.279463 -0.150722
234.000000 192.000000 -0.270043 -0.150722
237.000000 192.000000 -0.260623 -0.150722
557.000000 192.000000 0.744189 -0.150722
580.000000 192.000000 0.816410 -0.150722
634.000000 192.000000 0.985972 -0.150722
227.000000 193.000000 -0.292023 -0.147582
603.000000 193.000000 0.888631 -0.147582
617.000000 193.000000 0.932591 -0.147582
232.000000 194.000000 -0.276323 -0.144442
292.000000 194.000000 -0.087921 -0.144442
597.000000 194.000000 0.869790 -0.144442
95.000000 195.000000 -0.706508 -0.141302
177.000000 195.000000 -0.449025 -0.141302
192.000000 195.000000 -0.401925 -0.141302
239.000000 195.000000 -0.254343 -0.141302
289.000000 195.000000 -0.097341 -0.141302
339.000000 195.000000 0.059661 -0.141302
556.000000 195.000000 0.741049 -0.141302
248.000000 196.000000 -0.226083 -0.138162
543.000000 196.000000 0.700228 -0.138162
570.000000 196.000000 0.785009 -0.138162
593.000000 196.000000 0.857230 -0.138162
609.000000 196.000000 0.907471 -0.138162
612.000000 196.000000 0.916891 -0.138162
635.000000 196.000000 0.989112 -0.138162
561.000000 197.000000 0.756749 -0.135022
605.000000 197.000000 0.894911 -0.135022
198.000000 198.000000 -0.383085 -0.131882
231.000000 198.000000 -0.279463 -0.131882
246.000000 198.000000 -0.232363 -0.131882
264.000000 198.000000 -0.175842 -0.131882
601.000000 198.000000 0.882350 -0.131882
603.000000 198.000000 0.888631 -0.131882
143.000000 199.000000 -0.555787 -0.128742
194.000000 199.000000 -0.395645 -0.128742
608.000000 199.000000 0.904331 -0.128742
228.000000 200.000000 -0.288883 -0.125601
561.000000 200.000000 0.756749 -0.125601
190.000000 201.000000 -0.408205 -0.122461
192.000000 201.000000 -0.401925 -0.122461
295.000000 201.000000 -0.078501 -0.122461
634.000000 201.000000 0.985972 -0.122461
292.000000 202.000000 -0.087921 -0.119321
514.000000 202.000000 0.609167 -0.119321
592.000000 202.000000 0.854090 -0.119321
336.000000 203.000000 0.050241 -0.116181
547.000000 203.000000 0.712788 -0.116181
608.000000 203.000000 0.904331 -0.116181
66.000000 204.000000 -0.797569 -0.113041
228.000000 204.000000 -0.288883 -0.113041
557.000000 204.000000 0.744189 -0.113041
199.000000 205.000000 -0.379945 -0.109901
620.000000 206.000000 0.942011 -0.106761
209.000000 208.000000 -0.348544 -0.100481
218.000000 209.000000 -0.320284 -0.097341
215.000000 211.000000 -0.329704 -0.091061
339.000000 211.000000 0.059661 -0.091061
576.000000 211.000000 0.803850 -0.091061
630.000000 211.000000 0.973412 -0.091061
335.000000 212.000000 0.047101 -0.087921
456.000000 212.000000 0.427045 -0.087921
612.000000 212.000000 0.916891 -0.087921
216.000000 213.000000 -0.326564 -0.084781
280.000000 213.000000 -0.125601 -0.084781
332.000000 213.000000 0.037680 -0.084781
543.000000 213.000000 0.700228 -0.084781
247.000000 214.000000 -0.229223 -0.081641
338.000000 214.000000 0.056521 -0.081641
572.000000 214.000000 0.791289 -0.081641
506.000000 215.000000 0.584047 -0.078501
532.000000 215.000000 0.665688 -0.078501
562.000000 215.000000 0.759889 -0.078501
602.000000 215.000000 0.885490 -0.078501
251.000000 216.000000 -0.216663 -0.075361
497.000000 216.000000 0.555787 -0.075361
550.000000 216.000000 0.722209 -0.075361
233.000000 217.000000 -0.273183 -0.072221
308.000000 217.000000 -0.037680 -0.072221
511.000000 217.000000 0.599747 -0.072221
584.000000 217.000000 0.828970 -0.072221
208.000000 218.000000 -0.351684 -0.069081
556.000000 218.000000 0.741049 -0.069081
241.000000 219.000000 -0.248063 -0.065941
491.000000 219.000000 0.536946 -0.065941
548.000000 219.000000 0.715928 -0.065941
253.000000 220.000000 -0.210382 -0.062801
534.000000 220.000000 0.671968 -0.062801
561.000000 220.000000 0.756749 -0.062801
593.000000 220.000000 0.857230 -0.062801
174.000000 221.000000 -0.458445 -0.059661
291.000000 221.000000 -0.091061 -0.059661
185.000000 222.000000 -0.423905 -0.056521
183.000000 223.000000 -0.430185 -0.053381
367.000000 223.000000 0.147582 -0.053381
633.000000 223.000000 0.982832 -0.053381
620.000000 224.000000 0.942011 -0.050241
179.000000 225.000000 -0.442745 -0.047101
496.000000 225.000000 0.552647 -0.047101
514.000000 225.000000 0.609167 -0.047101
199.000000 226.000000 -0.379945 -0.043961
305.000000 226.000000 -0.047101 -0.043961
629.000000 226.000000 0.970271 -0.043961
300.000000 227.000000 -0.062801 -0.040820
310.000000 227.000000 -0.031400 -0.040820
312.000000 227.000000 -0.025120 -0.040820
336.000000 227.000000 0.050241 -0.040820
341.000000 227.000000 0.065941 -0.040820
344.000000 227.000000 0.075361 -0.040820
358.000000 227.000000 0.119321 -0.040820
361.000000 227.000000 0.128742 -0.040820
488.000000 227.000000 0.527526 -0.040820
484.000000 228.000000 0.514966 -0.037680
510.000000 228.000000 0.596607 -0.037680
312.000000 229.000000 -0.025120 -0.034540
505.000000 229.000000 0.580907 -0.034540
214.000000 230.000000 -0.332844 -0.031400
227.000000 230.000000 -0.292023 -0.031400
333.000000 230.000000 0.040820 -0.031400
495.000000 230.000000 0.549506 -0.031400
191.000000 231.000000 -0.405065 -0.028260
244.000000 231.000000 -0.238643 -0.028260
256.000000 231.000000 -0.200962 -0.028260
291.000000 232.000000 -0.091061 -0.025120
237.000000 233.000000 -0.260623 -0.021980
302.000000 233.000000 -0.056521 -0.021980
463.000000 233.000000 0.449025 -0.021980
493.000000 233.000000 0.543226 -0.021980
511.000000 234.000000 0.599747 -0.018840
634.000000 234.000000 0.985972 -0.018840
176.000000 235.000000 -0.452165 -0.015700
260.000000 235.000000 -0.188402 -0.015700
551.000000 235.000000 0.725349 -0.015700
290.000000 236.000000 -0.094201 -0.012560
308.000000 236.000000 -0.037680 -0.012560
493.000000 236.000000 0.543226 -0.012560
612.000000 236.000000 0.916891 -0.012560
345.000000 237.000000 0.078501 -0.009420
449.000000 237.000000 0.405065 -0.009420
599.000000 237.000000 0.876070 -0.009420
227.000000 238.000000 -0.292023 -0.006280
347.000000 238.000000 0.084781 -0.006280
358.000000 238.000000 0.119321 -0.006280
511.000000 238.000000 0.599747 -0.006280
545.000000 238.000000 0.706508 -0.006280
213.000000 239.000000 -0.335984 -0.003140
303.000000 239.000000 -0.053381 -0.003140
184.000000 240.000000 -0.427045 0.000000
186.000000 240.000000 -0.420765 0.000000
210.000000 240.000000 -0.345404 0.000000
243.000000 240.000000 -0.241783 0.000000
250.000000 240.000000 -0.219803 0.000000
438.000000 240.000000 0.370524 0.000000
510.000000 240.000000 0.596607 0.000000
526.000000 240.000000 0.646848 0.000000
537.000000 240.000000 0.681388 0.000000
612.000000 240.000000 0.916891 0.000000
239.000000 241.000000 -0.254343 0.003140
358.000000 241.000000 0.119321 0.003140
465.000000 241.000000 0.455305 0.003140
533.000000 241.000000 0.668828 0.003140
447.000000 242.000000 0.398785 0.006280
510.000000 242.000000 0.596607 0.006280
537.000000 242.000000 0.681388 0.006280
552.000000 242.000000 0.728489 0.006280
164.000000 243.000000 -0.489846 0.009420
207.000000 243.000000 -0.354824 0.009420
229.000000 243.000000 -0.285743 0.009420
254.000000 243.000000 -0.207242 0.009420
415.000000 243.000000 0.298304 0.009420
430.000000 243.000000 0.345404 0.009420
482.000000 243.000000 0.508686 0.009420
620.000000 243.000000 0.942011 0.009420
77.000000 244.000000 -0.763029 0.012560
438.000000 244.000000 0.370524 0.012560
498.000000 244.000000 0.558927 0.012560
525.000000 244.000000 0.643708 0.012560
534.000000 244.000000 0.671968 0.012560
617.000000 244.000000 0.932591 0.012560
630.000000 244.000000 0.973412 0.012560
255.000000 245.000000 -0.204102 0.015700
311.000000 245.000000 -0.028260 0.015700
503.000000 245.000000 0.574627 0.015700
166.000000 246.000000 -0.483566 0.018840
208.000000 246.000000 -0.351684 0.018840
316.000000 247.000000 -0.012560 0.021980
211.000000 248.000000 -0.342264 0.025120
479.000000 248.000000 0.499266 0.025120
484.000000 248.000000 0.514966 0.025120
492.000000 248.000000 0.540086 0.025120
255.000000 249.000000 -0.204102 0.028260
210.000000 250.000000 -0.345404 0.031400
304.000000 251.000000 -0.050241 0.034540
402.000000 251.000000 0.257483 0.034540
405.000000 251.000000 0.266903 0.034540
587.000000 251.000000 0.838390 0.034540
222.000000 252.000000 -0.307724 0.037680
428.000000 252.000000 0.339124 0.037680
451.000000 252.000000 0.411345 0.037680
482.000000 252.000000 0.508686 0.037680
570.000000 252.000000 0.785009 0.037680
311.000000 253.000000 -0.028260 0.040820
465.000000 253.000000 0.455305 0.040820
505.000000 253.000000 0.580907 0.040820
619.000000 253.000000 0.938871 0.040820
556.000000 254.000000 0.741049 0.043961
314.000000 255.000000 -0.018840 0.047101
318.000000 255.000000 -0.006280 0.047101
373.000000 255.000000 0.166422 0.047101
395.000000 255.000000 0.235503 0.047101
241.000000 256.000000 -0.248063 0.050241
338.000000 256.000000 0.056521 0.050241
391.000000 256.000000 0.222943 0.050241
607.000000 256.000000 0.901191 0.050241
214.000000 257.000000 -0.332844 0.053381
261.000000 257.000000 -0.185262 0.053381
414.000000 257.000000 0.295163 0.053381
497.000000 257.000000 0.555787 0.053381
510.000000 257.000000 0.596607 0.053381
378.000000 258.000000 0.182122 0.056521
381.000000 258.000000 0.191542 0.056521
484.000000 258.000000 0.514966 0.056521
489.000000 258.000000 0.530666 0.056521
492.000000 258.000000 0.540086 0.056521
259.000000 259.000000 -0.191542 0.059661
351.000000 259.000000 0.097341 0.059661
364.000000 259.000000 0.138162 0.059661
238.000000 260.000000 -0.257483 0.062801
480.000000 260.000000 0.502406 0.062801
485.000000 260.000000 0.518106 0.062801
634.000000 260.000000 0.985972 0.062801
260.000000 261.000000 -0.188402 0.065941
310.000000 261.000000 -0.031400 0.065941
356.000000 261.000000 0.113041 0.065941
364.000000 261.000000 0.138162 0.065941
368.000000 261.000000 0.150722 0.065941
371.000000 261.000000 0.160142 0.065941
377.000000 261.000000 0.178982 0.065941
488.000000 261.000000 0.527526 0.065941
500.000000 261.000000 0.565207 0.065941
502.000000 261.000000 0.571487 0.065941
567.000000 261.000000 0.775589 0.065941
230.000000 262.000000 -0.282603 0.069081
293.000000 262.000000 -0.084781 0.069081
484.000000 262.000000 0.514966 0.069081
180.000000 263.000000 -0.439605 0.072221
351.000000 263.000000 0.097341 0.072221
377.000000 263.000000 0.178982 0.072221
494.000000 263.000000 0.546366 0.072221
366.000000 264.000000 0.144442 0.075361
471.000000 264.000000 0.474146 0.075361
586.000000 264.000000 0.835250 0.075361
230.000000 265.000000 -0.282603 0.078501
378.000000 265.000000 0.182122 0.078501
512.000000 265.000000 0.602887 0.078501
583.000000 265.000000 0.825830 0.078501
202.000000 266.000000 -0.370524 0.081641
233.000000 266.000000 -0.273183 0.081641
290.000000 266.000000 -0.094201 0.081641
297.000000 266.000000 -0.072221 0.081641
310.000000 266.000000 -0.031400 0.081641
364.000000 266.000000 0.138162 0.081641
426.000000 266.000000 0.332844 0.081641
470.000000 266.000000 0.471006 0.081641
526.000000 266.000000 0.646848 0.081641
271.000000 267.000000 -0.153862 0.084781
293.000000 267.000000 -0.084781 0.084781
379.000000 267.000000 0.185262 0.084781
584.000000 267.000000 0.828970 0.084781
630.000000 267.000000 0.973412 0.084781
158.000000 268.000000 -0.508686 0.087921
291.000000 268.000000 -0.091061 0.087921
333.000000 268.000000 0.040820 0.087921
456.000000 268.000000 0.427045 0.087921
480.000000 268.000000 0.502406 0.087921
564.000000 268.000000 0.766169 0.087921
312.000000 269.000000 -0.025120 0.091061
316.000000 269.000000 -0.012560 0.091061
380.000000 269.000000 0.188402 0.091061
384.000000 269.000000 0.200962 0.091061
386.000000 269.000000 0.207242 0.091061
411.000000 269.000000 0.285743 0.091061
630.000000 269.000000 0.973412 0.091061
218.000000 270.000000 -0.320284 0.094201
261.000000 270.000000 -0.185262 0.094201
344.000000 270.000000 0.075361 0.094201
382.000000 270.000000 0.194682 0.094201
447.000000 270.000000 0.398785 0.094201
454.000000 270.000000 0.420765 0.094201
291.000000 271.000000 -0.091061 0.097341
377.000000 271.000000 0.178982 0.097341
410.000000 271.000000 0.282603 0.097341
449.000000 271.000000 0.405065 0.097341
336.000000 272.000000 0.050241 0.100481
342.000000 272.000000 0.069081 0.100481
389.000000 272.000000 0.216663 0.100481
628.000000 272.000000 0.967131 0.100481
344.000000 273.000000 0.075361 0.103621
386.000000 273.000000 0.207242 0.103621
306.000000 274.000000 -0.043961 0.106761
329.000000 274.000000 0.028260 0.106761
341.000000 274.000000 0.065941 0.106761
400.000000 274.000000 0.251203 0.106761
421.000000 274.000000 0.317144 0.106761
185.000000 275.000000 -0.423905 0.109901
230.000000 275.000000 -0.282603 0.109901
244.000000 275.000000 -0.238643 0.109901
317.000000 275.000000 -0.009420 0.109901
332.000000 275.000000 0.037680 0.109901
347.000000 275.000000 0.084781 0.109901
360.000000 275.000000 0.125601 0.109901
369.000000 275.000000 0.153862 0.109901
380.000000 275.000000 0.188402 0.109901
442.000000 275.000000 0.383085 0.109901
446.000000 275.000000 0.395645 0.109901
453.000000 275.000000 0.417625 0.109901
327.000000 276.000000 0.021980 0.113041
334.000000 276.000000 0.043961 0.113041
345.000000 276.000000 0.078501 0.113041
358.000000 276.000000 0.119321 0.113041
363.000000 276.000000 0.135022 0.113041
414.000000 276.000000 0.295163 0.113041
448.000000 276.000000 0.401925 0.113041
461.000000 276.000000 0.442745 0.113041
242.000000 277.000000 -0.244923 0.116181
347.000000 277.000000 0.084781 0.116181
350.000000 277.000000 0.094201 0.116181
355.000000 277.000000 0.109901 0.116181
432.000000 277.000000 0.351684 0.116181
443.000000 277.000000 0.386225 0.116181
452.000000 277.000000 0.414485 0.116181
625.000000 277.000000 0.957711 0.116181
190.000000 278.000000 -0.408205 0.119321
206.000000 278.000000 -0.357964 0.119321
264.000000 278.000000 -0.175842 0.119321
325.000000 278.000000 0.015700 0.119321
358.000000 278.000000 0.119321 0.119321
365.000000 278.000000 0.141302 0.119321
424.000000 278.000000 0.326564 0.119321
428.000000 278.000000 0.339124 0.119321
447.000000 278.000000 0.398785 0.119321
594.000000 278.000000 0.860370 0.119321
636.000000 278.000000 0.992252 0.119321
369.000000 279.000000 0.153862 0.122461
371.000000 279.000000 0.160142 0.122461
404.000000 279.000000 0.263763 0.122461
450.000000 279.000000 0.408205 0.122461
609.000000 279.000000 0.907471 0.122461
634.000000 279.000000 0.985972 0.122461
206.000000 280.000000 -0.357964 0.125601
312.000000 280.000000 -0.025120 0.125601
315.000000 280.000000 -0.015700 0.125601
317.000000 280.000000 -0.009420 0.125601
319.000000 280.000000 -0.003140 0.125601
339.000000 280.000000 0.059661 0.125601
352.000000 280.000000 0.100481 0.125601
393.000000 280.000000 0.229223 0.125601
427.000000 280.000000 0.335984 0.125601
442.000000 280.000000 0.383085 0.125601
215.000000 281.000000 -0.329704 0.128742
330.000000 281.000000 0.031400 0.128742
343.000000 281.000000 0.072221 0.128742
355.000000 281.000000 0.109901 0.128742
422.000000 281.000000 0.320284 0.128742
445.000000 281.000000 0.392505 0.128742
307.000000 282.000000 -0.040820 0.131882
368.000000 282.000000 0.150722 0.131882
370.000000 282.000000 0.157002 0.131882
396.000000 282.000000 0.238643 0.131882
428.000000 282.000000 0.339124 0.131882
430.000000 282.000000 0.345404 0.131882
442.000000 282.000000 0.383085 0.131882
470.000000 282.000000 0.471006 0.131882
303.000000 283.000000 -0.053381 0.135022
323.000000 283.000000 0.009420 0.135022
345.000000 283.000000 0.078501 0.135022
384.000000 283.000000 0.200962 0.135022
393.000000 283.000000 0.229223 0.135022
410.000000 283.000000 0.282603 0.135022
228.000000 284.000000 -0.288883 0.138162
232.000000 284.000000 -0.276323 0.138162
300.000000 284.000000 -0.062801 0.138162
311.000000 284.000000 -0.028260 0.138162
315.000000 284.000000 -0.015700 0.138162
327.000000 284.000000 0.021980 0.138162
408.000000 284.000000 0.276323 0.138162
298.000000 285.000000 -0.069081 0.141302
303.000000 285.000000 -0.053381 0.141302
343.000000 285.000000 0.072221 0.141302
358.000000 285.000000 0.119321 0.141302
370.000000 285.000000 0.157002 0.141302
394.000000 285.000000 0.232363 0.141302
412.000000 285.000000 0.288883 0.141302
585.000000 285.000000 0.832110 0.141302
259.000000 286.000000 -0.191542 0.144442
294.000000 286.000000 -0.081641 0.144442
306.000000 286.000000 -0.043961 0.144442
334.000000 286.000000 0.043961 0.144442
341.000000 286.000000 0.065941 0.144442
347.000000 286.000000 0.084781 0.144442
397.000000 286.000000 0.241783 0.144442
403.000000 286.000000 0.260623 0.144442
436.000000 286.000000 0.364244 0.144442
633.000000 286.000000 0.982832 0.144442
263.000000 287.000000 -0.178982 0.147582
265.000000 287.000000 -0.172702 0.147582
291.000000 287.000000 -0.091061 0.147582
371.000000 287.000000 0.160142 0.147582
428.000000 287.000000 0.339124 0.147582
552.000000 287.000000 0.728489 0.147582
602.000000 287.000000 0.885490 0.147582
293.000000 288.000000 -0.084781 0.150722
313.000000 288.000000 -0.021980 0.150722
350.000000 288.000000 0.094201 0.150722
359.000000 288.000000 0.122461 0.150722
386.000000 288.000000 0.207242 0.150722
395.000000 288.000000 0.235503 0.150722
623.000000 288.000000 0.951431 0.150722
256.000000 289.000000 -0.200962 0.153862
283.000000 289.000000 -0.116181 0.153862
285.000000 289.000000 -0.109901 0.153862
289.000000 289.000000 -0.097341 0.153862
357.000000 289.000000 0.116181 0.153862
366.000000 289.000000 0.144442 0.153862
499.000000 289.000000 0.562067 0.153862
551.000000 289.000000 0.725349 0.153862
595.000000 289.000000 0.863510 0.153862
630.000000 289.000000 0.973412 0.153862
634.000000 289.000000 0.985972 0.153862
235.000000 290.000000 -0.266903 0.157002
265.000000 290.000000 -0.172702 0.157002
300.000000 290.000000 -0.062801 0.157002
344.000000 290.000000 0.075361 0.157002
353.000000 290.000000 0.103621 0.157002
371.000000 290.000000 0.160142 0.157002
400.000000 290.000000 0.251203 0.157002
465.000000 290.000000 0.455305 0.157002
282.000000 291.000000 -0.119321 0.160142
284.000000 291.000000 -0.113041 0.160142
342.000000 291.000000 0.069081 0.160142
369.000000 291.000000 0.153862 0.160142
383.000000 291.000000 0.197822 0.160142
612.000000 291.000000 0.916891 0.160142
268.000000 292.000000 -0.163282 0.163282
303.000000 292.000000 -0.053381 0.163282
311.000000 292.000000 -0.028260 0.163282
347.000000 292.000000 0.084781 0.163282
350.000000 292.000000 0.094201 0.163282
359.000000 292.000000 0.122461 0.163282
364.000000 292.000000 0.138162 0.163282
371.000000 292.000000 0.160142 0.163282
388.000000 292.000000 0.213523 0.163282
393.000000 292.000000 0.229223 0.163282
396.000000 292.000000 0.238643 0.163282
507.000000 292.000000 0.587187 0.163282
549.000000 292.000000 0.719069 0.163282
271.000000 293.000000 -0.153862 0.166422
279.000000 293.000000 -0.128742 0.166422
281.000000 293.000000 -0.122461 0.166422
297.000000 293.000000 -0.072221 0.166422
307.000000 293.000000 -0.040820 0.166422
317.000000 293.000000 -0.009420 0.166422
320.000000 293.000000 -0.000000 0.166422
328.000000 293.000000 0.025120 0.166422
334.000000 293.000000 0.043961 0.166422
344.000000 293.000000 0.075361 0.166422
399.000000 293.000000 0.248063 0.166422
411.000000 293.000000 0.285743 0.166422
496.000000 293.000000 0.552647 0.166422
621.000000 293.000000 0.945151 0.166422
240.000000 294.000000 -0.251203 0.169562
269.000000 294.000000 -0.160142 0.169562
274.000000 294.000000 -0.144442 0.169562
323.000000 294.000000 0.009420 0.169562
370.000000 294.000000 0.157002 0.169562
419.000000 294.000000 0.310864 0.169562
599.000000 294.000000 0.876070 0.169562
291.000000 295.000000 -0.091061 0.172702
300.000000 295.000000 -0.062801 0.172702
310.000000 295.000000 -0.031400 0.172702
356.000000 295.000000 0.113041 0.172702
263.000000 296.000000 -0.178982 0.175842
287.000000 296.000000 -0.103621 0.175842
296.000000 296.000000 -0.075361 0.175842
303.000000 296.000000 -0.053381 0.175842
318.000000 296.000000 -0.006280 0.175842
349.000000 296.000000 0.091061 0.175842
352.000000 296.000000 0.100481 0.175842
365.000000 296.000000 0.141302 0.175842
377.000000 296.000000 0.178982 0.175842
389.000000 296.000000 0.216663 0.175842
534.000000 296.000000 0.671968 0.175842
307.000000 297.000000 -0.040820 0.178982
323.000000 297.000000 0.009420 0.178982
354.000000 297.000000 0.106761 0.178982
370.000000 297.000000 0.157002 0.178982
397.000000 297.000000 0.241783 0.178982
399.000000 297.000000 0.248063 0.178982
401.000000 297.000000 0.254343 0.178982
464.000000 297.000000 0.452165 0.178982
564.000000 297.000000 0.766169 0.178982
237.000000 298.000000 -0.260623 0.182122
258.000000 298.000000 -0.194682 0.182122
273.000000 298.000000 -0.147582 0.182122
311.000000 298.000000 -0.028260 0.182122
321.000000 298.000000 0.003140 0.182122
342.000000 298.000000 0.069081 0.182122
350.000000 298.000000 0.094201 0.182122
383.000000 298.000000 0.197822 0.182122
423.000000 298.000000 0.323424 0.182122
253.000000 299.000000 -0.210382 0.185262
346.000000 299.000000 0.081641 0.185262
373.000000 299.000000 0.166422 0.185262
523.000000 299.000000 0.637428 0.185262
584.000000 299.000000 0.828970 0.185262
301.000000 300.000000 -0.059661 0.188402
321.000000 300.000000 0.003140 0.188402
329.000000 300.000000 0.028260 0.188402
332.000000 300.000000 0.037680 0.188402
351.000000 300.000000 0.097341 0.188402
354.000000 300.000000 0.106761 0.188402
391.000000 300.000000 0.222943 0.188402
250.000000 301.000000 -0.219803 0.191542
267.000000 301.000000 -0.166422 0.191542
305.000000 301.000000 -0.047101 0.191542
314.000000 301.000000 -0.018840 0.191542
359.000000 301.000000 0.122461 0.191542
375.000000 301.000000 0.172702 0.191542
378.000000 301.000000 0.182122 0.191542
387.000000 301.000000 0.210382 0.191542
398.000000 301.000000 0.244923 0.191542
403.000000 301.000000 0.260623 0.191542
415.000000 301.000000 0.298304 0.191542
628.000000 301.000000 0.967131 0.191542
230.000000 302.000000 -0.282603 0.194682
236.000000 302.000000 -0.263763 0.194682
271.000000 302.000000 -0.153862 0.194682
308.000000 302.000000 -0.037680 0.194682
339.000000 302.000000 0.059661 0.194682
351.000000 302.000000 0.097341 0.194682
385.000000 302.000000 0.204102 0.194682
465.000000 302.000000 0.455305 0.194682
242.000000 303.000000 -0.244923 0.197822
245.000000 303.000000 -0.235503 0.197822
290.000000 303.000000 -0.094201 0.197822
300.000000 303.000000 -0.062801 0.197822
325.000000 303.000000 0.015700 0.197822
344.000000 303.000000 0.075361 0.197822
372.000000 303.000000 0.163282 0.197822
426.000000 303.000000 0.332844 0.197822
481.000000 303.000000 0.505546 0.197822
238.000000 304.000000 -0.257483 0.200962
320.000000 304.000000 -0.000000 0.200962
355.000000 304.000000 0.109901 0.200962
403.000000 304.000000 0.260623 0.200962
416.000000 304.000000 0.301444 0.200962
236.000000 305.000000 -0.263763 0.204102
309.000000 305.000000 -0.034540 0.204102
349.000000 305.000000 0.091061 0.204102
378.000000 305.000000 0.182122 0.204102
535.000000 305.000000 0.675108 0.204102
581.000000 305.000000 0.819550 0.204102
207.000000 306.000000 -0.354824 0.207242
242.000000 306.000000 -0.244923 0.207242
300.000000 306.000000 -0.062801 0.207242
407.000000 306.000000 0.273183 0.207242
423.000000 306.000000 0.323424 0.207242
526.000000 306.000000 0.646848 0.207242
584.000000 306.000000 0.828970 0.207242
230.000000 307.000000 -0.282603 0.210382
237.000000 307.000000 -0.260623 0.210382
286.000000 307.000000 -0.106761 0.210382
324.000000 307.000000 0.012560 0.210382
374.000000 307.000000 0.169562 0.210382
571.000000 307.000000 0.788149 0.210382
621.000000 307.000000 0.945151 0.210382
257.000000 308.000000 -0.197822 0.213523
353.000000 308.000000 0.103621 0.213523
360.000000 308.000000 0.125601 0.213523
365.000000 308.000000 0.141302 0.213523
394.000000 308.000000 0.232363 0.213523
401.000000 308.000000 0.254343 0.213523
462.000000 308.000000 0.445885 0.213523
542.000000 308.000000 0.697088 0.213523
592.000000 308.000000 0.854090 0.213523
608.000000 308.000000 0.904331 0.213523
210.000000 309.000000 -0.345404 0.216663
270.000000 309.000000 -0.157002 0.216663
272.000000 309.000000 -0.150722 0.216663
280.000000 309.000000 -0.125601 0.216663
328.000000 309.000000 0.025120 0.216663
221.000000 310.000000 -0.310864 0.219803
315.000000 310.000000 -0.015700 0.219803
317.000000 310.000000 -0.009420 0.219803
353.000000 310.000000 0.103621 0.219803
356.000000 310.000000 0.113041 0.219803
358.000000 310.000000 0.119321 0.219803
406.000000 310.000000 0.270043 0.219803
552.000000 310.000000 0.728489 0.219803
562.000000 310.000000 0.759889 0.219803
589.000000 310.000000 0.844670 0.219803
276.000000 311.000000 -0.138162 0.222943
285.000000 311.000000 -0.109901 0.222943
312.000000 311.000000 -0.025120 0.222943
347.000000 311.000000 0.084781 0.222943
519.000000 311.000000 0.624867 0.222943
627.000000 311.000000 0.963991 0.222943
205.000000 312.000000 -0.361104 0.226083
295.000000 312.000000 -0.078501 0.226083
310.000000 312.000000 -0.031400 0.226083
317.000000 312.000000 -0.009420 0.226083
350.000000 312.000000 0.094201 0.226083
583.000000 312.000000 0.825830 0.226083
589.000000 312.000000 0.844670 0.226083
203.000000 313.000000 -0.367384 0.229223
279.000000 313.000000 -0.128742 0.229223
291.000000 313.000000 -0.091061 0.229223
307.000000 313.000000 -0.040820 0.229223
348.000000 313.000000 0.087921 0.229223
396.000000 313.000000 0.238643 0.229223
246.000000 314.000000 -0.232363 0.232363
283.000000 314.000000 -0.116181 0.232363
285.000000 314.000000 -0.109901 0.232363
288.000000 314.000000 -0.100481 0.232363
331.000000 314.000000 0.034540 0.232363
345.000000 314.000000 0.078501 0.232363
591.000000 314.000000 0.850950 0.232363
608.000000 314.000000 0.904331 0.232363
243.000000 315.000000 -0.241783 0.235503
259.000000 315.000000 -0.191542 0.235503
349.000000 315.000000 0.091061 0.235503
355.000000 315.000000 0.109901 0.235503
358.000000 315.000000 0.119321 0.235503
451.000000 315.000000 0.411345 0.235503
593.000000 315.000000 0.857230 0.235503
595.000000 315.000000 0.863510 0.235503
127.000000 316.000000 -0.606027 0.238643
200.000000 316.000000 -0.376804 0.238643
202.000000 316.000000 -0.370524 0.238643
246.000000 316.000000 -0.232363 0.238643
277.000000 316.000000 -0.135022 0.238643
317.000000 316.000000 -0.009420 0.238643
377.000000 316.000000 0.178982 0.238643
494.000000 316.000000 0.546366 0.238643
569.000000 316.000000 0.781869 0.238643
607.000000 316.000000 0.901191 0.238643
621.000000 316.000000 0.945151 0.238643
182.000000 317.000000 -0.433325 0.241783
191.000000 317.000000 -0.405065 0.241783
296.000000 317.000000 -0.075361 0.241783
314.000000 317.000000 -0.018840 0.241783
358.000000 317.000000 0.119321 0.241783
397.000000 317.000000 0.241783 0.241783
468.000000 317.000000 0.464725 0.241783
497.000000 317.000000 0.555787 0.241783
625.000000 317.000000 0.957711 0.241783
206.000000 318.000000 -0.357964 0.244923
210.000000 318.000000 -0.345404 0.244923
228.000000 318.000000 -0.288883 0.244923
235.000000 318.000000 -0.266903 0.244923
240.000000 318.000000 -0.251203 0.244923
248.000000 318.000000 -0.226083 0.244923
265.000000 318.000000 -0.172702 0.244923
273.000000 318.000000 -0.147582 0.244923
310.000000 318.000000 -0.031400 0.244923
341.000000 318.000000 0.065941 0.244923
348.000000 318.000000 0.087921 0.244923
582.000000 318.000000 0.822690 0.244923
203.000000 319.000000 -0.367384 0.248063
219.000000 319.000000 -0.317144 0.248063
243.000000 319.000000 -0.241783 0.248063
276.000000 319.000000 -0.138162 0.248063
292.000000 319.000000 -0.087921 0.248063
333.000000 319.000000 0.040820 0.248063
343.000000 319.000000 0.072221 0.248063
345.000000 319.000000 0.078501 0.248063
305.000000 320.000000 -0.047101 0.251203
340.000000 320.000000 0.062801 0.251203
479.000000 320.000000 0.499266 0.251203
564.000000 320.000000 0.766169 0.251203
576.000000 320.000000 0.803850 0.251203
603.000000 320.000000 0.888631 0.251203
207.000000 321.000000 -0.354824 0.254343
269.000000 321.000000 -0.160142 0.254343
284.000000 321.000000 -0.113041 0.254343
399.000000 321.000000 0.248063 0.254343
616.000000 321.000000 0.929451 0.254343
205.000000 322.000000 -0.361104 0.257483
221.000000 322.000000 -0.310864 0.257483
250.000000 322.000000 -0.219803 0.257483
253.000000 322.000000 -0.210382 0.257483
334.000000 322.000000 0.043961 0.257483
488.000000 322.000000 0.527526 0.257483
210.000000 323.000000 -0.345404 0.260623
225.000000 323.000000 -0.298304 0.260623
264.000000 323.000000 -0.175842 0.260623
276.000000 323.000000 -0.138162 0.260623
316.000000 323.000000 -0.012560 0.260623
339.000000 323.000000 0.059661 0.260623
355.000000 323.000000 0.109901 0.260623
586.000000 323.000000 0.835250 0.260623
614.000000 323.000000 0.923171 0.260623
170.000000 324.000000 -0.471006 0.263763
206.000000 324.000000 -0.357964 0.263763
261.000000 324.000000 -0.185262 0.263763
324.000000 324.000000 0.012560 0.263763
332.000000 324.000000 0.037680 0.263763
360.000000 324.000000 0.125601 0.263763
620.000000 324.000000 0.942011 0.263763
273.000000 325.000000 -0.147582 0.266903
316.000000 325.000000 -0.012560 0.266903
319.000000 325.000000 -0.003140 0.266903
337.000000 325.000000 0.053381 0.266903
523.000000 325.000000 0.637428 0.266903
547.000000 325.000000 0.712788 0.266903
587.000000 325.000000 0.838390 0.266903
607.000000 325.000000 0.901191 0.266903
166.000000 326.000000 -0.483566 0.270043
238.000000 326.000000 -0.257483 0.270043
242.000000 326.000000 -0.244923 0.270043
248.000000 326.000000 -0.226083 0.270043
270.000000 326.000000 -0.157002 0.270043
342.000000 326.000000 0.069081 0.270043
349.000000 326.000000 0.091061 0.270043
401.000000 326.000000 0.254343 0.270043
171.000000 327.000000 -0.467866 0.273183
206.000000 327.000000 -0.357964 0.273183
221.000000 327.000000 -0.310864 0.273183
315.000000 327.000000 -0.015700 0.273183
330.000000 327.000000 0.031400 0.273183
354.000000 327.000000 0.106761 0.273183
219.000000 328.000000 -0.317144 0.276323
244.000000 328.000000 -0.238643 0.276323
312.000000 328.000000 -0.025120 0.276323
612.000000 328.000000 0.916891 0.276323
163.000000 329.000000 -0.492986 0.279463
165.000000 329.000000 -0.486706 0.279463
330.000000 329.000000 0.031400 0.279463
335.000000 329.000000 0.047101 0.279463
337.000000 329.000000 0.053381 0.279463
409.000000 329.000000 0.279463 0.279463
480.000000 329.000000 0.502406 0.279463
504.000000 329.000000 0.577767 0.279463
534.000000 329.000000 0.671968 0.279463
167.000000 330.000000 -0.480426 0.282603
170.000000 330.000000 -0.471006 0.282603
236.000000 330.000000 -0.263763 0.282603
260.000000 330.000000 -0.188402 0.282603
279.000000 330.000000 -0.128742 0.282603
352.000000 330.000000 0.100481 0.282603
402.000000 330.000000 0.257483 0.282603
156.000000 331.000000 -0.514966 0.285743
203.000000 331.000000 -0.367384 0.285743
298.000000 331.000000 -0.069081 0.285743
303.000000 331.000000 -0.053381 0.285743
321.000000 331.000000 0.003140 0.285743
424.000000 331.000000 0.326564 0.285743
612.000000 331.000000 0.916891 0.285743
169.000000 332.000000 -0.474146 0.288883
207.000000 332.000000 -0.354824 0.288883
238.000000 332.000000 -0.257483 0.288883
306.000000 332.000000 -0.043961 0.288883
309.000000 332.000000 -0.034540 0.288883
332.000000 332.000000 0.037680 0.288883
430.000000 332.000000 0.345404 0.288883
526.000000 332.000000 0.646848 0.288883
167.000000 333.000000 -0.480426 0.292023
196.000000 333.000000 -0.389365 0.292023
210.000000 333.000000 -0.345404 0.292023
227.000000 333.000000 -0.292023 0.292023
252.000000 333.000000 -0.213523 0.292023
271.000000 333.000000 -0.153862 0.292023
363.000000 333.000000 0.135022 0.292023
579.000000 333.000000 0.813270 0.292023
186.000000 334.000000 -0.420765 0.295163
201.000000 334.000000 -0.373664 0.295163
304.000000 334.000000 -0.050241 0.295163
404.000000 334.000000 0.263763 0.295163
223.000000 335.000000 -0.304584 0.298304
324.000000 335.000000 0.012560 0.298304
331.000000 335.000000 0.034540 0.298304
487.000000 335.000000 0.524386 0.298304
538.000000 335.000000 0.684528 0.298304
543.000000 335.000000 0.700228 0.298304
561.000000 335.000000 0.756749 0.298304
583.000000 335.000000 0.825830 0.298304
203.000000 336.000000 -0.367384 0.301444
220.000000 336.000000 -0.314004 0.301444
321.000000 336.000000 0.003140 0.301444
607.000000 336.000000 0.901191 0.301444
164.000000 337.000000 -0.489846 0.304584
253.000000 337.000000 -0.210382 0.304584
293.000000 337.000000 -0.084781 0.304584
329.000000 337.000000 0.028260 0.304584
397.000000 337.000000 0.241783 0.304584
497.000000 337.000000 0.555787 0.304584
583.000000 337.000000 0.825830 0.304584
597.000000 337.000000 0.869790 0.304584
154.000000 338.000000 -0.521246 0.307724
174.000000 338.000000 -0.458445 0.307724
192.000000 338.000000 -0.401925 0.307724
194.000000 338.000000 -0.395645 0.307724
196.000000 338.000000 -0.389365 0.307724
207.000000 338.000000 -0.354824 0.307724
273.000000 338.000000 -0.147582 0.307724
291.000000 338.000000 -0.091061 0.307724
405.000000 338.000000 0.266903 0.307724
407.000000 338.000000 0.273183 0.307724
478.000000 338.000000 0.496126 0.307724
601.000000 338.000000 0.882350 0.307724
160.000000 339.000000 -0.502406 0.310864
202.000000 339.000000 -0.370524 0.310864
251.000000 339.000000 -0.216663 0.310864
260.000000 339.000000 -0.188402 0.310864
423.000000 339.000000 0.323424 0.310864
433.000000 339.000000 0.354824 0.310864
569.000000 339.000000 0.781869 0.310864
594.000000 339.000000 0.860370 0.310864
130.000000 340.000000 -0.596607 0.314004
151.000000 340.000000 -0.530666 0.314004
207.000000 340.000000 -0.354824 0.314004
230.000000 340.000000 -0.282603 0.314004
270.000000 340.000000 -0.157002 0.314004
360.000000 340.000000 0.125601 0.314004
383.000000 340.000000 0.197822 0.314004
610.000000 340.000000 0.910611 0.314004
612.000000 340.000000 0.916891 0.314004
616.000000 340.000000 0.929451 0.314004
172.000000 341.000000 -0.464725 0.317144
243.000000 341.000000 -0.241783 0.317144
293.000000 341.000000 -0.084781 0.317144
300.000000 341.000000 -0.062801 0.317144
532.000000 341.000000 0.665688 0.317144
578.000000 341.000000 0.810130 0.317144
605.000000 341.000000 0.894911 0.317144
630.000000 341.000000 0.973412 0.317144
88.000000 342.000000 -0.728489 0.320284
139.000000 342.000000 -0.568347 0.320284
169.000000 342.000000 -0.474146 0.320284
255.000000 342.000000 -0.204102 0.320284
295.000000 342.000000 -0.078501 0.320284
407.000000 342.000000 0.273183 0.320284
512.000000 342.000000 0.602887 0.320284
598.000000 342.000000 0.872930 0.320284
613.000000 342.000000 0.920031 0.320284
173.000000 343.000000 -0.461585 0.323424
202.000000 343.000000 -0.370524 0.323424
207.000000 343.000000 -0.354824 0.323424
237.000000 343.000000 -0.260623 0.323424
566.000000 343.000000 0.772449 0.323424
204.000000 344.000000 -0.364244 0.326564
241.000000 344.000000 -0.248063 0.326564
262.000000 344.000000 -0.182122 0.326564
617.000000 344.000000 0.932591 0.326564
621.000000 344.000000 0.945151 0.326564
168.000000 345.000000 -0.477286 0.329704
438.000000 345.000000 0.370524 0.329704
538.000000 345.000000 0.684528 0.329704
111.000000 346.000000 -0.656268 0.332844
173.000000 346.000000 -0.461585 0.332844
204.000000 346.000000 -0.364244 0.332844
318.000000 346.000000 -0.006280 0.332844
395.000000 346.000000 0.235503 0.332844
460.000000 346.000000 0.439605 0.332844
483.000000 346.000000 0.511826 0.332844
533.000000 346.000000 0.668828 0.332844
113.000000 347.000000 -0.649988 0.335984
125.000000 347.000000 -0.612307 0.335984
231.000000 347.000000 -0.279463 0.335984
451.000000 347.000000 0.411345 0.335984
169.000000 348.000000 -0.474146 0.339124
265.000000 348.000000 -0.172702 0.339124
442.000000 348.000000 0.383085 0.339124
584.000000 348.000000 0.828970 0.339124
57.000000 349.000000 -0.825830 0.342264
175.000000 349.000000 -0.455305 0.342264
198.000000 349.000000 -0.383085 0.342264
263.000000 349.000000 -0.178982 0.342264
552.000000 349.000000 0.728489 0.342264
90.000000 350.000000 -0.722209 0.345404
95.000000 350.000000 -0.706508 0.345404
186.000000 350.000000 -0.420765 0.345404
200.000000 350.000000 -0.376804 0.345404
525.000000 350.000000 0.643708 0.345404
600.000000 350.000000 0.879210 0.345404
129.000000 351.000000 -0.599747 0.348544
169.000000 351.000000 -0.474146 0.348544
257.000000 351.000000 -0.197822 0.348544
262.000000 351.000000 -0.182122 0.348544
265.000000 351.000000 -0.172702 0.348544
290.000000 351.000000 -0.094201 0.348544
410.000000 351.000000 0.282603 0.348544
586.000000 351.000000 0.835250 0.348544
609.000000 351.000000 0.907471 0.348544
630.000000 351.000000 0.973412 0.348544
143.000000 352.000000 -0.555787 0.351684
200.000000 352.000000 -0.376804 0.351684
203.000000 352.000000 -0.367384 0.351684
339.000000 352.000000 0.059661 0.351684
160.000000 353.000000 -0.502406 0.354824
171.000000 353.000000 -0.467866 0.354824
174.000000 353.000000 -0.458445 0.354824
184.000000 353.000000 -0.427045 0.354824
290.000000 353.000000 -0.094201 0.354824
400.000000 353.000000 0.251203 0.354824
424.000000 353.000000 0.326564 0.354824
176.000000 354.000000 -0.452165 0.357964
196.000000 354.000000 -0.389365 0.357964
280.000000 354.000000 -0.125601 0.357964
283.000000 354.000000 -0.116181 0.357964
287.000000 354.000000 -0.103621 0.357964
366.000000 354.000000 0.144442 0.357964
397.000000 354.000000 0.241783 0.357964
589.000000 354.000000 0.844670 0.357964
171.000000 355.000000 -0.467866 0.361104
403.000000 355.000000 0.260623 0.361104
411.000000 355.000000 0.285743 0.361104
607.000000 355.000000 0.901191 0.361104
630.000000 355.000000 0.973412 0.361104
60.000000 356.000000 -0.816410 0.364244
156.000000 356.000000 -0.514966 0.364244
175.000000 356.000000 -0.455305 0.364244
203.000000 356.000000 -0.367384 0.364244
273.000000 356.000000 -0.147582 0.364244
275.000000 356.000000 -0.141302 0.364244
277.000000 356.000000 -0.135022 0.364244
290.000000 356.000000 -0.094201 0.364244
314.000000 356.000000 -0.018840 0.364244
108.000000 357.000000 -0.665688 0.367384
172.000000 357.000000 -0.464725 0.367384
194.000000 357.000000 -0.395645 0.367384
268.000000 357.000000 -0.163282 0.367384
294.000000 357.000000 -0.081641 0.367384
68.000000 358.000000 -0.791289 0.370524
114.000000 358.000000 -0.646848 0.370524
165.000000 358.000000 -0.486706 0.370524
278.000000 358.000000 -0.131882 0.370524
285.000000 358.000000 -0.109901 0.370524
329.000000 358.000000 0.028260 0.370524
511.000000 358.000000 0.599747 0.370524
556.000000 358.000000 0.741049 0.370524
621.000000 358.000000 0.945151 0.370524
110.000000 359.000000 -0.659408 0.373664
202.000000 359.000000 -0.370524 0.373664
271.000000 359.000000 -0.153862 0.373664
297.000000 359.000000 -0.072221 0.373664
540.000000 359.000000 0.690808 0.373664
170.000000 360.000000 -0.471006 0.376804
433.000000 360.000000 0.354824 0.376804
199.000000 361.000000 -0.379945 0.379945
204.000000 361.000000 -0.364244 0.379945
453.000000 361.000000 0.417625 0.379945
532.000000 361.000000 0.665688 0.379945
561.000000 361.000000 0.756749 0.379945
26.000000 362.000000 -0.923171 0.383085
35.000000 362.000000 -0.894911 0.383085
47.000000 362.000000 -0.857230 0.383085
131.000000 362.000000 -0.593467 0.383085
175.000000 362.000000 -0.455305 0.383085
278.000000 362.000000 -0.131882 0.383085
315.000000 362.000000 -0.015700 0.383085
396.000000 362.000000 0.238643 0.383085
521.000000 362.000000 0.631147 0.383085
530.000000 362.000000 0.659408 0.383085
556.000000 362.000000 0.741049 0.383085
45.000000 363.000000 -0.863510 0.386225
53.000000 363.000000 -0.838390 0.386225
78.000000 363.000000 -0.759889 0.386225
103.000000 363.000000 -0.681388 0.386225
164.000000 363.000000 -0.489846 0.386225
171.000000 363.000000 -0.467866 0.386225
205.000000 363.000000 -0.361104 0.386225
225.000000 363.000000 -0.298304 0.386225
270.000000 363.000000 -0.157002 0.386225
351.000000 363.000000 0.097341 0.386225
424.000000 363.000000 0.326564 0.386225
535.000000 363.000000 0.675108 0.386225
570.000000 363.000000 0.785009 0.386225
575.000000 363.000000 0.800709 0.386225
585.000000 363.000000 0.832110 0.386225
621.000000 363.000000 0.945151 0.386225
63.000000 364.000000 -0.806990 0.389365
94.000000 364.000000 -0.709648 0.389365
121.000000 364.000000 -0.624867 0.389365
229.000000 364.000000 -0.285743 0.389365
246.000000 364.000000 -0.232363 0.389365
415.000000 364.000000 0.298304 0.389365
505.000000 364.000000 0.580907 0.389365
511.000000 364.000000 0.599747 0.389365
599.000000 364.000000 0.876070 0.389365
49.000000 365.000000 -0.850950 0.392505
186.000000 365.000000 -0.420765 0.392505
261.000000 365.000000 -0.185262 0.392505
299.000000 365.000000 -0.065941 0.392505
316.000000 365.000000 -0.012560 0.392505
352.000000 365.000000 0.100481 0.392505
444.000000 365.000000 0.389365 0.392505
500.000000 365.000000 0.565207 0.392505
523.000000 365.000000 0.637428 0.392505
573.000000 365.000000 0.794429 0.392505
580.000000 365.000000 0.816410 0.392505
140.000000 366.000000 -0.565207 0.395645
183.000000 366.000000 -0.430185 0.395645
275.000000 366.000000 -0.141302 0.395645
318.000000 366.000000 -0.006280 0.395645
506.000000 366.000000 0.584047 0.395645
593.000000 366.000000 0.857230 0.395645
272.000000 367.000000 -0.150722 0.398785
7.000000 368.000000 -0.982832 0.401925
434.000000 368.000000 0.357964 0.401925
488.000000 368.000000 0.527526 0.401925
49.000000 369.000000 -0.850950 0.405065
84.000000 369.000000 -0.741049 0.405065
100.000000 369.000000 -0.690808 0.405065
243.000000 369.000000 -0.241783 0.405065
268.000000 369.000000 -0.163282 0.405065
271.000000 369.000000 -0.153862 0.405065
519.000000 369.000000 0.624867 0.405065
68.000000 370.000000 -0.791289 0.408205
232.000000 370.000000 -0.276323 0.408205
325.000000 370.000000 0.015700 0.408205
486.000000 370.000000 0.521246 0.408205
547.000000 370.000000 0.712788 0.408205
570.000000 370.000000 0.785009 0.408205
624.000000 370.000000 0.954571 0.408205
266.000000 371.000000 -0.169562 0.411345
291.000000 371.000000 -0.091061 0.411345
301.000000 371.000000 -0.059661 0.411345
584.000000 371.000000 0.828970 0.411345
27.000000 372.000000 -0.920031 0.414485
232.000000 372.000000 -0.276323 0.414485
244.000000 372.000000 -0.238643 0.414485
263.000000 372.000000 -0.178982 0.414485
418.000000 372.000000 0.307724 0.414485
491.000000 372.000000 0.536946 0.414485
514.000000 372.000000 0.609167 0.414485
575.000000 372.000000 0.800709 0.414485
602.000000 372.000000 0.885490 0.414485
75.000000 373.000000 -0.769309 0.417625
242.000000 373.000000 -0.244923 0.417625
327.000000 373.000000 0.021980 0.417625
256.000000 374.000000 -0.200962 0.420765
262.000000 374.000000 -0.182122 0.420765
302.000000 374.000000 -0.056521 0.420765
372.000000 374.000000 0.163282 0.420765
487.000000 374.000000 0.524386 0.420765
490.000000 374.000000 0.533806 0.420765
198.000000 375.000000 -0.383085 0.423905
201.000000 375.000000 -0.373664 0.423905
225.000000 375.000000 -0.298304 0.423905
228.000000 375.000000 -0.288883 0.423905
368.000000 376.000000 0.150722 0.427045
448.000000 376.000000 0.401925 0.427045
178.000000 377.000000 -0.445885 0.430185
200.000000 377.000000 -0.376804 0.430185
376.000000 377.000000 0.175842 0.430185
420.000000 377.000000 0.314004 0.430185
462.000000 377.000000 0.445885 0.430185
489.000000 377.000000 0.530666 0.430185
288.000000 378.000000 -0.100481 0.433325
561.000000 378.000000 0.756749 0.433325
225.000000 379.000000 -0.298304 0.436465
256.000000 379.000000 -0.200962 0.436465
471.000000 379.000000 0.474146 0.436465
570.000000 379.000000 0.785009 0.436465
590.000000 379.000000 0.847810 0.436465
97.000000 380.000000 -0.700228 0.439605
216.000000 380.000000 -0.326564 0.439605
254.000000 380.000000 -0.207242 0.439605
412.000000 380.000000 0.288883 0.439605
447.000000 380.000000 0.398785 0.439605
462.000000 380.000000 0.445885 0.439605
81.000000 381.000000 -0.750469 0.442745
108.000000 381.000000 -0.665688 0.442745
251.000000 381.000000 -0.216663 0.442745
430.000000 381.000000 0.345404 0.442745
488.000000 381.000000 0.527526 0.442745
534.000000 381.000000 0.671968 0.442745
571.000000 381.000000 0.788149 0.442745
579.000000 381.000000 0.813270 0.442745
207.000000 382.000000 -0.354824 0.445885
237.000000 382.000000 -0.260623 0.445885
243.000000 382.000000 -0.241783 0.445885
257.000000 382.000000 -0.197822 0.445885
297.000000 382.000000 -0.072221 0.445885
493.000000 382.000000 0.543226 0.445885
501.000000 382.000000 0.568347 0.445885
608.000000 382.000000 0.904331 0.445885
135.000000 383.000000 -0.580907 0.449025
176.000000 383.000000 -0.452165 0.449025
220.000000 383.000000 -0.314004 0.449025
507.000000 383.000000 0.587187 0.449025
553.000000 383.000000 0.731629 0.449025
633.000000 383.000000 0.982832 0.449025
48.000000 384.000000 -0.854090 0.452165
451.000000 384.000000 0.411345 0.452165
505.000000 384.000000 0.580907 0.452165
583.000000 384.000000 0.825830 0.452165
85.000000 385.000000 -0.737909 0.455305
98.000000 385.000000 -0.697088 0.455305
129.000000 385.000000 -0.599747 0.455305
218.000000 385.000000 -0.320284 0.455305
235.000000 385.000000 -0.266903 0.455305
253.000000 385.000000 -0.210382 0.455305
279.000000 385.000000 -0.128742 0.455305
305.000000 385.000000 -0.047101 0.455305
423.000000 385.000000 0.323424 0.455305
429.000000 385.000000 0.342264 0.455305
205.000000 386.000000 -0.361104 0.458445
246.000000 386.000000 -0.232363 0.458445
248.000000 386.000000 -0.226083 0.458445
343.000000 386.000000 0.072221 0.458445
443.000000 386.000000 0.386225 0.458445
474.000000 386.000000 0.483566 0.458445
570.000000 386.000000 0.785009 0.458445
587.000000 386.000000 0.838390 0.458445
44.000000 387.000000 -0.866650 0.461585
52.000000 387.000000 -0.841530 0.461585
65.000000 387.000000 -0.800709 0.461585
124.000000 387.000000 -0.615447 0.461585
177.000000 387.000000 -0.449025 0.461585
180.000000 387.000000 -0.439605 0.461585
190.000000 387.000000 -0.408205 0.461585
235.000000 387.000000 -0.266903 0.461585
330.000000 387.000000 0.031400 0.461585
392.000000 387.000000 0.226083 0.461585
415.000000 387.000000 0.298304 0.461585
539.000000 387.000000 0.687668 0.461585
599.000000 387.000000 0.876070 0.461585
624.000000 387.000000 0.954571 0.461585
60.000000 388.000000 -0.816410 0.464725
91.000000 388.000000 -0.719069 0.464725
104.000000 388.000000 -0.678248 0.464725
135.000000 388.000000 -0.580907 0.464725
232.000000 388.000000 -0.276323 0.464725
254.000000 388.000000 -0.207242 0.464725
279.000000 388.000000 -0.128742 0.464725
281.000000 388.000000 -0.122461 0.464725
333.000000 388.000000 0.040820 0.464725
363.000000 388.000000 0.135022 0.464725
425.000000 388.000000 0.329704 0.464725
502.000000 388.000000 0.571487 0.464725
507.000000 388.000000 0.587187 0.464725
575.000000 388.000000 0.800709 0.464725
636.000000 388.000000 0.992252 0.464725
68.000000 389.000000 -0.791289 0.467866
120.000000 389.000000 -0.628007 0.467866
211.000000 389.000000 -0.342264 0.467866
228.000000 389.000000 -0.288883 0.467866
239.000000 389.000000 -0.254343 0.467866
259.000000 389.000000 -0.191542 0.467866
416.000000 389.000000 0.301444 0.467866
10.000000 390.000000 -0.973412 0.471006
175.000000 390.000000 -0.455305 0.471006
179.000000 390.000000 -0.442745 0.471006
232.000000 390.000000 -0.276323 0.471006
367.000000 390.000000 0.147582 0.471006
482.000000 390.000000 0.508686 0.471006
503.000000 390.000000 0.574627 0.471006
533.000000 390.000000 0.668828 0.471006
555.000000 390.000000 0.737909 0.471006
606.000000 390.000000 0.898051 0.471006
99.000000 391.000000 -0.693948 0.474146
234.000000 391.000000 -0.270043 0.474146
67.000000 392.000000 -0.794429 0.477286
120.000000 392.000000 -0.628007 0.477286
201.000000 392.000000 -0.373664 0.477286
365.000000 392.000000 0.141302 0.477286
395.000000 392.000000 0.235503 0.477286
18.000000 393.000000 -0.948291 0.480426
64.000000 393.000000 -0.803850 0.480426
187.000000 393.000000 -0.417625 0.480426
210.000000 393.000000 -0.345404 0.480426
222.000000 393.000000 -0.307724 0.480426
583.000000 393.000000 0.825830 0.480426
54.000000 394.000000 -0.835250 0.483566
450.000000 394.000000 0.408205 0.483566
117.000000 395.000000 -0.637428 0.486706
208.000000 395.000000 -0.351684 0.486706
214.000000 395.000000 -0.332844 0.486706
251.000000 395.000000 -0.216663 0.486706
261.000000 395.000000 -0.185262 0.486706
621.000000 395.000000 0.945151 0.486706
100.000000 396.000000 -0.690808 0.489846
497.000000 396.000000 0.555787 0.489846
39.000000 397.000000 -0.882350 0.492986
109.000000 397.000000 -0.662548 0.492986
125.000000 397.000000 -0.612307 0.492986
208.000000 397.000000 -0.351684 0.492986
237.000000 397.000000 -0.260623 0.492986
274.000000 397.000000 -0.144442 0.492986
363.000000 397.000000 0.135022 0.492986
392.000000 397.000000 0.226083 0.492986
615.000000 397.000000 0.926311 0.492986
619.000000 397.000000 0.938871 0.492986
123.000000 398.000000 -0.618587 0.496126
199.000000 398.000000 -0.379945 0.496126
458.000000 398.000000 0.433325 0.496126
119.000000 399.000000 -0.631147 0.499266
181.000000 399.000000 -0.436465 0.499266
502.000000 399.000000 0.571487 0.499266
545.000000 399.000000 0.706508 0.499266
33.000000 400.000000 -0.901191 0.502406
156.000000 400.000000 -0.514966 0.502406
206.000000 400.000000 -0.357964 0.502406
332.000000 400.000000 0.037680 0.502406
356.000000 400.000000 0.113041 0.502406
444.000000 400.000000 0.389365 0.502406
466.000000 400.000000 0.458445 0.502406
536.000000 400.000000 0.678248 0.502406
46.000000 401.000000 -0.860370 0.505546
101.000000 401.000000 -0.687668 0.505546
233.000000 401.000000 -0.273183 0.505546
339.000000 401.000000 0.059661 0.505546
484.000000 401.000000 0.514966 0.505546
503.000000 401.000000 0.574627 0.505546
22.000000 402.000000 -0.935731 0.508686
42.000000 402.000000 -0.872930 0.508686
69.000000 402.000000 -0.788149 0.508686
110.000000 402.000000 -0.659408 0.508686
219.000000 402.000000 -0.317144 0.508686
351.000000 402.000000 0.097341 0.508686
406.000000 402.000000 0.270043 0.508686
517.000000 402.000000 0.618587 0.508686
568.000000 402.000000 0.778729 0.508686
602.000000 402.000000 0.885490 0.508686
159.000000 403.000000 -0.505546 0.511826
186.000000 403.000000 -0.420765 0.511826
320.000000 403.000000 -0.000000 0.511826
8.000000 404.000000 -0.979692 0.514966
50.000000 404.000000 -0.847810 0.514966
77.000000 404.000000 -0.763029 0.514966
243.000000 404.000000 -0.241783 0.514966
334.000000 404.000000 0.043961 0.514966
476.000000 404.000000 0.489846 0.514966
626.000000 404.000000 0.960851 0.514966
230.000000 405.000000 -0.282603 0.518106
575.000000 405.000000 0.800709 0.518106
590.000000 405.000000 0.847810 0.518106
612.000000 405.000000 0.916891 0.518106
51.000000 406.000000 -0.844670 0.521246
178.000000 406.000000 -0.445885 0.521246
214.000000 406.000000 -0.332844 0.521246
322.000000 406.000000 0.006280 0.521246
434.000000 406.000000 0.357964 0.521246
18.000000 407.000000 -0.948291 0.524386
102.000000 407.000000 -0.684528 0.524386
182.000000 407.000000 -0.433325 0.524386
379.000000 407.000000 0.185262 0.524386
392.000000 407.000000 0.226083 0.524386
437.000000 407.000000 0.367384 0.524386
492.000000 407.000000 0.540086 0.524386
498.000000 407.000000 0.558927 0.524386
614.000000 407.000000 0.923171 0.524386
337.000000 408.000000 0.053381 0.527526
421.000000 408.000000 0.317144 0.527526
467.000000 408.000000 0.461585 0.527526
482.000000 408.000000 0.508686 0.527526
557.000000 408.000000 0.744189 0.527526
11.000000 409.000000 -0.970271 0.530666
45.000000 409.000000 -0.863510 0.530666
72.000000 409.000000 -0.778729 0.530666
193.000000 409.000000 -0.398785 0.530666
265.000000 409.000000 -0.172702 0.530666
293.000000 409.000000 -0.084781 0.530666
23.000000 410.000000 -0.932591 0.533806
29.000000 410.000000 -0.913751 0.533806
98.000000 410.000000 -0.697088 0.533806
173.000000 410.000000 -0.461585 0.533806
214.000000 410.000000 -0.332844 0.533806
257.000000 410.000000 -0.197822 0.533806
259.000000 410.000000 -0.191542 0.533806
415.000000 410.000000 0.298304 0.533806
509.000000 410.000000 0.593467 0.533806
584.000000 410.000000 0.828970 0.533806
612.000000 410.000000 0.916891 0.533806
39.000000 411.000000 -0.882350 0.536946
64.000000 411.000000 -0.803850 0.536946
87.000000 411.000000 -0.731629 0.536946
145.000000 411.000000 -0.549506 0.536946
231.000000 411.000000 -0.279463 0.536946
421.000000 411.000000 0.317144 0.536946
425.000000 411.000000 0.329704 0.536946
534.000000 411.000000 0.671968 0.536946
552.000000 411.000000 0.728489 0.536946
84.000000 412.000000 -0.741049 0.540086
103.000000 412.000000 -0.681388 0.540086
172.000000 412.000000 -0.464725 0.540086
226.000000 412.000000 -0.295163 0.540086
291.000000 412.000000 -0.091061 0.540086
351.000000 412.000000 0.097341 0.540086
439.000000 412.000000 0.373664 0.540086
466.000000 412.000000 0.458445 0.540086
475.000000 412.000000 0.486706 0.540086
489.000000 412.000000 0.530666 0.540086
564.000000 412.000000 0.766169 0.540086
583.000000 412.000000 0.825830 0.540086
10.000000 413.000000 -0.973412 0.543226
13.000000 413.000000 -0.963991 0.543226
169.000000 413.000000 -0.474146 0.543226
234.000000 413.000000 -0.270043 0.543226
342.000000 413.000000 0.069081 0.543226
503.000000 413.000000 0.574627 0.543226
540.000000 413.000000 0.690808 0.543226
599.000000 413.000000 0.876070 0.543226
45.000000 414.000000 -0.863510 0.546366
94.000000 414.000000 -0.709648 0.546366
179.000000 414.000000 -0.442745 0.546366
382.000000 414.000000 0.194682 0.546366
405.000000 414.000000 0.266903 0.546366
427.000000 414.000000 0.335984 0.546366
221.000000 415.000000 -0.310864 0.549506
418.000000 415.000000 0.307724 0.549506
6.000000 416.000000 -0.985972 0.552647
57.000000 416.000000 -0.825830 0.552647
68.000000 416.000000 -0.791289 0.552647
305.000000 416.000000 -0.047101 0.552647
543.000000 416.000000 0.700228 0.552647
331.000000 417.000000 0.034540 0.555787
442.000000 417.000000 0.383085 0.555787
493.000000 417.000000 0.543226 0.555787
539.000000 417.000000 0.687668 0.555787
634.000000 417.000000 0.985972 0.555787
4.000000 418.000000 -0.992252 0.558927
80.000000 418.000000 -0.753609 0.558927
103.000000 418.000000 -0.681388 0.558927
180.000000 418.000000 -0.439605 0.558927
314.000000 418.000000 -0.018840 0.558927
440.000000 418.000000 0.376804 0.558927
63.000000 419.000000 -0.806990 0.562067
67.000000 419.000000 -0.794429 0.562067
230.000000 419.000000 -0.282603 0.562067
336.000000 419.000000 0.050241 0.562067
429.000000 419.000000 0.342264 0.562067
505.000000 419.000000 0.580907 0.562067
555.000000 419.000000 0.737909 0.562067
8.000000 420.000000 -0.979692 0.565207
20.000000 420.000000 -0.942011 0.565207
395.000000 420.000000 0.235503 0.565207
427.000000 420.000000 0.335984 0.565207
30.000000 421.000000 -0.910611 0.568347
84.000000 421.000000 -0.741049 0.568347
153.000000 421.000000 -0.524386 0.568347
91.000000 422.000000 -0.719069 0.571487
207.000000 422.000000 -0.354824 0.571487
501.000000 422.000000 0.568347 0.571487
519.000000 422.000000 0.624867 0.571487
569.000000 422.000000 0.781869 0.571487
601.000000 422.000000 0.882350 0.571487
105.000000 423.000000 -0.675108 0.574627
178.000000 423.000000 -0.445885 0.574627
321.000000 423.000000 0.003140 0.574627
399.000000 423.000000 0.248063 0.574627
486.000000 423.000000 0.521246 0.574627
223.000000 424.000000 -0.304584 0.577767
18.000000 425.000000 -0.948291 0.580907
183.000000 425.000000 -0.430185 0.580907
360.000000 425.000000 0.125601 0.580907
403.000000 425.000000 0.260623 0.580907
9.000000 426.000000 -0.976552 0.584047
278.000000 426.000000 -0.131882 0.584047
371.000000 426.000000 0.160142 0.584047
489.000000 426.000000 0.530666 0.584047
585.000000 426.000000 0.832110 0.584047
609.000000 426.000000 0.907471 0.584047
632.000000 426.000000 0.979692 0.584047
31.000000 427.000000 -0.907471 0.587187
342.000000 427.000000 0.069081 0.587187
487.000000 427.000000 0.524386 0.587187
60.000000 428.000000 -0.816410 0.590327
222.000000 428.000000 -0.307724 0.590327
383.000000 428.000000 0.197822 0.590327
621.000000 428.000000 0.945151 0.590327
82.000000 429.000000 -0.747329 0.593467
106.000000 429.000000 -0.671968 0.593467
427.000000 429.000000 0.335984 0.593467
469.000000 429.000000 0.467866 0.593467
512.000000 429.000000 0.602887 0.593467
558.000000 429.000000 0.747329 0.593467
569.000000 429.000000 0.781869 0.593467
577.000000 429.000000 0.806990 0.593467
616.000000 429.000000 0.929451 0.593467
91.000000 430.000000 -0.719069 0.596607
538.000000 430.000000 0.684528 0.596607
611.000000 430.000000 0.913751 0.596607
56.000000 431.000000 -0.828970 0.599747
82.000000 431.000000 -0.747329 0.599747
432.000000 431.000000 0.351684 0.599747
501.000000 431.000000 0.568347 0.599747
28.000000 432.000000 -0.916891 0.602887
67.000000 432.000000 -0.794429 0.602887
74.000000 432.000000 -0.772449 0.602887
163.000000 432.000000 -0.492986 0.602887
298.000000 432.000000 -0.069081 0.602887
329.000000 432.000000 0.028260 0.602887
405.000000 432.000000 0.266903 0.602887
450.000000 432.000000 0.408205 0.602887
629.000000 432.000000 0.970271 0.602887
8.000000 433.000000 -0.979692 0.606027
154.000000 433.000000 -0.521246 0.606027
218.000000 433.000000 -0.320284 0.606027
229.000000 433.000000 -0.285743 0.606027
311.000000 433.000000 -0.028260 0.606027
334.000000 433.000000 0.043961 0.606027
476.000000 433.000000 0.489846 0.606027
616.000000 433.000000 0.929451 0.606027
54.000000 434.000000 -0.835250 0.609167
241.000000 434.000000 -0.248063 0.609167
354.000000 434.000000 0.106761 0.609167
383.000000 434.000000 0.197822 0.609167
421.000000 434.000000 0.317144 0.609167
479.000000 434.000000 0.499266 0.609167
515.000000 434.000000 0.612307 0.609167
557.000000 434.000000 0.744189 0.609167
563.000000 434.000000 0.763029 0.609167
567.000000 434.000000 0.775589 0.609167
636.000000 434.000000 0.992252 0.609167
107.000000 435.000000 -0.668828 0.612307
178.000000 435.000000 -0.445885 0.612307
322.000000 435.000000 0.006280 0.612307
343.000000 435.000000 0.072221 0.612307
524.000000 435.000000 0.640568 0.612307
535.000000 435.000000 0.675108 0.612307
583.000000 435.000000 0.825830 0.612307
589.000000 435.000000 0.844670 0.612307
35.000000 436.000000 -0.894911 0.615447
305.000000 436.000000 -0.047101 0.615447
365.000000 436.000000 0.141302 0.615447
470.000000 436.000000 0.471006 0.615447
488.000000 436.000000 0.527526 0.615447
520.000000 436.000000 0.628007 0.615447
618.000000 436.000000 0.935731 0.615447
630.000000 436.000000 0.973412 0.615447
14.000000 437.000000 -0.960851 0.618587
53.000000 437.000000 -0.838390 0.618587
360.000000 437.000000 0.125601 0.618587
550.000000 437.000000 0.722209 0.618587
636.000000 437.000000 0.992252 0.618587
89.000000 438.000000 -0.725349 0.621727
178.000000 438.000000 -0.445885 0.621727
278.000000 438.000000 -0.131882 0.621727
506.000000 438.000000 0.584047 0.621727
625.000000 438.000000 0.957711 0.621727
555.000000 439.000000 0.737909 0.624867
108.000000 440.000000 -0.665688 0.628007
185.000000 440.000000 -0.423905 0.628007
332.000000 440.000000 0.037680 0.628007
45.000000 441.000000 -0.863510 0.631147
153.000000 441.000000 -0.524386 0.631147
179.000000 441.000000 -0.442745 0.631147
264.000000 441.000000 -0.175842 0.631147
310.000000 441.000000 -0.031400 0.631147
344.000000 441.000000 0.075361 0.631147
383.000000 441.000000 0.197822 0.631147
433.000000 441.000000 0.354824 0.631147
479.000000 441.000000 0.499266 0.631147
603.000000 441.000000 0.888631 0.631147
121.000000 442.000000 -0.624867 0.634288
184.000000 442.000000 -0.427045 0.634288
186.000000 442.000000 -0.420765 0.634288
255.000000 442.000000 -0.204102 0.634288
273.000000 442.000000 -0.147582 0.634288
317.000000 442.000000 -0.009420 0.634288
528.000000 442.000000 0.653128 0.634288
304.000000 443.000000 -0.050241 0.637428
381.000000 443.000000 0.191542 0.637428
523.000000 443.000000 0.637428 0.637428
11.000000 444.000000 -0.970271 0.640568
273.000000 444.000000 -0.147582 0.640568
372.000000 444.000000 0.163282 0.640568
536.000000 444.000000 0.678248 0.640568
22.000000 445.000000 -0.935731 0.643708
148.000000 445.000000 -0.540086 0.643708
286.000000 445.000000 -0.106761 0.643708
598.000000 445.000000 0.872930 0.643708
9.000000 446.000000 -0.976552 0.646848
103.000000 446.000000 -0.681388 0.646848
201.000000 446.000000 -0.373664 0.646848
278.000000 446.000000 -0.131882 0.646848
418.000000 446.000000 0.307724 0.646848
441.000000 446.000000 0.379945 0.646848
491.000000 446.000000 0.536946 0.646848
49.000000 447.000000 -0.850950 0.649988
63.000000 448.000000 -0.806990 0.653128
453.000000 448.000000 0.417625 0.653128
540.000000 449.000000 0.690808 0.656268
570.000000 449.000000 0.785009 0.656268
608.000000 449.000000 0.904331 0.656268
611.000000 449.000000 0.913751 0.656268
50.000000 450.000000 -0.847810 0.659408
96.000000 450.000000 -0.703368 0.659408
110.000000 450.000000 -0.659408 0.659408
200.000000 450.000000 -0.376804 0.659408
211.000000 450.000000 -0.342264 0.659408
288.000000 450.000000 -0.100481 0.659408
293.000000 450.000000 -0.084781 0.659408
352.000000 450.000000 0.100481 0.659408
19.000000 451.000000 -0.945151 0.662548
60.000000 451.000000 -0.816410 0.662548
64.000000 451.000000 -0.803850 0.662548
72.000000 451.000000 -0.778729 0.662548
206.000000 451.000000 -0.357964 0.662548
329.000000 451.000000 0.028260 0.662548
406.000000 451.000000 0.270043 0.662548
498.000000 451.000000 0.558927 0.662548
567.000000 451.000000 0.775589 0.662548
602.000000 451.000000 0.885490 0.662548
13.000000 452.000000 -0.963991 0.665688
40.000000 452.000000 -0.879210 0.665688
324.000000 452.000000 0.012560 0.665688
401.000000 452.000000 0.254343 0.665688
420.000000 452.000000 0.314004 0.665688
188.000000 453.000000 -0.414485 0.668828
384.000000 453.000000 0.200962 0.668828
465.000000 453.000000 0.455305 0.668828
538.000000 453.000000 0.684528 0.668828
571.000000 453.000000 0.788149 0.668828
87.000000 454.000000 -0.731629 0.671968
320.000000 454.000000 -0.000000 0.671968
410.000000 454.000000 0.282603 0.671968
478.000000 454.000000 0.496126 0.671968
111.000000 455.000000 -0.656268 0.675108
264.000000 455.000000 -0.175842 0.675108
327.000000 455.000000 0.021980 0.675108
337.000000 455.000000 0.053381 0.675108
423.000000 455.000000 0.323424 0.675108
492.000000 455.000000 0.540086 0.675108
25.000000 456.000000 -0.926311 0.678248
31.000000 456.000000 -0.907471 0.678248
103.000000 456.000000 -0.681388 0.678248
332.000000 456.000000 0.037680 0.678248
351.000000 456.000000 0.097341 0.678248
561.000000 456.000000 0.756749 0.678248
64.000000 457.000000 -0.803850 0.681388
85.000000 457.000000 -0.737909 0.681388
146.000000 457.000000 -0.546366 0.681388
192.000000 457.000000 -0.401925 0.681388
396.000000 457.000000 0.238643 0.681388
442.000000 457.000000 0.383085 0.681388
534.000000 457.000000 0.671968 0.681388
590.000000 457.000000 0.847810 0.681388
95.000000 458.000000 -0.706508 0.684528
103.000000 458.000000 -0.681388 0.684528
452.000000 458.000000 0.414485 0.684528
514.000000 458.000000 0.609167 0.684528
529.000000 458.000000 0.656268 0.684528
4.000000 459.000000 -0.992252 0.687668
6.000000 459.000000 -0.985972 0.687668
73.000000 459.000000 -0.775589 0.687668
90.000000 459.000000 -0.722209 0.687668
152.000000 459.000000 -0.527526 0.687668
173.000000 459.000000 -0.461585 0.687668
428.000000 459.000000 0.339124 0.687668
449.000000 459.000000 0.405065 0.687668
478.000000 459.000000 0.496126 0.687668
505.000000 459.000000 0.580907 0.687668
547.000000 459.000000 0.712788 0.687668
549.000000 459.000000 0.719069 0.687668
555.000000 459.000000 0.737909 0.687668
601.000000 459.000000 0.882350 0.687668
630.000000 459.000000 0.973412 0.687668
127.000000 460.000000 -0.606027 0.690808
184.000000 460.000000 -0.427045 0.690808
241.000000 460.000000 -0.248063 0.690808
250.000000 460.000000 -0.219803 0.690808
260.000000 460.000000 -0.188402 0.690808
287.000000 460.000000 -0.103621 0.690808
325.000000 460.000000 0.015700 0.690808
348.000000 460.000000 0.087921 0.690808
354.000000 460.000000 0.106761 0.690808
377.000000 460.000000 0.178982 0.690808
540.000000 460.000000 0.690808 0.690808
13.000000 461.000000 -0.963991 0.693948
80.000000 461.000000 -0.753609 0.693948
118.000000 461.000000 -0.634288 0.693948
297.000000 461.000000 -0.072221 0.693948
322.000000 461.000000 0.006280 0.693948
366.000000 461.000000 0.144442 0.693948
422.000000 461.000000 0.320284 0.693948
456.000000 461.000000 0.427045 0.693948
479.000000 461.000000 0.499266 0.693948
493.000000 461.000000 0.543226 0.693948
502.000000 461.000000 0.571487 0.693948
518.000000 461.000000 0.621727 0.693948
102.000000 462.000000 -0.684528 0.697088
340.000000 462.000000 0.062801 0.697088
363.000000 462.000000 0.135022 0.697088
498.000000 462.000000 0.558927 0.697088
532.000000 462.000000 0.665688 0.697088
274.000000 463.000000 -0.144442 0.700228
308.000000 463.000000 -0.037680 0.700228
365.000000 463.000000 0.141302 0.700228
77.000000 464.000000 -0.763029 0.703368
219.000000 464.000000 -0.317144 0.703368
332.000000 464.000000 0.037680 0.703368
372.000000 464.000000 0.163282 0.703368
433.000000 464.000000 0.354824 0.703368
610.000000 464.000000 0.910611 0.703368
17.000000 465.000000 -0.951431 0.706508
137.000000 465.000000 -0.574627 0.706508
336.000000 465.000000 0.050241 0.706508
475.000000 465.000000 0.486706 0.706508
486.000000 465.000000 0.521246 0.706508
113.000000 466.000000 -0.649988 0.709648
177.000000 466.000000 -0.449025 0.709648
400.000000 466.000000 0.251203 0.709648
450.000000 466.000000 0.408205 0.709648
461.000000 466.000000 0.442745 0.709648
534.000000 466.000000 0.671968 0.709648
180.000000 467.000000 -0.439605 0.712788
230.000000 467.000000 -0.282603 0.712788
291.000000 467.000000 -0.091061 0.712788
341.000000 467.000000 0.065941 0.712788
388.000000 467.000000 0.213523 0.712788
418.000000 467.000000 0.307724 0.712788
468.000000 467.000000 0.464725 0.712788
514.000000 467.000000 0.609167 0.712788
629.000000 467.000000 0.970271 0.712788
90.000000 468.000000 -0.722209 0.715928
263.000000 468.000000 -0.178982 0.715928
397.000000 468.000000 0.241783 0.715928
475.000000 468.000000 0.486706 0.715928
505.000000 468.000000 0.580907 0.715928
300.000000 469.000000 -0.062801 0.719069
400.000000 469.000000 0.251203 0.719069
633.000000 469.000000 0.982832 0.719069
54.000000 470.000000 -0.835250 0.722209
243.000000 470.000000 -0.241783 0.722209
292.000000 470.000000 -0.087921 0.722209
336.000000 470.000000 0.050241 0.722209
339.000000 470.000000 0.059661 0.722209
359.000000 470.000000 0.122461 0.722209
485.000000 470.000000 0.518106 0.722209
114.000000 471.000000 -0.646848 0.725349
235.000000 471.000000 -0.266903 0.725349
237.000000 471.000000 -0.260623 0.725349
261.000000 471.000000 -0.185262 0.725349
619.000000 471.000000 0.938871 0.725349
541.000000 472.000000 0.693948 0.728489
24.000000 473.000000 -0.929451 0.731629
338.000000 473.000000 0.056521 0.731629
341.000000 473.000000 0.065941 0.731629
357.000000 473.000000 0.116181 0.731629
385.000000 473.000000 0.204102 0.731629
411.000000 473.000000 0.285743 0.731629
457.000000 473.000000 0.430185 0.731629
553.000000 473.000000 0.731629 0.731629
557.000000 473.000000 0.744189 0.731629
584.000000 473.000000 0.828970 0.731629
60.000000 474.000000 -0.816410 0.734769
241.000000 474.000000 -0.248063 0.734769
298.000000 474.000000 -0.069081 0.734769
452.000000 474.000000 0.414485 0.734769
28.000000 475.000000 -0.916891 0.737909
90.000000 475.000000 -0.722209 0.737909
101.000000 475.000000 -0.687668 0.737909
466.000000 475.000000 0.458445 0.737909
485.000000 475.000000 0.518106 0.737909
570.000000 475.000000 0.785009 0.737909
35.000000 476.000000 -0.894911 0.741049
146.000000 476.000000 -0.546366 0.741049
246.000000 476.000000 -0.232363 0.741049
289.000000 476.000000 -0.097341 0.741049
298.000000 476.000000 -0.069081 0.741049
311.000000 476.000000 -0.028260 0.741049
