430.000000 3.000000 0.345404 -0.744189
612.000000 3.000000 0.916891 -0.744189
313.000000 4.000000 -0.021980 -0.741049
490.000000 4.000000 0.533806 -0.741049
501.000000 4.000000 0.568347 -0.741049
505.000000 4.000000 0.580907 -0.741049
442.000000 5.000000 0.383085 -0.737909
260.000000 6.000000 -0.188402 -0.734769
271.000000 6.000000 -0.153862 -0.734769
424.000000 6.000000 0.326564 -0.734769
598.000000 6.000000 0.872930 -0.734769
475.000000 7.000000 0.486706 -0.731629
574.000000 7.000000 0.797569 -0.731629
605.000000 7.000000 0.894911 -0.731629
260.000000 9.000000 -0.188402 -0.725349
270.000000 9.000000 -0.157002 -0.725349
278.000000 9.000000 -0.131882 -0.725349
429.000000 9.000000 0.342264 -0.725349
474.000000 9.000000 0.483566 -0.725349
568.000000 9.000000 0.778729 -0.725349
420.000000 10.000000 0.314004 -0.722209
422.000000 10.000000 0.320284 -0.722209
486.000000 10.000000 0.521246 -0.722209
285.000000 11.000000 -0.109901 -0.719069
335.000000 11.000000 0.047101 -0.719069
490.000000 11.000000 0.533806 -0.719069
492.000000 12.000000 0.540086 -0.715928
276.000000 13.000000 -0.138162 -0.712788
292.000000 13.000000 -0.087921 -0.712788
317.000000 13.000000 -0.009420 -0.712788
340.000000 13.000000 0.062801 -0.712788
382.000000 13.000000 0.194682 -0.712788
384.000000 13.000000 0.200962 -0.712788
422.000000 13.000000 0.320284 -0.712788
603.000000 13.000000 0.888631 -0.712788
614.000000 13.000000 0.923171 -0.712788
418.000000 14.000000 0.307724 -0.709648
577.000000 14.000000 0.806990 -0.709648
623.000000 14.000000 0.951431 -0.709648
632.000000 14.000000 0.979692 -0.709648
299.000000 15.000000 -0.065941 -0.706508
416.000000 16.000000 0.301444 -0.703368
532.000000 16.000000 0.665688 -0.703368
306.000000 17.000000 -0.043961 -0.700228
414.000000 17.000000 0.295163 -0.700228
487.000000 17.000000 0.524386 -0.700228
313.000000 19.000000 -0.021980 -0.693948
417.000000 19.000000 0.304584 -0.693948
344.000000 20.000000 0.075361 -0.690808
414.000000 20.000000 0.295163 -0.690808
509.000000 20.000000 0.593467 -0.690808
550.000000 21.000000 0.722209 -0.687668
635.000000 21.000000 0.989112 -0.687668
262.000000 22.000000 -0.182122 -0.684528
311.000000 22.000000 -0.028260 -0.684528
456.000000 22.000000 0.427045 -0.684528
503.000000 22.000000 0.574627 -0.684528
409.000000 23.000000 0.279463 -0.681388
413.000000 24.000000 0.292023 -0.678248
416.000000 25.000000 0.301444 -0.675108
407.000000 26.000000 0.273183 -0.671968
445.000000 26.000000 0.392505 -0.671968
461.000000 27.000000 0.442745 -0.668828
463.000000 27.000000 0.449025 -0.668828
404.000000 28.000000 0.263763 -0.665688
387.000000 29.000000 0.210382 -0.662548
411.000000 29.000000 0.285743 -0.662548
610.000000 29.000000 0.910611 -0.662548
286.000000 30.000000 -0.106761 -0.659408
444.000000 30.000000 0.389365 -0.659408
570.000000 30.000000 0.785009 -0.659408
335.000000 31.000000 0.047101 -0.656268
407.000000 31.000000 0.273183 -0.656268
465.000000 31.000000 0.455305 -0.656268
619.000000 31.000000 0.938871 -0.656268
252.000000 32.000000 -0.213523 -0.653128
602.000000 32.000000 0.885490 -0.653128
318.000000 33.000000 -0.006280 -0.649988
269.000000 34.000000 -0.160142 -0.646848
398.000000 34.000000 0.244923 -0.646848
459.000000 34.000000 0.436465 -0.646848
588.000000 34.000000 0.841530 -0.646848
607.000000 34.000000 0.901191 -0.646848
623.000000 34.000000 0.951431 -0.646848
632.000000 34.000000 0.979692 -0.646848
273.000000 35.000000 -0.147582 -0.643708
325.000000 35.000000 0.015700 -0.643708
402.000000 35.000000 0.257483 -0.643708
619.000000 35.000000 0.938871 -0.643708
398.000000 36.000000 0.244923 -0.640568
458.000000 36.000000 0.433325 -0.640568
433.000000 37.000000 0.354824 -0.637428
454.000000 38.000000 0.420765 -0.634288
612.000000 38.000000 0.916891 -0.634288
614.000000 38.000000 0.923171 -0.634288
284.000000 39.000000 -0.113041 -0.631147
480.000000 39.000000 0.502406 -0.631147
494.000000 39.000000 0.546366 -0.631147
628.000000 40.000000 0.967131 -0.628007
633.000000 40.000000 0.982832 -0.628007
295.000000 41.000000 -0.078501 -0.624867
396.000000 41.000000 0.238643 -0.624867
457.000000 41.000000 0.430185 -0.624867
623.000000 41.000000 0.951431 -0.624867
299.000000 42.000000 -0.065941 -0.621727
462.000000 42.000000 0.445885 -0.621727
480.000000 42.000000 0.502406 -0.621727
630.000000 42.000000 0.973412 -0.621727
392.000000 43.000000 0.226083 -0.618587
456.000000 43.000000 0.427045 -0.618587
626.000000 43.000000 0.960851 -0.618587
395.000000 44.000000 0.235503 -0.615447
586.000000 44.000000 0.835250 -0.615447
601.000000 44.000000 0.882350 -0.615447
619.000000 44.000000 0.938871 -0.615447
276.000000 45.000000 -0.138162 -0.612307
306.000000 45.000000 -0.043961 -0.612307
507.000000 45.000000 0.587187 -0.612307
553.000000 45.000000 0.731629 -0.612307
310.000000 46.000000 -0.031400 -0.609167
615.000000 46.000000 0.926311 -0.609167
386.000000 47.000000 0.207242 -0.606027
604.000000 47.000000 0.891771 -0.606027
381.000000 48.000000 0.191542 -0.602887
390.000000 48.000000 0.219803 -0.602887
426.000000 48.000000 0.332844 -0.602887
609.000000 48.000000 0.907471 -0.602887
384.000000 50.000000 0.200962 -0.596607
552.000000 50.000000 0.728489 -0.596607
602.000000 50.000000 0.885490 -0.596607
314.000000 52.000000 -0.018840 -0.590327
519.000000 52.000000 0.624867 -0.590327
595.000000 52.000000 0.863510 -0.590327
332.000000 53.000000 0.037680 -0.587187
486.000000 53.000000 0.521246 -0.587187
592.000000 53.000000 0.854090 -0.587187
314.000000 54.000000 -0.018840 -0.584047
383.000000 54.000000 0.197822 -0.584047
461.000000 54.000000 0.442745 -0.584047
507.000000 54.000000 0.587187 -0.584047
588.000000 54.000000 0.841530 -0.584047
263.000000 55.000000 -0.178982 -0.580907
385.000000 55.000000 0.204102 -0.580907
533.000000 55.000000 0.668828 -0.580907
585.000000 55.000000 0.832110 -0.580907
380.000000 57.000000 0.188402 -0.574627
412.000000 57.000000 0.288883 -0.574627
578.000000 57.000000 0.810130 -0.574627
313.000000 58.000000 -0.021980 -0.571487
319.000000 58.000000 -0.003140 -0.571487
473.000000 58.000000 0.480426 -0.571487
423.000000 59.000000 0.323424 -0.568347
394.000000 60.000000 0.232363 -0.565207
264.000000 61.000000 -0.175842 -0.562067
372.000000 61.000000 0.163282 -0.562067
446.000000 61.000000 0.395645 -0.562067
268.000000 62.000000 -0.163282 -0.558927
319.000000 62.000000 -0.003140 -0.558927
422.000000 62.000000 0.320284 -0.558927
582.000000 62.000000 0.822690 -0.558927
272.000000 63.000000 -0.150722 -0.555787
312.000000 63.000000 -0.025120 -0.555787
276.000000 64.000000 -0.138162 -0.552647
422.000000 64.000000 0.320284 -0.552647
471.000000 64.000000 0.474146 -0.552647
475.000000 64.000000 0.486706 -0.552647
483.000000 64.000000 0.511826 -0.552647
381.000000 65.000000 0.191542 -0.549506
503.000000 65.000000 0.574627 -0.549506
312.000000 66.000000 -0.025120 -0.546366
467.000000 66.000000 0.461585 -0.546366
510.000000 66.000000 0.596607 -0.546366
57.000000 67.000000 -0.825830 -0.543226
494.000000 67.000000 0.546366 -0.543226
500.000000 67.000000 0.565207 -0.543226
18.000000 68.000000 -0.948291 -0.540086
291.000000 68.000000 -0.091061 -0.540086
388.000000 68.000000 0.213523 -0.540086
558.000000 68.000000 0.747329 -0.540086
20.000000 69.000000 -0.942011 -0.536946
295.000000 69.000000 -0.078501 -0.536946
311.000000 69.000000 -0.028260 -0.536946
534.000000 69.000000 0.671968 -0.536946
299.000000 70.000000 -0.065941 -0.533806
424.000000 70.000000 0.326564 -0.533806
466.000000 70.000000 0.458445 -0.533806
60.000000 71.000000 -0.816410 -0.530666
303.000000 71.000000 -0.053381 -0.530666
386.000000 71.000000 0.207242 -0.530666
422.000000 71.000000 0.320284 -0.530666
23.000000 72.000000 -0.932591 -0.527526
28.000000 72.000000 -0.916891 -0.527526
307.000000 72.000000 -0.040820 -0.527526
383.000000 72.000000 0.197822 -0.527526
440.000000 72.000000 0.376804 -0.527526
81.000000 73.000000 -0.750469 -0.524386
559.000000 73.000000 0.750469 -0.524386
54.000000 74.000000 -0.835250 -0.521246
57.000000 74.000000 -0.825830 -0.521246
87.000000 74.000000 -0.731629 -0.521246
18.000000 75.000000 -0.948291 -0.518106
62.000000 75.000000 -0.810130 -0.518106
68.000000 75.000000 -0.791289 -0.518106
386.000000 75.000000 0.207242 -0.518106
459.000000 75.000000 0.436465 -0.518106
25.000000 76.000000 -0.926311 -0.514966
77.000000 76.000000 -0.763029 -0.514966
86.000000 76.000000 -0.734769 -0.514966
415.000000 76.000000 0.298304 -0.514966
30.000000 77.000000 -0.910611 -0.511826
56.000000 77.000000 -0.828970 -0.511826
59.000000 77.000000 -0.819550 -0.511826
265.000000 77.000000 -0.172702 -0.511826
550.000000 77.000000 0.722209 -0.511826
34.000000 78.000000 -0.898051 -0.508686
82.000000 78.000000 -0.747329 -0.508686
22.000000 79.000000 -0.935731 -0.505546
29.000000 79.000000 -0.913751 -0.505546
39.000000 79.000000 -0.882350 -0.505546
55.000000 79.000000 -0.832110 -0.505546
305.000000 79.000000 -0.047101 -0.505546
309.000000 79.000000 -0.034540 -0.505546
478.000000 79.000000 0.496126 -0.505546
605.000000 79.000000 0.894911 -0.505546
102.000000 80.000000 -0.684528 -0.502406
84.000000 81.000000 -0.741049 -0.499266
88.000000 81.000000 -0.728489 -0.499266
308.000000 81.000000 -0.037680 -0.499266
468.000000 81.000000 0.464725 -0.499266
52.000000 82.000000 -0.841530 -0.496126
25.000000 83.000000 -0.926311 -0.492986
79.000000 83.000000 -0.756749 -0.492986
86.000000 83.000000 -0.734769 -0.492986
481.000000 83.000000 0.505546 -0.492986
11.000000 84.000000 -0.970271 -0.489846
38.000000 84.000000 -0.885490 -0.489846
56.000000 84.000000 -0.828970 -0.489846
306.000000 84.000000 -0.043961 -0.489846
405.000000 84.000000 0.266903 -0.489846
46.000000 85.000000 -0.860370 -0.486706
59.000000 85.000000 -0.819550 -0.486706
77.000000 85.000000 -0.763029 -0.486706
308.000000 85.000000 -0.037680 -0.486706
17.000000 86.000000 -0.951431 -0.483566
102.000000 86.000000 -0.684528 -0.483566
331.000000 86.000000 0.034540 -0.483566
425.000000 86.000000 0.329704 -0.483566
544.000000 86.000000 0.703368 -0.483566
554.000000 86.000000 0.734769 -0.483566
35.000000 87.000000 -0.894911 -0.480426
55.000000 87.000000 -0.832110 -0.480426
59.000000 87.000000 -0.819550 -0.480426
269.000000 87.000000 -0.160142 -0.480426
275.000000 87.000000 -0.141302 -0.480426
289.000000 87.000000 -0.097341 -0.480426
422.000000 88.000000 0.320284 -0.477286
424.000000 88.000000 0.326564 -0.477286
32.000000 89.000000 -0.904331 -0.474146
41.000000 89.000000 -0.876070 -0.474146
262.000000 89.000000 -0.182122 -0.474146
283.000000 89.000000 -0.116181 -0.474146
38.000000 90.000000 -0.885490 -0.471006
79.000000 90.000000 -0.756749 -0.471006
267.000000 90.000000 -0.166422 -0.471006
273.000000 90.000000 -0.147582 -0.471006
307.000000 90.000000 -0.040820 -0.471006
419.000000 90.000000 0.310864 -0.471006
103.000000 91.000000 -0.681388 -0.467866
416.000000 91.000000 0.301444 -0.467866
40.000000 92.000000 -0.879210 -0.464725
77.000000 92.000000 -0.763029 -0.464725
454.000000 92.000000 0.420765 -0.464725
486.000000 92.000000 0.521246 -0.464725
35.000000 93.000000 -0.894911 -0.461585
136.000000 93.000000 -0.577767 -0.461585
264.000000 93.000000 -0.175842 -0.461585
268.000000 93.000000 -0.163282 -0.461585
275.000000 93.000000 -0.141302 -0.461585
381.000000 93.000000 0.191542 -0.461585
279.000000 94.000000 -0.128742 -0.458445
292.000000 94.000000 -0.087921 -0.458445
356.000000 94.000000 0.113041 -0.458445
378.000000 94.000000 0.182122 -0.458445
139.000000 95.000000 -0.568347 -0.455305
358.000000 95.000000 0.119321 -0.455305
59.000000 96.000000 -0.819550 -0.452165
142.000000 96.000000 -0.558927 -0.452165
148.000000 96.000000 -0.540086 -0.452165
276.000000 96.000000 -0.138162 -0.452165
306.000000 96.000000 -0.043961 -0.452165
400.000000 96.000000 0.251203 -0.452165
432.000000 96.000000 0.351684 -0.452165
449.000000 96.000000 0.405065 -0.452165
466.000000 96.000000 0.458445 -0.452165
105.000000 97.000000 -0.675108 -0.449025
135.000000 97.000000 -0.580907 -0.449025
153.000000 97.000000 -0.524386 -0.449025
242.000000 97.000000 -0.244923 -0.449025
370.000000 97.000000 0.157002 -0.449025
55.000000 98.000000 -0.832110 -0.445885
77.000000 98.000000 -0.763029 -0.445885
224.000000 98.000000 -0.301444 -0.445885
266.000000 98.000000 -0.169562 -0.445885
304.000000 98.000000 -0.050241 -0.445885
397.000000 98.000000 0.241783 -0.445885
101.000000 99.000000 -0.687668 -0.442745
105.000000 99.000000 -0.675108 -0.442745
116.000000 99.000000 -0.640568 -0.442745
121.000000 99.000000 -0.624867 -0.442745
123.000000 99.000000 -0.618587 -0.442745
152.000000 99.000000 -0.527526 -0.442745
268.000000 99.000000 -0.163282 -0.442745
270.000000 99.000000 -0.157002 -0.442745
357.000000 99.000000 0.116181 -0.442745
424.000000 99.000000 0.326564 -0.442745
127.000000 100.000000 -0.606027 -0.439605
234.000000 100.000000 -0.270043 -0.439605
237.000000 100.000000 -0.260623 -0.439605
239.000000 100.000000 -0.254343 -0.439605
265.000000 100.000000 -0.172702 -0.439605
372.000000 100.000000 0.163282 -0.439605
392.000000 100.000000 0.226083 -0.439605
81.000000 101.000000 -0.750469 -0.436465
109.000000 101.000000 -0.662548 -0.436465
245.000000 101.000000 -0.235503 -0.436465
249.000000 101.000000 -0.222943 -0.436465
305.000000 101.000000 -0.047101 -0.436465
341.000000 101.000000 0.065941 -0.436465
123.000000 102.000000 -0.618587 -0.433325
153.000000 102.000000 -0.524386 -0.433325
242.000000 102.000000 -0.244923 -0.433325
269.000000 102.000000 -0.160142 -0.433325
356.000000 102.000000 0.113041 -0.433325
451.000000 102.000000 0.411345 -0.433325
551.000000 102.000000 0.725349 -0.433325
81.000000 103.000000 -0.750469 -0.430185
117.000000 103.000000 -0.637428 -0.430185
128.000000 103.000000 -0.602887 -0.430185
140.000000 103.000000 -0.565207 -0.430185
248.000000 103.000000 -0.226083 -0.430185
253.000000 103.000000 -0.210382 -0.430185
255.000000 103.000000 -0.204102 -0.430185
277.000000 103.000000 -0.135022 -0.430185
303.000000 103.000000 -0.053381 -0.430185
146.000000 104.000000 -0.546366 -0.427045
251.000000 104.000000 -0.216663 -0.427045
266.000000 104.000000 -0.169562 -0.427045
464.000000 104.000000 0.452165 -0.427045
545.000000 104.000000 0.706508 -0.427045
130.000000 105.000000 -0.596607 -0.423905
137.000000 105.000000 -0.574627 -0.423905
286.000000 105.000000 -0.106761 -0.423905
371.000000 105.000000 0.160142 -0.423905
121.000000 106.000000 -0.624867 -0.420765
126.000000 106.000000 -0.609167 -0.420765
273.000000 106.000000 -0.147582 -0.420765
276.000000 106.000000 -0.138162 -0.420765
304.000000 106.000000 -0.050241 -0.420765
374.000000 106.000000 0.169562 -0.420765
146.000000 107.000000 -0.546366 -0.417625
163.000000 107.000000 -0.492986 -0.417625
268.000000 107.000000 -0.163282 -0.417625
123.000000 108.000000 -0.618587 -0.414485
137.000000 108.000000 -0.574627 -0.414485
247.000000 108.000000 -0.229223 -0.414485
266.000000 108.000000 -0.169562 -0.414485
302.000000 108.000000 -0.056521 -0.414485
359.000000 108.000000 0.122461 -0.414485
369.000000 108.000000 0.153862 -0.414485
375.000000 108.000000 0.172702 -0.414485
169.000000 109.000000 -0.474146 -0.411345
184.000000 109.000000 -0.427045 -0.411345
245.000000 109.000000 -0.235503 -0.411345
291.000000 109.000000 -0.091061 -0.411345
395.000000 109.000000 0.235503 -0.411345
536.000000 109.000000 0.678248 -0.411345
134.000000 110.000000 -0.584047 -0.408205
137.000000 110.000000 -0.574627 -0.408205
147.000000 110.000000 -0.543226 -0.408205
171.000000 110.000000 -0.467866 -0.408205
175.000000 110.000000 -0.455305 -0.408205
190.000000 110.000000 -0.408205 -0.408205
562.000000 110.000000 0.759889 -0.408205
142.000000 111.000000 -0.558927 -0.405065
185.000000 111.000000 -0.423905 -0.405065
243.000000 111.000000 -0.241783 -0.405065
249.000000 111.000000 -0.222943 -0.405065
260.000000 111.000000 -0.188402 -0.405065
280.000000 111.000000 -0.125601 -0.405065
293.000000 111.000000 -0.084781 -0.405065
302.000000 111.000000 -0.056521 -0.405065
329.000000 111.000000 0.028260 -0.405065
183.000000 112.000000 -0.430185 -0.401925
247.000000 112.000000 -0.229223 -0.401925
263.000000 112.000000 -0.178982 -0.401925
283.000000 112.000000 -0.116181 -0.401925
296.000000 112.000000 -0.075361 -0.401925
144.000000 113.000000 -0.552647 -0.398785
257.000000 113.000000 -0.197822 -0.398785
289.000000 113.000000 -0.097341 -0.398785
384.000000 113.000000 0.200962 -0.398785
539.000000 113.000000 0.687668 -0.398785
176.000000 114.000000 -0.452165 -0.395645
183.000000 114.000000 -0.430185 -0.395645
192.000000 114.000000 -0.401925 -0.395645
255.000000 114.000000 -0.204102 -0.395645
268.000000 114.000000 -0.163282 -0.395645
273.000000 114.000000 -0.147582 -0.395645
295.000000 114.000000 -0.078501 -0.395645
299.000000 114.000000 -0.065941 -0.395645
301.000000 114.000000 -0.059661 -0.395645
303.000000 114.000000 -0.053381 -0.395645
308.000000 114.000000 -0.037680 -0.395645
311.000000 114.000000 -0.028260 -0.395645
388.000000 114.000000 0.213523 -0.395645
146.000000 115.000000 -0.546366 -0.392505
167.000000 115.000000 -0.480426 -0.392505
259.000000 115.000000 -0.191542 -0.392505
270.000000 115.000000 -0.157002 -0.392505
306.000000 115.000000 -0.043961 -0.392505
316.000000 115.000000 -0.012560 -0.392505
379.000000 115.000000 0.185262 -0.392505
527.000000 115.000000 0.649988 -0.392505
42.000000 116.000000 -0.872930 -0.389365
84.000000 116.000000 -0.741049 -0.389365
163.000000 116.000000 -0.492986 -0.389365
264.000000 116.000000 -0.175842 -0.389365
279.000000 116.000000 -0.128742 -0.389365
314.000000 116.000000 -0.018840 -0.389365
328.000000 116.000000 0.025120 -0.389365
335.000000 116.000000 0.047101 -0.389365
382.000000 116.000000 0.194682 -0.389365
441.000000 116.000000 0.379945 -0.389365
50.000000 117.000000 -0.847810 -0.386225
182.000000 117.000000 -0.433325 -0.386225
203.000000 117.000000 -0.367384 -0.386225
209.000000 117.000000 -0.348544 -0.386225
266.000000 117.000000 -0.169562 -0.386225
273.000000 117.000000 -0.147582 -0.386225
275.000000 117.000000 -0.141302 -0.386225
292.000000 117.000000 -0.087921 -0.386225
306.000000 117.000000 -0.043961 -0.386225
430.000000 117.000000 0.345404 -0.386225
450.000000 117.000000 0.408205 -0.386225
82.000000 118.000000 -0.747329 -0.383085
242.000000 118.000000 -0.244923 -0.383085
278.000000 118.000000 -0.131882 -0.383085
280.000000 118.000000 -0.125601 -0.383085
299.000000 118.000000 -0.065941 -0.383085
311.000000 118.000000 -0.028260 -0.383085
320.000000 118.000000 -0.000000 -0.383085
367.000000 118.000000 0.147582 -0.383085
428.000000 118.000000 0.339124 -0.383085
536.000000 118.000000 0.678248 -0.383085
540.000000 118.000000 0.690808 -0.383085
559.000000 118.000000 0.750469 -0.383085
8.000000 119.000000 -0.979692 -0.379945
10.000000 119.000000 -0.973412 -0.379945
146.000000 119.000000 -0.546366 -0.379945
169.000000 119.000000 -0.474146 -0.379945
257.000000 119.000000 -0.197822 -0.379945
282.000000 119.000000 -0.119321 -0.379945
284.000000 119.000000 -0.113041 -0.379945
307.000000 119.000000 -0.040820 -0.379945
322.000000 119.000000 0.006280 -0.379945
201.000000 120.000000 -0.373664 -0.376804
260.000000 120.000000 -0.188402 -0.376804
288.000000 120.000000 -0.100481 -0.376804
427.000000 120.000000 0.335984 -0.376804
182.000000 121.000000 -0.433325 -0.373664
228.000000 121.000000 -0.288883 -0.373664
245.000000 121.000000 -0.235503 -0.373664
292.000000 121.000000 -0.087921 -0.373664
326.000000 121.000000 0.018840 -0.373664
139.000000 122.000000 -0.568347 -0.370524
202.000000 122.000000 -0.370524 -0.370524
269.000000 122.000000 -0.160142 -0.370524
290.000000 122.000000 -0.094201 -0.370524
297.000000 122.000000 -0.072221 -0.370524
214.000000 123.000000 -0.332844 -0.367384
251.000000 123.000000 -0.216663 -0.367384
306.000000 123.000000 -0.043961 -0.367384
320.000000 123.000000 -0.000000 -0.367384
332.000000 123.000000 0.037680 -0.367384
369.000000 123.000000 0.153862 -0.367384
405.000000 123.000000 0.266903 -0.367384
542.000000 123.000000 0.697088 -0.367384
144.000000 124.000000 -0.552647 -0.364244
183.000000 124.000000 -0.430185 -0.364244
279.000000 124.000000 -0.128742 -0.364244
313.000000 124.000000 -0.021980 -0.364244
373.000000 124.000000 0.166422 -0.364244
394.000000 124.000000 0.232363 -0.364244
445.000000 124.000000 0.392505 -0.364244
283.000000 125.000000 -0.116181 -0.361104
310.000000 125.000000 -0.031400 -0.361104
378.000000 125.000000 0.182122 -0.361104
380.000000 125.000000 0.188402 -0.361104
401.000000 125.000000 0.254343 -0.361104
408.000000 125.000000 0.276323 -0.361104
203.000000 126.000000 -0.367384 -0.357964
214.000000 126.000000 -0.332844 -0.357964
266.000000 126.000000 -0.169562 -0.357964
286.000000 126.000000 -0.106761 -0.357964
304.000000 126.000000 -0.050241 -0.357964
308.000000 126.000000 -0.037680 -0.357964
325.000000 126.000000 0.015700 -0.357964
387.000000 126.000000 0.210382 -0.357964
218.000000 127.000000 -0.320284 -0.354824
222.000000 127.000000 -0.307724 -0.354824
292.000000 127.000000 -0.087921 -0.354824
333.000000 127.000000 0.040820 -0.354824
368.000000 127.000000 0.150722 -0.354824
383.000000 127.000000 0.197822 -0.354824
400.000000 127.000000 0.251203 -0.354824
540.000000 127.000000 0.690808 -0.354824
144.000000 128.000000 -0.552647 -0.351684
184.000000 128.000000 -0.427045 -0.351684
187.000000 128.000000 -0.417625 -0.351684
272.000000 128.000000 -0.150722 -0.351684
295.000000 128.000000 -0.078501 -0.351684
331.000000 128.000000 0.034540 -0.351684
355.000000 128.000000 0.109901 -0.351684
372.000000 128.000000 0.163282 -0.351684
218.000000 129.000000 -0.320284 -0.348544
301.000000 129.000000 -0.059661 -0.348544
310.000000 129.000000 -0.031400 -0.348544
469.000000 129.000000 0.467866 -0.348544
122.000000 130.000000 -0.621727 -0.345404
262.000000 130.000000 -0.182122 -0.345404
281.000000 130.000000 -0.122461 -0.345404
283.000000 130.000000 -0.116181 -0.345404
380.000000 130.000000 0.188402 -0.345404
145.000000 131.000000 -0.549506 -0.342264
273.000000 131.000000 -0.147582 -0.342264
286.000000 131.000000 -0.106761 -0.342264
301.000000 131.000000 -0.059661 -0.342264
318.000000 131.000000 -0.006280 -0.342264
424.000000 131.000000 0.326564 -0.342264
434.000000 131.000000 0.357964 -0.342264
250.000000 132.000000 -0.219803 -0.339124
290.000000 132.000000 -0.094201 -0.339124
307.000000 132.000000 -0.040820 -0.339124
312.000000 132.000000 -0.025120 -0.339124
367.000000 132.000000 0.147582 -0.339124
392.000000 132.000000 0.226083 -0.339124
415.000000 132.000000 0.298304 -0.339124
83.000000 133.000000 -0.744189 -0.335984
124.000000 133.000000 -0.615447 -0.335984
330.000000 133.000000 0.031400 -0.335984
371.000000 133.000000 0.160142 -0.335984
445.000000 133.000000 0.392505 -0.335984
568.000000 133.000000 0.778729 -0.335984
184.000000 134.000000 -0.427045 -0.332844
186.000000 134.000000 -0.420765 -0.332844
309.000000 134.000000 -0.034540 -0.332844
350.000000 134.000000 0.094201 -0.332844
376.000000 134.000000 0.175842 -0.332844
52.000000 135.000000 -0.841530 -0.329704
83.000000 135.000000 -0.744189 -0.329704
369.000000 135.000000 0.153862 -0.329704
521.000000 135.000000 0.631147 -0.329704
204.000000 136.000000 -0.364244 -0.326564
253.000000 136.000000 -0.210382 -0.326564
270.000000 136.000000 -0.157002 -0.326564
306.000000 136.000000 -0.043961 -0.326564
375.000000 136.000000 0.172702 -0.326564
381.000000 136.000000 0.191542 -0.326564
386.000000 136.000000 0.207242 -0.326564
414.000000 136.000000 0.295163 -0.326564
121.000000 137.000000 -0.624867 -0.323424
263.000000 137.000000 -0.178982 -0.323424
267.000000 137.000000 -0.166422 -0.323424
311.000000 137.000000 -0.028260 -0.323424
370.000000 137.000000 0.157002 -0.323424
378.000000 137.000000 0.182122 -0.323424
393.000000 137.000000 0.229223 -0.323424
449.000000 137.000000 0.405065 -0.323424
129.000000 138.000000 -0.599747 -0.320284
136.000000 138.000000 -0.577767 -0.320284
138.000000 138.000000 -0.571487 -0.320284
258.000000 138.000000 -0.194682 -0.320284
291.000000 138.000000 -0.091061 -0.320284
293.000000 138.000000 -0.084781 -0.320284
364.000000 138.000000 0.138162 -0.320284
212.000000 139.000000 -0.339124 -0.317144
263.000000 139.000000 -0.178982 -0.317144
299.000000 139.000000 -0.065941 -0.317144
374.000000 139.000000 0.169562 -0.317144
385.000000 139.000000 0.204102 -0.317144
390.000000 139.000000 0.219803 -0.317144
398.000000 139.000000 0.244923 -0.317144
403.000000 139.000000 0.260623 -0.317144
409.000000 139.000000 0.279463 -0.317144
83.000000 140.000000 -0.744189 -0.314004
123.000000 140.000000 -0.618587 -0.314004
144.000000 140.000000 -0.552647 -0.314004
267.000000 140.000000 -0.166422 -0.314004
330.000000 140.000000 0.031400 -0.314004
434.000000 140.000000 0.357964 -0.314004
210.000000 141.000000 -0.345404 -0.310864
365.000000 141.000000 0.141302 -0.310864
369.000000 141.000000 0.153862 -0.310864
402.000000 141.000000 0.257483 -0.310864
425.000000 141.000000 0.329704 -0.310864
582.000000 141.000000 0.822690 -0.310864
56.000000 142.000000 -0.828970 -0.307724
249.000000 142.000000 -0.222943 -0.307724
260.000000 142.000000 -0.188402 -0.307724
272.000000 142.000000 -0.150722 -0.307724
286.000000 142.000000 -0.106761 -0.307724
292.000000 142.000000 -0.087921 -0.307724
382.000000 142.000000 0.194682 -0.307724
390.000000 142.000000 0.219803 -0.307724
407.000000 142.000000 0.273183 -0.307724
458.000000 142.000000 0.433325 -0.307724
121.000000 143.000000 -0.624867 -0.304584
124.000000 143.000000 -0.615447 -0.304584
150.000000 143.000000 -0.533806 -0.304584
215.000000 143.000000 -0.329704 -0.304584
253.000000 143.000000 -0.210382 -0.304584
265.000000 143.000000 -0.172702 -0.304584
282.000000 143.000000 -0.119321 -0.304584
301.000000 143.000000 -0.059661 -0.304584
334.000000 143.000000 0.043961 -0.304584
348.000000 143.000000 0.087921 -0.304584
385.000000 143.000000 0.204102 -0.304584
430.000000 143.000000 0.345404 -0.304584
525.000000 143.000000 0.643708 -0.304584
541.000000 143.000000 0.693948 -0.304584
247.000000 144.000000 -0.229223 -0.301444
286.000000 144.000000 -0.106761 -0.301444
332.000000 144.000000 0.037680 -0.301444
377.000000 144.000000 0.178982 -0.301444
402.000000 144.000000 0.257483 -0.301444
143.000000 145.000000 -0.555787 -0.298304
293.000000 145.000000 -0.084781 -0.298304
319.000000 145.000000 -0.003140 -0.298304
329.000000 145.000000 0.028260 -0.298304
364.000000 145.000000 0.138162 -0.298304
368.000000 145.000000 0.150722 -0.298304
387.000000 145.000000 0.210382 -0.298304
399.000000 145.000000 0.248063 -0.298304
283.000000 146.000000 -0.116181 -0.295163
519.000000 146.000000 0.624867 -0.295163
263.000000 147.000000 -0.178982 -0.292023
288.000000 147.000000 -0.100481 -0.292023
296.000000 147.000000 -0.075361 -0.292023
313.000000 147.000000 -0.021980 -0.292023
337.000000 147.000000 0.053381 -0.292023
347.000000 147.000000 0.084781 -0.292023
372.000000 147.000000 0.163282 -0.292023
386.000000 147.000000 0.207242 -0.292023
392.000000 147.000000 0.226083 -0.292023
394.000000 147.000000 0.232363 -0.292023
123.000000 148.000000 -0.618587 -0.288883
127.000000 148.000000 -0.606027 -0.288883
144.000000 148.000000 -0.552647 -0.288883
182.000000 148.000000 -0.433325 -0.288883
259.000000 148.000000 -0.191542 -0.288883
271.000000 148.000000 -0.153862 -0.288883
342.000000 148.000000 0.069081 -0.288883
204.000000 149.000000 -0.364244 -0.285743
248.000000 149.000000 -0.226083 -0.285743
278.000000 149.000000 -0.131882 -0.285743
294.000000 149.000000 -0.081641 -0.285743
322.000000 149.000000 0.006280 -0.285743
363.000000 149.000000 0.135022 -0.285743
450.000000 149.000000 0.408205 -0.285743
453.000000 149.000000 0.417625 -0.285743
487.000000 149.000000 0.524386 -0.285743
139.000000 150.000000 -0.568347 -0.282603
201.000000 150.000000 -0.373664 -0.282603
275.000000 150.000000 -0.141302 -0.282603
330.000000 150.000000 0.031400 -0.282603
376.000000 150.000000 0.175842 -0.282603
41.000000 151.000000 -0.876070 -0.279463
120.000000 151.000000 -0.628007 -0.279463
182.000000 151.000000 -0.433325 -0.279463
191.000000 151.000000 -0.405065 -0.279463
204.000000 151.000000 -0.364244 -0.279463
285.000000 151.000000 -0.109901 -0.279463
369.000000 151.000000 0.153862 -0.279463
410.000000 151.000000 0.282603 -0.279463
437.000000 151.000000 0.367384 -0.279463
5.000000 152.000000 -0.989112 -0.276323
128.000000 152.000000 -0.602887 -0.276323
143.000000 152.000000 -0.555787 -0.276323
341.000000 152.000000 0.065941 -0.276323
346.000000 152.000000 0.081641 -0.276323
350.000000 152.000000 0.094201 -0.276323
394.000000 152.000000 0.232363 -0.276323
397.000000 152.000000 0.241783 -0.276323
425.000000 152.000000 0.329704 -0.276323
427.000000 152.000000 0.335984 -0.276323
141.000000 153.000000 -0.562067 -0.273183
328.000000 153.000000 0.025120 -0.273183
362.000000 153.000000 0.131882 -0.273183
421.000000 153.000000 0.317144 -0.273183
436.000000 153.000000 0.364244 -0.273183
259.000000 154.000000 -0.191542 -0.270043
270.000000 154.000000 -0.157002 -0.270043
133.000000 155.000000 -0.587187 -0.266903
183.000000 155.000000 -0.430185 -0.266903
196.000000 155.000000 -0.389365 -0.266903
200.000000 155.000000 -0.376804 -0.266903
256.000000 155.000000 -0.200962 -0.266903
293.000000 155.000000 -0.084781 -0.266903
367.000000 155.000000 0.147582 -0.266903
369.000000 155.000000 0.153862 -0.266903
384.000000 155.000000 0.200962 -0.266903
142.000000 156.000000 -0.558927 -0.263763
210.000000 156.000000 -0.345404 -0.263763
341.000000 156.000000 0.065941 -0.263763
389.000000 156.000000 0.216663 -0.263763
139.000000 157.000000 -0.568347 -0.260623
200.000000 157.000000 -0.376804 -0.260623
214.000000 157.000000 -0.332844 -0.260623
336.000000 157.000000 0.050241 -0.260623
347.000000 157.000000 0.084781 -0.260623
361.000000 157.000000 0.128742 -0.260623
518.000000 157.000000 0.621727 -0.260623
118.000000 158.000000 -0.634288 -0.257483
141.000000 158.000000 -0.562067 -0.257483
221.000000 158.000000 -0.310864 -0.257483
233.000000 158.000000 -0.273183 -0.257483
341.000000 158.000000 0.065941 -0.257483
354.000000 158.000000 0.106761 -0.257483
365.000000 158.000000 0.141302 -0.257483
402.000000 158.000000 0.257483 -0.257483
431.000000 158.000000 0.348544 -0.257483
43.000000 159.000000 -0.869790 -0.254343
144.000000 159.000000 -0.552647 -0.254343
183.000000 159.000000 -0.430185 -0.254343
247.000000 159.000000 -0.229223 -0.254343
253.000000 159.000000 -0.210382 -0.254343
368.000000 159.000000 0.150722 -0.254343
445.000000 159.000000 0.392505 -0.254343
447.000000 159.000000 0.398785 -0.254343
449.000000 159.000000 0.405065 -0.254343
48.000000 160.000000 -0.854090 -0.251203
245.000000 160.000000 -0.235503 -0.251203
292.000000 160.000000 -0.087921 -0.251203
341.000000 160.000000 0.065941 -0.251203
345.000000 160.000000 0.078501 -0.251203
360.000000 160.000000 0.125601 -0.251203
374.000000 160.000000 0.169562 -0.251203
402.000000 160.000000 0.257483 -0.251203
143.000000 161.000000 -0.555787 -0.248063
167.000000 161.000000 -0.480426 -0.248063
171.000000 161.000000 -0.467866 -0.248063
339.000000 161.000000 0.059661 -0.248063
347.000000 161.000000 0.084781 -0.248063
368.000000 161.000000 0.150722 -0.248063
382.000000 161.000000 0.194682 -0.248063
388.000000 161.000000 0.213523 -0.248063
532.000000 161.000000 0.665688 -0.248063
43.000000 162.000000 -0.869790 -0.244923
254.000000 162.000000 -0.207242 -0.244923
262.000000 162.000000 -0.182122 -0.244923
324.000000 162.000000 0.012560 -0.244923
370.000000 162.000000 0.157002 -0.244923
144.000000 163.000000 -0.552647 -0.241783
148.000000 163.000000 -0.540086 -0.241783
238.000000 163.000000 -0.257483 -0.241783
247.000000 163.000000 -0.229223 -0.241783
260.000000 163.000000 -0.188402 -0.241783
267.000000 163.000000 -0.166422 -0.241783
269.000000 163.000000 -0.160142 -0.241783
367.000000 163.000000 0.147582 -0.241783
396.000000 163.000000 0.238643 -0.241783
146.000000 164.000000 -0.546366 -0.238643
157.000000 164.000000 -0.511826 -0.238643
274.000000 164.000000 -0.144442 -0.238643
277.000000 164.000000 -0.135022 -0.238643
325.000000 164.000000 0.015700 -0.238643
358.000000 164.000000 0.119321 -0.238643
361.000000 164.000000 0.128742 -0.238643
363.000000 164.000000 0.135022 -0.238643
376.000000 164.000000 0.175842 -0.238643
379.000000 164.000000 0.185262 -0.238643
384.000000 164.000000 0.200962 -0.238643
43.000000 165.000000 -0.869790 -0.235503
81.000000 165.000000 -0.750469 -0.235503
119.000000 165.000000 -0.631147 -0.235503
122.000000 165.000000 -0.621727 -0.235503
241.000000 165.000000 -0.248063 -0.235503
244.000000 165.000000 -0.238643 -0.235503
260.000000 165.000000 -0.188402 -0.235503
279.000000 165.000000 -0.128742 -0.235503
282.000000 165.000000 -0.119321 -0.235503
338.000000 165.000000 0.056521 -0.235503
349.000000 165.000000 0.091061 -0.235503
400.000000 165.000000 0.251203 -0.235503
406.000000 165.000000 0.270043 -0.235503
415.000000 165.000000 0.298304 -0.235503
573.000000 165.000000 0.794429 -0.235503
141.000000 166.000000 -0.562067 -0.232363
239.000000 166.000000 -0.254343 -0.232363
255.000000 166.000000 -0.204102 -0.232363
274.000000 166.000000 -0.144442 -0.232363
288.000000 166.000000 -0.100481 -0.232363
291.000000 166.000000 -0.091061 -0.232363
382.000000 166.000000 0.194682 -0.232363
576.000000 166.000000 0.803850 -0.232363
43.000000 167.000000 -0.869790 -0.229223
117.000000 167.000000 -0.637428 -0.229223
135.000000 167.000000 -0.580907 -0.229223
266.000000 167.000000 -0.169562 -0.229223
279.000000 167.000000 -0.128742 -0.229223
361.000000 167.000000 0.128742 -0.229223
365.000000 167.000000 0.141302 -0.229223
397.000000 167.000000 0.241783 -0.229223
57.000000 168.000000 -0.825830 -0.226083
127.000000 168.000000 -0.606027 -0.226083
284.000000 168.000000 -0.113041 -0.226083
348.000000 168.000000 0.087921 -0.226083
367.000000 168.000000 0.147582 -0.226083
395.000000 168.000000 0.235503 -0.226083
400.000000 168.000000 0.251203 -0.226083
428.000000 168.000000 0.339124 -0.226083
20.000000 169.000000 -0.942011 -0.222943
121.000000 169.000000 -0.624867 -0.222943
238.000000 169.000000 -0.257483 -0.222943
241.000000 169.000000 -0.248063 -0.222943
245.000000 169.000000 -0.235503 -0.222943
248.000000 169.000000 -0.226083 -0.222943
265.000000 169.000000 -0.172702 -0.222943
276.000000 169.000000 -0.138162 -0.222943
297.000000 169.000000 -0.072221 -0.222943
324.000000 169.000000 0.012560 -0.222943
363.000000 169.000000 0.135022 -0.222943
369.000000 169.000000 0.153862 -0.222943
405.000000 169.000000 0.266903 -0.222943
522.000000 169.000000 0.634288 -0.222943
43.000000 170.000000 -0.869790 -0.219803
58.000000 170.000000 -0.822690 -0.219803
282.000000 170.000000 -0.119321 -0.219803
337.000000 170.000000 0.053381 -0.219803
340.000000 170.000000 0.062801 -0.219803
376.000000 170.000000 0.175842 -0.219803
410.000000 170.000000 0.282603 -0.219803
431.000000 170.000000 0.348544 -0.219803
515.000000 170.000000 0.612307 -0.219803
248.000000 171.000000 -0.226083 -0.216663
288.000000 171.000000 -0.100481 -0.216663
362.000000 171.000000 0.131882 -0.216663
368.000000 171.000000 0.150722 -0.216663
372.000000 171.000000 0.163282 -0.216663
385.000000 171.000000 0.204102 -0.216663
79.000000 172.000000 -0.756749 -0.213523
233.000000 172.000000 -0.273183 -0.213523
314.000000 172.000000 -0.018840 -0.213523
322.000000 172.000000 0.006280 -0.213523
376.000000 172.000000 0.175842 -0.213523
523.000000 172.000000 0.637428 -0.213523
43.000000 173.000000 -0.869790 -0.210382
57.000000 173.000000 -0.825830 -0.210382
227.000000 173.000000 -0.292023 -0.210382
230.000000 173.000000 -0.282603 -0.210382
303.000000 173.000000 -0.053381 -0.210382
307.000000 173.000000 -0.040820 -0.210382
336.000000 173.000000 0.050241 -0.210382
358.000000 173.000000 0.119321 -0.210382
391.000000 173.000000 0.222943 -0.210382
400.000000 173.000000 0.251203 -0.210382
415.000000 173.000000 0.298304 -0.210382
77.000000 174.000000 -0.763029 -0.207242
79.000000 174.000000 -0.756749 -0.207242
82.000000 174.000000 -0.747329 -0.207242
224.000000 174.000000 -0.301444 -0.207242
267.000000 174.000000 -0.166422 -0.207242
312.000000 174.000000 -0.025120 -0.207242
360.000000 174.000000 0.125601 -0.207242
382.000000 174.000000 0.194682 -0.207242
405.000000 174.000000 0.266903 -0.207242
408.000000 174.000000 0.276323 -0.207242
547.000000 174.000000 0.712788 -0.207242
43.000000 175.000000 -0.869790 -0.204102
271.000000 175.000000 -0.153862 -0.204102
274.000000 175.000000 -0.144442 -0.204102
317.000000 175.000000 -0.009420 -0.204102
336.000000 175.000000 0.050241 -0.204102
41.000000 176.000000 -0.876070 -0.200962
56.000000 176.000000 -0.828970 -0.200962
278.000000 176.000000 -0.131882 -0.200962
281.000000 176.000000 -0.122461 -0.200962
322.000000 176.000000 0.006280 -0.200962
356.000000 176.000000 0.113041 -0.200962
359.000000 176.000000 0.122461 -0.200962
387.000000 176.000000 0.210382 -0.200962
389.000000 176.000000 0.216663 -0.200962
391.000000 176.000000 0.222943 -0.200962
405.000000 176.000000 0.266903 -0.200962
222.000000 177.000000 -0.307724 -0.197822
224.000000 177.000000 -0.301444 -0.197822
295.000000 177.000000 -0.078501 -0.197822
352.000000 177.000000 0.100481 -0.197822
362.000000 177.000000 0.131882 -0.197822
401.000000 177.000000 0.254343 -0.197822
410.000000 177.000000 0.282603 -0.197822
50.000000 178.000000 -0.847810 -0.194682
220.000000 178.000000 -0.314004 -0.194682
290.000000 178.000000 -0.094201 -0.194682
335.000000 178.000000 0.047101 -0.194682
414.000000 178.000000 0.295163 -0.194682
42.000000 179.000000 -0.872930 -0.191542
56.000000 179.000000 -0.828970 -0.191542
218.000000 179.000000 -0.320284 -0.191542
316.000000 179.000000 -0.012560 -0.191542
359.000000 179.000000 0.122461 -0.191542
419.000000 179.000000 0.310864 -0.191542
443.000000 179.000000 0.386225 -0.191542
52.000000 180.000000 -0.841530 -0.188402
320.000000 180.000000 -0.000000 -0.188402
323.000000 180.000000 0.009420 -0.188402
353.000000 180.000000 0.103621 -0.188402
371.000000 180.000000 0.160142 -0.188402
423.000000 180.000000 0.323424 -0.188402
58.000000 181.000000 -0.822690 -0.185262
295.000000 181.000000 -0.078501 -0.185262
325.000000 181.000000 0.015700 -0.185262
327.000000 181.000000 0.021980 -0.185262
334.000000 181.000000 0.043961 -0.185262
421.000000 181.000000 0.317144 -0.185262
517.000000 181.000000 0.618587 -0.185262
204.000000 182.000000 -0.364244 -0.182122
210.000000 182.000000 -0.345404 -0.182122
213.000000 182.000000 -0.335984 -0.182122
330.000000 182.000000 0.031400 -0.182122
332.000000 182.000000 0.037680 -0.182122
389.000000 182.000000 0.216663 -0.182122
499.000000 182.000000 0.562067 -0.182122
312.000000 183.000000 -0.025120 -0.178982
335.000000 183.000000 0.047101 -0.178982
338.000000 183.000000 0.056521 -0.178982
434.000000 183.000000 0.357964 -0.178982
436.000000 183.000000 0.364244 -0.178982
478.000000 183.000000 0.496126 -0.178982
206.000000 184.000000 -0.357964 -0.175842
342.000000 184.000000 0.069081 -0.175842
380.000000 184.000000 0.188402 -0.175842
208.000000 185.000000 -0.351684 -0.172702
322.000000 185.000000 0.006280 -0.172702
347.000000 185.000000 0.084781 -0.172702
350.000000 185.000000 0.094201 -0.172702
512.000000 185.000000 0.602887 -0.172702
281.000000 186.000000 -0.122461 -0.169562
326.000000 186.000000 0.018840 -0.169562
329.000000 186.000000 0.028260 -0.169562
362.000000 186.000000 0.131882 -0.169562
392.000000 186.000000 0.226083 -0.169562
202.000000 187.000000 -0.370524 -0.166422
284.000000 187.000000 -0.113041 -0.166422
286.000000 187.000000 -0.106761 -0.166422
333.000000 187.000000 0.040820 -0.166422
344.000000 187.000000 0.075361 -0.166422
356.000000 187.000000 0.113041 -0.166422
293.000000 188.000000 -0.084781 -0.163282
336.000000 188.000000 0.050241 -0.163282
393.000000 188.000000 0.229223 -0.163282
473.000000 188.000000 0.480426 -0.163282
527.000000 188.000000 0.649988 -0.163282
312.000000 189.000000 -0.025120 -0.160142
349.000000 189.000000 0.091061 -0.160142
364.000000 189.000000 0.138162 -0.160142
591.000000 189.000000 0.850950 -0.160142
198.000000 190.000000 -0.383085 -0.157002
293.000000 190.000000 -0.084781 -0.157002
315.000000 190.000000 -0.015700 -0.157002
318.000000 190.000000 -0.006280 -0.157002
351.000000 190.000000 0.097341 -0.157002
358.000000 190.000000 0.119321 -0.157002
594.000000 190.000000 0.860370 -0.157002
296.000000 191.000000 -0.075361 -0.153862
301.000000 191.000000 -0.059661 -0.153862
347.000000 191.000000 0.084781 -0.153862
184.000000 192.000000 -0.427045 -0.150722
195.000000 192.000000 -0.392505 -0.150722
202.000000 192.000000 -0.370524 -0.150722
216.000000 192.000000 -0.326564 -0.150722
304.000000 192.000000 -0.050241 -0.150722
342.000000 192.000000 0.069081 -0.150722
299.000000 193.000000 -0.065941 -0.147582
365.000000 193.000000 0.141302 -0.147582
302.000000 194.000000 -0.056521 -0.144442
189.000000 195.000000 -0.411345 -0.141302
197.000000 195.000000 -0.386225 -0.141302
339.000000 195.000000 0.059661 -0.141302
392.000000 196.000000 0.226083 -0.138162
186.000000 197.000000 -0.420765 -0.135022
344.000000 197.000000 0.075361 -0.135022
383.000000 197.000000 0.197822 -0.135022
463.000000 197.000000 0.449025 -0.135022
47.000000 198.000000 -0.857230 -0.131882
184.000000 198.000000 -0.427045 -0.131882
301.000000 198.000000 -0.059661 -0.131882
342.000000 198.000000 0.069081 -0.131882
347.000000 198.000000 0.084781 -0.131882
182.000000 199.000000 -0.433325 -0.128742
298.000000 199.000000 -0.069081 -0.128742
371.000000 199.000000 0.160142 -0.128742
180.000000 200.000000 -0.439605 -0.125601
302.000000 200.000000 -0.056521 -0.125601
296.000000 201.000000 -0.075361 -0.122461
350.000000 201.000000 0.094201 -0.122461
174.000000 202.000000 -0.458445 -0.119321
213.000000 202.000000 -0.335984 -0.119321
336.000000 202.000000 0.050241 -0.119321
341.000000 202.000000 0.065941 -0.119321
363.000000 202.000000 0.135022 -0.119321
334.000000 203.000000 0.043961 -0.116181
339.000000 203.000000 0.059661 -0.116181
455.000000 203.000000 0.423905 -0.116181
491.000000 203.000000 0.536946 -0.116181
509.000000 203.000000 0.593467 -0.116181
584.000000 203.000000 0.828970 -0.116181
303.000000 204.000000 -0.053381 -0.113041
362.000000 204.000000 0.131882 -0.113041
517.000000 204.000000 0.618587 -0.113041
550.000000 204.000000 0.722209 -0.113041
292.000000 205.000000 -0.087921 -0.109901
301.000000 205.000000 -0.059661 -0.109901
366.000000 205.000000 0.144442 -0.109901
445.000000 205.000000 0.392505 -0.109901
464.000000 205.000000 0.452165 -0.109901
297.000000 206.000000 -0.072221 -0.106761
451.000000 206.000000 0.411345 -0.106761
453.000000 206.000000 0.417625 -0.106761
308.000000 207.000000 -0.037680 -0.103621
362.000000 207.000000 0.131882 -0.103621
374.000000 207.000000 0.169562 -0.103621
500.000000 207.000000 0.565207 -0.103621
506.000000 207.000000 0.584047 -0.103621
281.000000 209.000000 -0.122461 -0.097341
193.000000 210.000000 -0.398785 -0.094201
303.000000 211.000000 -0.053381 -0.091061
330.000000 211.000000 0.031400 -0.091061
202.000000 212.000000 -0.370524 -0.087921
291.000000 212.000000 -0.091061 -0.087921
365.000000 212.000000 0.141302 -0.087921
286.000000 213.000000 -0.106761 -0.084781
297.000000 213.000000 -0.072221 -0.084781
334.000000 213.000000 0.043961 -0.084781
372.000000 213.000000 0.163282 -0.084781
440.000000 213.000000 0.376804 -0.084781
586.000000 213.000000 0.835250 -0.084781
282.000000 214.000000 -0.119321 -0.081641
284.000000 214.000000 -0.113041 -0.081641
292.000000 214.000000 -0.087921 -0.081641
360.000000 214.000000 0.125601 -0.081641
431.000000 214.000000 0.348544 -0.081641
454.000000 214.000000 0.420765 -0.081641
312.000000 215.000000 -0.025120 -0.078501
348.000000 215.000000 0.087921 -0.078501
377.000000 215.000000 0.178982 -0.078501
503.000000 215.000000 0.574627 -0.078501
62.000000 216.000000 -0.810130 -0.075361
64.000000 216.000000 -0.803850 -0.075361
241.000000 216.000000 -0.248063 -0.075361
359.000000 216.000000 0.122461 -0.075361
452.000000 216.000000 0.414485 -0.075361
53.000000 217.000000 -0.838390 -0.072221
296.000000 217.000000 -0.075361 -0.072221
305.000000 217.000000 -0.047101 -0.072221
505.000000 217.000000 0.580907 -0.072221
66.000000 218.000000 -0.797569 -0.069081
130.000000 218.000000 -0.596607 -0.069081
348.000000 218.000000 0.087921 -0.069081
399.000000 218.000000 0.248063 -0.069081
58.000000 219.000000 -0.822690 -0.065941
92.000000 219.000000 -0.715928 -0.065941
110.000000 219.000000 -0.659408 -0.065941
368.000000 220.000000 0.150722 -0.062801
386.000000 220.000000 0.207242 -0.062801
316.000000 221.000000 -0.012560 -0.059661
377.000000 221.000000 0.178982 -0.059661
76.000000 222.000000 -0.766169 -0.056521
127.000000 222.000000 -0.606027 -0.056521
272.000000 222.000000 -0.150722 -0.056521
322.000000 222.000000 0.006280 -0.056521
346.000000 222.000000 0.081641 -0.056521
124.000000 223.000000 -0.615447 -0.053381
194.000000 223.000000 -0.395645 -0.053381
367.000000 223.000000 0.147582 -0.053381
627.000000 223.000000 0.963991 -0.053381
89.000000 224.000000 -0.725349 -0.050241
176.000000 224.000000 -0.452165 -0.050241
105.000000 225.000000 -0.675108 -0.047101
110.000000 225.000000 -0.659408 -0.047101
168.000000 225.000000 -0.477286 -0.047101
174.000000 225.000000 -0.458445 -0.047101
308.000000 225.000000 -0.037680 -0.047101
348.000000 225.000000 0.087921 -0.047101
358.000000 225.000000 0.119321 -0.047101
172.000000 226.000000 -0.464725 -0.043961
354.000000 226.000000 0.106761 -0.043961
365.000000 226.000000 0.141302 -0.043961
113.000000 227.000000 -0.649988 -0.040820
189.000000 227.000000 -0.411345 -0.040820
292.000000 227.000000 -0.087921 -0.040820
317.000000 227.000000 -0.009420 -0.040820
504.000000 227.000000 0.577767 -0.040820
165.000000 228.000000 -0.486706 -0.037680
167.000000 228.000000 -0.480426 -0.037680
289.000000 228.000000 -0.097341 -0.037680
376.000000 228.000000 0.175842 -0.037680
458.000000 228.000000 0.433325 -0.037680
556.000000 228.000000 0.741049 -0.037680
601.000000 228.000000 0.882350 -0.037680
607.000000 228.000000 0.901191 -0.037680
141.000000 229.000000 -0.562067 -0.034540
347.000000 229.000000 0.084781 -0.034540
357.000000 229.000000 0.116181 -0.034540
364.000000 229.000000 0.138162 -0.034540
378.000000 229.000000 0.182122 -0.034540
50.000000 230.000000 -0.847810 -0.031400
130.000000 230.000000 -0.596607 -0.031400
134.000000 230.000000 -0.584047 -0.031400
190.000000 230.000000 -0.408205 -0.031400
344.000000 230.000000 0.075361 -0.031400
367.000000 230.000000 0.147582 -0.031400
261.000000 232.000000 -0.185262 -0.025120
348.000000 232.000000 0.087921 -0.025120
417.000000 232.000000 0.304584 -0.025120
120.000000 233.000000 -0.628007 -0.021980
122.000000 233.000000 -0.621727 -0.021980
179.000000 233.000000 -0.442745 -0.021980
182.000000 233.000000 -0.433325 -0.021980
293.000000 233.000000 -0.084781 -0.021980
352.000000 234.000000 0.100481 -0.018840
167.000000 235.000000 -0.480426 -0.015700
372.000000 235.000000 0.163282 -0.015700
484.000000 235.000000 0.514966 -0.015700
496.000000 235.000000 0.552647 -0.015700
507.000000 235.000000 0.587187 -0.015700
110.000000 236.000000 -0.659408 -0.012560
138.000000 236.000000 -0.571487 -0.012560
142.000000 236.000000 -0.558927 -0.012560
154.000000 236.000000 -0.521246 -0.012560
347.000000 236.000000 0.084781 -0.012560
149.000000 237.000000 -0.536946 -0.009420
293.000000 237.000000 -0.084781 -0.009420
350.000000 237.000000 0.094201 -0.009420
364.000000 237.000000 0.138162 -0.009420
159.000000 238.000000 -0.505546 -0.006280
172.000000 238.000000 -0.464725 -0.006280
182.000000 238.000000 -0.433325 -0.006280
319.000000 238.000000 -0.003140 -0.006280
381.000000 238.000000 0.191542 -0.006280
383.000000 238.000000 0.197822 -0.006280
197.000000 239.000000 -0.386225 -0.003140
321.000000 239.000000 0.003140 -0.003140
440.000000 239.000000 0.376804 -0.003140
490.000000 239.000000 0.533806 -0.003140
150.000000 240.000000 -0.533806 0.000000
209.000000 240.000000 -0.348544 0.000000
270.000000 240.000000 -0.157002 0.000000
356.000000 240.000000 0.113041 0.000000
358.000000 240.000000 0.119321 0.000000
377.000000 240.000000 0.178982 0.000000
380.000000 240.000000 0.188402 0.000000
232.000000 241.000000 -0.276323 0.003140
309.000000 241.000000 -0.034540 0.003140
330.000000 241.000000 0.031400 0.003140
382.000000 241.000000 0.194682 0.003140
623.000000 241.000000 0.951431 0.003140
222.000000 242.000000 -0.307724 0.006280
276.000000 242.000000 -0.138162 0.006280
150.000000 243.000000 -0.533806 0.009420
375.000000 243.000000 0.172702 0.009420
117.000000 244.000000 -0.637428 0.012560
227.000000 244.000000 -0.292023 0.012560
292.000000 244.000000 -0.087921 0.012560
295.000000 244.000000 -0.078501 0.012560
477.000000 244.000000 0.492986 0.012560
76.000000 245.000000 -0.766169 0.015700
132.000000 245.000000 -0.590327 0.015700
140.000000 245.000000 -0.565207 0.015700
162.000000 245.000000 -0.496126 0.015700
238.000000 245.000000 -0.257483 0.015700
255.000000 245.000000 -0.204102 0.015700
359.000000 245.000000 0.122461 0.015700
363.000000 245.000000 0.135022 0.015700
138.000000 246.000000 -0.571487 0.018840
165.000000 246.000000 -0.486706 0.018840
265.000000 246.000000 -0.172702 0.018840
374.000000 246.000000 0.169562 0.018840
39.000000 247.000000 -0.882350 0.021980
291.000000 247.000000 -0.091061 0.021980
381.000000 247.000000 0.191542 0.021980
16.000000 248.000000 -0.954571 0.025120
161.000000 248.000000 -0.499266 0.025120
296.000000 248.000000 -0.075361 0.025120
9.000000 249.000000 -0.976552 0.028260
31.000000 249.000000 -0.907471 0.028260
40.000000 249.000000 -0.879210 0.028260
116.000000 249.000000 -0.640568 0.028260
306.000000 249.000000 -0.043961 0.028260
89.000000 250.000000 -0.725349 0.031400
248.000000 250.000000 -0.226083 0.031400
258.000000 250.000000 -0.194682 0.031400
296.000000 250.000000 -0.075361 0.031400
362.000000 250.000000 0.131882 0.031400
442.000000 250.000000 0.383085 0.031400
7.000000 251.000000 -0.982832 0.034540
9.000000 251.000000 -0.976552 0.034540
72.000000 251.000000 -0.778729 0.034540
92.000000 251.000000 -0.715928 0.034540
109.000000 251.000000 -0.662548 0.034540
111.000000 251.000000 -0.656268 0.034540
156.000000 251.000000 -0.514966 0.034540
185.000000 251.000000 -0.423905 0.034540
288.000000 251.000000 -0.100481 0.034540
433.000000 251.000000 0.354824 0.034540
39.000000 252.000000 -0.882350 0.037680
43.000000 252.000000 -0.869790 0.037680
252.000000 252.000000 -0.213523 0.037680
297.000000 252.000000 -0.072221 0.037680
7.000000 253.000000 -0.982832 0.040820
9.000000 253.000000 -0.976552 0.040820
108.000000 253.000000 -0.665688 0.040820
181.000000 253.000000 -0.436465 0.040820
293.000000 253.000000 -0.084781 0.040820
313.000000 253.000000 -0.021980 0.040820
3.000000 254.000000 -0.995392 0.043961
148.000000 254.000000 -0.540086 0.043961
240.000000 254.000000 -0.251203 0.043961
303.000000 254.000000 -0.053381 0.043961
363.000000 254.000000 0.135022 0.043961
410.000000 254.000000 0.282603 0.043961
460.000000 254.000000 0.439605 0.043961
623.000000 254.000000 0.951431 0.043961
24.000000 255.000000 -0.929451 0.047101
26.000000 255.000000 -0.923171 0.047101
117.000000 255.000000 -0.637428 0.047101
306.000000 255.000000 -0.043961 0.047101
444.000000 255.000000 0.389365 0.047101
7.000000 256.000000 -0.982832 0.050241
15.000000 256.000000 -0.957711 0.050241
18.000000 256.000000 -0.948291 0.050241
44.000000 256.000000 -0.866650 0.050241
50.000000 256.000000 -0.847810 0.050241
91.000000 256.000000 -0.719069 0.050241
102.000000 256.000000 -0.684528 0.050241
109.000000 256.000000 -0.662548 0.050241
119.000000 256.000000 -0.631147 0.050241
131.000000 256.000000 -0.593467 0.050241
162.000000 256.000000 -0.496126 0.050241
164.000000 256.000000 -0.489846 0.050241
374.000000 256.000000 0.169562 0.050241
377.000000 256.000000 0.178982 0.050241
136.000000 257.000000 -0.577767 0.053381
168.000000 257.000000 -0.477286 0.053381
259.000000 257.000000 -0.191542 0.053381
306.000000 257.000000 -0.043961 0.053381
22.000000 258.000000 -0.935731 0.056521
25.000000 258.000000 -0.926311 0.056521
31.000000 258.000000 -0.907471 0.056521
49.000000 258.000000 -0.850950 0.056521
254.000000 258.000000 -0.207242 0.056521
6.000000 259.000000 -0.985972 0.059661
14.000000 259.000000 -0.960851 0.059661
90.000000 259.000000 -0.722209 0.059661
105.000000 259.000000 -0.675108 0.059661
113.000000 259.000000 -0.649988 0.059661
120.000000 259.000000 -0.628007 0.059661
129.000000 259.000000 -0.599747 0.059661
249.000000 259.000000 -0.222943 0.059661
342.000000 259.000000 0.069081 0.059661
440.000000 259.000000 0.376804 0.059661
25.000000 260.000000 -0.926311 0.062801
77.000000 260.000000 -0.763029 0.062801
86.000000 260.000000 -0.734769 0.062801
257.000000 260.000000 -0.197822 0.062801
298.000000 260.000000 -0.069081 0.062801
378.000000 260.000000 0.182122 0.062801
4.000000 261.000000 -0.992252 0.065941
14.000000 261.000000 -0.960851 0.065941
99.000000 261.000000 -0.693948 0.065941
105.000000 261.000000 -0.675108 0.065941
124.000000 261.000000 -0.615447 0.065941
152.000000 261.000000 -0.527526 0.065941
313.000000 261.000000 -0.021980 0.065941
376.000000 261.000000 0.175842 0.065941
89.000000 262.000000 -0.725349 0.069081
114.000000 262.000000 -0.646848 0.069081
120.000000 262.000000 -0.628007 0.069081
122.000000 262.000000 -0.621727 0.069081
260.000000 262.000000 -0.188402 0.069081
11.000000 263.000000 -0.970271 0.072221
18.000000 263.000000 -0.948291 0.072221
30.000000 263.000000 -0.910611 0.072221
38.000000 263.000000 -0.885490 0.072221
103.000000 263.000000 -0.681388 0.072221
35.000000 264.000000 -0.894911 0.075361
44.000000 264.000000 -0.866650 0.075361
95.000000 264.000000 -0.706508 0.075361
112.000000 264.000000 -0.653128 0.075361
130.000000 264.000000 -0.596607 0.075361
132.000000 264.000000 -0.590327 0.075361
149.000000 264.000000 -0.536946 0.075361
295.000000 264.000000 -0.078501 0.075361
298.000000 264.000000 -0.069081 0.075361
19.000000 265.000000 -0.945151 0.078501
33.000000 265.000000 -0.901191 0.078501
54.000000 265.000000 -0.835250 0.078501
65.000000 265.000000 -0.800709 0.078501
383.000000 265.000000 0.197822 0.078501
21.000000 266.000000 -0.938871 0.081641
39.000000 266.000000 -0.882350 0.081641
41.000000 266.000000 -0.876070 0.081641
102.000000 266.000000 -0.684528 0.081641
146.000000 266.000000 -0.546366 0.081641
10.000000 267.000000 -0.973412 0.084781
14.000000 267.000000 -0.960851 0.084781
34.000000 267.000000 -0.898051 0.084781
122.000000 267.000000 -0.621727 0.084781
127.000000 267.000000 -0.606027 0.084781
6.000000 268.000000 -0.985972 0.087921
16.000000 268.000000 -0.954571 0.087921
28.000000 268.000000 -0.916891 0.087921
299.000000 268.000000 -0.065941 0.087921
315.000000 268.000000 -0.015700 0.087921
395.000000 268.000000 0.235503 0.087921
587.000000 268.000000 0.838390 0.087921
13.000000 269.000000 -0.963991 0.091061
34.000000 269.000000 -0.898051 0.091061
109.000000 269.000000 -0.662548 0.091061
266.000000 269.000000 -0.169562 0.091061
295.000000 269.000000 -0.078501 0.091061
400.000000 269.000000 0.251203 0.091061
582.000000 269.000000 0.822690 0.091061
10.000000 270.000000 -0.973412 0.094201
22.000000 270.000000 -0.935731 0.094201
194.000000 270.000000 -0.395645 0.094201
325.000000 270.000000 0.015700 0.094201
454.000000 270.000000 0.420765 0.094201
477.000000 270.000000 0.492986 0.094201
3.000000 271.000000 -0.995392 0.097341
49.000000 271.000000 -0.850950 0.097341
297.000000 271.000000 -0.072221 0.097341
5.000000 272.000000 -0.989112 0.100481
191.000000 272.000000 -0.405065 0.100481
391.000000 272.000000 0.222943 0.100481
596.000000 272.000000 0.866650 0.100481
61.000000 273.000000 -0.813270 0.103621
5.000000 274.000000 -0.989112 0.106761
195.000000 274.000000 -0.392505 0.106761
23.000000 275.000000 -0.932591 0.109901
33.000000 275.000000 -0.901191 0.109901
105.000000 275.000000 -0.675108 0.109901
8.000000 276.000000 -0.979692 0.113041
18.000000 276.000000 -0.948291 0.113041
424.000000 276.000000 0.326564 0.113041
440.000000 276.000000 0.376804 0.113041
15.000000 277.000000 -0.957711 0.116181
20.000000 277.000000 -0.942011 0.116181
24.000000 277.000000 -0.929451 0.116181
140.000000 277.000000 -0.565207 0.116181
261.000000 277.000000 -0.185262 0.116181
292.000000 277.000000 -0.087921 0.116181
294.000000 277.000000 -0.081641 0.116181
301.000000 277.000000 -0.059661 0.116181
449.000000 277.000000 0.405065 0.116181
541.000000 277.000000 0.693948 0.116181
42.000000 278.000000 -0.872930 0.119321
97.000000 278.000000 -0.700228 0.119321
130.000000 278.000000 -0.596607 0.119321
444.000000 278.000000 0.389365 0.119321
457.000000 278.000000 0.430185 0.119321
463.000000 278.000000 0.449025 0.119321
7.000000 279.000000 -0.982832 0.122461
10.000000 279.000000 -0.973412 0.122461
50.000000 279.000000 -0.847810 0.122461
52.000000 279.000000 -0.841530 0.122461
57.000000 279.000000 -0.825830 0.122461
204.000000 279.000000 -0.364244 0.122461
295.000000 279.000000 -0.078501 0.122461
300.000000 279.000000 -0.062801 0.122461
322.000000 279.000000 0.006280 0.122461
389.000000 279.000000 0.216663 0.122461
582.000000 279.000000 0.822690 0.122461
40.000000 280.000000 -0.879210 0.125601
44.000000 280.000000 -0.866650 0.125601
124.000000 280.000000 -0.615447 0.125601
251.000000 280.000000 -0.216663 0.125601
32.000000 281.000000 -0.904331 0.128742
49.000000 281.000000 -0.850950 0.128742
290.000000 281.000000 -0.094201 0.128742
299.000000 281.000000 -0.065941 0.128742
114.000000 282.000000 -0.646848 0.131882
259.000000 282.000000 -0.191542 0.131882
410.000000 282.000000 0.282603 0.131882
452.000000 282.000000 0.414485 0.131882
42.000000 283.000000 -0.872930 0.135022
200.000000 283.000000 -0.376804 0.135022
211.000000 283.000000 -0.342264 0.135022
274.000000 283.000000 -0.144442 0.135022
21.000000 284.000000 -0.938871 0.138162
32.000000 284.000000 -0.904331 0.138162
213.000000 284.000000 -0.335984 0.138162
277.000000 284.000000 -0.135022 0.138162
284.000000 284.000000 -0.113041 0.138162
373.000000 284.000000 0.166422 0.138162
530.000000 284.000000 0.659408 0.138162
6.000000 285.000000 -0.985972 0.141302
129.000000 285.000000 -0.599747 0.141302
215.000000 285.000000 -0.329704 0.141302
262.000000 285.000000 -0.182122 0.141302
433.000000 285.000000 0.354824 0.141302
486.000000 285.000000 0.521246 0.141302
4.000000 286.000000 -0.992252 0.144442
36.000000 286.000000 -0.891771 0.144442
82.000000 286.000000 -0.747329 0.144442
133.000000 286.000000 -0.587187 0.144442
218.000000 286.000000 -0.320284 0.144442
238.000000 286.000000 -0.257483 0.144442
243.000000 286.000000 -0.241783 0.144442
322.000000 286.000000 0.006280 0.144442
23.000000 287.000000 -0.932591 0.147582
268.000000 287.000000 -0.163282 0.147582
576.000000 287.000000 0.803850 0.147582
134.000000 288.000000 -0.584047 0.150722
171.000000 288.000000 -0.467866 0.150722
230.000000 288.000000 -0.282603 0.150722
33.000000 289.000000 -0.901191 0.153862
88.000000 289.000000 -0.728489 0.153862
268.000000 289.000000 -0.163282 0.153862
481.000000 289.000000 0.505546 0.153862
506.000000 289.000000 0.584047 0.153862
91.000000 290.000000 -0.719069 0.157002
118.000000 290.000000 -0.634288 0.157002
185.000000 290.000000 -0.423905 0.157002
228.000000 290.000000 -0.288883 0.157002
239.000000 290.000000 -0.254343 0.157002
243.000000 290.000000 -0.241783 0.157002
348.000000 290.000000 0.087921 0.157002
434.000000 290.000000 0.357964 0.157002
449.000000 290.000000 0.405065 0.157002
73.000000 291.000000 -0.775589 0.160142
101.000000 291.000000 -0.687668 0.160142
128.000000 291.000000 -0.602887 0.160142
487.000000 291.000000 0.524386 0.160142
34.000000 292.000000 -0.898051 0.163282
89.000000 292.000000 -0.725349 0.163282
109.000000 292.000000 -0.662548 0.163282
136.000000 292.000000 -0.577767 0.163282
154.000000 292.000000 -0.521246 0.163282
234.000000 292.000000 -0.270043 0.163282
224.000000 293.000000 -0.301444 0.166422
305.000000 293.000000 -0.047101 0.166422
469.000000 293.000000 0.467866 0.166422
621.000000 293.000000 0.945151 0.166422
258.000000 294.000000 -0.194682 0.169562
330.000000 294.000000 0.031400 0.169562
355.000000 294.000000 0.109901 0.169562
74.000000 295.000000 -0.772449 0.172702
219.000000 295.000000 -0.317144 0.172702
249.000000 295.000000 -0.222943 0.172702
253.000000 295.000000 -0.210382 0.172702
283.000000 295.000000 -0.116181 0.172702
332.000000 295.000000 0.037680 0.172702
463.000000 295.000000 0.449025 0.172702
478.000000 295.000000 0.496126 0.172702
57.000000 296.000000 -0.825830 0.175842
79.000000 296.000000 -0.756749 0.175842
94.000000 296.000000 -0.709648 0.175842
208.000000 296.000000 -0.351684 0.175842
225.000000 296.000000 -0.298304 0.175842
261.000000 296.000000 -0.185262 0.175842
301.000000 296.000000 -0.059661 0.175842
407.000000 296.000000 0.273183 0.175842
444.000000 296.000000 0.389365 0.175842
500.000000 296.000000 0.565207 0.175842
180.000000 297.000000 -0.439605 0.178982
210.000000 297.000000 -0.345404 0.178982
240.000000 297.000000 -0.251203 0.178982
244.000000 297.000000 -0.238643 0.178982
434.000000 297.000000 0.357964 0.178982
14.000000 298.000000 -0.960851 0.182122
22.000000 298.000000 -0.935731 0.182122
24.000000 298.000000 -0.929451 0.182122
136.000000 298.000000 -0.577767 0.182122
233.000000 298.000000 -0.273183 0.182122
247.000000 298.000000 -0.229223 0.182122
333.000000 298.000000 0.040820 0.182122
344.000000 298.000000 0.075361 0.182122
445.000000 298.000000 0.392505 0.182122
473.000000 298.000000 0.480426 0.182122
34.000000 299.000000 -0.898051 0.185262
87.000000 299.000000 -0.731629 0.185262
249.000000 299.000000 -0.222943 0.185262
251.000000 299.000000 -0.216663 0.185262
469.000000 299.000000 0.467866 0.185262
92.000000 300.000000 -0.715928 0.188402
212.000000 300.000000 -0.339124 0.188402
218.000000 300.000000 -0.320284 0.188402
257.000000 300.000000 -0.197822 0.188402
297.000000 300.000000 -0.072221 0.188402
327.000000 300.000000 0.021980 0.188402
396.000000 300.000000 0.238643 0.188402
12.000000 301.000000 -0.967131 0.191542
48.000000 301.000000 -0.854090 0.191542
70.000000 301.000000 -0.785009 0.191542
73.000000 301.000000 -0.775589 0.191542
221.000000 301.000000 -0.310864 0.191542
387.000000 301.000000 0.210382 0.191542
407.000000 301.000000 0.273183 0.191542
478.000000 301.000000 0.496126 0.191542
90.000000 302.000000 -0.722209 0.194682
170.000000 302.000000 -0.471006 0.194682
214.000000 302.000000 -0.332844 0.194682
232.000000 302.000000 -0.276323 0.194682
254.000000 302.000000 -0.207242 0.194682
297.000000 302.000000 -0.072221 0.194682
523.000000 302.000000 0.637428 0.194682
7.000000 303.000000 -0.982832 0.197822
61.000000 303.000000 -0.813270 0.197822
124.000000 303.000000 -0.615447 0.197822
441.000000 303.000000 0.379945 0.197822
458.000000 303.000000 0.433325 0.197822
460.000000 303.000000 0.439605 0.197822
468.000000 303.000000 0.464725 0.197822
512.000000 303.000000 0.602887 0.197822
13.000000 304.000000 -0.963991 0.200962
79.000000 304.000000 -0.756749 0.200962
127.000000 304.000000 -0.606027 0.200962
170.000000 304.000000 -0.471006 0.200962
191.000000 304.000000 -0.405065 0.200962
314.000000 304.000000 -0.018840 0.200962
496.000000 304.000000 0.552647 0.200962
70.000000 305.000000 -0.785009 0.204102
277.000000 305.000000 -0.135022 0.204102
294.000000 305.000000 -0.081641 0.204102
306.000000 305.000000 -0.043961 0.204102
392.000000 305.000000 0.226083 0.204102
454.000000 305.000000 0.420765 0.204102
475.000000 305.000000 0.486706 0.204102
3.000000 306.000000 -0.995392 0.207242
118.000000 306.000000 -0.634288 0.207242
282.000000 306.000000 -0.119321 0.207242
448.000000 306.000000 0.401925 0.207242
482.000000 306.000000 0.508686 0.207242
28.000000 307.000000 -0.916891 0.210382
35.000000 307.000000 -0.894911 0.210382
111.000000 307.000000 -0.656268 0.210382
177.000000 307.000000 -0.449025 0.210382
257.000000 307.000000 -0.197822 0.210382
277.000000 307.000000 -0.135022 0.210382
416.000000 307.000000 0.301444 0.210382
455.000000 307.000000 0.423905 0.210382
480.000000 307.000000 0.502406 0.210382
75.000000 308.000000 -0.769309 0.213523
104.000000 308.000000 -0.678248 0.213523
131.000000 308.000000 -0.593467 0.213523
264.000000 308.000000 -0.175842 0.213523
306.000000 308.000000 -0.043961 0.213523
323.000000 308.000000 0.009420 0.213523
326.000000 308.000000 0.018840 0.213523
472.000000 308.000000 0.477286 0.213523
7.000000 309.000000 -0.982832 0.216663
134.000000 309.000000 -0.584047 0.216663
136.000000 309.000000 -0.577767 0.216663
141.000000 309.000000 -0.562067 0.216663
254.000000 309.000000 -0.207242 0.216663
358.000000 309.000000 0.119321 0.216663
398.000000 309.000000 0.244923 0.216663
465.000000 309.000000 0.455305 0.216663
527.000000 309.000000 0.649988 0.216663
123.000000 310.000000 -0.618587 0.219803
177.000000 310.000000 -0.449025 0.219803
303.000000 310.000000 -0.053381 0.219803
305.000000 310.000000 -0.047101 0.219803
479.000000 310.000000 0.499266 0.219803
76.000000 311.000000 -0.766169 0.222943
154.000000 311.000000 -0.521246 0.222943
321.000000 311.000000 0.003140 0.222943
467.000000 311.000000 0.461585 0.222943
476.000000 311.000000 0.489846 0.222943
95.000000 312.000000 -0.706508 0.226083
214.000000 312.000000 -0.332844 0.226083
449.000000 312.000000 0.405065 0.226083
459.000000 312.000000 0.436465 0.226083
199.000000 313.000000 -0.379945 0.229223
307.000000 313.000000 -0.040820 0.229223
331.000000 313.000000 0.034540 0.229223
94.000000 314.000000 -0.709648 0.232363
238.000000 314.000000 -0.257483 0.232363
328.000000 314.000000 0.025120 0.232363
382.000000 314.000000 0.194682 0.232363
599.000000 314.000000 0.876070 0.232363
223.000000 315.000000 -0.304584 0.235503
396.000000 315.000000 0.238643 0.235503
406.000000 315.000000 0.270043 0.235503
120.000000 316.000000 -0.628007 0.238643
126.000000 316.000000 -0.609167 0.238643
144.000000 316.000000 -0.552647 0.238643
149.000000 316.000000 -0.536946 0.238643
209.000000 316.000000 -0.348544 0.238643
261.000000 316.000000 -0.185262 0.238643
449.000000 316.000000 0.405065 0.238643
117.000000 317.000000 -0.637428 0.241783
228.000000 317.000000 -0.288883 0.241783
263.000000 317.000000 -0.178982 0.241783
286.000000 317.000000 -0.106761 0.241783
307.000000 317.000000 -0.040820 0.241783
389.000000 317.000000 0.216663 0.241783
459.000000 317.000000 0.436465 0.241783
483.000000 317.000000 0.511826 0.241783
248.000000 318.000000 -0.226083 0.244923
398.000000 318.000000 0.244923 0.244923
448.000000 318.000000 0.401925 0.244923
486.000000 318.000000 0.521246 0.244923
346.000000 319.000000 0.081641 0.248063
384.000000 319.000000 0.200962 0.248063
465.000000 319.000000 0.455305 0.248063
488.000000 319.000000 0.527526 0.248063
255.000000 320.000000 -0.204102 0.251203
336.000000 320.000000 0.050241 0.251203
287.000000 321.000000 -0.103621 0.254343
450.000000 321.000000 0.408205 0.254343
482.000000 321.000000 0.508686 0.254343
33.000000 322.000000 -0.901191 0.257483
82.000000 322.000000 -0.747329 0.257483
174.000000 322.000000 -0.458445 0.257483
6.000000 323.000000 -0.985972 0.260623
178.000000 323.000000 -0.445885 0.260623
247.000000 323.000000 -0.229223 0.260623
79.000000 324.000000 -0.756749 0.263763
105.000000 324.000000 -0.675108 0.263763
120.000000 324.000000 -0.628007 0.263763
153.000000 324.000000 -0.524386 0.263763
294.000000 324.000000 -0.081641 0.263763
299.000000 324.000000 -0.065941 0.263763
471.000000 324.000000 0.474146 0.263763
372.000000 325.000000 0.163282 0.266903
405.000000 325.000000 0.266903 0.266903
84.000000 326.000000 -0.741049 0.270043
117.000000 326.000000 -0.637428 0.270043
248.000000 326.000000 -0.226083 0.270043
314.000000 326.000000 -0.018840 0.270043
349.000000 326.000000 0.091061 0.270043
411.000000 326.000000 0.285743 0.270043
418.000000 326.000000 0.307724 0.270043
556.000000 326.000000 0.741049 0.270043
581.000000 326.000000 0.819550 0.270043
125.000000 327.000000 -0.612307 0.273183
223.000000 327.000000 -0.304584 0.273183
257.000000 327.000000 -0.197822 0.273183
329.000000 327.000000 0.028260 0.273183
404.000000 327.000000 0.263763 0.273183
158.000000 328.000000 -0.508686 0.276323
242.000000 328.000000 -0.244923 0.276323
90.000000 329.000000 -0.722209 0.279463
382.000000 329.000000 0.194682 0.279463
505.000000 329.000000 0.580907 0.279463
174.000000 330.000000 -0.458445 0.282603
267.000000 330.000000 -0.166422 0.282603
144.000000 331.000000 -0.552647 0.285743
275.000000 331.000000 -0.141302 0.285743
363.000000 331.000000 0.135022 0.285743
177.000000 332.000000 -0.449025 0.288883
181.000000 332.000000 -0.436465 0.288883
251.000000 332.000000 -0.216663 0.288883
334.000000 332.000000 0.043961 0.288883
450.000000 332.000000 0.408205 0.288883
215.000000 333.000000 -0.329704 0.292023
212.000000 334.000000 -0.339124 0.295163
371.000000 334.000000 0.160142 0.295163
451.000000 334.000000 0.411345 0.295163
164.000000 335.000000 -0.489846 0.298304
252.000000 335.000000 -0.213523 0.298304
201.000000 336.000000 -0.373664 0.301444
487.000000 336.000000 0.524386 0.301444
76.000000 337.000000 -0.766169 0.304584
148.000000 337.000000 -0.540086 0.304584
154.000000 337.000000 -0.521246 0.304584
157.000000 337.000000 -0.511826 0.304584
173.000000 337.000000 -0.461585 0.304584
203.000000 337.000000 -0.367384 0.304584
442.000000 337.000000 0.383085 0.304584
11.000000 338.000000 -0.970271 0.307724
310.000000 338.000000 -0.031400 0.307724
152.000000 339.000000 -0.527526 0.310864
356.000000 339.000000 0.113041 0.310864
387.000000 339.000000 0.210382 0.310864
149.000000 340.000000 -0.536946 0.314004
479.000000 340.000000 0.499266 0.314004
59.000000 341.000000 -0.819550 0.317144
288.000000 341.000000 -0.100481 0.317144
327.000000 341.000000 0.021980 0.317144
169.000000 342.000000 -0.474146 0.320284
290.000000 342.000000 -0.094201 0.320284
380.000000 342.000000 0.188402 0.320284
405.000000 342.000000 0.266903 0.320284
491.000000 342.000000 0.536946 0.320284
324.000000 343.000000 0.012560 0.323424
81.000000 344.000000 -0.750469 0.326564
98.000000 344.000000 -0.697088 0.326564
178.000000 344.000000 -0.445885 0.326564
362.000000 344.000000 0.131882 0.326564
85.000000 345.000000 -0.737909 0.329704
133.000000 345.000000 -0.587187 0.329704
216.000000 345.000000 -0.326564 0.329704
374.000000 345.000000 0.169562 0.329704
145.000000 346.000000 -0.549506 0.332844
151.000000 346.000000 -0.530666 0.332844
173.000000 346.000000 -0.461585 0.332844
177.000000 346.000000 -0.449025 0.332844
458.000000 346.000000 0.433325 0.332844
111.000000 347.000000 -0.656268 0.335984
201.000000 347.000000 -0.373664 0.335984
300.000000 347.000000 -0.062801 0.335984
326.000000 347.000000 0.018840 0.335984
329.000000 347.000000 0.028260 0.335984
387.000000 347.000000 0.210382 0.335984
537.000000 347.000000 0.681388 0.335984
43.000000 348.000000 -0.869790 0.339124
87.000000 348.000000 -0.731629 0.339124
103.000000 348.000000 -0.681388 0.339124
404.000000 348.000000 0.263763 0.339124
413.000000 348.000000 0.292023 0.339124
481.000000 348.000000 0.505546 0.339124
22.000000 349.000000 -0.935731 0.342264
148.000000 349.000000 -0.540086 0.342264
304.000000 349.000000 -0.050241 0.342264
397.000000 349.000000 0.241783 0.342264
84.000000 350.000000 -0.741049 0.345404
139.000000 350.000000 -0.568347 0.345404
174.000000 350.000000 -0.458445 0.345404
215.000000 350.000000 -0.329704 0.345404
243.000000 350.000000 -0.241783 0.345404
296.000000 350.000000 -0.075361 0.345404
299.000000 350.000000 -0.065941 0.345404
405.000000 350.000000 0.266903 0.345404
450.000000 350.000000 0.408205 0.345404
526.000000 350.000000 0.646848 0.345404
18.000000 351.000000 -0.948291 0.348544
151.000000 351.000000 -0.530666 0.348544
164.000000 351.000000 -0.489846 0.348544
184.000000 351.000000 -0.427045 0.348544
207.000000 351.000000 -0.354824 0.348544
293.000000 351.000000 -0.084781 0.348544
329.000000 351.000000 0.028260 0.348544
582.000000 351.000000 0.822690 0.348544
30.000000 352.000000 -0.910611 0.351684
54.000000 352.000000 -0.835250 0.351684
98.000000 352.000000 -0.697088 0.351684
49.000000 353.000000 -0.850950 0.354824
137.000000 353.000000 -0.574627 0.354824
157.000000 353.000000 -0.511826 0.354824
165.000000 353.000000 -0.486706 0.354824
225.000000 353.000000 -0.298304 0.354824
228.000000 353.000000 -0.288883 0.354824
233.000000 353.000000 -0.273183 0.354824
235.000000 353.000000 -0.266903 0.354824
330.000000 353.000000 0.031400 0.354824
410.000000 353.000000 0.282603 0.354824
519.000000 353.000000 0.624867 0.354824
530.000000 353.000000 0.659408 0.354824
614.000000 353.000000 0.923171 0.354824
111.000000 354.000000 -0.656268 0.357964
198.000000 354.000000 -0.383085 0.357964
207.000000 354.000000 -0.354824 0.357964
221.000000 354.000000 -0.310864 0.357964
252.000000 354.000000 -0.213523 0.357964
255.000000 354.000000 -0.204102 0.357964
257.000000 354.000000 -0.197822 0.357964
455.000000 354.000000 0.423905 0.357964
633.000000 354.000000 0.982832 0.357964
13.000000 355.000000 -0.963991 0.361104
54.000000 355.000000 -0.835250 0.361104
140.000000 355.000000 -0.565207 0.361104
223.000000 355.000000 -0.304584 0.361104
226.000000 355.000000 -0.295163 0.361104
279.000000 355.000000 -0.128742 0.361104
38.000000 356.000000 -0.885490 0.364244
101.000000 356.000000 -0.687668 0.364244
111.000000 356.000000 -0.656268 0.364244
114.000000 356.000000 -0.646848 0.364244
125.000000 356.000000 -0.612307 0.364244
311.000000 356.000000 -0.028260 0.364244
564.000000 356.000000 0.766169 0.364244
98.000000 357.000000 -0.697088 0.367384
118.000000 357.000000 -0.634288 0.367384
122.000000 357.000000 -0.621727 0.367384
130.000000 357.000000 -0.596607 0.367384
170.000000 357.000000 -0.471006 0.367384
173.000000 357.000000 -0.461585 0.367384
242.000000 357.000000 -0.244923 0.367384
397.000000 357.000000 0.241783 0.367384
450.000000 357.000000 0.408205 0.367384
521.000000 357.000000 0.631147 0.367384
31.000000 358.000000 -0.907471 0.370524
111.000000 358.000000 -0.656268 0.370524
115.000000 358.000000 -0.643708 0.370524
218.000000 358.000000 -0.320284 0.370524
417.000000 358.000000 0.304584 0.370524
481.000000 358.000000 0.505546 0.370524
573.000000 358.000000 0.794429 0.370524
6.000000 359.000000 -0.985972 0.373664
61.000000 359.000000 -0.813270 0.373664
143.000000 359.000000 -0.555787 0.373664
183.000000 359.000000 -0.430185 0.373664
286.000000 359.000000 -0.106761 0.373664
117.000000 361.000000 -0.637428 0.379945
151.000000 361.000000 -0.530666 0.379945
191.000000 361.000000 -0.405065 0.379945
232.000000 361.000000 -0.276323 0.379945
317.000000 361.000000 -0.009420 0.379945
333.000000 361.000000 0.040820 0.379945
395.000000 361.000000 0.235503 0.379945
7.000000 362.000000 -0.982832 0.383085
38.000000 362.000000 -0.885490 0.383085
74.000000 362.000000 -0.772449 0.383085
108.000000 362.000000 -0.665688 0.383085
322.000000 362.000000 0.006280 0.383085
439.000000 362.000000 0.373664 0.383085
50.000000 363.000000 -0.847810 0.386225
89.000000 363.000000 -0.725349 0.386225
122.000000 363.000000 -0.621727 0.386225
131.000000 363.000000 -0.593467 0.386225
218.000000 363.000000 -0.320284 0.386225
441.000000 363.000000 0.379945 0.386225
57.000000 364.000000 -0.825830 0.389365
68.000000 364.000000 -0.791289 0.389365
71.000000 364.000000 -0.781869 0.389365
98.000000 364.000000 -0.697088 0.389365
128.000000 364.000000 -0.602887 0.389365
246.000000 364.000000 -0.232363 0.389365
497.000000 364.000000 0.555787 0.389365
41.000000 365.000000 -0.876070 0.392505
43.000000 365.000000 -0.869790 0.392505
77.000000 365.000000 -0.763029 0.392505
102.000000 365.000000 -0.684528 0.392505
107.000000 365.000000 -0.668828 0.392505
136.000000 365.000000 -0.577767 0.392505
167.000000 365.000000 -0.480426 0.392505
184.000000 365.000000 -0.427045 0.392505
623.000000 365.000000 0.951431 0.392505
57.000000 367.000000 -0.825830 0.398785
69.000000 367.000000 -0.788149 0.398785
73.000000 367.000000 -0.775589 0.398785
119.000000 367.000000 -0.631147 0.398785
132.000000 367.000000 -0.590327 0.398785
146.000000 367.000000 -0.546366 0.398785
176.000000 367.000000 -0.452165 0.398785
214.000000 367.000000 -0.332844 0.398785
431.000000 367.000000 0.348544 0.398785
547.000000 367.000000 0.712788 0.398785
65.000000 368.000000 -0.800709 0.401925
91.000000 368.000000 -0.719069 0.401925
294.000000 368.000000 -0.081641 0.401925
328.000000 368.000000 0.025120 0.401925
554.000000 368.000000 0.734769 0.401925
6.000000 369.000000 -0.985972 0.405065
94.000000 369.000000 -0.709648 0.405065
104.000000 369.000000 -0.678248 0.405065
205.000000 369.000000 -0.361104 0.405065
244.000000 369.000000 -0.238643 0.405065
310.000000 369.000000 -0.031400 0.405065
338.000000 369.000000 0.056521 0.405065
414.000000 369.000000 0.295163 0.405065
32.000000 370.000000 -0.904331 0.408205
91.000000 370.000000 -0.719069 0.408205
101.000000 370.000000 -0.687668 0.408205
133.000000 370.000000 -0.587187 0.408205
409.000000 370.000000 0.279463 0.408205
11.000000 371.000000 -0.970271 0.411345
29.000000 371.000000 -0.913751 0.411345
43.000000 371.000000 -0.869790 0.411345
59.000000 371.000000 -0.819550 0.411345
109.000000 371.000000 -0.662548 0.411345
157.000000 371.000000 -0.511826 0.411345
196.000000 371.000000 -0.389365 0.411345
220.000000 371.000000 -0.314004 0.411345
233.000000 371.000000 -0.273183 0.411345
241.000000 371.000000 -0.248063 0.411345
249.000000 371.000000 -0.222943 0.411345
329.000000 371.000000 0.028260 0.411345
414.000000 371.000000 0.295163 0.411345
416.000000 371.000000 0.301444 0.411345
4.000000 372.000000 -0.992252 0.414485
8.000000 372.000000 -0.979692 0.414485
14.000000 372.000000 -0.960851 0.414485
97.000000 372.000000 -0.700228 0.414485
112.000000 372.000000 -0.653128 0.414485
136.000000 372.000000 -0.577767 0.414485
154.000000 372.000000 -0.521246 0.414485
211.000000 372.000000 -0.342264 0.414485
231.000000 372.000000 -0.279463 0.414485
506.000000 372.000000 0.584047 0.414485
44.000000 373.000000 -0.866650 0.417625
70.000000 373.000000 -0.785009 0.417625
93.000000 373.000000 -0.712788 0.417625
104.000000 373.000000 -0.678248 0.417625
115.000000 373.000000 -0.643708 0.417625
119.000000 373.000000 -0.631147 0.417625
221.000000 373.000000 -0.310864 0.417625
246.000000 373.000000 -0.232363 0.417625
251.000000 373.000000 -0.216663 0.417625
269.000000 373.000000 -0.160142 0.417625
314.000000 373.000000 -0.018840 0.417625
352.000000 373.000000 0.100481 0.417625
423.000000 373.000000 0.323424 0.417625
56.000000 374.000000 -0.828970 0.420765
88.000000 374.000000 -0.728489 0.420765
183.000000 374.000000 -0.430185 0.420765
204.000000 374.000000 -0.364244 0.420765
271.000000 374.000000 -0.153862 0.420765
312.000000 374.000000 -0.025120 0.420765
342.000000 374.000000 0.069081 0.420765
394.000000 374.000000 0.232363 0.420765
408.000000 374.000000 0.276323 0.420765
443.000000 374.000000 0.386225 0.420765
104.000000 375.000000 -0.678248 0.423905
173.000000 375.000000 -0.461585 0.423905
221.000000 375.000000 -0.310864 0.423905
223.000000 375.000000 -0.304584 0.423905
612.000000 375.000000 0.916891 0.423905
69.000000 376.000000 -0.788149 0.427045
89.000000 376.000000 -0.725349 0.427045
118.000000 376.000000 -0.634288 0.427045
134.000000 376.000000 -0.584047 0.427045
188.000000 376.000000 -0.414485 0.427045
215.000000 376.000000 -0.329704 0.427045
58.000000 377.000000 -0.822690 0.430185
105.000000 377.000000 -0.675108 0.430185
191.000000 377.000000 -0.405065 0.430185
200.000000 377.000000 -0.376804 0.430185
231.000000 377.000000 -0.279463 0.430185
233.000000 377.000000 -0.273183 0.430185
5.000000 378.000000 -0.989112 0.433325
10.000000 378.000000 -0.973412 0.433325
22.000000 378.000000 -0.935731 0.433325
69.000000 378.000000 -0.788149 0.433325
83.000000 378.000000 -0.744189 0.433325
210.000000 378.000000 -0.345404 0.433325
227.000000 378.000000 -0.292023 0.433325
240.000000 378.000000 -0.251203 0.433325
246.000000 378.000000 -0.232363 0.433325
253.000000 378.000000 -0.210382 0.433325
260.000000 378.000000 -0.188402 0.433325
332.000000 378.000000 0.037680 0.433325
573.000000 378.000000 0.794429 0.433325
8.000000 379.000000 -0.979692 0.436465
188.000000 379.000000 -0.414485 0.436465
221.000000 379.000000 -0.310864 0.436465
26.000000 380.000000 -0.923171 0.439605
65.000000 380.000000 -0.800709 0.439605
226.000000 380.000000 -0.295163 0.439605
333.000000 380.000000 0.040820 0.439605
4.000000 381.000000 -0.992252 0.442745
57.000000 381.000000 -0.825830 0.442745
207.000000 381.000000 -0.354824 0.442745
238.000000 381.000000 -0.257483 0.442745
282.000000 381.000000 -0.119321 0.442745
65.000000 382.000000 -0.800709 0.445885
192.000000 382.000000 -0.401925 0.445885
200.000000 382.000000 -0.376804 0.445885
232.000000 382.000000 -0.276323 0.445885
298.000000 382.000000 -0.069081 0.445885
302.000000 382.000000 -0.056521 0.445885
223.000000 383.000000 -0.304584 0.449025
243.000000 383.000000 -0.241783 0.449025
293.000000 383.000000 -0.084781 0.449025
326.000000 383.000000 0.018840 0.449025
62.000000 384.000000 -0.810130 0.452165
7.000000 385.000000 -0.982832 0.455305
12.000000 385.000000 -0.967131 0.455305
16.000000 385.000000 -0.954571 0.455305
228.000000 385.000000 -0.288883 0.455305
232.000000 385.000000 -0.276323 0.455305
236.000000 385.000000 -0.263763 0.455305
298.000000 385.000000 -0.069081 0.455305
230.000000 386.000000 -0.282603 0.458445
243.000000 386.000000 -0.241783 0.458445
296.000000 386.000000 -0.075361 0.458445
302.000000 386.000000 -0.056521 0.458445
351.000000 386.000000 0.097341 0.458445
26.000000 387.000000 -0.923171 0.461585
42.000000 387.000000 -0.872930 0.461585
197.000000 387.000000 -0.386225 0.461585
204.000000 387.000000 -0.364244 0.461585
233.000000 387.000000 -0.273183 0.461585
287.000000 387.000000 -0.103621 0.461585
6.000000 388.000000 -0.985972 0.464725
10.000000 388.000000 -0.973412 0.464725
50.000000 388.000000 -0.847810 0.464725
61.000000 388.000000 -0.813270 0.464725
70.000000 388.000000 -0.785009 0.464725
243.000000 388.000000 -0.241783 0.464725
17.000000 389.000000 -0.951431 0.467866
46.000000 389.000000 -0.860370 0.467866
67.000000 389.000000 -0.794429 0.467866
222.000000 389.000000 -0.307724 0.467866
269.000000 389.000000 -0.160142 0.467866
323.000000 389.000000 0.009420 0.467866
344.000000 389.000000 0.075361 0.467866
353.000000 389.000000 0.103621 0.467866
262.000000 390.000000 -0.182122 0.471006
297.000000 390.000000 -0.072221 0.471006
304.000000 390.000000 -0.050241 0.471006
306.000000 390.000000 -0.043961 0.471006
11.000000 391.000000 -0.970271 0.474146
13.000000 391.000000 -0.963991 0.474146
28.000000 391.000000 -0.916891 0.474146
53.000000 391.000000 -0.838390 0.474146
257.000000 391.000000 -0.197822 0.474146
276.000000 391.000000 -0.138162 0.474146
349.000000 391.000000 0.091061 0.474146
532.000000 391.000000 0.665688 0.474146
554.000000 391.000000 0.734769 0.474146
6.000000 392.000000 -0.985972 0.477286
240.000000 392.000000 -0.251203 0.477286
294.000000 392.000000 -0.081641 0.477286
299.000000 392.000000 -0.065941 0.477286
488.000000 392.000000 0.527526 0.477286
8.000000 393.000000 -0.979692 0.480426
48.000000 393.000000 -0.854090 0.480426
67.000000 393.000000 -0.794429 0.480426
244.000000 393.000000 -0.238643 0.480426
361.000000 393.000000 0.128742 0.480426
43.000000 394.000000 -0.869790 0.483566
56.000000 394.000000 -0.828970 0.483566
242.000000 394.000000 -0.244923 0.483566
5.000000 395.000000 -0.989112 0.486706
38.000000 395.000000 -0.885490 0.486706
266.000000 395.000000 -0.169562 0.486706
400.000000 395.000000 0.251203 0.486706
536.000000 395.000000 0.678248 0.486706
16.000000 396.000000 -0.954571 0.489846
277.000000 396.000000 -0.135022 0.489846
283.000000 396.000000 -0.116181 0.489846
441.000000 396.000000 0.379945 0.489846
550.000000 396.000000 0.722209 0.489846
67.000000 397.000000 -0.794429 0.492986
286.000000 397.000000 -0.106761 0.492986
309.000000 397.000000 -0.034540 0.492986
358.000000 397.000000 0.119321 0.492986
555.000000 397.000000 0.737909 0.492986
42.000000 398.000000 -0.872930 0.496126
47.000000 398.000000 -0.857230 0.496126
237.000000 398.000000 -0.260623 0.496126
492.000000 398.000000 0.540086 0.496126
535.000000 398.000000 0.675108 0.496126
542.000000 398.000000 0.697088 0.496126
547.000000 398.000000 0.712788 0.496126
587.000000 398.000000 0.838390 0.496126
623.000000 398.000000 0.951431 0.496126
63.000000 399.000000 -0.806990 0.499266
314.000000 399.000000 -0.018840 0.499266
316.000000 399.000000 -0.012560 0.499266
351.000000 399.000000 0.097341 0.499266
353.000000 399.000000 0.103621 0.499266
532.000000 399.000000 0.665688 0.499266
579.000000 399.000000 0.813270 0.499266
302.000000 400.000000 -0.056521 0.502406
443.000000 400.000000 0.386225 0.502406
545.000000 400.000000 0.706508 0.502406
555.000000 400.000000 0.737909 0.502406
438.000000 401.000000 0.370524 0.505546
505.000000 401.000000 0.580907 0.505546
537.000000 401.000000 0.681388 0.505546
553.000000 401.000000 0.731629 0.505546
563.000000 401.000000 0.763029 0.505546
576.000000 401.000000 0.803850 0.505546
579.000000 401.000000 0.813270 0.505546
18.000000 402.000000 -0.948291 0.508686
35.000000 402.000000 -0.894911 0.508686
50.000000 402.000000 -0.847810 0.508686
305.000000 402.000000 -0.047101 0.508686
338.000000 402.000000 0.056521 0.508686
386.000000 402.000000 0.207242 0.508686
549.000000 402.000000 0.719069 0.508686
74.000000 403.000000 -0.772449 0.511826
349.000000 403.000000 0.091061 0.511826
556.000000 403.000000 0.741049 0.511826
53.000000 404.000000 -0.838390 0.514966
69.000000 404.000000 -0.788149 0.514966
93.000000 404.000000 -0.712788 0.514966
282.000000 404.000000 -0.119321 0.514966
542.000000 404.000000 0.697088 0.514966
578.000000 404.000000 0.810130 0.514966
587.000000 404.000000 0.838390 0.514966
65.000000 405.000000 -0.800709 0.518106
71.000000 405.000000 -0.781869 0.518106
82.000000 405.000000 -0.747329 0.518106
84.000000 405.000000 -0.741049 0.518106
330.000000 405.000000 0.031400 0.518106
568.000000 405.000000 0.778729 0.518106
77.000000 406.000000 -0.763029 0.521246
545.000000 406.000000 0.706508 0.521246
562.000000 406.000000 0.759889 0.521246
617.000000 406.000000 0.932591 0.521246
43.000000 407.000000 -0.869790 0.524386
83.000000 407.000000 -0.744189 0.524386
86.000000 407.000000 -0.734769 0.524386
95.000000 407.000000 -0.706508 0.524386
345.000000 407.000000 0.078501 0.524386
442.000000 407.000000 0.383085 0.524386
539.000000 407.000000 0.687668 0.524386
551.000000 407.000000 0.725349 0.524386
601.000000 407.000000 0.882350 0.524386
14.000000 408.000000 -0.960851 0.527526
72.000000 408.000000 -0.778729 0.527526
92.000000 408.000000 -0.715928 0.527526
88.000000 409.000000 -0.728489 0.530666
346.000000 409.000000 0.081641 0.530666
553.000000 409.000000 0.731629 0.530666
584.000000 409.000000 0.828970 0.530666
588.000000 409.000000 0.841530 0.530666
632.000000 409.000000 0.979692 0.530666
28.000000 410.000000 -0.916891 0.533806
96.000000 410.000000 -0.703368 0.533806
311.000000 410.000000 -0.028260 0.533806
313.000000 410.000000 -0.021980 0.533806
353.000000 410.000000 0.103621 0.533806
355.000000 410.000000 0.109901 0.533806
543.000000 410.000000 0.700228 0.533806
572.000000 410.000000 0.791289 0.533806
574.000000 410.000000 0.797569 0.533806
65.000000 411.000000 -0.800709 0.536946
319.000000 411.000000 -0.003140 0.536946
332.000000 411.000000 0.037680 0.536946
372.000000 411.000000 0.163282 0.536946
394.000000 411.000000 0.232363 0.536946
530.000000 411.000000 0.659408 0.536946
548.000000 411.000000 0.715928 0.536946
577.000000 411.000000 0.806990 0.536946
595.000000 411.000000 0.863510 0.536946
36.000000 412.000000 -0.891771 0.540086
534.000000 412.000000 0.671968 0.540086
551.000000 412.000000 0.725349 0.540086
99.000000 413.000000 -0.693948 0.543226
317.000000 413.000000 -0.009420 0.543226
349.000000 413.000000 0.091061 0.543226
558.000000 413.000000 0.747329 0.543226
568.000000 413.000000 0.778729 0.543226
14.000000 414.000000 -0.960851 0.546366
68.000000 414.000000 -0.791289 0.546366
96.000000 414.000000 -0.703368 0.546366
366.000000 414.000000 0.144442 0.546366
544.000000 414.000000 0.703368 0.546366
555.000000 414.000000 0.737909 0.546366
376.000000 415.000000 0.175842 0.549506
388.000000 415.000000 0.213523 0.549506
561.000000 415.000000 0.756749 0.549506
597.000000 415.000000 0.869790 0.549506
35.000000 416.000000 -0.894911 0.552647
62.000000 416.000000 -0.810130 0.552647
89.000000 416.000000 -0.725349 0.552647
96.000000 416.000000 -0.703368 0.552647
99.000000 416.000000 -0.693948 0.552647
311.000000 416.000000 -0.028260 0.552647
352.000000 416.000000 0.100481 0.552647
532.000000 416.000000 0.665688 0.552647
323.000000 417.000000 0.009420 0.555787
326.000000 417.000000 0.018840 0.555787
526.000000 417.000000 0.646848 0.555787
319.000000 418.000000 -0.003140 0.558927
392.000000 418.000000 0.226083 0.558927
565.000000 418.000000 0.769309 0.558927
580.000000 418.000000 0.816410 0.558927
603.000000 418.000000 0.888631 0.558927
32.000000 419.000000 -0.904331 0.562067
42.000000 419.000000 -0.872930 0.562067
90.000000 419.000000 -0.722209 0.562067
405.000000 419.000000 0.266903 0.562067
543.000000 419.000000 0.700228 0.562067
559.000000 419.000000 0.750469 0.562067
539.000000 420.000000 0.687668 0.565207
42.000000 421.000000 -0.872930 0.568347
403.000000 421.000000 0.260623 0.568347
419.000000 421.000000 0.310864 0.568347
445.000000 421.000000 0.392505 0.568347
566.000000 421.000000 0.772449 0.568347
3.000000 422.000000 -0.995392 0.571487
46.000000 422.000000 -0.860370 0.571487
330.000000 422.000000 0.031400 0.571487
422.000000 422.000000 0.320284 0.571487
554.000000 422.000000 0.734769 0.571487
606.000000 422.000000 0.898051 0.571487
620.000000 422.000000 0.942011 0.571487
32.000000 423.000000 -0.904331 0.574627
91.000000 423.000000 -0.719069 0.574627
344.000000 423.000000 0.075361 0.574627
387.000000 423.000000 0.210382 0.574627
407.000000 423.000000 0.273183 0.574627
412.000000 423.000000 0.288883 0.574627
536.000000 423.000000 0.678248 0.574627
73.000000 424.000000 -0.775589 0.577767
423.000000 424.000000 0.323424 0.577767
6.000000 425.000000 -0.985972 0.580907
337.000000 425.000000 0.053381 0.580907
543.000000 425.000000 0.700228 0.580907
559.000000 425.000000 0.750469 0.580907
632.000000 425.000000 0.979692 0.580907
22.000000 426.000000 -0.935731 0.584047
54.000000 426.000000 -0.835250 0.584047
89.000000 426.000000 -0.725349 0.584047
305.000000 426.000000 -0.047101 0.584047
314.000000 426.000000 -0.018840 0.584047
333.000000 426.000000 0.040820 0.584047
370.000000 426.000000 0.157002 0.584047
569.000000 426.000000 0.781869 0.584047
6.000000 427.000000 -0.985972 0.587187
364.000000 427.000000 0.138162 0.587187
393.000000 427.000000 0.229223 0.587187
459.000000 427.000000 0.436465 0.587187
519.000000 427.000000 0.624867 0.587187
563.000000 427.000000 0.763029 0.587187
44.000000 428.000000 -0.866650 0.590327
50.000000 428.000000 -0.847810 0.590327
81.000000 428.000000 -0.750469 0.590327
355.000000 428.000000 0.109901 0.590327
536.000000 428.000000 0.678248 0.590327
614.000000 428.000000 0.923171 0.590327
68.000000 429.000000 -0.791289 0.593467
90.000000 429.000000 -0.722209 0.593467
377.000000 429.000000 0.178982 0.593467
382.000000 429.000000 0.194682 0.593467
546.000000 429.000000 0.709648 0.593467
324.000000 430.000000 0.012560 0.596607
329.000000 430.000000 0.028260 0.596607
423.000000 430.000000 0.323424 0.596607
560.000000 430.000000 0.753609 0.596607
20.000000 431.000000 -0.942011 0.599747
45.000000 431.000000 -0.863510 0.599747
56.000000 431.000000 -0.828970 0.599747
75.000000 431.000000 -0.769309 0.599747
242.000000 431.000000 -0.244923 0.599747
318.000000 431.000000 -0.006280 0.599747
358.000000 431.000000 0.119321 0.599747
569.000000 431.000000 0.781869 0.599747
589.000000 431.000000 0.844670 0.599747
617.000000 431.000000 0.932591 0.599747
7.000000 432.000000 -0.982832 0.602887
52.000000 432.000000 -0.841530 0.602887
579.000000 432.000000 0.813270 0.602887
69.000000 433.000000 -0.788149 0.606027
535.000000 433.000000 0.675108 0.606027
594.000000 433.000000 0.860370 0.606027
30.000000 434.000000 -0.910611 0.609167
33.000000 434.000000 -0.901191 0.609167
73.000000 434.000000 -0.775589 0.609167
77.000000 434.000000 -0.763029 0.609167
83.000000 434.000000 -0.744189 0.609167
325.000000 434.000000 0.015700 0.609167
596.000000 434.000000 0.866650 0.609167
4.000000 435.000000 -0.992252 0.612307
350.000000 435.000000 0.094201 0.612307
395.000000 435.000000 0.235503 0.612307
432.000000 435.000000 0.351684 0.612307
530.000000 435.000000 0.659408 0.612307
549.000000 435.000000 0.719069 0.612307
551.000000 435.000000 0.725349 0.612307
561.000000 435.000000 0.756749 0.612307
598.000000 435.000000 0.872930 0.612307
20.000000 436.000000 -0.942011 0.615447
68.000000 436.000000 -0.791289 0.615447
73.000000 436.000000 -0.775589 0.615447
342.000000 436.000000 0.069081 0.615447
360.000000 436.000000 0.125601 0.615447
370.000000 436.000000 0.157002 0.615447
66.000000 438.000000 -0.797569 0.621727
78.000000 438.000000 -0.759889 0.621727
308.000000 438.000000 -0.037680 0.621727
330.000000 438.000000 0.031400 0.621727
344.000000 438.000000 0.075361 0.621727
481.000000 438.000000 0.505546 0.621727
537.000000 438.000000 0.681388 0.621727
541.000000 438.000000 0.693948 0.621727
595.000000 438.000000 0.863510 0.621727
599.000000 438.000000 0.876070 0.621727
32.000000 439.000000 -0.904331 0.624867
74.000000 439.000000 -0.772449 0.624867
439.000000 439.000000 0.373664 0.624867
524.000000 439.000000 0.640568 0.624867
531.000000 439.000000 0.662548 0.624867
580.000000 439.000000 0.816410 0.624867
26.000000 440.000000 -0.923171 0.628007
534.000000 440.000000 0.671968 0.628007
571.000000 440.000000 0.788149 0.628007
586.000000 440.000000 0.835250 0.628007
598.000000 440.000000 0.872930 0.628007
623.000000 440.000000 0.951431 0.628007
52.000000 441.000000 -0.841530 0.631147
426.000000 441.000000 0.332844 0.631147
428.000000 441.000000 0.339124 0.631147
477.000000 441.000000 0.492986 0.631147
574.000000 441.000000 0.797569 0.631147
576.000000 441.000000 0.803850 0.631147
14.000000 442.000000 -0.960851 0.634288
49.000000 442.000000 -0.850950 0.634288
71.000000 442.000000 -0.781869 0.634288
463.000000 442.000000 0.449025 0.634288
320.000000 443.000000 -0.000000 0.637428
324.000000 443.000000 0.012560 0.637428
340.000000 443.000000 0.062801 0.637428
482.000000 443.000000 0.508686 0.637428
515.000000 443.000000 0.612307 0.637428
25.000000 444.000000 -0.926311 0.640568
54.000000 444.000000 -0.835250 0.640568
68.000000 444.000000 -0.791289 0.640568
71.000000 444.000000 -0.781869 0.640568
311.000000 444.000000 -0.028260 0.640568
430.000000 444.000000 0.345404 0.640568
462.000000 444.000000 0.445885 0.640568
555.000000 444.000000 0.737909 0.640568
567.000000 444.000000 0.775589 0.640568
35.000000 445.000000 -0.894911 0.643708
242.000000 445.000000 -0.244923 0.643708
345.000000 445.000000 0.078501 0.643708
424.000000 445.000000 0.326564 0.643708
610.000000 445.000000 0.910611 0.643708
19.000000 446.000000 -0.945151 0.646848
66.000000 446.000000 -0.797569 0.646848
240.000000 446.000000 -0.251203 0.646848
457.000000 446.000000 0.430185 0.646848
549.000000 446.000000 0.719069 0.646848
580.000000 446.000000 0.816410 0.646848
34.000000 447.000000 -0.898051 0.649988
48.000000 447.000000 -0.854090 0.649988
52.000000 447.000000 -0.841530 0.649988
43.000000 448.000000 -0.869790 0.653128
558.000000 448.000000 0.747329 0.653128
611.000000 448.000000 0.913751 0.653128
55.000000 449.000000 -0.832110 0.656268
236.000000 449.000000 -0.263763 0.656268
243.000000 449.000000 -0.241783 0.656268
307.000000 449.000000 -0.040820 0.656268
339.000000 449.000000 0.059661 0.656268
373.000000 449.000000 0.166422 0.656268
65.000000 450.000000 -0.800709 0.659408
363.000000 450.000000 0.135022 0.659408
544.000000 450.000000 0.703368 0.659408
609.000000 450.000000 0.907471 0.659408
615.000000 450.000000 0.926311 0.659408
15.000000 451.000000 -0.957711 0.662548
453.000000 451.000000 0.417625 0.662548
559.000000 451.000000 0.750469 0.662548
238.000000 452.000000 -0.257483 0.665688
563.000000 452.000000 0.763029 0.665688
614.000000 452.000000 0.923171 0.665688
22.000000 453.000000 -0.935731 0.668828
58.000000 453.000000 -0.822690 0.668828
259.000000 453.000000 -0.191542 0.668828
302.000000 453.000000 -0.056521 0.668828
347.000000 453.000000 0.084781 0.668828
358.000000 453.000000 0.119321 0.668828
25.000000 454.000000 -0.926311 0.671968
55.000000 454.000000 -0.832110 0.671968
235.000000 454.000000 -0.266903 0.671968
388.000000 454.000000 0.213523 0.671968
445.000000 454.000000 0.392505 0.671968
21.000000 455.000000 -0.938871 0.675108
41.000000 455.000000 -0.876070 0.675108
255.000000 455.000000 -0.204102 0.675108
300.000000 455.000000 -0.062801 0.675108
386.000000 455.000000 0.207242 0.675108
390.000000 455.000000 0.219803 0.675108
512.000000 455.000000 0.602887 0.675108
558.000000 455.000000 0.747329 0.675108
567.000000 455.000000 0.775589 0.675108
10.000000 456.000000 -0.973412 0.678248
58.000000 456.000000 -0.822690 0.678248
593.000000 456.000000 0.857230 0.678248
602.000000 456.000000 0.885490 0.678248
36.000000 457.000000 -0.891771 0.681388
56.000000 457.000000 -0.828970 0.681388
558.000000 457.000000 0.747329 0.681388
562.000000 457.000000 0.759889 0.681388
569.000000 457.000000 0.781869 0.681388
25.000000 458.000000 -0.926311 0.684528
492.000000 458.000000 0.540086 0.684528
33.000000 459.000000 -0.901191 0.687668
35.000000 459.000000 -0.894911 0.687668
42.000000 459.000000 -0.872930 0.687668
330.000000 459.000000 0.031400 0.687668
554.000000 459.000000 0.734769 0.687668
576.000000 459.000000 0.803850 0.687668
53.000000 460.000000 -0.838390 0.690808
345.000000 460.000000 0.078501 0.690808
567.000000 460.000000 0.775589 0.690808
573.000000 460.000000 0.794429 0.690808
625.000000 460.000000 0.957711 0.690808
551.000000 461.000000 0.725349 0.693948
44.000000 462.000000 -0.866650 0.697088
340.000000 462.000000 0.062801 0.697088
375.000000 462.000000 0.172702 0.697088
598.000000 462.000000 0.872930 0.697088
627.000000 462.000000 0.963991 0.697088
34.000000 463.000000 -0.898051 0.700228
223.000000 463.000000 -0.304584 0.700228
593.000000 463.000000 0.857230 0.700228
49.000000 464.000000 -0.850950 0.703368
318.000000 464.000000 -0.006280 0.703368
568.000000 464.000000 0.778729 0.703368
627.000000 464.000000 0.963991 0.703368
47.000000 465.000000 -0.857230 0.706508
572.000000 465.000000 0.791289 0.706508
372.000000 466.000000 0.163282 0.709648
585.000000 466.000000 0.832110 0.709648
603.000000 466.000000 0.888631 0.709648
630.000000 466.000000 0.973412 0.709648
33.000000 467.000000 -0.901191 0.712788
43.000000 467.000000 -0.869790 0.712788
119.000000 467.000000 -0.631147 0.712788
216.000000 467.000000 -0.326564 0.712788
219.000000 467.000000 -0.317144 0.712788
234.000000 467.000000 -0.270043 0.712788
256.000000 467.000000 -0.200962 0.712788
557.000000 467.000000 0.744189 0.712788
627.000000 467.000000 0.963991 0.712788
15.000000 468.000000 -0.957711 0.715928
23.000000 468.000000 -0.932591 0.715928
332.000000 468.000000 0.037680 0.715928
353.000000 468.000000 0.103621 0.715928
440.000000 468.000000 0.376804 0.715928
572.000000 468.000000 0.791289 0.715928
619.000000 468.000000 0.938871 0.715928
633.000000 468.000000 0.982832 0.715928
26.000000 469.000000 -0.923171 0.719069
45.000000 469.000000 -0.863510 0.719069
119.000000 469.000000 -0.631147 0.719069
222.000000 469.000000 -0.307724 0.719069
322.000000 469.000000 0.006280 0.719069
399.000000 469.000000 0.248063 0.719069
570.000000 469.000000 0.785009 0.719069
631.000000 469.000000 0.976552 0.719069
635.000000 469.000000 0.989112 0.719069
9.000000 470.000000 -0.976552 0.722209
347.000000 470.000000 0.084781 0.722209
350.000000 470.000000 0.094201 0.722209
32.000000 471.000000 -0.904331 0.725349
41.000000 471.000000 -0.876070 0.725349
324.000000 471.000000 0.012560 0.725349
28.000000 472.000000 -0.916891 0.728489
509.000000 472.000000 0.593467 0.728489
582.000000 472.000000 0.822690 0.728489
26.000000 473.000000 -0.923171 0.731629
610.000000 473.000000 0.910611 0.731629
563.000000 474.000000 0.763029 0.734769
585.000000 474.000000 0.832110 0.734769
36.000000 475.000000 -0.891771 0.737909
581.000000 475.000000 0.819550 0.737909
596.000000 475.000000 0.866650 0.737909
22.000000 476.000000 -0.935731 0.741049
26.000000 476.000000 -0.923171 0.741049
29.000000 476.000000 -0.913751 0.741049
201.000000 476.000000 -0.373664 0.741049
504.000000 476.000000 0.577767 0.741049
569.000000 476.000000 0.781869 0.741049
575.000000 476.000000 0.800709 0.741049
