413.000000 3.000000 0.292023 -0.744189
428.000000 3.000000 0.339124 -0.744189
537.000000 3.000000 0.681388 -0.744189
552.000000 3.000000 0.728489 -0.744189
554.000000 3.000000 0.734769 -0.744189
338.000000 4.000000 0.056521 -0.741049
526.000000 4.000000 0.646848 -0.741049
619.000000 4.000000 0.938871 -0.741049
350.000000 5.000000 0.094201 -0.737909
610.000000 5.000000 0.910611 -0.737909
352.000000 6.000000 0.100481 -0.734769
592.000000 6.000000 0.854090 -0.734769
408.000000 8.000000 0.276323 -0.728489
592.000000 8.000000 0.854090 -0.728489
613.000000 8.000000 0.920031 -0.728489
399.000000 10.000000 0.248063 -0.722209
517.000000 10.000000 0.618587 -0.722209
513.000000 11.000000 0.606027 -0.719069
564.000000 11.000000 0.766169 -0.719069
597.000000 11.000000 0.869790 -0.719069
355.000000 12.000000 0.109901 -0.715928
407.000000 13.000000 0.273183 -0.712788
427.000000 13.000000 0.335984 -0.712788
525.000000 13.000000 0.643708 -0.712788
603.000000 13.000000 0.888631 -0.712788
394.000000 14.000000 0.232363 -0.709648
396.000000 14.000000 0.238643 -0.709648
416.000000 14.000000 0.301444 -0.709648
454.000000 14.000000 0.420765 -0.709648
514.000000 14.000000 0.609167 -0.709648
556.000000 14.000000 0.741049 -0.709648
591.000000 14.000000 0.850950 -0.709648
596.000000 14.000000 0.866650 -0.709648
509.000000 15.000000 0.593467 -0.706508
517.000000 15.000000 0.618587 -0.706508
522.000000 15.000000 0.634288 -0.706508
636.000000 15.000000 0.992252 -0.706508
582.000000 16.000000 0.822690 -0.703368
359.000000 17.000000 0.122461 -0.700228
596.000000 17.000000 0.866650 -0.700228
530.000000 18.000000 0.659408 -0.697088
339.000000 19.000000 0.059661 -0.693948
366.000000 20.000000 0.144442 -0.690808
600.000000 20.000000 0.879210 -0.690808
505.000000 21.000000 0.580907 -0.687668
515.000000 21.000000 0.612307 -0.687668
507.000000 22.000000 0.587187 -0.684528
510.000000 22.000000 0.596607 -0.684528
329.000000 23.000000 0.028260 -0.681388
477.000000 23.000000 0.492986 -0.681388
404.000000 24.000000 0.263763 -0.678248
447.000000 24.000000 0.398785 -0.678248
594.000000 24.000000 0.860370 -0.678248
506.000000 25.000000 0.584047 -0.675108
592.000000 25.000000 0.854090 -0.675108
524.000000 26.000000 0.640568 -0.671968
330.000000 27.000000 0.031400 -0.668828
404.000000 27.000000 0.263763 -0.668828
450.000000 27.000000 0.408205 -0.668828
595.000000 27.000000 0.863510 -0.668828
387.000000 28.000000 0.210382 -0.665688
501.000000 28.000000 0.568347 -0.665688
507.000000 28.000000 0.587187 -0.665688
548.000000 28.000000 0.715928 -0.665688
514.000000 32.000000 0.609167 -0.653128
628.000000 32.000000 0.967131 -0.653128
547.000000 33.000000 0.712788 -0.649988
625.000000 34.000000 0.957711 -0.646848
598.000000 35.000000 0.872930 -0.643708
346.000000 36.000000 0.081641 -0.640568
421.000000 36.000000 0.317144 -0.640568
459.000000 36.000000 0.436465 -0.640568
508.000000 36.000000 0.590327 -0.640568
634.000000 36.000000 0.985972 -0.640568
341.000000 37.000000 0.065941 -0.637428
351.000000 37.000000 0.097341 -0.637428
493.000000 37.000000 0.543226 -0.637428
527.000000 37.000000 0.649988 -0.637428
579.000000 37.000000 0.813270 -0.637428
591.000000 37.000000 0.850950 -0.637428
623.000000 37.000000 0.951431 -0.637428
356.000000 38.000000 0.113041 -0.634288
497.000000 38.000000 0.555787 -0.634288
488.000000 39.000000 0.527526 -0.631147
567.000000 39.000000 0.775589 -0.631147
3.000000 40.000000 -0.995392 -0.628007
361.000000 40.000000 0.128742 -0.628007
491.000000 41.000000 0.536946 -0.624867
9.000000 42.000000 -0.976552 -0.621727
332.000000 42.000000 0.037680 -0.621727
371.000000 42.000000 0.160142 -0.621727
489.000000 42.000000 0.530666 -0.621727
583.000000 42.000000 0.825830 -0.621727
454.000000 43.000000 0.420765 -0.618587
624.000000 43.000000 0.954571 -0.618587
332.000000 44.000000 0.037680 -0.615447
413.000000 45.000000 0.292023 -0.612307
486.000000 45.000000 0.521246 -0.612307
439.000000 46.000000 0.373664 -0.609167
531.000000 46.000000 0.662548 -0.609167
485.000000 48.000000 0.518106 -0.602887
488.000000 48.000000 0.527526 -0.602887
29.000000 50.000000 -0.913751 -0.596607
333.000000 50.000000 0.040820 -0.596607
477.000000 50.000000 0.492986 -0.596607
501.000000 50.000000 0.568347 -0.596607
31.000000 51.000000 -0.907471 -0.593467
485.000000 51.000000 0.518106 -0.593467
537.000000 51.000000 0.681388 -0.593467
35.000000 52.000000 -0.894911 -0.590327
333.000000 52.000000 0.040820 -0.590327
397.000000 52.000000 0.241783 -0.590327
532.000000 53.000000 0.665688 -0.587187
406.000000 54.000000 0.270043 -0.584047
573.000000 54.000000 0.794429 -0.584047
481.000000 55.000000 0.505546 -0.580907
620.000000 55.000000 0.942011 -0.580907
467.000000 57.000000 0.461585 -0.574627
389.000000 58.000000 0.216663 -0.571487
396.000000 58.000000 0.238643 -0.571487
334.000000 60.000000 0.043961 -0.565207
376.000000 60.000000 0.175842 -0.565207
433.000000 60.000000 0.354824 -0.565207
629.000000 60.000000 0.970271 -0.565207
635.000000 60.000000 0.989112 -0.565207
30.000000 62.000000 -0.910611 -0.558927
32.000000 62.000000 -0.904331 -0.558927
339.000000 62.000000 0.059661 -0.558927
396.000000 62.000000 0.238643 -0.558927
625.000000 62.000000 0.957711 -0.558927
632.000000 62.000000 0.979692 -0.558927
344.000000 63.000000 0.075361 -0.555787
473.000000 63.000000 0.480426 -0.555787
524.000000 63.000000 0.640568 -0.555787
529.000000 63.000000 0.656268 -0.555787
541.000000 63.000000 0.693948 -0.555787
35.000000 64.000000 -0.894911 -0.552647
40.000000 64.000000 -0.879210 -0.552647
349.000000 65.000000 0.091061 -0.549506
464.000000 65.000000 0.452165 -0.549506
466.000000 65.000000 0.458445 -0.549506
32.000000 66.000000 -0.904331 -0.546366
384.000000 67.000000 0.200962 -0.543226
520.000000 67.000000 0.628007 -0.543226
626.000000 67.000000 0.960851 -0.543226
363.000000 68.000000 0.135022 -0.540086
394.000000 68.000000 0.232363 -0.540086
368.000000 69.000000 0.150722 -0.536946
627.000000 69.000000 0.963991 -0.536946
373.000000 70.000000 0.166422 -0.533806
378.000000 71.000000 0.182122 -0.530666
462.000000 71.000000 0.445885 -0.530666
525.000000 72.000000 0.643708 -0.527526
533.000000 75.000000 0.668828 -0.518106
384.000000 76.000000 0.200962 -0.514966
577.000000 76.000000 0.806990 -0.514966
564.000000 77.000000 0.766169 -0.511826
384.000000 78.000000 0.200962 -0.508686
627.000000 78.000000 0.963991 -0.508686
475.000000 80.000000 0.486706 -0.502406
368.000000 81.000000 0.150722 -0.499266
463.000000 82.000000 0.449025 -0.496126
317.000000 83.000000 -0.009420 -0.492986
383.000000 83.000000 0.197822 -0.492986
516.000000 83.000000 0.615447 -0.492986
564.000000 83.000000 0.766169 -0.492986
332.000000 84.000000 0.037680 -0.489846
593.000000 84.000000 0.857230 -0.489846
382.000000 85.000000 0.194682 -0.486706
467.000000 85.000000 0.461585 -0.486706
600.000000 85.000000 0.879210 -0.486706
389.000000 86.000000 0.216663 -0.483566
463.000000 86.000000 0.449025 -0.483566
473.000000 86.000000 0.480426 -0.483566
550.000000 86.000000 0.722209 -0.483566
558.000000 86.000000 0.747329 -0.483566
595.000000 86.000000 0.863510 -0.483566
619.000000 86.000000 0.938871 -0.483566
73.000000 87.000000 -0.775589 -0.480426
332.000000 87.000000 0.037680 -0.480426
599.000000 87.000000 0.876070 -0.480426
604.000000 87.000000 0.891771 -0.480426
119.000000 88.000000 -0.631147 -0.477286
550.000000 88.000000 0.722209 -0.477286
618.000000 88.000000 0.935731 -0.477286
316.000000 89.000000 -0.012560 -0.474146
341.000000 89.000000 0.065941 -0.474146
472.000000 89.000000 0.477286 -0.474146
82.000000 90.000000 -0.747329 -0.471006
535.000000 90.000000 0.675108 -0.471006
558.000000 90.000000 0.747329 -0.471006
346.000000 91.000000 0.081641 -0.467866
351.000000 91.000000 0.097341 -0.467866
590.000000 91.000000 0.847810 -0.467866
628.000000 91.000000 0.967131 -0.467866
122.000000 92.000000 -0.621727 -0.464725
460.000000 92.000000 0.439605 -0.464725
608.000000 92.000000 0.904331 -0.464725
88.000000 93.000000 -0.728489 -0.461585
144.000000 93.000000 -0.552647 -0.461585
360.000000 93.000000 0.125601 -0.461585
502.000000 93.000000 0.571487 -0.461585
532.000000 93.000000 0.665688 -0.461585
73.000000 94.000000 -0.775589 -0.458445
119.000000 94.000000 -0.631147 -0.458445
123.000000 94.000000 -0.618587 -0.458445
146.000000 94.000000 -0.546366 -0.458445
84.000000 95.000000 -0.741049 -0.455305
107.000000 95.000000 -0.668828 -0.455305
121.000000 95.000000 -0.624867 -0.455305
141.000000 95.000000 -0.562067 -0.455305
143.000000 95.000000 -0.555787 -0.455305
148.000000 95.000000 -0.540086 -0.455305
315.000000 95.000000 -0.015700 -0.455305
350.000000 95.000000 0.094201 -0.455305
365.000000 95.000000 0.141302 -0.455305
79.000000 96.000000 -0.756749 -0.452165
88.000000 96.000000 -0.728489 -0.452165
101.000000 96.000000 -0.687668 -0.452165
111.000000 96.000000 -0.656268 -0.452165
145.000000 96.000000 -0.549506 -0.452165
150.000000 96.000000 -0.533806 -0.452165
370.000000 96.000000 0.157002 -0.452165
375.000000 96.000000 0.172702 -0.452165
77.000000 97.000000 -0.763029 -0.449025
93.000000 97.000000 -0.712788 -0.449025
106.000000 97.000000 -0.671968 -0.449025
379.000000 97.000000 0.185262 -0.449025
97.000000 98.000000 -0.700228 -0.445885
141.000000 98.000000 -0.562067 -0.445885
340.000000 98.000000 0.062801 -0.445885
78.000000 99.000000 -0.759889 -0.442745
102.000000 99.000000 -0.684528 -0.442745
158.000000 99.000000 -0.508686 -0.442745
314.000000 99.000000 -0.018840 -0.442745
468.000000 99.000000 0.464725 -0.442745
518.000000 99.000000 0.621727 -0.442745
108.000000 100.000000 -0.665688 -0.439605
145.000000 100.000000 -0.549506 -0.439605
60.000000 101.000000 -0.816410 -0.436465
80.000000 101.000000 -0.753609 -0.436465
163.000000 101.000000 -0.492986 -0.436465
336.000000 101.000000 0.050241 -0.436465
109.000000 102.000000 -0.662548 -0.433325
66.000000 103.000000 -0.797569 -0.430185
107.000000 103.000000 -0.668828 -0.430185
144.000000 103.000000 -0.552647 -0.430185
629.000000 103.000000 0.970271 -0.430185
111.000000 104.000000 -0.656268 -0.427045
131.000000 104.000000 -0.593467 -0.427045
313.000000 104.000000 -0.021980 -0.427045
333.000000 104.000000 0.040820 -0.427045
377.000000 104.000000 0.178982 -0.427045
600.000000 105.000000 0.879210 -0.423905
605.000000 105.000000 0.894911 -0.423905
88.000000 106.000000 -0.728489 -0.420765
107.000000 106.000000 -0.668828 -0.420765
110.000000 106.000000 -0.659408 -0.420765
467.000000 106.000000 0.461585 -0.420765
161.000000 107.000000 -0.499266 -0.417625
358.000000 107.000000 0.119321 -0.417625
547.000000 107.000000 0.712788 -0.417625
582.000000 107.000000 0.822690 -0.417625
90.000000 108.000000 -0.722209 -0.414485
133.000000 108.000000 -0.587187 -0.414485
453.000000 108.000000 0.417625 -0.414485
465.000000 108.000000 0.455305 -0.414485
374.000000 109.000000 0.169562 -0.411345
416.000000 109.000000 0.301444 -0.411345
629.000000 109.000000 0.970271 -0.411345
92.000000 110.000000 -0.715928 -0.408205
335.000000 110.000000 0.047101 -0.408205
357.000000 110.000000 0.116181 -0.408205
433.000000 110.000000 0.354824 -0.408205
492.000000 110.000000 0.540086 -0.408205
564.000000 110.000000 0.766169 -0.408205
107.000000 111.000000 -0.668828 -0.405065
130.000000 111.000000 -0.596607 -0.405065
375.000000 111.000000 0.172702 -0.405065
413.000000 111.000000 0.292023 -0.405065
460.000000 111.000000 0.439605 -0.405065
489.000000 111.000000 0.530666 -0.405065
441.000000 112.000000 0.379945 -0.401925
337.000000 113.000000 0.053381 -0.398785
439.000000 113.000000 0.373664 -0.398785
445.000000 113.000000 0.392505 -0.398785
599.000000 113.000000 0.876070 -0.398785
93.000000 114.000000 -0.712788 -0.395645
341.000000 114.000000 0.065941 -0.395645
470.000000 114.000000 0.471006 -0.395645
509.000000 114.000000 0.593467 -0.395645
606.000000 114.000000 0.898051 -0.395645
104.000000 115.000000 -0.678248 -0.392505
110.000000 115.000000 -0.659408 -0.392505
329.000000 115.000000 0.028260 -0.392505
335.000000 115.000000 0.047101 -0.392505
375.000000 115.000000 0.172702 -0.392505
416.000000 115.000000 0.301444 -0.392505
340.000000 116.000000 0.062801 -0.389365
343.000000 116.000000 0.072221 -0.389365
373.000000 116.000000 0.166422 -0.389365
491.000000 116.000000 0.536946 -0.389365
130.000000 117.000000 -0.596607 -0.386225
202.000000 117.000000 -0.370524 -0.386225
333.000000 117.000000 0.040820 -0.386225
434.000000 117.000000 0.357964 -0.386225
632.000000 117.000000 0.979692 -0.386225
139.000000 118.000000 -0.568347 -0.383085
163.000000 118.000000 -0.492986 -0.383085
331.000000 118.000000 0.034540 -0.383085
374.000000 118.000000 0.169562 -0.383085
531.000000 118.000000 0.662548 -0.383085
105.000000 119.000000 -0.675108 -0.379945
342.000000 119.000000 0.069081 -0.379945
140.000000 120.000000 -0.565207 -0.376804
170.000000 120.000000 -0.471006 -0.376804
181.000000 120.000000 -0.436465 -0.376804
209.000000 120.000000 -0.348544 -0.376804
212.000000 120.000000 -0.339124 -0.376804
217.000000 120.000000 -0.323424 -0.376804
338.000000 120.000000 0.056521 -0.376804
453.000000 120.000000 0.417625 -0.376804
138.000000 121.000000 -0.571487 -0.373664
161.000000 121.000000 -0.499266 -0.373664
186.000000 121.000000 -0.420765 -0.373664
345.000000 121.000000 0.078501 -0.373664
373.000000 121.000000 0.166422 -0.373664
165.000000 122.000000 -0.486706 -0.370524
179.000000 122.000000 -0.442745 -0.370524
181.000000 122.000000 -0.436465 -0.370524
202.000000 122.000000 -0.370524 -0.370524
343.000000 122.000000 0.072221 -0.370524
396.000000 122.000000 0.238643 -0.370524
434.000000 122.000000 0.357964 -0.370524
444.000000 122.000000 0.389365 -0.370524
452.000000 122.000000 0.414485 -0.370524
530.000000 122.000000 0.659408 -0.370524
186.000000 123.000000 -0.420765 -0.367384
191.000000 123.000000 -0.405065 -0.367384
205.000000 123.000000 -0.361104 -0.367384
217.000000 123.000000 -0.323424 -0.367384
291.000000 123.000000 -0.091061 -0.367384
335.000000 123.000000 0.047101 -0.367384
348.000000 123.000000 0.087921 -0.367384
305.000000 124.000000 -0.047101 -0.364244
309.000000 124.000000 -0.034540 -0.364244
458.000000 124.000000 0.433325 -0.364244
601.000000 124.000000 0.882350 -0.364244
86.000000 125.000000 -0.734769 -0.361104
171.000000 125.000000 -0.467866 -0.361104
217.000000 125.000000 -0.323424 -0.361104
301.000000 125.000000 -0.059661 -0.361104
311.000000 125.000000 -0.028260 -0.361104
315.000000 125.000000 -0.015700 -0.361104
331.000000 125.000000 0.034540 -0.361104
335.000000 125.000000 0.047101 -0.361104
372.000000 125.000000 0.163282 -0.361104
400.000000 125.000000 0.251203 -0.361104
556.000000 126.000000 0.741049 -0.357964
171.000000 127.000000 -0.467866 -0.354824
189.000000 127.000000 -0.411345 -0.354824
210.000000 127.000000 -0.345404 -0.354824
321.000000 127.000000 0.003140 -0.354824
440.000000 127.000000 0.376804 -0.354824
447.000000 127.000000 0.398785 -0.354824
451.000000 127.000000 0.411345 -0.354824
178.000000 128.000000 -0.445885 -0.351684
181.000000 128.000000 -0.436465 -0.351684
183.000000 128.000000 -0.430185 -0.351684
196.000000 128.000000 -0.389365 -0.351684
202.000000 128.000000 -0.370524 -0.351684
303.000000 128.000000 -0.053381 -0.351684
315.000000 128.000000 -0.015700 -0.351684
317.000000 128.000000 -0.009420 -0.351684
332.000000 128.000000 0.037680 -0.351684
335.000000 128.000000 0.047101 -0.351684
337.000000 128.000000 0.053381 -0.351684
372.000000 128.000000 0.163282 -0.351684
437.000000 128.000000 0.367384 -0.351684
476.000000 128.000000 0.489846 -0.351684
566.000000 128.000000 0.772449 -0.351684
185.000000 129.000000 -0.423905 -0.348544
370.000000 129.000000 0.157002 -0.348544
180.000000 130.000000 -0.439605 -0.345404
334.000000 130.000000 0.043961 -0.345404
355.000000 130.000000 0.109901 -0.345404
469.000000 130.000000 0.467866 -0.345404
526.000000 130.000000 0.646848 -0.345404
593.000000 130.000000 0.857230 -0.345404
620.000000 130.000000 0.942011 -0.345404
184.000000 131.000000 -0.427045 -0.342264
209.000000 131.000000 -0.348544 -0.342264
228.000000 131.000000 -0.288883 -0.342264
329.000000 131.000000 0.028260 -0.342264
338.000000 131.000000 0.056521 -0.342264
396.000000 131.000000 0.238643 -0.342264
467.000000 131.000000 0.461585 -0.342264
541.000000 131.000000 0.693948 -0.342264
200.000000 132.000000 -0.376804 -0.339124
245.000000 132.000000 -0.235503 -0.339124
369.000000 132.000000 0.153862 -0.339124
562.000000 132.000000 0.759889 -0.339124
635.000000 132.000000 0.989112 -0.339124
203.000000 133.000000 -0.367384 -0.335984
237.000000 133.000000 -0.260623 -0.335984
315.000000 133.000000 -0.015700 -0.335984
398.000000 133.000000 0.244923 -0.335984
407.000000 133.000000 0.273183 -0.335984
473.000000 133.000000 0.480426 -0.335984
601.000000 133.000000 0.882350 -0.335984
92.000000 134.000000 -0.715928 -0.332844
210.000000 134.000000 -0.345404 -0.332844
225.000000 134.000000 -0.298304 -0.332844
240.000000 134.000000 -0.251203 -0.332844
250.000000 134.000000 -0.219803 -0.332844
254.000000 134.000000 -0.207242 -0.332844
343.000000 134.000000 0.072221 -0.332844
348.000000 134.000000 0.087921 -0.332844
356.000000 134.000000 0.113041 -0.332844
371.000000 134.000000 0.160142 -0.332844
467.000000 134.000000 0.461585 -0.332844
544.000000 134.000000 0.703368 -0.332844
35.000000 135.000000 -0.894911 -0.329704
202.000000 135.000000 -0.370524 -0.329704
235.000000 135.000000 -0.266903 -0.329704
246.000000 135.000000 -0.232363 -0.329704
308.000000 135.000000 -0.037680 -0.329704
331.000000 135.000000 0.034540 -0.329704
368.000000 135.000000 0.150722 -0.329704
464.000000 135.000000 0.452165 -0.329704
254.000000 136.000000 -0.207242 -0.326564
326.000000 136.000000 0.018840 -0.326564
348.000000 136.000000 0.087921 -0.326564
350.000000 136.000000 0.094201 -0.326564
370.000000 136.000000 0.157002 -0.326564
462.000000 136.000000 0.445885 -0.326564
466.000000 136.000000 0.458445 -0.326564
52.000000 137.000000 -0.841530 -0.323424
228.000000 137.000000 -0.288883 -0.323424
239.000000 137.000000 -0.254343 -0.323424
314.000000 137.000000 -0.018840 -0.323424
321.000000 137.000000 0.003140 -0.323424
331.000000 137.000000 0.034540 -0.323424
357.000000 137.000000 0.116181 -0.323424
360.000000 137.000000 0.125601 -0.323424
362.000000 137.000000 0.131882 -0.323424
365.000000 137.000000 0.141302 -0.323424
565.000000 137.000000 0.769309 -0.323424
242.000000 138.000000 -0.244923 -0.320284
254.000000 138.000000 -0.207242 -0.320284
256.000000 138.000000 -0.200962 -0.320284
317.000000 138.000000 -0.009420 -0.320284
319.000000 138.000000 -0.003140 -0.320284
339.000000 138.000000 0.059661 -0.320284
343.000000 138.000000 0.072221 -0.320284
345.000000 138.000000 0.078501 -0.320284
368.000000 138.000000 0.150722 -0.320284
597.000000 138.000000 0.869790 -0.320284
136.000000 139.000000 -0.577767 -0.317144
247.000000 139.000000 -0.229223 -0.317144
323.000000 139.000000 0.009420 -0.317144
328.000000 139.000000 0.025120 -0.317144
333.000000 139.000000 0.040820 -0.317144
371.000000 139.000000 0.160142 -0.317144
373.000000 139.000000 0.166422 -0.317144
376.000000 139.000000 0.175842 -0.317144
457.000000 139.000000 0.430185 -0.317144
509.000000 139.000000 0.593467 -0.317144
230.000000 140.000000 -0.282603 -0.314004
464.000000 140.000000 0.452165 -0.314004
567.000000 140.000000 0.775589 -0.314004
208.000000 141.000000 -0.351684 -0.310864
246.000000 141.000000 -0.232363 -0.310864
331.000000 141.000000 0.034540 -0.310864
338.000000 141.000000 0.056521 -0.310864
365.000000 141.000000 0.141302 -0.310864
382.000000 141.000000 0.194682 -0.310864
462.000000 141.000000 0.445885 -0.310864
558.000000 141.000000 0.747329 -0.310864
269.000000 142.000000 -0.160142 -0.307724
275.000000 142.000000 -0.141302 -0.307724
307.000000 142.000000 -0.040820 -0.307724
315.000000 142.000000 -0.015700 -0.307724
343.000000 142.000000 0.072221 -0.307724
357.000000 142.000000 0.116181 -0.307724
495.000000 142.000000 0.549506 -0.307724
278.000000 143.000000 -0.131882 -0.304584
311.000000 143.000000 -0.028260 -0.304584
319.000000 143.000000 -0.003140 -0.304584
327.000000 143.000000 0.021980 -0.304584
329.000000 143.000000 0.028260 -0.304584
348.000000 143.000000 0.087921 -0.304584
350.000000 143.000000 0.094201 -0.304584
374.000000 143.000000 0.169562 -0.304584
384.000000 143.000000 0.200962 -0.304584
392.000000 143.000000 0.226083 -0.304584
448.000000 143.000000 0.401925 -0.304584
453.000000 143.000000 0.417625 -0.304584
91.000000 144.000000 -0.719069 -0.301444
207.000000 144.000000 -0.354824 -0.301444
272.000000 144.000000 -0.150722 -0.301444
345.000000 144.000000 0.078501 -0.301444
354.000000 144.000000 0.106761 -0.301444
381.000000 144.000000 0.191542 -0.301444
395.000000 144.000000 0.235503 -0.301444
470.000000 144.000000 0.471006 -0.301444
232.000000 145.000000 -0.276323 -0.298304
245.000000 145.000000 -0.235503 -0.298304
328.000000 145.000000 0.025120 -0.298304
351.000000 145.000000 0.097341 -0.298304
359.000000 145.000000 0.122461 -0.298304
361.000000 145.000000 0.128742 -0.298304
371.000000 145.000000 0.160142 -0.298304
447.000000 145.000000 0.398785 -0.298304
535.000000 145.000000 0.675108 -0.298304
613.000000 145.000000 0.920031 -0.298304
247.000000 146.000000 -0.229223 -0.295163
310.000000 146.000000 -0.031400 -0.295163
354.000000 146.000000 0.106761 -0.295163
357.000000 146.000000 0.116181 -0.295163
363.000000 146.000000 0.135022 -0.295163
398.000000 146.000000 0.244923 -0.295163
452.000000 146.000000 0.414485 -0.295163
463.000000 146.000000 0.449025 -0.295163
474.000000 146.000000 0.483566 -0.295163
308.000000 147.000000 -0.037680 -0.292023
315.000000 147.000000 -0.015700 -0.292023
332.000000 147.000000 0.037680 -0.292023
338.000000 147.000000 0.056521 -0.292023
361.000000 147.000000 0.128742 -0.292023
403.000000 147.000000 0.260623 -0.292023
559.000000 147.000000 0.750469 -0.292023
593.000000 147.000000 0.857230 -0.292023
206.000000 148.000000 -0.357964 -0.288883
247.000000 148.000000 -0.229223 -0.288883
258.000000 148.000000 -0.194682 -0.288883
268.000000 148.000000 -0.163282 -0.288883
277.000000 148.000000 -0.135022 -0.288883
341.000000 148.000000 0.065941 -0.288883
365.000000 148.000000 0.141302 -0.288883
373.000000 148.000000 0.166422 -0.288883
460.000000 148.000000 0.439605 -0.288883
561.000000 148.000000 0.756749 -0.288883
183.000000 149.000000 -0.430185 -0.285743
344.000000 149.000000 0.075361 -0.285743
357.000000 149.000000 0.116181 -0.285743
377.000000 149.000000 0.178982 -0.285743
313.000000 150.000000 -0.021980 -0.282603
352.000000 150.000000 0.100481 -0.282603
394.000000 150.000000 0.232363 -0.282603
402.000000 150.000000 0.257483 -0.282603
446.000000 150.000000 0.395645 -0.282603
621.000000 150.000000 0.945151 -0.282603
205.000000 151.000000 -0.361104 -0.279463
269.000000 151.000000 -0.160142 -0.279463
279.000000 151.000000 -0.128742 -0.279463
343.000000 151.000000 0.072221 -0.279463
355.000000 151.000000 0.109901 -0.279463
370.000000 151.000000 0.157002 -0.279463
464.000000 151.000000 0.452165 -0.279463
611.000000 151.000000 0.913751 -0.279463
248.000000 152.000000 -0.226083 -0.276323
251.000000 152.000000 -0.216663 -0.276323
271.000000 152.000000 -0.153862 -0.276323
282.000000 152.000000 -0.119321 -0.276323
288.000000 152.000000 -0.100481 -0.276323
313.000000 152.000000 -0.021980 -0.276323
328.000000 152.000000 0.025120 -0.276323
345.000000 152.000000 0.078501 -0.276323
375.000000 152.000000 0.172702 -0.276323
377.000000 152.000000 0.178982 -0.276323
445.000000 152.000000 0.392505 -0.276323
207.000000 153.000000 -0.354824 -0.273183
337.000000 153.000000 0.053381 -0.273183
360.000000 153.000000 0.125601 -0.273183
366.000000 153.000000 0.144442 -0.273183
400.000000 153.000000 0.251203 -0.273183
422.000000 153.000000 0.320284 -0.273183
472.000000 153.000000 0.477286 -0.273183
559.000000 153.000000 0.750469 -0.273183
182.000000 154.000000 -0.433325 -0.270043
297.000000 154.000000 -0.072221 -0.270043
450.000000 154.000000 0.408205 -0.270043
108.000000 155.000000 -0.665688 -0.266903
283.000000 155.000000 -0.116181 -0.266903
460.000000 155.000000 0.439605 -0.266903
184.000000 156.000000 -0.427045 -0.263763
205.000000 156.000000 -0.361104 -0.263763
244.000000 156.000000 -0.238643 -0.263763
349.000000 156.000000 0.091061 -0.263763
409.000000 156.000000 0.279463 -0.263763
463.000000 156.000000 0.449025 -0.263763
527.000000 156.000000 0.649988 -0.263763
591.000000 156.000000 0.850950 -0.263763
620.000000 156.000000 0.942011 -0.263763
273.000000 157.000000 -0.147582 -0.260623
315.000000 157.000000 -0.015700 -0.260623
376.000000 157.000000 0.175842 -0.260623
413.000000 157.000000 0.292023 -0.260623
427.000000 157.000000 0.335984 -0.260623
444.000000 157.000000 0.389365 -0.260623
450.000000 157.000000 0.408205 -0.260623
458.000000 157.000000 0.433325 -0.260623
461.000000 157.000000 0.442745 -0.260623
473.000000 157.000000 0.480426 -0.260623
480.000000 157.000000 0.502406 -0.260623
483.000000 157.000000 0.511826 -0.260623
516.000000 157.000000 0.615447 -0.260623
523.000000 157.000000 0.637428 -0.260623
605.000000 157.000000 0.894911 -0.260623
247.000000 158.000000 -0.229223 -0.257483
340.000000 158.000000 0.062801 -0.257483
351.000000 158.000000 0.097341 -0.257483
398.000000 158.000000 0.244923 -0.257483
468.000000 158.000000 0.464725 -0.257483
485.000000 158.000000 0.518106 -0.257483
527.000000 158.000000 0.649988 -0.257483
539.000000 158.000000 0.687668 -0.257483
545.000000 158.000000 0.706508 -0.257483
558.000000 158.000000 0.747329 -0.257483
204.000000 159.000000 -0.364244 -0.254343
369.000000 159.000000 0.153862 -0.254343
463.000000 159.000000 0.449025 -0.254343
560.000000 159.000000 0.753609 -0.254343
604.000000 159.000000 0.891771 -0.254343
137.000000 160.000000 -0.574627 -0.251203
181.000000 160.000000 -0.436465 -0.251203
312.000000 160.000000 -0.025120 -0.251203
326.000000 160.000000 0.018840 -0.251203
363.000000 160.000000 0.135022 -0.251203
372.000000 160.000000 0.163282 -0.251203
377.000000 160.000000 0.178982 -0.251203
419.000000 160.000000 0.310864 -0.251203
448.000000 160.000000 0.401925 -0.251203
457.000000 160.000000 0.430185 -0.251203
484.000000 160.000000 0.514966 -0.251203
502.000000 160.000000 0.571487 -0.251203
600.000000 160.000000 0.879210 -0.251203
102.000000 161.000000 -0.684528 -0.248063
206.000000 161.000000 -0.357964 -0.248063
316.000000 161.000000 -0.012560 -0.248063
398.000000 161.000000 0.244923 -0.248063
444.000000 161.000000 0.389365 -0.248063
455.000000 161.000000 0.423905 -0.248063
515.000000 161.000000 0.612307 -0.248063
522.000000 161.000000 0.634288 -0.248063
137.000000 162.000000 -0.574627 -0.244923
200.000000 162.000000 -0.376804 -0.244923
377.000000 162.000000 0.178982 -0.244923
412.000000 162.000000 0.288883 -0.244923
468.000000 162.000000 0.464725 -0.244923
471.000000 162.000000 0.474146 -0.244923
490.000000 162.000000 0.533806 -0.244923
497.000000 162.000000 0.555787 -0.244923
525.000000 162.000000 0.643708 -0.244923
592.000000 162.000000 0.854090 -0.244923
182.000000 163.000000 -0.433325 -0.241783
212.000000 163.000000 -0.339124 -0.241783
322.000000 163.000000 0.006280 -0.241783
331.000000 163.000000 0.034540 -0.241783
371.000000 163.000000 0.160142 -0.241783
386.000000 163.000000 0.207242 -0.241783
102.000000 164.000000 -0.684528 -0.238643
204.000000 164.000000 -0.364244 -0.238643
328.000000 164.000000 0.025120 -0.238643
347.000000 164.000000 0.084781 -0.238643
357.000000 164.000000 0.116181 -0.238643
369.000000 164.000000 0.153862 -0.238643
376.000000 164.000000 0.175842 -0.238643
418.000000 164.000000 0.307724 -0.238643
447.000000 164.000000 0.398785 -0.238643
454.000000 164.000000 0.420765 -0.238643
469.000000 164.000000 0.467866 -0.238643
250.000000 165.000000 -0.219803 -0.235503
311.000000 165.000000 -0.028260 -0.235503
330.000000 165.000000 0.031400 -0.235503
364.000000 165.000000 0.138162 -0.235503
398.000000 165.000000 0.244923 -0.235503
422.000000 165.000000 0.320284 -0.235503
461.000000 165.000000 0.442745 -0.235503
622.000000 165.000000 0.948291 -0.235503
182.000000 166.000000 -0.433325 -0.232363
212.000000 166.000000 -0.339124 -0.232363
371.000000 166.000000 0.160142 -0.232363
376.000000 166.000000 0.175842 -0.232363
441.000000 166.000000 0.379945 -0.232363
467.000000 166.000000 0.461585 -0.232363
483.000000 166.000000 0.511826 -0.232363
485.000000 166.000000 0.518106 -0.232363
585.000000 166.000000 0.832110 -0.232363
184.000000 167.000000 -0.427045 -0.229223
203.000000 167.000000 -0.367384 -0.229223
267.000000 167.000000 -0.166422 -0.229223
324.000000 167.000000 0.012560 -0.229223
359.000000 167.000000 0.122461 -0.229223
446.000000 167.000000 0.395645 -0.229223
452.000000 167.000000 0.414485 -0.229223
513.000000 167.000000 0.606027 -0.229223
135.000000 168.000000 -0.580907 -0.226083
205.000000 168.000000 -0.361104 -0.226083
250.000000 168.000000 -0.219803 -0.226083
313.000000 168.000000 -0.021980 -0.226083
340.000000 168.000000 0.062801 -0.226083
346.000000 168.000000 0.081641 -0.226083
352.000000 168.000000 0.100481 -0.226083
357.000000 168.000000 0.116181 -0.226083
396.000000 168.000000 0.238643 -0.226083
460.000000 168.000000 0.439605 -0.226083
527.000000 168.000000 0.649988 -0.226083
262.000000 169.000000 -0.182122 -0.222943
264.000000 169.000000 -0.175842 -0.222943
315.000000 169.000000 -0.015700 -0.222943
329.000000 169.000000 0.028260 -0.222943
413.000000 169.000000 0.292023 -0.222943
485.000000 169.000000 0.518106 -0.222943
490.000000 169.000000 0.533806 -0.222943
501.000000 169.000000 0.568347 -0.222943
310.000000 170.000000 -0.031400 -0.219803
348.000000 170.000000 0.087921 -0.219803
385.000000 170.000000 0.204102 -0.219803
395.000000 170.000000 0.235503 -0.219803
400.000000 170.000000 0.251203 -0.219803
466.000000 170.000000 0.458445 -0.219803
89.000000 171.000000 -0.725349 -0.216663
134.000000 171.000000 -0.584047 -0.216663
136.000000 171.000000 -0.577767 -0.216663
244.000000 171.000000 -0.238643 -0.216663
269.000000 171.000000 -0.160142 -0.216663
307.000000 171.000000 -0.040820 -0.216663
357.000000 171.000000 0.116181 -0.216663
416.000000 171.000000 0.301444 -0.216663
440.000000 171.000000 0.376804 -0.216663
446.000000 171.000000 0.395645 -0.216663
459.000000 171.000000 0.436465 -0.216663
469.000000 171.000000 0.467866 -0.216663
486.000000 171.000000 0.521246 -0.216663
30.000000 172.000000 -0.910611 -0.213523
32.000000 172.000000 -0.904331 -0.213523
45.000000 172.000000 -0.863510 -0.213523
47.000000 172.000000 -0.857230 -0.213523
179.000000 172.000000 -0.442745 -0.213523
203.000000 172.000000 -0.367384 -0.213523
249.000000 172.000000 -0.222943 -0.213523
328.000000 172.000000 0.025120 -0.213523
359.000000 172.000000 0.122461 -0.213523
405.000000 172.000000 0.266903 -0.213523
454.000000 172.000000 0.420765 -0.213523
480.000000 172.000000 0.502406 -0.213523
491.000000 172.000000 0.536946 -0.213523
543.000000 172.000000 0.700228 -0.213523
580.000000 172.000000 0.816410 -0.213523
323.000000 173.000000 0.009420 -0.210382
336.000000 173.000000 0.050241 -0.210382
355.000000 173.000000 0.109901 -0.210382
384.000000 173.000000 0.200962 -0.210382
399.000000 173.000000 0.248063 -0.210382
411.000000 173.000000 0.285743 -0.210382
459.000000 173.000000 0.436465 -0.210382
555.000000 173.000000 0.737909 -0.210382
82.000000 174.000000 -0.747329 -0.207242
179.000000 174.000000 -0.442745 -0.207242
245.000000 174.000000 -0.235503 -0.207242
267.000000 174.000000 -0.166422 -0.207242
309.000000 174.000000 -0.034540 -0.207242
327.000000 174.000000 0.021980 -0.207242
329.000000 174.000000 0.028260 -0.207242
343.000000 174.000000 0.072221 -0.207242
440.000000 174.000000 0.376804 -0.207242
444.000000 174.000000 0.389365 -0.207242
446.000000 174.000000 0.395645 -0.207242
596.000000 174.000000 0.866650 -0.207242
202.000000 175.000000 -0.370524 -0.204102
247.000000 175.000000 -0.229223 -0.204102
249.000000 175.000000 -0.222943 -0.204102
256.000000 175.000000 -0.200962 -0.204102
275.000000 175.000000 -0.141302 -0.204102
374.000000 175.000000 0.169562 -0.204102
458.000000 175.000000 0.433325 -0.204102
554.000000 175.000000 0.734769 -0.204102
241.000000 176.000000 -0.248063 -0.200962
262.000000 176.000000 -0.182122 -0.200962
267.000000 176.000000 -0.166422 -0.200962
349.000000 176.000000 0.091061 -0.200962
358.000000 176.000000 0.119321 -0.200962
395.000000 176.000000 0.235503 -0.200962
397.000000 176.000000 0.241783 -0.200962
438.000000 176.000000 0.370524 -0.200962
592.000000 176.000000 0.854090 -0.200962
199.000000 177.000000 -0.379945 -0.197822
204.000000 177.000000 -0.364244 -0.197822
247.000000 177.000000 -0.229223 -0.197822
445.000000 177.000000 0.392505 -0.197822
463.000000 177.000000 0.449025 -0.197822
538.000000 177.000000 0.684528 -0.197822
546.000000 177.000000 0.709648 -0.197822
553.000000 177.000000 0.731629 -0.197822
573.000000 177.000000 0.794429 -0.197822
584.000000 177.000000 0.828970 -0.197822
607.000000 177.000000 0.901191 -0.197822
334.000000 178.000000 0.043961 -0.194682
393.000000 178.000000 0.229223 -0.194682
409.000000 178.000000 0.279463 -0.194682
453.000000 178.000000 0.417625 -0.194682
455.000000 178.000000 0.423905 -0.194682
457.000000 178.000000 0.430185 -0.194682
497.000000 178.000000 0.555787 -0.194682
555.000000 178.000000 0.737909 -0.194682
195.000000 179.000000 -0.392505 -0.191542
246.000000 179.000000 -0.232363 -0.191542
323.000000 179.000000 0.009420 -0.191542
397.000000 179.000000 0.241783 -0.191542
464.000000 179.000000 0.452165 -0.191542
202.000000 180.000000 -0.370524 -0.188402
204.000000 180.000000 -0.364244 -0.188402
263.000000 180.000000 -0.178982 -0.188402
308.000000 180.000000 -0.037680 -0.188402
320.000000 180.000000 -0.000000 -0.188402
418.000000 180.000000 0.307724 -0.188402
473.000000 180.000000 0.480426 -0.188402
478.000000 180.000000 0.496126 -0.188402
532.000000 180.000000 0.665688 -0.188402
538.000000 180.000000 0.684528 -0.188402
178.000000 181.000000 -0.445885 -0.185262
227.000000 181.000000 -0.292023 -0.185262
272.000000 181.000000 -0.150722 -0.185262
275.000000 181.000000 -0.141302 -0.185262
303.000000 181.000000 -0.053381 -0.185262
326.000000 181.000000 0.018840 -0.185262
357.000000 181.000000 0.116181 -0.185262
428.000000 181.000000 0.339124 -0.185262
444.000000 181.000000 0.389365 -0.185262
583.000000 181.000000 0.825830 -0.185262
94.000000 182.000000 -0.709648 -0.182122
135.000000 182.000000 -0.580907 -0.182122
257.000000 182.000000 -0.197822 -0.182122
315.000000 182.000000 -0.015700 -0.182122
349.000000 182.000000 0.091061 -0.182122
408.000000 182.000000 0.276323 -0.182122
411.000000 182.000000 0.285743 -0.182122
436.000000 182.000000 0.364244 -0.182122
518.000000 182.000000 0.621727 -0.182122
528.000000 182.000000 0.653128 -0.182122
198.000000 183.000000 -0.383085 -0.178982
245.000000 183.000000 -0.235503 -0.178982
302.000000 183.000000 -0.056521 -0.178982
313.000000 183.000000 -0.021980 -0.178982
416.000000 183.000000 0.301444 -0.178982
453.000000 183.000000 0.417625 -0.178982
539.000000 183.000000 0.687668 -0.178982
546.000000 183.000000 0.709648 -0.178982
572.000000 183.000000 0.791289 -0.178982
177.000000 184.000000 -0.449025 -0.175842
203.000000 184.000000 -0.367384 -0.175842
227.000000 184.000000 -0.292023 -0.175842
393.000000 184.000000 0.229223 -0.175842
408.000000 184.000000 0.276323 -0.175842
420.000000 184.000000 0.314004 -0.175842
447.000000 184.000000 0.398785 -0.175842
456.000000 184.000000 0.427045 -0.175842
462.000000 184.000000 0.445885 -0.175842
562.000000 184.000000 0.759889 -0.175842
135.000000 185.000000 -0.580907 -0.172702
211.000000 185.000000 -0.342264 -0.172702
307.000000 185.000000 -0.040820 -0.172702
310.000000 185.000000 -0.031400 -0.172702
316.000000 185.000000 -0.012560 -0.172702
356.000000 185.000000 0.113041 -0.172702
362.000000 185.000000 0.131882 -0.172702
425.000000 185.000000 0.329704 -0.172702
438.000000 185.000000 0.370524 -0.172702
464.000000 185.000000 0.452165 -0.172702
521.000000 185.000000 0.631147 -0.172702
89.000000 186.000000 -0.725349 -0.169562
204.000000 186.000000 -0.364244 -0.169562
320.000000 186.000000 -0.000000 -0.169562
326.000000 186.000000 0.018840 -0.169562
430.000000 186.000000 0.345404 -0.169562
453.000000 186.000000 0.417625 -0.169562
476.000000 186.000000 0.489846 -0.169562
208.000000 187.000000 -0.351684 -0.166422
218.000000 187.000000 -0.320284 -0.166422
318.000000 187.000000 -0.006280 -0.166422
328.000000 187.000000 0.025120 -0.166422
415.000000 187.000000 0.298304 -0.166422
434.000000 187.000000 0.357964 -0.166422
515.000000 187.000000 0.612307 -0.166422
178.000000 188.000000 -0.445885 -0.163282
181.000000 188.000000 -0.436465 -0.163282
212.000000 188.000000 -0.339124 -0.163282
300.000000 188.000000 -0.062801 -0.163282
334.000000 188.000000 0.043961 -0.163282
407.000000 188.000000 0.273183 -0.163282
409.000000 188.000000 0.279463 -0.163282
422.000000 188.000000 0.320284 -0.163282
542.000000 188.000000 0.697088 -0.163282
200.000000 189.000000 -0.376804 -0.160142
332.000000 189.000000 0.037680 -0.160142
336.000000 189.000000 0.050241 -0.160142
355.000000 189.000000 0.109901 -0.160142
390.000000 189.000000 0.219803 -0.160142
424.000000 189.000000 0.326564 -0.160142
427.000000 189.000000 0.335984 -0.160142
446.000000 189.000000 0.395645 -0.160142
449.000000 189.000000 0.405065 -0.160142
458.000000 189.000000 0.433325 -0.160142
193.000000 190.000000 -0.398785 -0.157002
306.000000 190.000000 -0.043961 -0.157002
309.000000 190.000000 -0.034540 -0.157002
323.000000 190.000000 0.009420 -0.157002
338.000000 190.000000 0.056521 -0.157002
340.000000 190.000000 0.062801 -0.157002
344.000000 190.000000 0.075361 -0.157002
433.000000 190.000000 0.354824 -0.157002
442.000000 190.000000 0.383085 -0.157002
453.000000 190.000000 0.417625 -0.157002
504.000000 190.000000 0.577767 -0.157002
513.000000 190.000000 0.606027 -0.157002
600.000000 190.000000 0.879210 -0.157002
604.000000 190.000000 0.891771 -0.157002
134.000000 191.000000 -0.584047 -0.153862
154.000000 191.000000 -0.521246 -0.153862
185.000000 191.000000 -0.423905 -0.153862
301.000000 191.000000 -0.059661 -0.153862
313.000000 191.000000 -0.021980 -0.153862
438.000000 191.000000 0.370524 -0.153862
446.000000 191.000000 0.395645 -0.153862
177.000000 192.000000 -0.449025 -0.150722
341.000000 192.000000 0.065941 -0.150722
347.000000 192.000000 0.084781 -0.150722
407.000000 192.000000 0.273183 -0.150722
442.000000 192.000000 0.383085 -0.150722
461.000000 192.000000 0.442745 -0.150722
463.000000 192.000000 0.449025 -0.150722
472.000000 192.000000 0.477286 -0.150722
100.000000 193.000000 -0.690808 -0.147582
104.000000 193.000000 -0.678248 -0.147582
134.000000 193.000000 -0.584047 -0.147582
345.000000 193.000000 0.078501 -0.147582
405.000000 193.000000 0.266903 -0.147582
432.000000 193.000000 0.351684 -0.147582
534.000000 193.000000 0.671968 -0.147582
132.000000 194.000000 -0.590327 -0.144442
299.000000 194.000000 -0.065941 -0.144442
303.000000 194.000000 -0.053381 -0.144442
338.000000 194.000000 0.056521 -0.144442
353.000000 194.000000 0.103621 -0.144442
416.000000 194.000000 0.301444 -0.144442
435.000000 194.000000 0.361104 -0.144442
462.000000 194.000000 0.445885 -0.144442
474.000000 194.000000 0.483566 -0.144442
481.000000 194.000000 0.505546 -0.144442
539.000000 194.000000 0.687668 -0.144442
307.000000 195.000000 -0.040820 -0.141302
327.000000 195.000000 0.021980 -0.141302
343.000000 195.000000 0.072221 -0.141302
390.000000 195.000000 0.219803 -0.141302
405.000000 195.000000 0.266903 -0.141302
418.000000 195.000000 0.307724 -0.141302
441.000000 195.000000 0.379945 -0.141302
454.000000 195.000000 0.420765 -0.141302
542.000000 195.000000 0.697088 -0.141302
544.000000 195.000000 0.703368 -0.141302
102.000000 196.000000 -0.684528 -0.138162
130.000000 196.000000 -0.596607 -0.138162
310.000000 196.000000 -0.031400 -0.138162
348.000000 196.000000 0.087921 -0.138162
449.000000 196.000000 0.405065 -0.138162
452.000000 196.000000 0.414485 -0.138162
528.000000 196.000000 0.653128 -0.138162
536.000000 196.000000 0.678248 -0.138162
134.000000 197.000000 -0.584047 -0.135022
138.000000 197.000000 -0.571487 -0.135022
281.000000 197.000000 -0.122461 -0.135022
291.000000 197.000000 -0.091061 -0.135022
293.000000 197.000000 -0.084781 -0.135022
312.000000 197.000000 -0.025120 -0.135022
352.000000 197.000000 0.100481 -0.135022
354.000000 197.000000 0.106761 -0.135022
381.000000 197.000000 0.191542 -0.135022
404.000000 197.000000 0.263763 -0.135022
407.000000 197.000000 0.273183 -0.135022
441.000000 197.000000 0.379945 -0.135022
446.000000 197.000000 0.395645 -0.135022
501.000000 197.000000 0.568347 -0.135022
286.000000 198.000000 -0.106761 -0.131882
315.000000 198.000000 -0.015700 -0.131882
322.000000 198.000000 0.006280 -0.131882
391.000000 198.000000 0.222943 -0.131882
450.000000 198.000000 0.408205 -0.131882
452.000000 198.000000 0.414485 -0.131882
464.000000 198.000000 0.452165 -0.131882
511.000000 198.000000 0.599747 -0.131882
544.000000 198.000000 0.703368 -0.131882
552.000000 198.000000 0.728489 -0.131882
94.000000 199.000000 -0.709648 -0.128742
284.000000 199.000000 -0.113041 -0.128742
318.000000 199.000000 -0.006280 -0.128742
325.000000 199.000000 0.015700 -0.128742
329.000000 199.000000 0.028260 -0.128742
354.000000 199.000000 0.106761 -0.128742
370.000000 199.000000 0.157002 -0.128742
389.000000 199.000000 0.216663 -0.128742
404.000000 199.000000 0.263763 -0.128742
443.000000 199.000000 0.386225 -0.128742
460.000000 199.000000 0.439605 -0.128742
480.000000 199.000000 0.502406 -0.128742
514.000000 199.000000 0.609167 -0.128742
541.000000 199.000000 0.693948 -0.128742
570.000000 199.000000 0.785009 -0.128742
281.000000 200.000000 -0.122461 -0.125601
332.000000 200.000000 0.037680 -0.125601
334.000000 200.000000 0.043961 -0.125601
418.000000 200.000000 0.307724 -0.125601
436.000000 200.000000 0.364244 -0.125601
448.000000 200.000000 0.401925 -0.125601
596.000000 200.000000 0.866650 -0.125601
86.000000 201.000000 -0.734769 -0.122461
89.000000 201.000000 -0.725349 -0.122461
100.000000 201.000000 -0.690808 -0.122461
328.000000 201.000000 0.025120 -0.122461
340.000000 201.000000 0.062801 -0.122461
342.000000 201.000000 0.069081 -0.122461
347.000000 201.000000 0.084781 -0.122461
387.000000 201.000000 0.210382 -0.122461
484.000000 201.000000 0.514966 -0.122461
540.000000 201.000000 0.690808 -0.122461
10.000000 202.000000 -0.973412 -0.119321
280.000000 202.000000 -0.125601 -0.119321
383.000000 202.000000 0.197822 -0.119321
451.000000 202.000000 0.411345 -0.119321
472.000000 202.000000 0.477286 -0.119321
493.000000 202.000000 0.543226 -0.119321
582.000000 202.000000 0.822690 -0.119321
98.000000 203.000000 -0.697088 -0.116181
341.000000 203.000000 0.065941 -0.116181
388.000000 203.000000 0.213523 -0.116181
405.000000 203.000000 0.266903 -0.116181
478.000000 203.000000 0.496126 -0.116181
523.000000 203.000000 0.637428 -0.116181
603.000000 203.000000 0.888631 -0.116181
611.000000 203.000000 0.913751 -0.116181
101.000000 204.000000 -0.687668 -0.113041
103.000000 204.000000 -0.681388 -0.113041
273.000000 204.000000 -0.147582 -0.113041
276.000000 204.000000 -0.138162 -0.113041
344.000000 204.000000 0.075361 -0.113041
352.000000 204.000000 0.100481 -0.113041
402.000000 204.000000 0.257483 -0.113041
419.000000 204.000000 0.310864 -0.113041
441.000000 204.000000 0.379945 -0.113041
480.000000 204.000000 0.502406 -0.113041
495.000000 204.000000 0.549506 -0.113041
517.000000 204.000000 0.618587 -0.113041
535.000000 204.000000 0.675108 -0.113041
511.000000 205.000000 0.599747 -0.109901
269.000000 206.000000 -0.160142 -0.106761
309.000000 206.000000 -0.034540 -0.106761
343.000000 206.000000 0.072221 -0.106761
438.000000 206.000000 0.370524 -0.106761
459.000000 206.000000 0.436465 -0.106761
496.000000 206.000000 0.552647 -0.106761
617.000000 206.000000 0.932591 -0.106761
259.000000 207.000000 -0.191542 -0.103621
362.000000 207.000000 0.131882 -0.103621
429.000000 207.000000 0.342264 -0.103621
359.000000 208.000000 0.122461 -0.100481
494.000000 208.000000 0.546366 -0.100481
496.000000 208.000000 0.552647 -0.100481
517.000000 208.000000 0.618587 -0.100481
530.000000 208.000000 0.659408 -0.100481
565.000000 208.000000 0.769309 -0.100481
370.000000 209.000000 0.157002 -0.097341
394.000000 209.000000 0.232363 -0.097341
398.000000 209.000000 0.244923 -0.097341
440.000000 209.000000 0.376804 -0.097341
521.000000 209.000000 0.631147 -0.097341
260.000000 210.000000 -0.188402 -0.094201
376.000000 210.000000 0.175842 -0.094201
401.000000 210.000000 0.254343 -0.094201
413.000000 210.000000 0.292023 -0.094201
526.000000 210.000000 0.646848 -0.094201
263.000000 211.000000 -0.178982 -0.091061
378.000000 211.000000 0.182122 -0.091061
407.000000 211.000000 0.273183 -0.091061
433.000000 211.000000 0.354824 -0.091061
614.000000 211.000000 0.923171 -0.091061
410.000000 212.000000 0.282603 -0.087921
416.000000 212.000000 0.301444 -0.087921
256.000000 213.000000 -0.200962 -0.084781
342.000000 213.000000 0.069081 -0.084781
388.000000 213.000000 0.213523 -0.084781
462.000000 213.000000 0.445885 -0.084781
539.000000 213.000000 0.687668 -0.084781
558.000000 213.000000 0.747329 -0.084781
393.000000 214.000000 0.229223 -0.081641
395.000000 214.000000 0.235503 -0.081641
423.000000 214.000000 0.323424 -0.081641
435.000000 214.000000 0.361104 -0.081641
456.000000 214.000000 0.427045 -0.081641
591.000000 214.000000 0.850950 -0.081641
253.000000 215.000000 -0.210382 -0.078501
354.000000 215.000000 0.106761 -0.078501
400.000000 215.000000 0.251203 -0.078501
438.000000 215.000000 0.370524 -0.078501
448.000000 215.000000 0.401925 -0.078501
558.000000 215.000000 0.747329 -0.078501
563.000000 215.000000 0.763029 -0.078501
567.000000 215.000000 0.775589 -0.078501
582.000000 215.000000 0.822690 -0.078501
251.000000 216.000000 -0.216663 -0.075361
350.000000 216.000000 0.094201 -0.075361
402.000000 216.000000 0.257483 -0.075361
404.000000 216.000000 0.263763 -0.075361
500.000000 216.000000 0.565207 -0.075361
249.000000 217.000000 -0.222943 -0.072221
358.000000 217.000000 0.119321 -0.072221
373.000000 217.000000 0.166422 -0.072221
376.000000 217.000000 0.175842 -0.072221
420.000000 217.000000 0.314004 -0.072221
427.000000 217.000000 0.335984 -0.072221
232.000000 218.000000 -0.276323 -0.069081
247.000000 218.000000 -0.229223 -0.069081
355.000000 218.000000 0.109901 -0.069081
360.000000 218.000000 0.125601 -0.069081
379.000000 218.000000 0.185262 -0.069081
437.000000 218.000000 0.367384 -0.069081
244.000000 219.000000 -0.238643 -0.065941
269.000000 219.000000 -0.160142 -0.065941
362.000000 219.000000 0.131882 -0.065941
383.000000 219.000000 0.197822 -0.065941
385.000000 219.000000 0.204102 -0.065941
620.000000 219.000000 0.942011 -0.065941
237.000000 220.000000 -0.260623 -0.062801
247.000000 220.000000 -0.229223 -0.062801
366.000000 220.000000 0.144442 -0.062801
421.000000 220.000000 0.317144 -0.062801
434.000000 220.000000 0.357964 -0.062801
445.000000 220.000000 0.392505 -0.062801
515.000000 220.000000 0.612307 -0.062801
234.000000 221.000000 -0.270043 -0.059661
392.000000 221.000000 0.226083 -0.059661
395.000000 221.000000 0.235503 -0.059661
237.000000 222.000000 -0.260623 -0.056521
246.000000 222.000000 -0.232363 -0.056521
362.000000 222.000000 0.131882 -0.056521
436.000000 222.000000 0.364244 -0.056521
442.000000 222.000000 0.383085 -0.056521
473.000000 222.000000 0.480426 -0.056521
76.000000 223.000000 -0.766169 -0.053381
235.000000 223.000000 -0.266903 -0.053381
417.000000 223.000000 0.304584 -0.053381
444.000000 223.000000 0.389365 -0.053381
600.000000 223.000000 0.879210 -0.053381
365.000000 224.000000 0.141302 -0.050241
446.000000 224.000000 0.395645 -0.050241
495.000000 224.000000 0.549506 -0.050241
67.000000 225.000000 -0.794429 -0.047101
230.000000 226.000000 -0.282603 -0.043961
414.000000 226.000000 0.295163 -0.043961
424.000000 226.000000 0.326564 -0.043961
58.000000 227.000000 -0.822690 -0.040820
360.000000 227.000000 0.125601 -0.040820
592.000000 227.000000 0.854090 -0.040820
602.000000 227.000000 0.885490 -0.040820
54.000000 228.000000 -0.835250 -0.037680
221.000000 228.000000 -0.310864 -0.037680
451.000000 228.000000 0.411345 -0.037680
476.000000 228.000000 0.489846 -0.037680
495.000000 228.000000 0.549506 -0.037680
614.000000 228.000000 0.923171 -0.037680
618.000000 228.000000 0.935731 -0.037680
224.000000 229.000000 -0.301444 -0.034540
364.000000 229.000000 0.138162 -0.034540
216.000000 230.000000 -0.326564 -0.031400
360.000000 230.000000 0.125601 -0.031400
606.000000 230.000000 0.898051 -0.031400
576.000000 231.000000 0.803850 -0.028260
615.000000 231.000000 0.926311 -0.028260
372.000000 232.000000 0.163282 -0.025120
482.000000 232.000000 0.508686 -0.025120
3.000000 233.000000 -0.995392 -0.021980
365.000000 234.000000 0.141302 -0.018840
626.000000 234.000000 0.960851 -0.018840
11.000000 235.000000 -0.970271 -0.015700
404.000000 235.000000 0.263763 -0.015700
414.000000 235.000000 0.295163 -0.015700
498.000000 235.000000 0.558927 -0.015700
609.000000 235.000000 0.907471 -0.015700
3.000000 236.000000 -0.995392 -0.012560
410.000000 236.000000 0.282603 -0.012560
578.000000 236.000000 0.810130 -0.012560
624.000000 236.000000 0.954571 -0.012560
429.000000 237.000000 0.342264 -0.009420
453.000000 237.000000 0.417625 -0.009420
491.000000 237.000000 0.536946 -0.009420
626.000000 237.000000 0.960851 -0.009420
241.000000 238.000000 -0.248063 -0.006280
412.000000 238.000000 0.288883 -0.006280
613.000000 238.000000 0.920031 -0.006280
580.000000 239.000000 0.816410 -0.003140
497.000000 240.000000 0.555787 0.000000
199.000000 241.000000 -0.379945 0.003140
230.000000 241.000000 -0.282603 0.003140
237.000000 241.000000 -0.260623 0.003140
339.000000 241.000000 0.059661 0.003140
401.000000 241.000000 0.254343 0.003140
430.000000 241.000000 0.345404 0.003140
490.000000 241.000000 0.533806 0.003140
119.000000 242.000000 -0.631147 0.006280
246.000000 242.000000 -0.232363 0.006280
399.000000 242.000000 0.248063 0.006280
624.000000 242.000000 0.954571 0.006280
253.000000 243.000000 -0.210382 0.009420
419.000000 243.000000 0.310864 0.009420
335.000000 244.000000 0.047101 0.012560
337.000000 244.000000 0.053381 0.012560
396.000000 244.000000 0.238643 0.012560
398.000000 244.000000 0.244923 0.012560
479.000000 244.000000 0.499266 0.012560
491.000000 244.000000 0.536946 0.012560
541.000000 244.000000 0.693948 0.012560
366.000000 245.000000 0.144442 0.015700
400.000000 245.000000 0.251203 0.015700
408.000000 245.000000 0.276323 0.015700
505.000000 245.000000 0.580907 0.015700
78.000000 246.000000 -0.759889 0.018840
229.000000 246.000000 -0.285743 0.018840
251.000000 246.000000 -0.216663 0.018840
352.000000 246.000000 0.100481 0.018840
395.000000 246.000000 0.235503 0.018840
415.000000 246.000000 0.298304 0.018840
68.000000 247.000000 -0.791289 0.021980
335.000000 247.000000 0.047101 0.021980
340.000000 247.000000 0.062801 0.021980
358.000000 247.000000 0.119321 0.021980
472.000000 247.000000 0.477286 0.021980
587.000000 247.000000 0.838390 0.021980
64.000000 248.000000 -0.803850 0.025120
70.000000 248.000000 -0.785009 0.025120
89.000000 248.000000 -0.725349 0.025120
356.000000 248.000000 0.113041 0.025120
363.000000 248.000000 0.135022 0.025120
600.000000 248.000000 0.879210 0.025120
627.000000 248.000000 0.963991 0.025120
607.000000 249.000000 0.901191 0.028260
290.000000 250.000000 -0.094201 0.031400
375.000000 250.000000 0.172702 0.031400
432.000000 250.000000 0.351684 0.031400
437.000000 250.000000 0.367384 0.031400
460.000000 250.000000 0.439605 0.031400
462.000000 250.000000 0.445885 0.031400
69.000000 251.000000 -0.788149 0.034540
138.000000 251.000000 -0.571487 0.034540
164.000000 251.000000 -0.489846 0.034540
223.000000 251.000000 -0.304584 0.034540
368.000000 251.000000 0.150722 0.034540
434.000000 251.000000 0.357964 0.034540
468.000000 251.000000 0.464725 0.034540
591.000000 251.000000 0.850950 0.034540
75.000000 252.000000 -0.769309 0.037680
366.000000 252.000000 0.144442 0.037680
588.000000 252.000000 0.841530 0.037680
147.000000 253.000000 -0.543226 0.040820
153.000000 253.000000 -0.524386 0.040820
161.000000 253.000000 -0.499266 0.040820
218.000000 253.000000 -0.320284 0.040820
238.000000 253.000000 -0.257483 0.040820
514.000000 253.000000 0.609167 0.040820
562.000000 253.000000 0.759889 0.040820
84.000000 254.000000 -0.741049 0.043961
478.000000 254.000000 0.496126 0.043961
88.000000 255.000000 -0.728489 0.047101
369.000000 255.000000 0.153862 0.047101
257.000000 256.000000 -0.197822 0.050241
573.000000 256.000000 0.794429 0.050241
145.000000 257.000000 -0.549506 0.053381
204.000000 257.000000 -0.364244 0.053381
413.000000 257.000000 0.292023 0.053381
163.000000 258.000000 -0.492986 0.056521
201.000000 258.000000 -0.373664 0.056521
417.000000 258.000000 0.304584 0.056521
370.000000 259.000000 0.157002 0.059661
420.000000 259.000000 0.314004 0.059661
126.000000 260.000000 -0.609167 0.062801
133.000000 260.000000 -0.587187 0.062801
153.000000 260.000000 -0.524386 0.062801
434.000000 260.000000 0.357964 0.062801
445.000000 260.000000 0.392505 0.062801
472.000000 260.000000 0.477286 0.062801
622.000000 260.000000 0.948291 0.062801
475.000000 261.000000 0.486706 0.065941
605.000000 261.000000 0.894911 0.065941
103.000000 262.000000 -0.681388 0.069081
203.000000 262.000000 -0.367384 0.069081
462.000000 262.000000 0.445885 0.069081
550.000000 262.000000 0.722209 0.069081
86.000000 263.000000 -0.734769 0.072221
150.000000 263.000000 -0.533806 0.072221
201.000000 263.000000 -0.373664 0.072221
225.000000 263.000000 -0.298304 0.072221
354.000000 263.000000 0.106761 0.072221
433.000000 263.000000 0.354824 0.072221
435.000000 263.000000 0.361104 0.072221
468.000000 263.000000 0.464725 0.072221
595.000000 263.000000 0.863510 0.072221
374.000000 264.000000 0.169562 0.075361
423.000000 264.000000 0.323424 0.075361
150.000000 265.000000 -0.533806 0.078501
194.000000 265.000000 -0.395645 0.078501
358.000000 265.000000 0.119321 0.078501
399.000000 265.000000 0.248063 0.078501
120.000000 266.000000 -0.628007 0.081641
370.000000 266.000000 0.157002 0.081641
376.000000 266.000000 0.175842 0.081641
414.000000 266.000000 0.295163 0.081641
161.000000 267.000000 -0.499266 0.084781
354.000000 267.000000 0.106761 0.084781
382.000000 267.000000 0.194682 0.084781
151.000000 268.000000 -0.530666 0.087921
155.000000 269.000000 -0.518106 0.091061
347.000000 269.000000 0.084781 0.091061
416.000000 269.000000 0.301444 0.091061
431.000000 269.000000 0.348544 0.091061
434.000000 269.000000 0.357964 0.091061
23.000000 270.000000 -0.932591 0.094201
164.000000 270.000000 -0.489846 0.094201
180.000000 270.000000 -0.439605 0.094201
70.000000 271.000000 -0.785009 0.097341
208.000000 271.000000 -0.351684 0.097341
416.000000 271.000000 0.301444 0.097341
615.000000 271.000000 0.926311 0.097341
221.000000 272.000000 -0.310864 0.100481
223.000000 272.000000 -0.304584 0.100481
134.000000 273.000000 -0.584047 0.103621
202.000000 273.000000 -0.370524 0.103621
344.000000 273.000000 0.075361 0.103621
403.000000 273.000000 0.260623 0.103621
430.000000 273.000000 0.345404 0.103621
162.000000 274.000000 -0.496126 0.106761
419.000000 274.000000 0.310864 0.106761
436.000000 274.000000 0.364244 0.106761
627.000000 274.000000 0.963991 0.106761
7.000000 275.000000 -0.982832 0.109901
11.000000 275.000000 -0.970271 0.109901
451.000000 275.000000 0.411345 0.109901
590.000000 275.000000 0.847810 0.109901
159.000000 276.000000 -0.505546 0.113041
340.000000 276.000000 0.062801 0.113041
371.000000 276.000000 0.160142 0.113041
378.000000 276.000000 0.182122 0.113041
455.000000 276.000000 0.423905 0.113041
477.000000 276.000000 0.492986 0.113041
11.000000 277.000000 -0.970271 0.116181
18.000000 277.000000 -0.948291 0.116181
112.000000 277.000000 -0.653128 0.116181
155.000000 277.000000 -0.518106 0.116181
321.000000 277.000000 0.003140 0.116181
349.000000 277.000000 0.091061 0.116181
352.000000 277.000000 0.100481 0.116181
417.000000 277.000000 0.304584 0.116181
419.000000 277.000000 0.310864 0.116181
503.000000 277.000000 0.574627 0.116181
513.000000 277.000000 0.606027 0.116181
421.000000 278.000000 0.317144 0.119321
469.000000 278.000000 0.467866 0.119321
31.000000 279.000000 -0.907471 0.122461
35.000000 279.000000 -0.894911 0.122461
296.000000 279.000000 -0.075361 0.122461
464.000000 279.000000 0.452165 0.122461
466.000000 279.000000 0.458445 0.122461
208.000000 280.000000 -0.351684 0.125601
223.000000 280.000000 -0.304584 0.125601
421.000000 280.000000 0.317144 0.125601
582.000000 280.000000 0.822690 0.125601
6.000000 281.000000 -0.985972 0.128742
165.000000 281.000000 -0.486706 0.128742
178.000000 281.000000 -0.445885 0.128742
202.000000 281.000000 -0.370524 0.128742
205.000000 281.000000 -0.361104 0.128742
214.000000 281.000000 -0.332844 0.128742
226.000000 281.000000 -0.295163 0.128742
378.000000 281.000000 0.182122 0.128742
450.000000 281.000000 0.408205 0.128742
163.000000 282.000000 -0.492986 0.131882
252.000000 282.000000 -0.213523 0.131882
444.000000 282.000000 0.389365 0.131882
478.000000 282.000000 0.496126 0.131882
573.000000 282.000000 0.794429 0.131882
187.000000 283.000000 -0.417625 0.135022
212.000000 283.000000 -0.339124 0.135022
163.000000 284.000000 -0.492986 0.138162
245.000000 284.000000 -0.235503 0.138162
351.000000 284.000000 0.097341 0.138162
428.000000 284.000000 0.339124 0.138162
444.000000 284.000000 0.389365 0.138162
222.000000 285.000000 -0.307724 0.141302
248.000000 285.000000 -0.226083 0.141302
268.000000 285.000000 -0.163282 0.141302
385.000000 285.000000 0.204102 0.141302
466.000000 285.000000 0.458445 0.141302
50.000000 286.000000 -0.847810 0.144442
321.000000 286.000000 0.003140 0.144442
335.000000 286.000000 0.047101 0.144442
348.000000 286.000000 0.087921 0.144442
364.000000 286.000000 0.138162 0.144442
370.000000 286.000000 0.157002 0.144442
373.000000 286.000000 0.166422 0.144442
453.000000 286.000000 0.417625 0.144442
182.000000 287.000000 -0.433325 0.147582
232.000000 287.000000 -0.276323 0.147582
236.000000 287.000000 -0.263763 0.147582
240.000000 287.000000 -0.251203 0.147582
300.000000 287.000000 -0.062801 0.147582
305.000000 287.000000 -0.047101 0.147582
354.000000 287.000000 0.106761 0.147582
389.000000 287.000000 0.216663 0.147582
471.000000 287.000000 0.474146 0.147582
473.000000 287.000000 0.480426 0.147582
126.000000 288.000000 -0.609167 0.150722
150.000000 288.000000 -0.533806 0.150722
162.000000 288.000000 -0.496126 0.150722
263.000000 288.000000 -0.178982 0.150722
433.000000 288.000000 0.354824 0.150722
452.000000 288.000000 0.414485 0.150722
477.000000 288.000000 0.492986 0.150722
506.000000 288.000000 0.584047 0.150722
373.000000 289.000000 0.166422 0.153862
64.000000 290.000000 -0.803850 0.157002
119.000000 290.000000 -0.631147 0.157002
153.000000 290.000000 -0.524386 0.157002
247.000000 290.000000 -0.229223 0.157002
259.000000 290.000000 -0.191542 0.157002
313.000000 290.000000 -0.021980 0.157002
371.000000 290.000000 0.160142 0.157002
468.000000 290.000000 0.464725 0.157002
557.000000 290.000000 0.744189 0.157002
115.000000 291.000000 -0.643708 0.160142
149.000000 291.000000 -0.536946 0.160142
185.000000 291.000000 -0.423905 0.160142
294.000000 291.000000 -0.081641 0.160142
327.000000 291.000000 0.021980 0.160142
330.000000 291.000000 0.031400 0.160142
415.000000 291.000000 0.298304 0.160142
267.000000 292.000000 -0.166422 0.163282
321.000000 292.000000 0.003140 0.163282
471.000000 292.000000 0.474146 0.163282
9.000000 293.000000 -0.976552 0.166422
313.000000 293.000000 -0.021980 0.166422
347.000000 293.000000 0.084781 0.166422
408.000000 293.000000 0.276323 0.166422
583.000000 293.000000 0.825830 0.166422
610.000000 293.000000 0.910611 0.166422
625.000000 293.000000 0.957711 0.166422
14.000000 294.000000 -0.960851 0.169562
62.000000 294.000000 -0.810130 0.169562
84.000000 294.000000 -0.741049 0.169562
102.000000 294.000000 -0.684528 0.169562
180.000000 294.000000 -0.439605 0.169562
334.000000 294.000000 0.043961 0.169562
352.000000 294.000000 0.100481 0.169562
439.000000 294.000000 0.373664 0.169562
18.000000 295.000000 -0.948291 0.172702
26.000000 295.000000 -0.923171 0.172702
73.000000 295.000000 -0.775589 0.172702
363.000000 295.000000 0.135022 0.172702
290.000000 296.000000 -0.094201 0.175842
315.000000 296.000000 -0.015700 0.175842
480.000000 296.000000 0.502406 0.175842
34.000000 297.000000 -0.898051 0.178982
172.000000 297.000000 -0.464725 0.178982
276.000000 297.000000 -0.138162 0.178982
278.000000 297.000000 -0.131882 0.178982
328.000000 297.000000 0.025120 0.178982
69.000000 298.000000 -0.788149 0.182122
111.000000 298.000000 -0.656268 0.182122
188.000000 298.000000 -0.414485 0.182122
282.000000 298.000000 -0.119321 0.182122
300.000000 298.000000 -0.062801 0.182122
331.000000 298.000000 0.034540 0.182122
358.000000 298.000000 0.119321 0.182122
477.000000 298.000000 0.492986 0.182122
559.000000 298.000000 0.750469 0.182122
3.000000 299.000000 -0.995392 0.185262
22.000000 299.000000 -0.935731 0.185262
66.000000 299.000000 -0.797569 0.185262
71.000000 299.000000 -0.781869 0.185262
74.000000 299.000000 -0.772449 0.185262
354.000000 299.000000 0.106761 0.185262
364.000000 299.000000 0.138162 0.185262
483.000000 299.000000 0.511826 0.185262
495.000000 299.000000 0.549506 0.185262
604.000000 299.000000 0.891771 0.185262
6.000000 300.000000 -0.985972 0.188402
24.000000 300.000000 -0.929451 0.188402
79.000000 300.000000 -0.756749 0.188402
93.000000 300.000000 -0.712788 0.188402
169.000000 300.000000 -0.474146 0.188402
281.000000 300.000000 -0.122461 0.188402
375.000000 300.000000 0.172702 0.188402
445.000000 300.000000 0.392505 0.188402
547.000000 300.000000 0.712788 0.188402
99.000000 301.000000 -0.693948 0.191542
294.000000 301.000000 -0.081641 0.191542
320.000000 301.000000 -0.000000 0.191542
461.000000 301.000000 0.442745 0.191542
30.000000 302.000000 -0.910611 0.194682
66.000000 302.000000 -0.797569 0.194682
103.000000 302.000000 -0.681388 0.194682
163.000000 302.000000 -0.492986 0.194682
286.000000 302.000000 -0.106761 0.194682
345.000000 302.000000 0.078501 0.194682
407.000000 302.000000 0.273183 0.194682
468.000000 302.000000 0.464725 0.194682
3.000000 303.000000 -0.995392 0.197822
203.000000 303.000000 -0.367384 0.197822
290.000000 303.000000 -0.094201 0.197822
432.000000 303.000000 0.351684 0.197822
626.000000 303.000000 0.960851 0.197822
28.000000 304.000000 -0.916891 0.200962
108.000000 304.000000 -0.665688 0.200962
111.000000 304.000000 -0.656268 0.200962
161.000000 304.000000 -0.499266 0.200962
283.000000 304.000000 -0.116181 0.200962
343.000000 304.000000 0.072221 0.200962
365.000000 304.000000 0.141302 0.200962
393.000000 304.000000 0.229223 0.200962
49.000000 305.000000 -0.850950 0.204102
98.000000 305.000000 -0.697088 0.204102
157.000000 305.000000 -0.511826 0.204102
331.000000 305.000000 0.034540 0.204102
354.000000 305.000000 0.106761 0.204102
124.000000 306.000000 -0.615447 0.207242
334.000000 306.000000 0.043961 0.207242
366.000000 306.000000 0.144442 0.207242
370.000000 306.000000 0.157002 0.207242
477.000000 306.000000 0.492986 0.207242
627.000000 306.000000 0.963991 0.207242
20.000000 307.000000 -0.942011 0.210382
23.000000 307.000000 -0.932591 0.210382
72.000000 307.000000 -0.778729 0.210382
74.000000 307.000000 -0.772449 0.210382
109.000000 307.000000 -0.662548 0.210382
351.000000 307.000000 0.097341 0.210382
7.000000 308.000000 -0.982832 0.213523
14.000000 308.000000 -0.960851 0.213523
60.000000 308.000000 -0.816410 0.213523
106.000000 308.000000 -0.671968 0.213523
155.000000 308.000000 -0.518106 0.213523
293.000000 308.000000 -0.084781 0.213523
340.000000 308.000000 0.062801 0.213523
368.000000 308.000000 0.150722 0.213523
374.000000 308.000000 0.169562 0.213523
416.000000 308.000000 0.301444 0.213523
627.000000 308.000000 0.963991 0.213523
45.000000 309.000000 -0.863510 0.216663
85.000000 309.000000 -0.737909 0.216663
96.000000 309.000000 -0.703368 0.216663
123.000000 309.000000 -0.618587 0.216663
170.000000 309.000000 -0.471006 0.216663
298.000000 309.000000 -0.069081 0.216663
311.000000 309.000000 -0.028260 0.216663
356.000000 309.000000 0.113041 0.216663
364.000000 309.000000 0.138162 0.216663
377.000000 309.000000 0.178982 0.216663
464.000000 309.000000 0.452165 0.216663
5.000000 310.000000 -0.989112 0.219803
64.000000 310.000000 -0.803850 0.219803
74.000000 310.000000 -0.772449 0.219803
102.000000 310.000000 -0.684528 0.219803
119.000000 310.000000 -0.631147 0.219803
128.000000 310.000000 -0.602887 0.219803
303.000000 310.000000 -0.053381 0.219803
350.000000 310.000000 0.094201 0.219803
446.000000 310.000000 0.395645 0.219803
521.000000 310.000000 0.631147 0.219803
632.000000 310.000000 0.979692 0.219803
53.000000 311.000000 -0.838390 0.222943
67.000000 311.000000 -0.794429 0.222943
116.000000 311.000000 -0.640568 0.222943
171.000000 311.000000 -0.467866 0.222943
307.000000 311.000000 -0.040820 0.222943
343.000000 311.000000 0.072221 0.222943
360.000000 311.000000 0.125601 0.222943
371.000000 311.000000 0.160142 0.222943
454.000000 311.000000 0.420765 0.222943
75.000000 312.000000 -0.769309 0.226083
95.000000 312.000000 -0.706508 0.226083
98.000000 312.000000 -0.697088 0.226083
132.000000 312.000000 -0.590327 0.226083
169.000000 312.000000 -0.474146 0.226083
445.000000 312.000000 0.392505 0.226083
7.000000 313.000000 -0.982832 0.229223
49.000000 313.000000 -0.850950 0.229223
112.000000 313.000000 -0.653128 0.229223
114.000000 313.000000 -0.646848 0.229223
308.000000 313.000000 -0.037680 0.229223
339.000000 313.000000 0.059661 0.229223
369.000000 313.000000 0.153862 0.229223
374.000000 313.000000 0.169562 0.229223
435.000000 313.000000 0.361104 0.229223
94.000000 314.000000 -0.709648 0.232363
175.000000 314.000000 -0.455305 0.232363
290.000000 314.000000 -0.094201 0.232363
328.000000 314.000000 0.025120 0.232363
335.000000 314.000000 0.047101 0.232363
361.000000 314.000000 0.128742 0.232363
381.000000 314.000000 0.191542 0.232363
429.000000 314.000000 0.342264 0.232363
446.000000 314.000000 0.395645 0.232363
577.000000 314.000000 0.806990 0.232363
18.000000 315.000000 -0.948291 0.235503
46.000000 315.000000 -0.860370 0.235503
54.000000 315.000000 -0.835250 0.235503
111.000000 315.000000 -0.656268 0.235503
121.000000 315.000000 -0.624867 0.235503
152.000000 315.000000 -0.527526 0.235503
299.000000 315.000000 -0.065941 0.235503
354.000000 315.000000 0.106761 0.235503
367.000000 315.000000 0.147582 0.235503
454.000000 315.000000 0.420765 0.235503
26.000000 316.000000 -0.923171 0.238643
81.000000 316.000000 -0.750469 0.238643
389.000000 316.000000 0.216663 0.238643
514.000000 316.000000 0.609167 0.238643
4.000000 317.000000 -0.992252 0.241783
76.000000 317.000000 -0.766169 0.241783
103.000000 317.000000 -0.681388 0.241783
296.000000 317.000000 -0.075361 0.241783
349.000000 317.000000 0.091061 0.241783
359.000000 317.000000 0.122461 0.241783
524.000000 317.000000 0.640568 0.241783
570.000000 317.000000 0.785009 0.241783
582.000000 317.000000 0.822690 0.241783
47.000000 318.000000 -0.857230 0.244923
112.000000 318.000000 -0.653128 0.244923
118.000000 318.000000 -0.634288 0.244923
395.000000 318.000000 0.235503 0.244923
414.000000 318.000000 0.295163 0.244923
466.000000 318.000000 0.458445 0.244923
3.000000 319.000000 -0.995392 0.248063
10.000000 319.000000 -0.973412 0.248063
61.000000 319.000000 -0.813270 0.248063
75.000000 319.000000 -0.769309 0.248063
165.000000 319.000000 -0.486706 0.248063
377.000000 319.000000 0.178982 0.248063
6.000000 320.000000 -0.985972 0.251203
66.000000 320.000000 -0.797569 0.251203
85.000000 320.000000 -0.737909 0.251203
289.000000 320.000000 -0.097341 0.251203
345.000000 320.000000 0.078501 0.251203
356.000000 320.000000 0.113041 0.251203
460.000000 320.000000 0.439605 0.251203
577.000000 320.000000 0.806990 0.251203
107.000000 321.000000 -0.668828 0.254343
114.000000 321.000000 -0.646848 0.254343
132.000000 321.000000 -0.590327 0.254343
286.000000 321.000000 -0.106761 0.254343
297.000000 321.000000 -0.072221 0.254343
337.000000 321.000000 0.053381 0.254343
381.000000 321.000000 0.191542 0.254343
394.000000 321.000000 0.232363 0.254343
404.000000 321.000000 0.263763 0.254343
409.000000 321.000000 0.279463 0.254343
18.000000 322.000000 -0.948291 0.257483
69.000000 322.000000 -0.788149 0.257483
95.000000 322.000000 -0.706508 0.257483
100.000000 322.000000 -0.690808 0.257483
104.000000 322.000000 -0.678248 0.257483
137.000000 322.000000 -0.574627 0.257483
157.000000 322.000000 -0.511826 0.257483
357.000000 322.000000 0.116181 0.257483
367.000000 322.000000 0.147582 0.257483
30.000000 323.000000 -0.910611 0.260623
37.000000 323.000000 -0.888631 0.260623
80.000000 323.000000 -0.753609 0.260623
572.000000 323.000000 0.791289 0.260623
55.000000 324.000000 -0.832110 0.263763
61.000000 324.000000 -0.813270 0.263763
115.000000 324.000000 -0.643708 0.263763
146.000000 324.000000 -0.546366 0.263763
337.000000 324.000000 0.053381 0.263763
378.000000 324.000000 0.182122 0.263763
439.000000 324.000000 0.373664 0.263763
488.000000 324.000000 0.527526 0.263763
118.000000 325.000000 -0.634288 0.266903
341.000000 325.000000 0.065941 0.266903
427.000000 325.000000 0.335984 0.266903
535.000000 325.000000 0.675108 0.266903
546.000000 325.000000 0.709648 0.266903
556.000000 325.000000 0.741049 0.266903
5.000000 326.000000 -0.989112 0.270043
22.000000 326.000000 -0.935731 0.270043
165.000000 326.000000 -0.486706 0.270043
370.000000 326.000000 0.157002 0.270043
376.000000 326.000000 0.175842 0.270043
543.000000 326.000000 0.700228 0.270043
70.000000 327.000000 -0.785009 0.273183
119.000000 327.000000 -0.631147 0.273183
274.000000 327.000000 -0.144442 0.273183
333.000000 327.000000 0.040820 0.273183
357.000000 327.000000 0.116181 0.273183
436.000000 327.000000 0.364244 0.273183
521.000000 327.000000 0.631147 0.273183
9.000000 328.000000 -0.976552 0.276323
89.000000 328.000000 -0.725349 0.276323
374.000000 328.000000 0.169562 0.276323
394.000000 328.000000 0.232363 0.276323
409.000000 328.000000 0.279463 0.276323
597.000000 328.000000 0.869790 0.276323
54.000000 329.000000 -0.835250 0.279463
99.000000 329.000000 -0.693948 0.279463
309.000000 329.000000 -0.034540 0.279463
318.000000 329.000000 -0.006280 0.279463
491.000000 329.000000 0.536946 0.279463
14.000000 330.000000 -0.960851 0.282603
18.000000 330.000000 -0.948291 0.282603
102.000000 330.000000 -0.684528 0.282603
128.000000 330.000000 -0.602887 0.282603
210.000000 330.000000 -0.345404 0.282603
213.000000 330.000000 -0.335984 0.282603
278.000000 330.000000 -0.131882 0.282603
361.000000 330.000000 0.128742 0.282603
372.000000 331.000000 0.163282 0.285743
442.000000 331.000000 0.383085 0.285743
448.000000 331.000000 0.401925 0.285743
464.000000 331.000000 0.452165 0.285743
508.000000 331.000000 0.590327 0.285743
68.000000 332.000000 -0.791289 0.288883
307.000000 332.000000 -0.040820 0.288883
499.000000 332.000000 0.562067 0.288883
576.000000 332.000000 0.803850 0.288883
401.000000 333.000000 0.254343 0.292023
456.000000 333.000000 0.427045 0.292023
461.000000 333.000000 0.442745 0.292023
567.000000 333.000000 0.775589 0.292023
60.000000 334.000000 -0.816410 0.295163
78.000000 334.000000 -0.759889 0.295163
108.000000 334.000000 -0.665688 0.295163
125.000000 334.000000 -0.612307 0.295163
278.000000 334.000000 -0.131882 0.295163
357.000000 334.000000 0.116181 0.295163
431.000000 334.000000 0.348544 0.295163
531.000000 334.000000 0.662548 0.295163
604.000000 334.000000 0.891771 0.295163
85.000000 336.000000 -0.737909 0.301444
130.000000 336.000000 -0.596607 0.301444
358.000000 336.000000 0.119321 0.301444
411.000000 336.000000 0.285743 0.301444
584.000000 336.000000 0.828970 0.301444
111.000000 337.000000 -0.656268 0.304584
203.000000 337.000000 -0.367384 0.304584
351.000000 337.000000 0.097341 0.304584
404.000000 337.000000 0.263763 0.304584
113.000000 338.000000 -0.649988 0.307724
366.000000 338.000000 0.144442 0.307724
492.000000 338.000000 0.540086 0.307724
310.000000 339.000000 -0.031400 0.310864
459.000000 339.000000 0.436465 0.310864
72.000000 340.000000 -0.778729 0.314004
148.000000 340.000000 -0.540086 0.314004
166.000000 340.000000 -0.483566 0.314004
201.000000 340.000000 -0.373664 0.314004
205.000000 340.000000 -0.361104 0.314004
350.000000 340.000000 0.094201 0.314004
377.000000 340.000000 0.178982 0.314004
597.000000 340.000000 0.869790 0.314004
45.000000 341.000000 -0.863510 0.317144
47.000000 341.000000 -0.857230 0.317144
66.000000 341.000000 -0.797569 0.317144
319.000000 341.000000 -0.003140 0.317144
370.000000 341.000000 0.157002 0.317144
446.000000 341.000000 0.395645 0.317144
546.000000 341.000000 0.709648 0.317144
332.000000 342.000000 0.037680 0.320284
466.000000 342.000000 0.458445 0.320284
587.000000 342.000000 0.838390 0.320284
337.000000 343.000000 0.053381 0.323424
349.000000 343.000000 0.091061 0.323424
369.000000 343.000000 0.153862 0.323424
136.000000 344.000000 -0.577767 0.326564
165.000000 344.000000 -0.486706 0.326564
40.000000 345.000000 -0.879210 0.329704
133.000000 345.000000 -0.587187 0.329704
199.000000 345.000000 -0.379945 0.329704
390.000000 345.000000 0.219803 0.329704
395.000000 345.000000 0.235503 0.329704
461.000000 345.000000 0.442745 0.329704
485.000000 345.000000 0.518106 0.329704
625.000000 345.000000 0.957711 0.329704
64.000000 346.000000 -0.803850 0.332844
70.000000 346.000000 -0.785009 0.332844
29.000000 347.000000 -0.913751 0.335984
378.000000 347.000000 0.182122 0.335984
565.000000 347.000000 0.769309 0.335984
582.000000 347.000000 0.822690 0.335984
632.000000 347.000000 0.979692 0.335984
399.000000 348.000000 0.248063 0.339124
535.000000 348.000000 0.675108 0.339124
625.000000 348.000000 0.957711 0.339124
29.000000 349.000000 -0.913751 0.342264
201.000000 349.000000 -0.373664 0.342264
203.000000 349.000000 -0.367384 0.342264
395.000000 349.000000 0.235503 0.342264
479.000000 349.000000 0.499266 0.342264
576.000000 349.000000 0.803850 0.342264
601.000000 349.000000 0.882350 0.342264
56.000000 350.000000 -0.828970 0.345404
67.000000 350.000000 -0.794429 0.345404
109.000000 350.000000 -0.662548 0.345404
131.000000 350.000000 -0.593467 0.345404
514.000000 350.000000 0.609167 0.345404
559.000000 350.000000 0.750469 0.345404
93.000000 351.000000 -0.712788 0.348544
197.000000 351.000000 -0.386225 0.348544
338.000000 351.000000 0.056521 0.348544
104.000000 352.000000 -0.678248 0.351684
588.000000 352.000000 0.841530 0.351684
465.000000 353.000000 0.455305 0.354824
618.000000 353.000000 0.935731 0.354824
628.000000 353.000000 0.967131 0.354824
101.000000 354.000000 -0.687668 0.357964
307.000000 354.000000 -0.040820 0.357964
635.000000 354.000000 0.989112 0.357964
77.000000 355.000000 -0.763029 0.361104
93.000000 355.000000 -0.712788 0.361104
106.000000 355.000000 -0.671968 0.361104
167.000000 355.000000 -0.480426 0.361104
321.000000 355.000000 0.003140 0.361104
347.000000 355.000000 0.084781 0.361104
499.000000 355.000000 0.562067 0.361104
604.000000 355.000000 0.891771 0.361104
610.000000 355.000000 0.910611 0.361104
37.000000 356.000000 -0.888631 0.364244
95.000000 356.000000 -0.706508 0.364244
333.000000 356.000000 0.040820 0.364244
362.000000 356.000000 0.131882 0.364244
559.000000 356.000000 0.750469 0.364244
567.000000 356.000000 0.775589 0.364244
32.000000 357.000000 -0.904331 0.367384
311.000000 357.000000 -0.028260 0.367384
344.000000 357.000000 0.075361 0.367384
562.000000 357.000000 0.759889 0.367384
627.000000 357.000000 0.963991 0.367384
72.000000 358.000000 -0.778729 0.370524
84.000000 358.000000 -0.741049 0.370524
361.000000 358.000000 0.128742 0.370524
295.000000 359.000000 -0.078501 0.373664
363.000000 359.000000 0.135022 0.373664
162.000000 360.000000 -0.496126 0.376804
193.000000 360.000000 -0.398785 0.376804
298.000000 360.000000 -0.069081 0.376804
349.000000 360.000000 0.091061 0.376804
357.000000 360.000000 0.116181 0.376804
387.000000 360.000000 0.210382 0.376804
432.000000 360.000000 0.351684 0.376804
581.000000 360.000000 0.819550 0.376804
624.000000 360.000000 0.954571 0.376804
227.000000 361.000000 -0.292023 0.379945
353.000000 361.000000 0.103621 0.379945
53.000000 362.000000 -0.838390 0.383085
69.000000 362.000000 -0.788149 0.383085
351.000000 362.000000 0.097341 0.383085
215.000000 363.000000 -0.329704 0.386225
285.000000 363.000000 -0.109901 0.386225
605.000000 363.000000 0.894911 0.386225
211.000000 365.000000 -0.342264 0.392505
352.000000 365.000000 0.100481 0.392505
385.000000 365.000000 0.204102 0.392505
392.000000 365.000000 0.226083 0.392505
198.000000 366.000000 -0.383085 0.395645
214.000000 366.000000 -0.332844 0.395645
219.000000 366.000000 -0.317144 0.395645
620.000000 366.000000 0.942011 0.395645
125.000000 367.000000 -0.612307 0.398785
289.000000 367.000000 -0.097341 0.398785
297.000000 367.000000 -0.072221 0.398785
399.000000 367.000000 0.248063 0.398785
402.000000 367.000000 0.257483 0.398785
629.000000 367.000000 0.970271 0.398785
203.000000 368.000000 -0.367384 0.401925
250.000000 368.000000 -0.219803 0.401925
279.000000 368.000000 -0.128742 0.401925
294.000000 368.000000 -0.081641 0.401925
216.000000 369.000000 -0.326564 0.405065
282.000000 369.000000 -0.119321 0.405065
410.000000 369.000000 0.282603 0.405065
632.000000 369.000000 0.979692 0.405065
623.000000 370.000000 0.951431 0.408205
176.000000 371.000000 -0.452165 0.411345
213.000000 371.000000 -0.335984 0.411345
279.000000 371.000000 -0.128742 0.411345
321.000000 371.000000 0.003140 0.411345
587.000000 371.000000 0.838390 0.411345
69.000000 372.000000 -0.788149 0.414485
71.000000 372.000000 -0.781869 0.414485
316.000000 372.000000 -0.012560 0.414485
357.000000 372.000000 0.116181 0.414485
555.000000 372.000000 0.737909 0.414485
576.000000 372.000000 0.803850 0.414485
624.000000 372.000000 0.954571 0.414485
50.000000 373.000000 -0.847810 0.417625
52.000000 373.000000 -0.841530 0.417625
89.000000 373.000000 -0.725349 0.417625
406.000000 373.000000 0.270043 0.417625
441.000000 373.000000 0.379945 0.417625
466.000000 373.000000 0.458445 0.417625
573.000000 373.000000 0.794429 0.417625
578.000000 373.000000 0.810130 0.417625
592.000000 373.000000 0.854090 0.417625
615.000000 373.000000 0.926311 0.417625
20.000000 374.000000 -0.942011 0.420765
34.000000 374.000000 -0.898051 0.420765
224.000000 374.000000 -0.301444 0.420765
298.000000 374.000000 -0.069081 0.420765
352.000000 374.000000 0.100481 0.420765
358.000000 374.000000 0.119321 0.420765
384.000000 374.000000 0.200962 0.420765
265.000000 375.000000 -0.172702 0.423905
319.000000 375.000000 -0.003140 0.423905
323.000000 375.000000 0.009420 0.423905
415.000000 375.000000 0.298304 0.423905
425.000000 375.000000 0.329704 0.423905
419.000000 376.000000 0.310864 0.427045
627.000000 376.000000 0.963991 0.427045
273.000000 377.000000 -0.147582 0.430185
276.000000 377.000000 -0.138162 0.430185
401.000000 377.000000 0.254343 0.430185
23.000000 378.000000 -0.932591 0.433325
317.000000 378.000000 -0.009420 0.433325
357.000000 378.000000 0.116181 0.433325
44.000000 379.000000 -0.866650 0.436465
261.000000 379.000000 -0.185262 0.436465
362.000000 379.000000 0.131882 0.436465
368.000000 379.000000 0.150722 0.436465
605.000000 379.000000 0.894911 0.436465
621.000000 379.000000 0.945151 0.436465
51.000000 380.000000 -0.844670 0.439605
223.000000 380.000000 -0.304584 0.439605
267.000000 380.000000 -0.166422 0.439605
269.000000 380.000000 -0.160142 0.439605
284.000000 380.000000 -0.113041 0.439605
299.000000 380.000000 -0.065941 0.439605
355.000000 380.000000 0.109901 0.439605
573.000000 380.000000 0.794429 0.439605
290.000000 381.000000 -0.094201 0.442745
310.000000 381.000000 -0.031400 0.442745
423.000000 381.000000 0.323424 0.442745
432.000000 381.000000 0.351684 0.442745
261.000000 382.000000 -0.185262 0.445885
273.000000 382.000000 -0.147582 0.445885
277.000000 382.000000 -0.135022 0.445885
281.000000 382.000000 -0.122461 0.445885
239.000000 383.000000 -0.254343 0.449025
309.000000 383.000000 -0.034540 0.449025
313.000000 383.000000 -0.021980 0.449025
365.000000 383.000000 0.141302 0.449025
412.000000 383.000000 0.288883 0.449025
463.000000 383.000000 0.449025 0.449025
237.000000 384.000000 -0.260623 0.452165
256.000000 384.000000 -0.200962 0.452165
258.000000 384.000000 -0.194682 0.452165
393.000000 384.000000 0.229223 0.452165
615.000000 384.000000 0.926311 0.452165
177.000000 385.000000 -0.449025 0.455305
233.000000 385.000000 -0.273183 0.455305
263.000000 385.000000 -0.178982 0.455305
265.000000 385.000000 -0.172702 0.455305
305.000000 385.000000 -0.047101 0.455305
307.000000 385.000000 -0.040820 0.455305
322.000000 385.000000 0.006280 0.455305
252.000000 386.000000 -0.213523 0.458445
290.000000 386.000000 -0.094201 0.458445
309.000000 386.000000 -0.034540 0.458445
625.000000 386.000000 0.957711 0.458445
280.000000 387.000000 -0.125601 0.461585
592.000000 387.000000 0.854090 0.461585
239.000000 388.000000 -0.254343 0.464725
314.000000 388.000000 -0.018840 0.464725
324.000000 388.000000 0.012560 0.464725
337.000000 388.000000 0.053381 0.464725
574.000000 389.000000 0.797569 0.467866
628.000000 389.000000 0.967131 0.467866
262.000000 390.000000 -0.182122 0.471006
290.000000 390.000000 -0.094201 0.471006
122.000000 391.000000 -0.621727 0.474146
243.000000 391.000000 -0.241783 0.474146
302.000000 391.000000 -0.056521 0.474146
345.000000 391.000000 0.078501 0.474146
417.000000 391.000000 0.304584 0.474146
104.000000 392.000000 -0.678248 0.477286
332.000000 392.000000 0.037680 0.477286
393.000000 392.000000 0.229223 0.477286
149.000000 393.000000 -0.536946 0.480426
336.000000 393.000000 0.050241 0.480426
366.000000 393.000000 0.144442 0.480426
600.000000 393.000000 0.879210 0.480426
20.000000 394.000000 -0.942011 0.483566
116.000000 394.000000 -0.640568 0.483566
214.000000 394.000000 -0.332844 0.483566
285.000000 394.000000 -0.109901 0.483566
291.000000 394.000000 -0.091061 0.483566
315.000000 394.000000 -0.015700 0.483566
342.000000 394.000000 0.069081 0.483566
357.000000 394.000000 0.116181 0.483566
370.000000 394.000000 0.157002 0.483566
379.000000 394.000000 0.185262 0.483566
389.000000 394.000000 0.216663 0.483566
406.000000 394.000000 0.270043 0.483566
465.000000 394.000000 0.455305 0.483566
511.000000 394.000000 0.599747 0.483566
624.000000 394.000000 0.954571 0.483566
69.000000 395.000000 -0.788149 0.486706
132.000000 395.000000 -0.590327 0.486706
142.000000 395.000000 -0.558927 0.486706
176.000000 395.000000 -0.452165 0.486706
233.000000 395.000000 -0.273183 0.486706
244.000000 395.000000 -0.238643 0.486706
267.000000 395.000000 -0.166422 0.486706
351.000000 395.000000 0.097341 0.486706
424.000000 395.000000 0.326564 0.486706
469.000000 395.000000 0.467866 0.486706
597.000000 395.000000 0.869790 0.486706
33.000000 396.000000 -0.901191 0.489846
56.000000 396.000000 -0.828970 0.489846
239.000000 396.000000 -0.254343 0.489846
347.000000 396.000000 0.084781 0.489846
623.000000 396.000000 0.951431 0.489846
66.000000 397.000000 -0.797569 0.492986
72.000000 397.000000 -0.778729 0.492986
137.000000 397.000000 -0.574627 0.492986
216.000000 397.000000 -0.326564 0.492986
223.000000 397.000000 -0.304584 0.492986
228.000000 397.000000 -0.288883 0.492986
237.000000 397.000000 -0.260623 0.492986
286.000000 397.000000 -0.106761 0.492986
334.000000 397.000000 0.043961 0.492986
355.000000 397.000000 0.109901 0.492986
359.000000 397.000000 0.122461 0.492986
381.000000 397.000000 0.191542 0.492986
606.000000 397.000000 0.898051 0.492986
608.000000 397.000000 0.904331 0.492986
210.000000 398.000000 -0.345404 0.496126
239.000000 398.000000 -0.254343 0.496126
267.000000 398.000000 -0.166422 0.496126
363.000000 398.000000 0.135022 0.496126
225.000000 399.000000 -0.298304 0.499266
282.000000 399.000000 -0.119321 0.499266
287.000000 399.000000 -0.103621 0.499266
292.000000 399.000000 -0.087921 0.499266
303.000000 399.000000 -0.053381 0.499266
310.000000 399.000000 -0.031400 0.499266
378.000000 399.000000 0.182122 0.499266
487.000000 399.000000 0.524386 0.499266
204.000000 400.000000 -0.364244 0.502406
221.000000 400.000000 -0.310864 0.502406
263.000000 400.000000 -0.178982 0.502406
289.000000 400.000000 -0.097341 0.502406
343.000000 400.000000 0.072221 0.502406
439.000000 400.000000 0.373664 0.502406
450.000000 400.000000 0.408205 0.502406
635.000000 400.000000 0.989112 0.502406
177.000000 401.000000 -0.449025 0.505546
195.000000 401.000000 -0.392505 0.505546
197.000000 401.000000 -0.386225 0.505546
257.000000 401.000000 -0.197822 0.505546
331.000000 401.000000 0.034540 0.505546
350.000000 401.000000 0.094201 0.505546
389.000000 401.000000 0.216663 0.505546
410.000000 401.000000 0.282603 0.505546
419.000000 401.000000 0.310864 0.505546
428.000000 401.000000 0.339124 0.505546
137.000000 402.000000 -0.574627 0.508686
157.000000 402.000000 -0.511826 0.508686
264.000000 402.000000 -0.175842 0.508686
328.000000 402.000000 0.025120 0.508686
336.000000 402.000000 0.050241 0.508686
385.000000 402.000000 0.204102 0.508686
406.000000 402.000000 0.270043 0.508686
454.000000 402.000000 0.420765 0.508686
462.000000 402.000000 0.445885 0.508686
174.000000 403.000000 -0.458445 0.511826
196.000000 403.000000 -0.389365 0.511826
206.000000 403.000000 -0.357964 0.511826
262.000000 403.000000 -0.182122 0.511826
339.000000 403.000000 0.059661 0.511826
367.000000 403.000000 0.147582 0.511826
396.000000 403.000000 0.238643 0.511826
604.000000 403.000000 0.891771 0.511826
608.000000 403.000000 0.904331 0.511826
619.000000 403.000000 0.938871 0.511826
165.000000 404.000000 -0.486706 0.514966
243.000000 404.000000 -0.241783 0.514966
291.000000 404.000000 -0.091061 0.514966
357.000000 404.000000 0.116181 0.514966
465.000000 404.000000 0.455305 0.514966
114.000000 405.000000 -0.646848 0.518106
248.000000 405.000000 -0.226083 0.518106
332.000000 405.000000 0.037680 0.518106
334.000000 405.000000 0.043961 0.518106
337.000000 405.000000 0.053381 0.518106
388.000000 405.000000 0.213523 0.518106
396.000000 405.000000 0.238643 0.518106
461.000000 405.000000 0.442745 0.518106
148.000000 406.000000 -0.540086 0.521246
163.000000 406.000000 -0.492986 0.521246
172.000000 406.000000 -0.464725 0.521246
185.000000 406.000000 -0.423905 0.521246
187.000000 406.000000 -0.417625 0.521246
371.000000 406.000000 0.160142 0.521246
447.000000 406.000000 0.398785 0.521246
623.000000 406.000000 0.951431 0.521246
142.000000 407.000000 -0.558927 0.524386
176.000000 407.000000 -0.452165 0.524386
235.000000 407.000000 -0.266903 0.524386
411.000000 407.000000 0.285743 0.524386
186.000000 408.000000 -0.420765 0.527526
391.000000 408.000000 0.222943 0.527526
91.000000 409.000000 -0.719069 0.530666
160.000000 409.000000 -0.502406 0.530666
176.000000 409.000000 -0.452165 0.530666
292.000000 409.000000 -0.087921 0.530666
332.000000 409.000000 0.037680 0.530666
377.000000 409.000000 0.178982 0.530666
414.000000 409.000000 0.295163 0.530666
418.000000 409.000000 0.307724 0.530666
428.000000 409.000000 0.339124 0.530666
432.000000 409.000000 0.351684 0.530666
450.000000 409.000000 0.408205 0.530666
623.000000 409.000000 0.951431 0.530666
43.000000 410.000000 -0.869790 0.533806
179.000000 410.000000 -0.442745 0.533806
194.000000 410.000000 -0.395645 0.533806
284.000000 410.000000 -0.113041 0.533806
350.000000 410.000000 0.094201 0.533806
364.000000 410.000000 0.138162 0.533806
392.000000 410.000000 0.226083 0.533806
426.000000 410.000000 0.332844 0.533806
190.000000 411.000000 -0.408205 0.536946
318.000000 411.000000 -0.006280 0.536946
354.000000 411.000000 0.106761 0.536946
403.000000 411.000000 0.260623 0.536946
416.000000 411.000000 0.301444 0.536946
451.000000 411.000000 0.411345 0.536946
633.000000 411.000000 0.982832 0.536946
152.000000 412.000000 -0.527526 0.540086
262.000000 412.000000 -0.182122 0.540086
406.000000 412.000000 0.270043 0.540086
440.000000 412.000000 0.376804 0.540086
70.000000 413.000000 -0.785009 0.543226
206.000000 413.000000 -0.357964 0.543226
209.000000 413.000000 -0.348544 0.543226
217.000000 413.000000 -0.323424 0.543226
303.000000 413.000000 -0.053381 0.543226
351.000000 413.000000 0.097341 0.543226
398.000000 413.000000 0.244923 0.543226
253.000000 414.000000 -0.210382 0.546366
263.000000 414.000000 -0.178982 0.546366
392.000000 414.000000 0.226083 0.546366
97.000000 415.000000 -0.700228 0.549506
202.000000 415.000000 -0.370524 0.549506
209.000000 415.000000 -0.348544 0.549506
220.000000 415.000000 -0.314004 0.549506
247.000000 415.000000 -0.229223 0.549506
268.000000 415.000000 -0.163282 0.549506
446.000000 415.000000 0.395645 0.549506
174.000000 416.000000 -0.458445 0.552647
199.000000 416.000000 -0.379945 0.552647
274.000000 416.000000 -0.144442 0.552647
377.000000 416.000000 0.178982 0.552647
391.000000 416.000000 0.222943 0.552647
72.000000 417.000000 -0.778729 0.555787
289.000000 417.000000 -0.097341 0.555787
327.000000 417.000000 0.021980 0.555787
330.000000 417.000000 0.031400 0.555787
333.000000 417.000000 0.040820 0.555787
448.000000 417.000000 0.401925 0.555787
573.000000 417.000000 0.794429 0.555787
619.000000 417.000000 0.938871 0.555787
175.000000 418.000000 -0.455305 0.558927
230.000000 418.000000 -0.282603 0.558927
266.000000 418.000000 -0.169562 0.558927
337.000000 418.000000 0.053381 0.558927
363.000000 418.000000 0.135022 0.558927
113.000000 419.000000 -0.649988 0.562067
137.000000 419.000000 -0.574627 0.562067
245.000000 419.000000 -0.235503 0.562067
257.000000 419.000000 -0.197822 0.562067
323.000000 419.000000 0.009420 0.562067
500.000000 419.000000 0.565207 0.562067
619.000000 419.000000 0.938871 0.562067
191.000000 420.000000 -0.405065 0.565207
212.000000 420.000000 -0.339124 0.565207
252.000000 420.000000 -0.213523 0.565207
335.000000 420.000000 0.047101 0.565207
356.000000 420.000000 0.113041 0.565207
445.000000 420.000000 0.392505 0.565207
508.000000 420.000000 0.590327 0.565207
96.000000 421.000000 -0.703368 0.568347
307.000000 421.000000 -0.040820 0.568347
377.000000 421.000000 0.178982 0.568347
12.000000 422.000000 -0.967131 0.571487
58.000000 422.000000 -0.822690 0.571487
137.000000 422.000000 -0.574627 0.571487
233.000000 422.000000 -0.273183 0.571487
267.000000 422.000000 -0.166422 0.571487
395.000000 422.000000 0.235503 0.571487
459.000000 422.000000 0.436465 0.571487
503.000000 422.000000 0.574627 0.571487
158.000000 423.000000 -0.508686 0.574627
202.000000 423.000000 -0.370524 0.574627
354.000000 423.000000 0.106761 0.574627
610.000000 423.000000 0.910611 0.574627
625.000000 423.000000 0.957711 0.574627
292.000000 424.000000 -0.087921 0.577767
346.000000 424.000000 0.081641 0.577767
518.000000 424.000000 0.621727 0.577767
222.000000 425.000000 -0.307724 0.580907
249.000000 425.000000 -0.222943 0.580907
298.000000 425.000000 -0.069081 0.580907
377.000000 425.000000 0.178982 0.580907
405.000000 425.000000 0.266903 0.580907
437.000000 425.000000 0.367384 0.580907
208.000000 426.000000 -0.351684 0.584047
237.000000 426.000000 -0.260623 0.584047
303.000000 426.000000 -0.053381 0.584047
400.000000 426.000000 0.251203 0.584047
61.000000 427.000000 -0.813270 0.587187
338.000000 427.000000 0.056521 0.587187
343.000000 427.000000 0.072221 0.587187
389.000000 427.000000 0.216663 0.587187
394.000000 427.000000 0.232363 0.587187
446.000000 427.000000 0.395645 0.587187
449.000000 427.000000 0.405065 0.587187
210.000000 428.000000 -0.345404 0.590327
285.000000 428.000000 -0.109901 0.590327
555.000000 428.000000 0.737909 0.590327
249.000000 429.000000 -0.222943 0.593467
251.000000 429.000000 -0.216663 0.593467
288.000000 429.000000 -0.100481 0.593467
402.000000 429.000000 0.257483 0.593467
214.000000 430.000000 -0.332844 0.596607
390.000000 430.000000 0.219803 0.596607
395.000000 430.000000 0.235503 0.596607
410.000000 430.000000 0.282603 0.596607
105.000000 431.000000 -0.675108 0.599747
277.000000 431.000000 -0.135022 0.599747
336.000000 431.000000 0.050241 0.599747
357.000000 431.000000 0.116181 0.599747
373.000000 431.000000 0.166422 0.599747
403.000000 431.000000 0.260623 0.599747
118.000000 433.000000 -0.634288 0.606027
255.000000 433.000000 -0.204102 0.606027
378.000000 433.000000 0.182122 0.606027
209.000000 434.000000 -0.348544 0.609167
229.000000 434.000000 -0.285743 0.609167
302.000000 434.000000 -0.056521 0.609167
368.000000 434.000000 0.150722 0.609167
138.000000 435.000000 -0.571487 0.612307
165.000000 435.000000 -0.486706 0.612307
259.000000 435.000000 -0.191542 0.612307
318.000000 435.000000 -0.006280 0.612307
404.000000 435.000000 0.263763 0.612307
429.000000 435.000000 0.342264 0.612307
39.000000 436.000000 -0.882350 0.615447
43.000000 436.000000 -0.869790 0.615447
307.000000 436.000000 -0.040820 0.615447
343.000000 436.000000 0.072221 0.615447
393.000000 436.000000 0.229223 0.615447
473.000000 436.000000 0.480426 0.615447
219.000000 437.000000 -0.317144 0.618587
379.000000 437.000000 0.185262 0.618587
406.000000 437.000000 0.270043 0.618587
431.000000 437.000000 0.348544 0.618587
435.000000 437.000000 0.361104 0.618587
21.000000 438.000000 -0.938871 0.621727
240.000000 438.000000 -0.251203 0.621727
301.000000 438.000000 -0.059661 0.621727
389.000000 438.000000 0.216663 0.621727
455.000000 438.000000 0.423905 0.621727
201.000000 439.000000 -0.373664 0.624867
295.000000 439.000000 -0.078501 0.624867
345.000000 439.000000 0.078501 0.624867
356.000000 439.000000 0.113041 0.624867
426.000000 439.000000 0.332844 0.624867
488.000000 439.000000 0.527526 0.624867
527.000000 439.000000 0.649988 0.624867
356.000000 441.000000 0.113041 0.631147
367.000000 441.000000 0.147582 0.631147
443.000000 441.000000 0.386225 0.631147
198.000000 442.000000 -0.383085 0.634288
242.000000 442.000000 -0.244923 0.634288
244.000000 442.000000 -0.238643 0.634288
260.000000 442.000000 -0.188402 0.634288
284.000000 442.000000 -0.113041 0.634288
300.000000 442.000000 -0.062801 0.634288
371.000000 442.000000 0.160142 0.634288
122.000000 443.000000 -0.621727 0.637428
190.000000 443.000000 -0.408205 0.637428
294.000000 443.000000 -0.081641 0.637428
568.000000 443.000000 0.778729 0.637428
629.000000 443.000000 0.970271 0.637428
67.000000 444.000000 -0.794429 0.640568
187.000000 444.000000 -0.417625 0.640568
225.000000 444.000000 -0.298304 0.640568
489.000000 444.000000 0.530666 0.640568
6.000000 445.000000 -0.985972 0.643708
24.000000 445.000000 -0.929451 0.643708
271.000000 445.000000 -0.153862 0.643708
297.000000 445.000000 -0.072221 0.643708
328.000000 445.000000 0.025120 0.643708
397.000000 445.000000 0.241783 0.643708
577.000000 445.000000 0.806990 0.643708
223.000000 446.000000 -0.304584 0.646848
240.000000 446.000000 -0.251203 0.646848
269.000000 446.000000 -0.160142 0.646848
393.000000 446.000000 0.229223 0.646848
431.000000 446.000000 0.348544 0.646848
181.000000 447.000000 -0.436465 0.649988
201.000000 447.000000 -0.373664 0.649988
213.000000 447.000000 -0.335984 0.649988
280.000000 447.000000 -0.125601 0.649988
495.000000 447.000000 0.549506 0.649988
366.000000 448.000000 0.144442 0.653128
19.000000 449.000000 -0.945151 0.656268
176.000000 449.000000 -0.452165 0.656268
269.000000 449.000000 -0.160142 0.656268
274.000000 449.000000 -0.144442 0.656268
401.000000 449.000000 0.254343 0.656268
423.000000 449.000000 0.323424 0.656268
61.000000 450.000000 -0.813270 0.659408
436.000000 450.000000 0.364244 0.659408
428.000000 451.000000 0.339124 0.662548
519.000000 451.000000 0.624867 0.662548
281.000000 452.000000 -0.122461 0.665688
296.000000 452.000000 -0.075361 0.665688
608.000000 452.000000 0.904331 0.665688
223.000000 453.000000 -0.304584 0.668828
257.000000 453.000000 -0.197822 0.668828
263.000000 453.000000 -0.178982 0.668828
320.000000 453.000000 -0.000000 0.668828
322.000000 453.000000 0.006280 0.668828
614.000000 453.000000 0.923171 0.668828
276.000000 454.000000 -0.138162 0.671968
354.000000 454.000000 0.106761 0.671968
356.000000 454.000000 0.113041 0.671968
367.000000 454.000000 0.147582 0.671968
240.000000 455.000000 -0.251203 0.675108
373.000000 455.000000 0.166422 0.675108
254.000000 456.000000 -0.207242 0.678248
379.000000 456.000000 0.185262 0.678248
414.000000 456.000000 0.295163 0.678248
284.000000 457.000000 -0.113041 0.681388
326.000000 457.000000 0.018840 0.681388
338.000000 457.000000 0.056521 0.681388
341.000000 457.000000 0.065941 0.681388
343.000000 457.000000 0.072221 0.681388
396.000000 457.000000 0.238643 0.681388
372.000000 458.000000 0.163282 0.684528
491.000000 458.000000 0.536946 0.684528
204.000000 459.000000 -0.364244 0.687668
326.000000 459.000000 0.018840 0.687668
255.000000 460.000000 -0.204102 0.690808
225.000000 461.000000 -0.298304 0.693948
620.000000 461.000000 0.942011 0.693948
11.000000 463.000000 -0.970271 0.700228
295.000000 463.000000 -0.078501 0.700228
307.000000 463.000000 -0.040820 0.700228
313.000000 463.000000 -0.021980 0.700228
372.000000 463.000000 0.163282 0.700228
180.000000 464.000000 -0.439605 0.703368
204.000000 464.000000 -0.364244 0.703368
212.000000 465.000000 -0.339124 0.706508
272.000000 465.000000 -0.150722 0.706508
289.000000 465.000000 -0.097341 0.706508
425.000000 465.000000 0.329704 0.706508
111.000000 466.000000 -0.656268 0.709648
153.000000 466.000000 -0.524386 0.709648
513.000000 466.000000 0.606027 0.709648
577.000000 466.000000 0.806990 0.709648
287.000000 467.000000 -0.103621 0.712788
357.000000 467.000000 0.116181 0.712788
52.000000 468.000000 -0.841530 0.715928
402.000000 468.000000 0.257483 0.715928
607.000000 468.000000 0.901191 0.715928
24.000000 469.000000 -0.929451 0.719069
281.000000 469.000000 -0.122461 0.719069
416.000000 470.000000 0.301444 0.722209
524.000000 470.000000 0.640568 0.722209
257.000000 471.000000 -0.197822 0.725349
277.000000 473.000000 -0.135022 0.731629
290.000000 473.000000 -0.094201 0.731629
379.000000 473.000000 0.185262 0.731629
408.000000 474.000000 0.276323 0.734769
618.000000 474.000000 0.935731 0.734769
158.000000 475.000000 -0.508686 0.737909
282.000000 475.000000 -0.119321 0.737909
297.000000 475.000000 -0.072221 0.737909
631.000000 475.000000 0.976552 0.737909
192.000000 476.000000 -0.401925 0.741049
377.000000 476.000000 0.178982 0.741049
