563.000000 3.000000 0.763029 -0.744189
569.000000 3.000000 0.781869 -0.744189
580.000000 3.000000 0.816410 -0.744189
573.000000 5.000000 0.794429 -0.737909
600.000000 5.000000 0.879210 -0.737909
533.000000 6.000000 0.668828 -0.734769
552.000000 6.000000 0.728489 -0.734769
556.000000 6.000000 0.741049 -0.734769
625.000000 6.000000 0.957711 -0.734769
363.000000 8.000000 0.135022 -0.728489
528.000000 9.000000 0.653128 -0.725349
586.000000 9.000000 0.835250 -0.725349
624.000000 9.000000 0.954571 -0.725349
636.000000 9.000000 0.992252 -0.725349
372.000000 10.000000 0.163282 -0.722209
472.000000 10.000000 0.477286 -0.722209
374.000000 12.000000 0.169562 -0.715928
583.000000 12.000000 0.825830 -0.715928
459.000000 13.000000 0.436465 -0.712788
486.000000 13.000000 0.521246 -0.712788
568.000000 13.000000 0.778729 -0.712788
576.000000 13.000000 0.803850 -0.712788
376.000000 14.000000 0.175842 -0.709648
562.000000 14.000000 0.759889 -0.709648
623.000000 15.000000 0.951431 -0.706508
628.000000 16.000000 0.967131 -0.703368
436.000000 17.000000 0.364244 -0.700228
618.000000 17.000000 0.935731 -0.700228
614.000000 18.000000 0.923171 -0.697088
424.000000 19.000000 0.326564 -0.693948
622.000000 19.000000 0.948291 -0.693948
627.000000 19.000000 0.963991 -0.693948
549.000000 20.000000 0.719069 -0.690808
386.000000 21.000000 0.207242 -0.687668
404.000000 21.000000 0.263763 -0.687668
557.000000 21.000000 0.744189 -0.687668
573.000000 21.000000 0.794429 -0.687668
364.000000 22.000000 0.138162 -0.684528
472.000000 22.000000 0.477286 -0.684528
434.000000 23.000000 0.357964 -0.681388
364.000000 24.000000 0.138162 -0.678248
613.000000 27.000000 0.920031 -0.668828
551.000000 28.000000 0.725349 -0.665688
540.000000 30.000000 0.690808 -0.659408
433.000000 31.000000 0.354824 -0.656268
355.000000 33.000000 0.109901 -0.649988
436.000000 34.000000 0.364244 -0.646848
527.000000 34.000000 0.649988 -0.646848
551.000000 34.000000 0.725349 -0.646848
445.000000 35.000000 0.392505 -0.643708
436.000000 36.000000 0.364244 -0.640568
495.000000 36.000000 0.549506 -0.640568
539.000000 36.000000 0.687668 -0.640568
365.000000 37.000000 0.141302 -0.637428
517.000000 37.000000 0.618587 -0.637428
561.000000 37.000000 0.756749 -0.637428
399.000000 38.000000 0.248063 -0.634288
483.000000 38.000000 0.511826 -0.634288
529.000000 38.000000 0.656268 -0.634288
388.000000 39.000000 0.213523 -0.631147
407.000000 39.000000 0.273183 -0.631147
357.000000 40.000000 0.116181 -0.628007
444.000000 41.000000 0.389365 -0.624867
524.000000 42.000000 0.640568 -0.621727
527.000000 42.000000 0.649988 -0.621727
535.000000 42.000000 0.675108 -0.621727
603.000000 42.000000 0.888631 -0.621727
532.000000 43.000000 0.665688 -0.618587
567.000000 43.000000 0.775589 -0.618587
370.000000 46.000000 0.157002 -0.609167
386.000000 48.000000 0.207242 -0.602887
614.000000 48.000000 0.923171 -0.602887
401.000000 49.000000 0.254343 -0.599747
615.000000 51.000000 0.926311 -0.593467
417.000000 52.000000 0.304584 -0.590327
610.000000 52.000000 0.910611 -0.590327
500.000000 54.000000 0.565207 -0.584047
519.000000 56.000000 0.624867 -0.577767
515.000000 57.000000 0.612307 -0.574627
607.000000 57.000000 0.901191 -0.574627
6.000000 58.000000 -0.985972 -0.571487
427.000000 58.000000 0.335984 -0.571487
510.000000 58.000000 0.596607 -0.571487
513.000000 58.000000 0.606027 -0.571487
615.000000 58.000000 0.926311 -0.571487
14.000000 60.000000 -0.960851 -0.565207
539.000000 60.000000 0.687668 -0.565207
418.000000 61.000000 0.307724 -0.562067
547.000000 62.000000 0.712788 -0.558927
408.000000 63.000000 0.276323 -0.555787
426.000000 63.000000 0.332844 -0.555787
477.000000 63.000000 0.492986 -0.555787
516.000000 63.000000 0.615447 -0.555787
418.000000 64.000000 0.307724 -0.552647
425.000000 65.000000 0.329704 -0.549506
509.000000 65.000000 0.593467 -0.549506
513.000000 65.000000 0.606027 -0.549506
599.000000 66.000000 0.876070 -0.546366
493.000000 67.000000 0.543226 -0.543226
590.000000 68.000000 0.847810 -0.540086
4.000000 69.000000 -0.992252 -0.536946
360.000000 70.000000 0.125601 -0.533806
10.000000 72.000000 -0.973412 -0.527526
366.000000 72.000000 0.144442 -0.527526
424.000000 72.000000 0.326564 -0.527526
527.000000 73.000000 0.649988 -0.524386
17.000000 74.000000 -0.951431 -0.521246
374.000000 74.000000 0.169562 -0.521246
381.000000 74.000000 0.191542 -0.521246
388.000000 75.000000 0.213523 -0.518106
395.000000 76.000000 0.235503 -0.514966
403.000000 78.000000 0.260623 -0.508686
541.000000 78.000000 0.693948 -0.508686
633.000000 78.000000 0.982832 -0.508686
410.000000 79.000000 0.282603 -0.505546
414.000000 79.000000 0.295163 -0.505546
5.000000 80.000000 -0.989112 -0.502406
517.000000 80.000000 0.618587 -0.502406
7.000000 81.000000 -0.982832 -0.499266
414.000000 82.000000 0.295163 -0.496126
509.000000 82.000000 0.593467 -0.496126
399.000000 84.000000 0.248063 -0.489846
413.000000 84.000000 0.292023 -0.489846
460.000000 84.000000 0.439605 -0.489846
390.000000 85.000000 0.219803 -0.486706
518.000000 85.000000 0.621727 -0.486706
520.000000 85.000000 0.628007 -0.486706
526.000000 85.000000 0.646848 -0.486706
620.000000 85.000000 0.942011 -0.486706
413.000000 86.000000 0.292023 -0.483566
613.000000 86.000000 0.920031 -0.483566
636.000000 86.000000 0.992252 -0.483566
531.000000 87.000000 0.662548 -0.480426
419.000000 88.000000 0.310864 -0.477286
633.000000 88.000000 0.982832 -0.477286
517.000000 90.000000 0.618587 -0.471006
412.000000 91.000000 0.288883 -0.467866
517.000000 92.000000 0.618587 -0.464725
609.000000 92.000000 0.907471 -0.464725
411.000000 93.000000 0.285743 -0.461585
418.000000 93.000000 0.307724 -0.461585
506.000000 93.000000 0.584047 -0.461585
577.000000 93.000000 0.806990 -0.461585
610.000000 94.000000 0.910611 -0.458445
586.000000 95.000000 0.835250 -0.455305
410.000000 97.000000 0.282603 -0.449025
620.000000 97.000000 0.942011 -0.449025
362.000000 98.000000 0.131882 -0.445885
368.000000 99.000000 0.150722 -0.442745
593.000000 99.000000 0.857230 -0.442745
601.000000 99.000000 0.882350 -0.442745
375.000000 100.000000 0.172702 -0.439605
410.000000 100.000000 0.282603 -0.439605
589.000000 100.000000 0.844670 -0.439605
72.000000 101.000000 -0.778729 -0.436465
382.000000 101.000000 0.194682 -0.436465
437.000000 101.000000 0.367384 -0.436465
127.000000 102.000000 -0.606027 -0.433325
389.000000 102.000000 0.216663 -0.433325
409.000000 103.000000 0.279463 -0.430185
577.000000 103.000000 0.806990 -0.430185
395.000000 104.000000 0.235503 -0.427045
591.000000 104.000000 0.850950 -0.427045
601.000000 104.000000 0.882350 -0.427045
134.000000 105.000000 -0.584047 -0.423905
79.000000 106.000000 -0.756749 -0.420765
130.000000 106.000000 -0.596607 -0.420765
499.000000 106.000000 0.562067 -0.420765
517.000000 106.000000 0.618587 -0.420765
155.000000 107.000000 -0.518106 -0.417625
564.000000 107.000000 0.766169 -0.417625
17.000000 108.000000 -0.951431 -0.414485
77.000000 108.000000 -0.763029 -0.414485
101.000000 108.000000 -0.687668 -0.414485
107.000000 108.000000 -0.668828 -0.414485
500.000000 108.000000 0.565207 -0.414485
514.000000 108.000000 0.609167 -0.414485
516.000000 108.000000 0.615447 -0.414485
11.000000 109.000000 -0.970271 -0.411345
71.000000 109.000000 -0.781869 -0.411345
127.000000 109.000000 -0.606027 -0.411345
150.000000 109.000000 -0.533806 -0.411345
154.000000 109.000000 -0.521246 -0.411345
159.000000 109.000000 -0.505546 -0.411345
555.000000 109.000000 0.737909 -0.411345
83.000000 110.000000 -0.744189 -0.408205
105.000000 110.000000 -0.675108 -0.408205
112.000000 110.000000 -0.653128 -0.408205
129.000000 110.000000 -0.599747 -0.408205
138.000000 110.000000 -0.571487 -0.408205
512.000000 110.000000 0.602887 -0.408205
614.000000 110.000000 0.923171 -0.408205
19.000000 111.000000 -0.945151 -0.405065
89.000000 111.000000 -0.725349 -0.405065
144.000000 111.000000 -0.552647 -0.405065
479.000000 111.000000 0.499266 -0.405065
508.000000 111.000000 0.590327 -0.405065
96.000000 112.000000 -0.703368 -0.401925
104.000000 112.000000 -0.678248 -0.401925
119.000000 112.000000 -0.631147 -0.401925
150.000000 112.000000 -0.533806 -0.401925
363.000000 112.000000 0.135022 -0.401925
475.000000 112.000000 0.486706 -0.401925
485.000000 112.000000 0.518106 -0.401925
77.000000 113.000000 -0.763029 -0.398785
123.000000 113.000000 -0.618587 -0.398785
171.000000 113.000000 -0.467866 -0.398785
360.000000 113.000000 0.125601 -0.398785
404.000000 113.000000 0.263763 -0.398785
483.000000 113.000000 0.511826 -0.398785
155.000000 114.000000 -0.518106 -0.395645
174.000000 114.000000 -0.458445 -0.395645
490.000000 114.000000 0.533806 -0.395645
498.000000 114.000000 0.558927 -0.395645
523.000000 114.000000 0.637428 -0.395645
39.000000 115.000000 -0.882350 -0.392505
139.000000 115.000000 -0.568347 -0.392505
150.000000 115.000000 -0.533806 -0.392505
176.000000 115.000000 -0.452165 -0.392505
406.000000 115.000000 0.270043 -0.392505
544.000000 115.000000 0.703368 -0.392505
54.000000 116.000000 -0.835250 -0.389365
107.000000 116.000000 -0.668828 -0.389365
109.000000 116.000000 -0.662548 -0.389365
477.000000 116.000000 0.492986 -0.389365
512.000000 116.000000 0.602887 -0.389365
80.000000 117.000000 -0.753609 -0.386225
153.000000 117.000000 -0.524386 -0.386225
160.000000 117.000000 -0.502406 -0.386225
136.000000 118.000000 -0.577767 -0.383085
403.000000 118.000000 0.260623 -0.383085
60.000000 119.000000 -0.816410 -0.379945
112.000000 119.000000 -0.653128 -0.379945
167.000000 119.000000 -0.480426 -0.379945
385.000000 119.000000 0.204102 -0.379945
518.000000 119.000000 0.621727 -0.379945
107.000000 120.000000 -0.668828 -0.376804
171.000000 120.000000 -0.467866 -0.376804
404.000000 120.000000 0.263763 -0.376804
173.000000 121.000000 -0.461585 -0.373664
361.000000 121.000000 0.128742 -0.373664
515.000000 121.000000 0.612307 -0.373664
517.000000 121.000000 0.618587 -0.373664
88.000000 122.000000 -0.728489 -0.370524
475.000000 122.000000 0.486706 -0.370524
139.000000 123.000000 -0.568347 -0.367384
364.000000 123.000000 0.138162 -0.367384
370.000000 123.000000 0.157002 -0.367384
403.000000 123.000000 0.260623 -0.367384
90.000000 124.000000 -0.722209 -0.364244
367.000000 124.000000 0.147582 -0.364244
108.000000 125.000000 -0.665688 -0.361104
498.000000 125.000000 0.558927 -0.361104
92.000000 126.000000 -0.715928 -0.357964
136.000000 126.000000 -0.577767 -0.357964
356.000000 126.000000 0.113041 -0.357964
362.000000 126.000000 0.131882 -0.357964
367.000000 126.000000 0.147582 -0.357964
369.000000 126.000000 0.153862 -0.357964
403.000000 126.000000 0.260623 -0.357964
427.000000 126.000000 0.335984 -0.357964
422.000000 127.000000 0.320284 -0.354824
110.000000 129.000000 -0.659408 -0.348544
357.000000 129.000000 0.116181 -0.348544
360.000000 129.000000 0.125601 -0.348544
526.000000 129.000000 0.646848 -0.348544
362.000000 130.000000 0.131882 -0.345404
370.000000 130.000000 0.157002 -0.345404
401.000000 130.000000 0.254343 -0.345404
432.000000 130.000000 0.351684 -0.345404
492.000000 130.000000 0.540086 -0.345404
105.000000 131.000000 -0.675108 -0.342264
221.000000 131.000000 -0.310864 -0.342264
358.000000 131.000000 0.119321 -0.342264
449.000000 131.000000 0.405065 -0.342264
503.000000 131.000000 0.574627 -0.342264
612.000000 131.000000 0.916891 -0.342264
134.000000 132.000000 -0.584047 -0.339124
376.000000 132.000000 0.175842 -0.339124
521.000000 132.000000 0.631147 -0.339124
523.000000 132.000000 0.637428 -0.339124
609.000000 132.000000 0.907471 -0.339124
150.000000 133.000000 -0.533806 -0.335984
224.000000 133.000000 -0.301444 -0.335984
418.000000 133.000000 0.307724 -0.335984
581.000000 133.000000 0.819550 -0.335984
180.000000 134.000000 -0.439605 -0.332844
185.000000 134.000000 -0.423905 -0.332844
221.000000 134.000000 -0.310864 -0.332844
228.000000 134.000000 -0.288883 -0.332844
237.000000 134.000000 -0.260623 -0.332844
375.000000 134.000000 0.172702 -0.332844
523.000000 134.000000 0.637428 -0.332844
149.000000 135.000000 -0.536946 -0.329704
175.000000 135.000000 -0.455305 -0.329704
198.000000 135.000000 -0.383085 -0.329704
317.000000 135.000000 -0.009420 -0.329704
335.000000 135.000000 0.047101 -0.329704
360.000000 135.000000 0.125601 -0.329704
400.000000 135.000000 0.251203 -0.329704
105.000000 136.000000 -0.675108 -0.326564
185.000000 136.000000 -0.423905 -0.326564
221.000000 136.000000 -0.310864 -0.326564
332.000000 136.000000 0.037680 -0.326564
341.000000 136.000000 0.065941 -0.326564
363.000000 136.000000 0.135022 -0.326564
524.000000 136.000000 0.640568 -0.326564
147.000000 137.000000 -0.543226 -0.323424
194.000000 137.000000 -0.395645 -0.323424
199.000000 137.000000 -0.379945 -0.323424
232.000000 137.000000 -0.276323 -0.323424
238.000000 137.000000 -0.257483 -0.323424
338.000000 137.000000 0.056521 -0.323424
357.000000 137.000000 0.116181 -0.323424
400.000000 137.000000 0.251203 -0.323424
492.000000 137.000000 0.540086 -0.323424
181.000000 138.000000 -0.436465 -0.320284
227.000000 138.000000 -0.292023 -0.320284
246.000000 138.000000 -0.232363 -0.320284
341.000000 138.000000 0.065941 -0.320284
346.000000 138.000000 0.081641 -0.320284
348.000000 138.000000 0.087921 -0.320284
359.000000 138.000000 0.122461 -0.320284
510.000000 138.000000 0.596607 -0.320284
186.000000 139.000000 -0.420765 -0.317144
189.000000 139.000000 -0.411345 -0.317144
203.000000 139.000000 -0.367384 -0.317144
238.000000 139.000000 -0.257483 -0.317144
344.000000 139.000000 0.075361 -0.317144
364.000000 139.000000 0.138162 -0.317144
372.000000 139.000000 0.163282 -0.317144
500.000000 139.000000 0.565207 -0.317144
519.000000 139.000000 0.624867 -0.317144
503.000000 140.000000 0.574627 -0.314004
84.000000 141.000000 -0.741049 -0.310864
227.000000 141.000000 -0.292023 -0.310864
231.000000 141.000000 -0.279463 -0.310864
344.000000 141.000000 0.075361 -0.310864
365.000000 141.000000 0.141302 -0.310864
369.000000 141.000000 0.153862 -0.310864
381.000000 141.000000 0.191542 -0.310864
399.000000 141.000000 0.248063 -0.310864
207.000000 142.000000 -0.354824 -0.307724
229.000000 142.000000 -0.285743 -0.307724
238.000000 142.000000 -0.257483 -0.307724
357.000000 142.000000 0.116181 -0.307724
359.000000 142.000000 0.122461 -0.307724
515.000000 142.000000 0.612307 -0.307724
564.000000 142.000000 0.766169 -0.307724
580.000000 142.000000 0.816410 -0.307724
211.000000 143.000000 -0.342264 -0.304584
216.000000 143.000000 -0.326564 -0.304584
335.000000 143.000000 0.047101 -0.304584
399.000000 143.000000 0.248063 -0.304584
498.000000 143.000000 0.558927 -0.304584
193.000000 144.000000 -0.398785 -0.301444
202.000000 144.000000 -0.370524 -0.301444
208.000000 144.000000 -0.351684 -0.301444
222.000000 144.000000 -0.307724 -0.301444
226.000000 144.000000 -0.295163 -0.301444
230.000000 144.000000 -0.282603 -0.301444
384.000000 144.000000 0.200962 -0.301444
403.000000 144.000000 0.260623 -0.301444
521.000000 144.000000 0.631147 -0.301444
581.000000 144.000000 0.819550 -0.301444
197.000000 145.000000 -0.386225 -0.298304
374.000000 145.000000 0.169562 -0.298304
390.000000 145.000000 0.219803 -0.298304
409.000000 145.000000 0.279463 -0.298304
223.000000 146.000000 -0.304584 -0.295163
229.000000 146.000000 -0.285743 -0.295163
251.000000 146.000000 -0.216663 -0.295163
268.000000 146.000000 -0.163282 -0.295163
378.000000 146.000000 0.182122 -0.295163
397.000000 146.000000 0.241783 -0.295163
500.000000 146.000000 0.565207 -0.295163
519.000000 146.000000 0.624867 -0.295163
110.000000 147.000000 -0.659408 -0.292023
255.000000 147.000000 -0.204102 -0.292023
262.000000 147.000000 -0.182122 -0.292023
335.000000 147.000000 0.047101 -0.292023
339.000000 147.000000 0.059661 -0.292023
352.000000 147.000000 0.100481 -0.292023
355.000000 147.000000 0.109901 -0.292023
390.000000 147.000000 0.219803 -0.292023
400.000000 147.000000 0.251203 -0.292023
524.000000 147.000000 0.640568 -0.292023
85.000000 148.000000 -0.737909 -0.288883
221.000000 148.000000 -0.310864 -0.288883
229.000000 148.000000 -0.285743 -0.288883
259.000000 148.000000 -0.191542 -0.288883
274.000000 148.000000 -0.144442 -0.288883
278.000000 148.000000 -0.131882 -0.288883
344.000000 148.000000 0.075361 -0.288883
347.000000 148.000000 0.084781 -0.288883
375.000000 148.000000 0.172702 -0.288883
386.000000 148.000000 0.207242 -0.288883
395.000000 148.000000 0.235503 -0.288883
407.000000 148.000000 0.273183 -0.288883
500.000000 148.000000 0.565207 -0.288883
532.000000 148.000000 0.665688 -0.288883
578.000000 148.000000 0.810130 -0.288883
248.000000 149.000000 -0.226083 -0.285743
270.000000 149.000000 -0.157002 -0.285743
357.000000 149.000000 0.116181 -0.285743
400.000000 149.000000 0.251203 -0.285743
403.000000 149.000000 0.260623 -0.285743
405.000000 149.000000 0.266903 -0.285743
409.000000 149.000000 0.279463 -0.285743
414.000000 149.000000 0.295163 -0.285743
465.000000 149.000000 0.455305 -0.285743
504.000000 149.000000 0.577767 -0.285743
222.000000 150.000000 -0.307724 -0.282603
254.000000 150.000000 -0.207242 -0.282603
262.000000 150.000000 -0.182122 -0.282603
352.000000 150.000000 0.100481 -0.282603
363.000000 150.000000 0.135022 -0.282603
373.000000 150.000000 0.166422 -0.282603
493.000000 150.000000 0.543226 -0.282603
149.000000 151.000000 -0.536946 -0.279463
224.000000 151.000000 -0.301444 -0.279463
230.000000 151.000000 -0.282603 -0.279463
247.000000 151.000000 -0.229223 -0.279463
280.000000 151.000000 -0.125601 -0.279463
366.000000 151.000000 0.144442 -0.279463
389.000000 151.000000 0.216663 -0.279463
405.000000 151.000000 0.266903 -0.279463
413.000000 151.000000 0.292023 -0.279463
421.000000 151.000000 0.317144 -0.279463
423.000000 151.000000 0.323424 -0.279463
427.000000 151.000000 0.335984 -0.279463
499.000000 151.000000 0.562067 -0.279463
632.000000 151.000000 0.979692 -0.279463
227.000000 152.000000 -0.292023 -0.276323
250.000000 152.000000 -0.219803 -0.276323
362.000000 152.000000 0.131882 -0.276323
371.000000 152.000000 0.160142 -0.276323
149.000000 153.000000 -0.536946 -0.273183
268.000000 153.000000 -0.163282 -0.273183
270.000000 153.000000 -0.157002 -0.273183
368.000000 153.000000 0.150722 -0.273183
374.000000 153.000000 0.169562 -0.273183
378.000000 153.000000 0.182122 -0.273183
433.000000 153.000000 0.354824 -0.273183
506.000000 153.000000 0.584047 -0.273183
247.000000 154.000000 -0.229223 -0.270043
253.000000 154.000000 -0.210382 -0.270043
278.000000 154.000000 -0.131882 -0.270043
333.000000 154.000000 0.040820 -0.270043
335.000000 154.000000 0.047101 -0.270043
345.000000 154.000000 0.078501 -0.270043
384.000000 154.000000 0.200962 -0.270043
508.000000 154.000000 0.590327 -0.270043
11.000000 155.000000 -0.970271 -0.266903
13.000000 155.000000 -0.963991 -0.266903
15.000000 155.000000 -0.957711 -0.266903
293.000000 155.000000 -0.084781 -0.266903
338.000000 155.000000 0.056521 -0.266903
340.000000 155.000000 0.062801 -0.266903
350.000000 155.000000 0.094201 -0.266903
370.000000 155.000000 0.157002 -0.266903
377.000000 155.000000 0.178982 -0.266903
380.000000 155.000000 0.188402 -0.266903
386.000000 155.000000 0.207242 -0.266903
389.000000 155.000000 0.216663 -0.266903
391.000000 155.000000 0.222943 -0.266903
436.000000 155.000000 0.364244 -0.266903
499.000000 155.000000 0.562067 -0.266903
515.000000 155.000000 0.612307 -0.266903
24.000000 156.000000 -0.929451 -0.263763
26.000000 156.000000 -0.923171 -0.263763
228.000000 156.000000 -0.288883 -0.263763
269.000000 156.000000 -0.160142 -0.263763
304.000000 156.000000 -0.050241 -0.263763
344.000000 156.000000 0.075361 -0.263763
347.000000 156.000000 0.084781 -0.263763
394.000000 156.000000 0.232363 -0.263763
396.000000 156.000000 0.238643 -0.263763
399.000000 156.000000 0.248063 -0.263763
420.000000 156.000000 0.314004 -0.263763
518.000000 156.000000 0.621727 -0.263763
292.000000 157.000000 -0.087921 -0.260623
353.000000 157.000000 0.103621 -0.260623
361.000000 157.000000 0.128742 -0.260623
402.000000 157.000000 0.257483 -0.260623
451.000000 157.000000 0.411345 -0.260623
491.000000 157.000000 0.536946 -0.260623
501.000000 157.000000 0.568347 -0.260623
227.000000 158.000000 -0.292023 -0.257483
301.000000 158.000000 -0.059661 -0.257483
336.000000 158.000000 0.050241 -0.257483
367.000000 158.000000 0.147582 -0.257483
396.000000 158.000000 0.238643 -0.257483
399.000000 158.000000 0.248063 -0.257483
408.000000 158.000000 0.276323 -0.257483
511.000000 158.000000 0.599747 -0.257483
569.000000 158.000000 0.781869 -0.257483
578.000000 158.000000 0.810130 -0.257483
255.000000 159.000000 -0.204102 -0.254343
342.000000 159.000000 0.069081 -0.254343
404.000000 159.000000 0.263763 -0.254343
436.000000 159.000000 0.364244 -0.254343
493.000000 159.000000 0.543226 -0.254343
497.000000 159.000000 0.555787 -0.254343
531.000000 159.000000 0.662548 -0.254343
566.000000 159.000000 0.772449 -0.254343
227.000000 160.000000 -0.292023 -0.251203
373.000000 160.000000 0.166422 -0.251203
380.000000 160.000000 0.188402 -0.251203
384.000000 160.000000 0.200962 -0.251203
543.000000 160.000000 0.700228 -0.251203
271.000000 161.000000 -0.153862 -0.248063
292.000000 161.000000 -0.087921 -0.248063
341.000000 161.000000 0.065941 -0.248063
344.000000 161.000000 0.075361 -0.248063
378.000000 161.000000 0.182122 -0.248063
408.000000 161.000000 0.276323 -0.248063
433.000000 161.000000 0.354824 -0.248063
522.000000 161.000000 0.634288 -0.248063
529.000000 161.000000 0.656268 -0.248063
219.000000 162.000000 -0.317144 -0.244923
284.000000 162.000000 -0.113041 -0.244923
383.000000 162.000000 0.197822 -0.244923
497.000000 162.000000 0.555787 -0.244923
509.000000 162.000000 0.593467 -0.244923
536.000000 162.000000 0.678248 -0.244923
335.000000 163.000000 0.047101 -0.241783
361.000000 163.000000 0.128742 -0.241783
389.000000 163.000000 0.216663 -0.241783
399.000000 163.000000 0.248063 -0.241783
411.000000 163.000000 0.285743 -0.241783
504.000000 163.000000 0.577767 -0.241783
305.000000 164.000000 -0.047101 -0.238643
309.000000 164.000000 -0.034540 -0.238643
340.000000 164.000000 0.062801 -0.238643
365.000000 164.000000 0.141302 -0.238643
395.000000 164.000000 0.235503 -0.238643
406.000000 164.000000 0.270043 -0.238643
416.000000 164.000000 0.301444 -0.238643
552.000000 164.000000 0.728489 -0.238643
568.000000 164.000000 0.778729 -0.238643
600.000000 164.000000 0.879210 -0.238643
628.000000 164.000000 0.967131 -0.238643
83.000000 165.000000 -0.744189 -0.235503
294.000000 165.000000 -0.081641 -0.235503
454.000000 165.000000 0.420765 -0.235503
226.000000 166.000000 -0.295163 -0.232363
296.000000 166.000000 -0.075361 -0.232363
337.000000 166.000000 0.053381 -0.232363
339.000000 166.000000 0.059661 -0.232363
376.000000 166.000000 0.175842 -0.232363
449.000000 166.000000 0.405065 -0.232363
495.000000 166.000000 0.549506 -0.232363
516.000000 166.000000 0.615447 -0.232363
272.000000 167.000000 -0.150722 -0.229223
275.000000 167.000000 -0.141302 -0.229223
293.000000 167.000000 -0.084781 -0.229223
309.000000 167.000000 -0.034540 -0.229223
325.000000 167.000000 0.015700 -0.229223
327.000000 167.000000 0.021980 -0.229223
386.000000 167.000000 0.207242 -0.229223
531.000000 167.000000 0.662548 -0.229223
539.000000 167.000000 0.687668 -0.229223
366.000000 168.000000 0.144442 -0.226083
369.000000 168.000000 0.153862 -0.226083
396.000000 168.000000 0.238643 -0.226083
432.000000 168.000000 0.351684 -0.226083
488.000000 168.000000 0.527526 -0.226083
225.000000 169.000000 -0.298304 -0.222943
341.000000 169.000000 0.065941 -0.222943
380.000000 169.000000 0.188402 -0.222943
400.000000 169.000000 0.251203 -0.222943
403.000000 169.000000 0.260623 -0.222943
453.000000 169.000000 0.417625 -0.222943
515.000000 169.000000 0.612307 -0.222943
576.000000 169.000000 0.803850 -0.222943
393.000000 170.000000 0.229223 -0.219803
494.000000 170.000000 0.546366 -0.219803
502.000000 170.000000 0.571487 -0.219803
507.000000 170.000000 0.587187 -0.219803
545.000000 170.000000 0.706508 -0.219803
98.000000 171.000000 -0.697088 -0.216663
227.000000 171.000000 -0.292023 -0.216663
247.000000 171.000000 -0.229223 -0.216663
267.000000 171.000000 -0.166422 -0.216663
409.000000 171.000000 0.279463 -0.216663
339.000000 172.000000 0.059661 -0.213523
362.000000 172.000000 0.131882 -0.213523
199.000000 173.000000 -0.379945 -0.210382
271.000000 173.000000 -0.153862 -0.210382
273.000000 173.000000 -0.147582 -0.210382
344.000000 173.000000 0.075361 -0.210382
346.000000 173.000000 0.081641 -0.210382
395.000000 173.000000 0.235503 -0.210382
399.000000 173.000000 0.248063 -0.210382
431.000000 173.000000 0.348544 -0.210382
452.000000 173.000000 0.414485 -0.210382
494.000000 173.000000 0.546366 -0.210382
526.000000 173.000000 0.646848 -0.210382
567.000000 173.000000 0.775589 -0.210382
201.000000 174.000000 -0.373664 -0.207242
225.000000 174.000000 -0.298304 -0.207242
294.000000 174.000000 -0.081641 -0.207242
305.000000 174.000000 -0.047101 -0.207242
356.000000 174.000000 0.113041 -0.207242
360.000000 174.000000 0.125601 -0.207242
370.000000 174.000000 0.157002 -0.207242
375.000000 174.000000 0.172702 -0.207242
380.000000 174.000000 0.188402 -0.207242
383.000000 174.000000 0.197822 -0.207242
520.000000 174.000000 0.628007 -0.207242
529.000000 174.000000 0.656268 -0.207242
624.000000 174.000000 0.954571 -0.207242
350.000000 175.000000 0.094201 -0.204102
386.000000 175.000000 0.207242 -0.204102
499.000000 175.000000 0.562067 -0.204102
525.000000 175.000000 0.643708 -0.204102
355.000000 176.000000 0.109901 -0.200962
376.000000 176.000000 0.175842 -0.200962
492.000000 176.000000 0.540086 -0.200962
338.000000 177.000000 0.056521 -0.197822
342.000000 177.000000 0.069081 -0.197822
345.000000 177.000000 0.078501 -0.197822
369.000000 177.000000 0.153862 -0.197822
382.000000 177.000000 0.194682 -0.197822
446.000000 177.000000 0.395645 -0.197822
470.000000 177.000000 0.471006 -0.197822
571.000000 177.000000 0.788149 -0.197822
627.000000 177.000000 0.963991 -0.197822
225.000000 178.000000 -0.298304 -0.194682
300.000000 178.000000 -0.062801 -0.194682
351.000000 178.000000 0.097341 -0.194682
380.000000 178.000000 0.188402 -0.194682
386.000000 178.000000 0.207242 -0.194682
390.000000 178.000000 0.219803 -0.194682
199.000000 179.000000 -0.379945 -0.191542
270.000000 179.000000 -0.157002 -0.191542
357.000000 179.000000 0.116181 -0.191542
365.000000 179.000000 0.141302 -0.191542
374.000000 179.000000 0.169562 -0.191542
472.000000 179.000000 0.477286 -0.191542
564.000000 179.000000 0.766169 -0.191542
226.000000 180.000000 -0.295163 -0.188402
274.000000 180.000000 -0.144442 -0.188402
337.000000 180.000000 0.053381 -0.188402
352.000000 180.000000 0.100481 -0.188402
370.000000 180.000000 0.157002 -0.188402
418.000000 180.000000 0.307724 -0.188402
434.000000 180.000000 0.357964 -0.188402
439.000000 180.000000 0.373664 -0.188402
492.000000 180.000000 0.540086 -0.188402
498.000000 180.000000 0.558927 -0.188402
532.000000 180.000000 0.665688 -0.188402
198.000000 181.000000 -0.383085 -0.185262
323.000000 181.000000 0.009420 -0.185262
364.000000 181.000000 0.138162 -0.185262
376.000000 181.000000 0.175842 -0.185262
381.000000 181.000000 0.191542 -0.185262
387.000000 181.000000 0.210382 -0.185262
515.000000 181.000000 0.612307 -0.185262
546.000000 181.000000 0.709648 -0.185262
147.000000 182.000000 -0.543226 -0.182122
349.000000 182.000000 0.091061 -0.182122
356.000000 182.000000 0.113041 -0.182122
373.000000 182.000000 0.166422 -0.182122
428.000000 182.000000 0.339124 -0.182122
442.000000 182.000000 0.383085 -0.182122
512.000000 182.000000 0.602887 -0.182122
523.000000 182.000000 0.637428 -0.182122
104.000000 183.000000 -0.678248 -0.178982
200.000000 183.000000 -0.376804 -0.178982
274.000000 183.000000 -0.144442 -0.178982
337.000000 183.000000 0.053381 -0.178982
391.000000 183.000000 0.222943 -0.178982
414.000000 183.000000 0.295163 -0.178982
447.000000 183.000000 0.398785 -0.178982
480.000000 183.000000 0.502406 -0.178982
493.000000 183.000000 0.543226 -0.178982
516.000000 183.000000 0.615447 -0.178982
527.000000 183.000000 0.649988 -0.178982
330.000000 184.000000 0.031400 -0.175842
355.000000 184.000000 0.109901 -0.175842
384.000000 184.000000 0.200962 -0.175842
388.000000 184.000000 0.213523 -0.175842
490.000000 184.000000 0.533806 -0.175842
512.000000 184.000000 0.602887 -0.175842
351.000000 185.000000 0.097341 -0.172702
372.000000 185.000000 0.163282 -0.172702
483.000000 185.000000 0.511826 -0.172702
500.000000 185.000000 0.565207 -0.172702
523.000000 185.000000 0.637428 -0.172702
594.000000 185.000000 0.860370 -0.172702
355.000000 186.000000 0.109901 -0.169562
370.000000 186.000000 0.157002 -0.169562
405.000000 186.000000 0.266903 -0.169562
431.000000 186.000000 0.348544 -0.169562
492.000000 186.000000 0.540086 -0.169562
511.000000 186.000000 0.599747 -0.169562
516.000000 186.000000 0.615447 -0.169562
520.000000 186.000000 0.628007 -0.169562
622.000000 186.000000 0.948291 -0.169562
83.000000 187.000000 -0.744189 -0.166422
203.000000 187.000000 -0.367384 -0.166422
223.000000 187.000000 -0.304584 -0.166422
268.000000 187.000000 -0.163282 -0.166422
273.000000 187.000000 -0.147582 -0.166422
336.000000 187.000000 0.050241 -0.166422
390.000000 187.000000 0.219803 -0.166422
101.000000 188.000000 -0.687668 -0.163282
377.000000 188.000000 0.178982 -0.163282
380.000000 188.000000 0.188402 -0.163282
445.000000 188.000000 0.392505 -0.163282
454.000000 188.000000 0.420765 -0.163282
569.000000 188.000000 0.781869 -0.163282
197.000000 189.000000 -0.386225 -0.160142
225.000000 189.000000 -0.298304 -0.160142
273.000000 189.000000 -0.147582 -0.160142
290.000000 189.000000 -0.094201 -0.160142
368.000000 189.000000 0.150722 -0.160142
387.000000 189.000000 0.210382 -0.160142
429.000000 189.000000 0.342264 -0.160142
523.000000 189.000000 0.637428 -0.160142
559.000000 189.000000 0.750469 -0.160142
566.000000 189.000000 0.772449 -0.160142
102.000000 190.000000 -0.684528 -0.157002
269.000000 190.000000 -0.160142 -0.157002
278.000000 190.000000 -0.131882 -0.157002
293.000000 190.000000 -0.084781 -0.157002
348.000000 190.000000 0.087921 -0.157002
353.000000 190.000000 0.103621 -0.157002
398.000000 190.000000 0.244923 -0.157002
406.000000 190.000000 0.270043 -0.157002
436.000000 190.000000 0.364244 -0.157002
446.000000 190.000000 0.395645 -0.157002
491.000000 190.000000 0.536946 -0.157002
208.000000 191.000000 -0.351684 -0.153862
426.000000 191.000000 0.332844 -0.153862
559.000000 191.000000 0.750469 -0.153862
146.000000 192.000000 -0.546366 -0.150722
288.000000 192.000000 -0.100481 -0.150722
446.000000 192.000000 0.395645 -0.150722
92.000000 193.000000 -0.715928 -0.147582
207.000000 193.000000 -0.354824 -0.147582
223.000000 193.000000 -0.304584 -0.147582
335.000000 193.000000 0.047101 -0.147582
395.000000 193.000000 0.235503 -0.147582
451.000000 193.000000 0.411345 -0.147582
512.000000 193.000000 0.602887 -0.147582
268.000000 194.000000 -0.163282 -0.144442
310.000000 194.000000 -0.031400 -0.144442
386.000000 194.000000 0.207242 -0.144442
445.000000 194.000000 0.392505 -0.144442
449.000000 194.000000 0.405065 -0.144442
457.000000 194.000000 0.430185 -0.144442
478.000000 194.000000 0.496126 -0.144442
482.000000 194.000000 0.508686 -0.144442
486.000000 194.000000 0.521246 -0.144442
489.000000 194.000000 0.530666 -0.144442
503.000000 194.000000 0.574627 -0.144442
219.000000 195.000000 -0.317144 -0.141302
272.000000 195.000000 -0.150722 -0.141302
295.000000 195.000000 -0.078501 -0.141302
300.000000 195.000000 -0.062801 -0.141302
329.000000 195.000000 0.028260 -0.141302
443.000000 195.000000 0.386225 -0.141302
462.000000 195.000000 0.445885 -0.141302
495.000000 195.000000 0.549506 -0.141302
146.000000 196.000000 -0.546366 -0.138162
212.000000 196.000000 -0.339124 -0.138162
214.000000 196.000000 -0.332844 -0.138162
282.000000 196.000000 -0.119321 -0.138162
288.000000 196.000000 -0.100481 -0.138162
304.000000 196.000000 -0.050241 -0.138162
468.000000 196.000000 0.464725 -0.138162
523.000000 196.000000 0.637428 -0.138162
534.000000 196.000000 0.671968 -0.138162
27.000000 197.000000 -0.920031 -0.135022
29.000000 197.000000 -0.913751 -0.135022
222.000000 197.000000 -0.307724 -0.135022
338.000000 197.000000 0.056521 -0.135022
340.000000 197.000000 0.062801 -0.135022
453.000000 197.000000 0.417625 -0.135022
473.000000 197.000000 0.480426 -0.135022
489.000000 197.000000 0.530666 -0.135022
545.000000 197.000000 0.706508 -0.135022
196.000000 198.000000 -0.389365 -0.131882
249.000000 198.000000 -0.222943 -0.131882
270.000000 198.000000 -0.157002 -0.131882
346.000000 198.000000 0.081641 -0.131882
352.000000 198.000000 0.100481 -0.131882
385.000000 198.000000 0.204102 -0.131882
443.000000 198.000000 0.386225 -0.131882
459.000000 198.000000 0.436465 -0.131882
479.000000 198.000000 0.499266 -0.131882
547.000000 198.000000 0.712788 -0.131882
556.000000 198.000000 0.741049 -0.131882
334.000000 199.000000 0.043961 -0.128742
357.000000 199.000000 0.116181 -0.128742
410.000000 199.000000 0.282603 -0.128742
441.000000 199.000000 0.379945 -0.128742
463.000000 199.000000 0.449025 -0.128742
629.000000 199.000000 0.970271 -0.128742
194.000000 200.000000 -0.395645 -0.125601
348.000000 200.000000 0.087921 -0.125601
354.000000 200.000000 0.106761 -0.125601
499.000000 200.000000 0.562067 -0.125601
218.000000 201.000000 -0.320284 -0.122461
222.000000 201.000000 -0.307724 -0.122461
246.000000 201.000000 -0.232363 -0.122461
251.000000 201.000000 -0.216663 -0.122461
359.000000 201.000000 0.122461 -0.122461
424.000000 201.000000 0.326564 -0.122461
441.000000 201.000000 0.379945 -0.122461
475.000000 201.000000 0.486706 -0.122461
496.000000 201.000000 0.552647 -0.122461
550.000000 201.000000 0.722209 -0.122461
224.000000 202.000000 -0.301444 -0.119321
254.000000 202.000000 -0.207242 -0.119321
364.000000 202.000000 0.138162 -0.119321
369.000000 202.000000 0.153862 -0.119321
372.000000 202.000000 0.163282 -0.119321
450.000000 202.000000 0.408205 -0.119321
454.000000 202.000000 0.420765 -0.119321
482.000000 202.000000 0.508686 -0.119321
492.000000 202.000000 0.540086 -0.119321
194.000000 203.000000 -0.395645 -0.116181
231.000000 203.000000 -0.279463 -0.116181
336.000000 203.000000 0.050241 -0.116181
345.000000 203.000000 0.078501 -0.116181
353.000000 203.000000 0.103621 -0.116181
380.000000 203.000000 0.188402 -0.116181
384.000000 203.000000 0.200962 -0.116181
486.000000 203.000000 0.521246 -0.116181
523.000000 203.000000 0.637428 -0.116181
553.000000 203.000000 0.731629 -0.116181
608.000000 203.000000 0.904331 -0.116181
145.000000 204.000000 -0.549506 -0.113041
224.000000 204.000000 -0.301444 -0.113041
228.000000 204.000000 -0.288883 -0.113041
329.000000 204.000000 0.028260 -0.113041
340.000000 204.000000 0.062801 -0.113041
369.000000 204.000000 0.153862 -0.113041
404.000000 204.000000 0.263763 -0.113041
491.000000 204.000000 0.536946 -0.113041
502.000000 204.000000 0.571487 -0.113041
517.000000 204.000000 0.618587 -0.113041
237.000000 205.000000 -0.260623 -0.109901
327.000000 205.000000 0.021980 -0.109901
333.000000 205.000000 0.040820 -0.109901
354.000000 205.000000 0.106761 -0.109901
357.000000 205.000000 0.116181 -0.109901
373.000000 205.000000 0.166422 -0.109901
380.000000 205.000000 0.188402 -0.109901
453.000000 205.000000 0.417625 -0.109901
472.000000 205.000000 0.477286 -0.109901
495.000000 205.000000 0.549506 -0.109901
511.000000 205.000000 0.599747 -0.109901
535.000000 205.000000 0.675108 -0.109901
145.000000 206.000000 -0.549506 -0.106761
231.000000 206.000000 -0.279463 -0.106761
321.000000 206.000000 0.003140 -0.106761
378.000000 206.000000 0.182122 -0.106761
478.000000 206.000000 0.496126 -0.106761
482.000000 206.000000 0.508686 -0.106761
506.000000 206.000000 0.584047 -0.106761
195.000000 207.000000 -0.392505 -0.103621
199.000000 207.000000 -0.379945 -0.103621
221.000000 207.000000 -0.310864 -0.103621
422.000000 207.000000 0.320284 -0.103621
440.000000 207.000000 0.376804 -0.103621
519.000000 207.000000 0.624867 -0.103621
631.000000 207.000000 0.976552 -0.103621
181.000000 208.000000 -0.436465 -0.100481
217.000000 208.000000 -0.323424 -0.100481
325.000000 208.000000 0.015700 -0.100481
355.000000 208.000000 0.109901 -0.100481
358.000000 208.000000 0.119321 -0.100481
375.000000 208.000000 0.172702 -0.100481
442.000000 208.000000 0.383085 -0.100481
511.000000 208.000000 0.599747 -0.100481
543.000000 208.000000 0.700228 -0.100481
636.000000 208.000000 0.992252 -0.100481
209.000000 209.000000 -0.348544 -0.097341
329.000000 209.000000 0.028260 -0.097341
353.000000 209.000000 0.103621 -0.097341
384.000000 209.000000 0.200962 -0.097341
501.000000 209.000000 0.568347 -0.097341
423.000000 210.000000 0.323424 -0.094201
507.000000 210.000000 0.587187 -0.094201
534.000000 210.000000 0.671968 -0.094201
565.000000 210.000000 0.769309 -0.094201
610.000000 210.000000 0.910611 -0.094201
630.000000 210.000000 0.973412 -0.094201
145.000000 211.000000 -0.549506 -0.091061
167.000000 211.000000 -0.480426 -0.091061
198.000000 211.000000 -0.383085 -0.091061
326.000000 211.000000 0.018840 -0.091061
378.000000 211.000000 0.182122 -0.091061
384.000000 211.000000 0.200962 -0.091061
511.000000 211.000000 0.599747 -0.091061
518.000000 211.000000 0.621727 -0.091061
600.000000 211.000000 0.879210 -0.091061
623.000000 211.000000 0.951431 -0.091061
636.000000 211.000000 0.992252 -0.091061
318.000000 212.000000 -0.006280 -0.087921
404.000000 212.000000 0.263763 -0.087921
441.000000 212.000000 0.379945 -0.087921
307.000000 213.000000 -0.040820 -0.084781
364.000000 213.000000 0.138162 -0.084781
384.000000 213.000000 0.200962 -0.084781
425.000000 213.000000 0.329704 -0.084781
438.000000 213.000000 0.370524 -0.084781
490.000000 213.000000 0.533806 -0.084781
103.000000 214.000000 -0.681388 -0.081641
312.000000 214.000000 -0.025120 -0.081641
315.000000 214.000000 -0.015700 -0.081641
357.000000 214.000000 0.116181 -0.081641
359.000000 214.000000 0.122461 -0.081641
362.000000 214.000000 0.131882 -0.081641
415.000000 214.000000 0.298304 -0.081641
92.000000 215.000000 -0.715928 -0.078501
375.000000 215.000000 0.172702 -0.078501
420.000000 215.000000 0.314004 -0.078501
426.000000 215.000000 0.332844 -0.078501
142.000000 216.000000 -0.558927 -0.075361
306.000000 216.000000 -0.043961 -0.075361
309.000000 216.000000 -0.034540 -0.075361
372.000000 216.000000 0.163282 -0.075361
383.000000 216.000000 0.197822 -0.075361
389.000000 216.000000 0.216663 -0.075361
402.000000 216.000000 0.257483 -0.075361
452.000000 216.000000 0.414485 -0.075361
457.000000 216.000000 0.430185 -0.075361
486.000000 216.000000 0.521246 -0.075361
490.000000 216.000000 0.533806 -0.075361
103.000000 217.000000 -0.681388 -0.072221
106.000000 217.000000 -0.671968 -0.072221
374.000000 217.000000 0.169562 -0.072221
441.000000 217.000000 0.379945 -0.072221
537.000000 217.000000 0.681388 -0.072221
382.000000 218.000000 0.194682 -0.069081
467.000000 218.000000 0.461585 -0.069081
477.000000 218.000000 0.492986 -0.069081
494.000000 218.000000 0.546366 -0.069081
541.000000 218.000000 0.693948 -0.069081
141.000000 219.000000 -0.562067 -0.065941
305.000000 219.000000 -0.047101 -0.065941
416.000000 219.000000 0.301444 -0.065941
437.000000 219.000000 0.367384 -0.065941
503.000000 219.000000 0.574627 -0.065941
517.000000 219.000000 0.618587 -0.065941
568.000000 219.000000 0.778729 -0.065941
102.000000 220.000000 -0.684528 -0.062801
104.000000 220.000000 -0.678248 -0.062801
144.000000 220.000000 -0.552647 -0.062801
149.000000 220.000000 -0.536946 -0.062801
302.000000 220.000000 -0.056521 -0.062801
385.000000 220.000000 0.204102 -0.062801
393.000000 220.000000 0.229223 -0.062801
420.000000 220.000000 0.314004 -0.062801
423.000000 220.000000 0.323424 -0.062801
425.000000 220.000000 0.329704 -0.062801
456.000000 220.000000 0.427045 -0.062801
576.000000 220.000000 0.803850 -0.062801
597.000000 220.000000 0.869790 -0.062801
602.000000 220.000000 0.885490 -0.062801
300.000000 221.000000 -0.062801 -0.059661
389.000000 221.000000 0.216663 -0.059661
398.000000 221.000000 0.244923 -0.059661
428.000000 221.000000 0.339124 -0.059661
433.000000 221.000000 0.354824 -0.059661
439.000000 221.000000 0.373664 -0.059661
500.000000 221.000000 0.565207 -0.059661
430.000000 222.000000 0.345404 -0.056521
443.000000 222.000000 0.386225 -0.056521
468.000000 222.000000 0.464725 -0.056521
558.000000 222.000000 0.747329 -0.056521
103.000000 223.000000 -0.681388 -0.053381
405.000000 223.000000 0.266903 -0.053381
436.000000 223.000000 0.364244 -0.053381
439.000000 223.000000 0.373664 -0.053381
560.000000 223.000000 0.753609 -0.053381
90.000000 224.000000 -0.722209 -0.050241
293.000000 224.000000 -0.084781 -0.050241
410.000000 224.000000 0.282603 -0.050241
444.000000 224.000000 0.389365 -0.050241
451.000000 224.000000 0.411345 -0.050241
487.000000 224.000000 0.524386 -0.050241
494.000000 224.000000 0.546366 -0.050241
569.000000 224.000000 0.781869 -0.050241
601.000000 224.000000 0.882350 -0.050241
623.000000 224.000000 0.951431 -0.050241
449.000000 225.000000 0.405065 -0.047101
454.000000 225.000000 0.420765 -0.047101
518.000000 225.000000 0.621727 -0.047101
103.000000 226.000000 -0.681388 -0.043961
283.000000 226.000000 -0.116181 -0.043961
422.000000 226.000000 0.320284 -0.043961
456.000000 226.000000 0.427045 -0.043961
471.000000 226.000000 0.474146 -0.043961
508.000000 226.000000 0.590327 -0.043961
579.000000 226.000000 0.813270 -0.043961
87.000000 227.000000 -0.731629 -0.040820
101.000000 227.000000 -0.687668 -0.040820
105.000000 227.000000 -0.675108 -0.040820
461.000000 227.000000 0.442745 -0.040820
464.000000 227.000000 0.452165 -0.040820
544.000000 227.000000 0.703368 -0.040820
431.000000 228.000000 0.348544 -0.037680
480.000000 228.000000 0.502406 -0.037680
606.000000 228.000000 0.898051 -0.037680
625.000000 228.000000 0.957711 -0.037680
627.000000 228.000000 0.963991 -0.037680
100.000000 229.000000 -0.690808 -0.034540
282.000000 229.000000 -0.119321 -0.034540
285.000000 229.000000 -0.109901 -0.034540
372.000000 229.000000 0.163282 -0.034540
436.000000 229.000000 0.364244 -0.034540
439.000000 229.000000 0.373664 -0.034540
489.000000 229.000000 0.530666 -0.034540
499.000000 229.000000 0.562067 -0.034540
557.000000 229.000000 0.744189 -0.034540
570.000000 229.000000 0.785009 -0.034540
609.000000 229.000000 0.907471 -0.034540
620.000000 229.000000 0.942011 -0.034540
105.000000 230.000000 -0.675108 -0.031400
107.000000 230.000000 -0.668828 -0.031400
376.000000 230.000000 0.175842 -0.031400
472.000000 230.000000 0.477286 -0.031400
477.000000 230.000000 0.492986 -0.031400
494.000000 230.000000 0.546366 -0.031400
544.000000 230.000000 0.703368 -0.031400
628.000000 230.000000 0.967131 -0.031400
383.000000 231.000000 0.197822 -0.028260
397.000000 231.000000 0.241783 -0.028260
266.000000 232.000000 -0.169562 -0.025120
278.000000 232.000000 -0.131882 -0.025120
388.000000 232.000000 0.213523 -0.025120
406.000000 232.000000 0.270043 -0.025120
409.000000 232.000000 0.279463 -0.025120
476.000000 232.000000 0.489846 -0.025120
484.000000 232.000000 0.514966 -0.025120
383.000000 233.000000 0.197822 -0.021980
415.000000 233.000000 0.298304 -0.021980
522.000000 233.000000 0.634288 -0.021980
575.000000 233.000000 0.800709 -0.021980
608.000000 233.000000 0.904331 -0.021980
392.000000 234.000000 0.226083 -0.018840
395.000000 234.000000 0.235503 -0.018840
418.000000 234.000000 0.307724 -0.018840
420.000000 234.000000 0.314004 -0.018840
462.000000 234.000000 0.445885 -0.018840
474.000000 234.000000 0.483566 -0.018840
562.000000 234.000000 0.759889 -0.018840
15.000000 235.000000 -0.957711 -0.015700
273.000000 235.000000 -0.147582 -0.015700
389.000000 235.000000 0.216663 -0.015700
423.000000 235.000000 0.323424 -0.015700
425.000000 235.000000 0.329704 -0.015700
399.000000 236.000000 0.248063 -0.012560
428.000000 236.000000 0.339124 -0.012560
430.000000 236.000000 0.345404 -0.012560
474.000000 236.000000 0.483566 -0.012560
477.000000 236.000000 0.492986 -0.012560
496.000000 236.000000 0.552647 -0.012560
521.000000 236.000000 0.631147 -0.012560
636.000000 236.000000 0.992252 -0.012560
270.000000 237.000000 -0.157002 -0.009420
273.000000 237.000000 -0.147582 -0.009420
402.000000 237.000000 0.257483 -0.009420
433.000000 237.000000 0.354824 -0.009420
435.000000 237.000000 0.361104 -0.009420
470.000000 237.000000 0.471006 -0.009420
479.000000 237.000000 0.499266 -0.009420
557.000000 237.000000 0.744189 -0.009420
604.000000 237.000000 0.891771 -0.009420
631.000000 237.000000 0.976552 -0.009420
268.000000 238.000000 -0.163282 -0.006280
395.000000 238.000000 0.235503 -0.006280
438.000000 238.000000 0.370524 -0.006280
475.000000 238.000000 0.486706 -0.006280
526.000000 238.000000 0.646848 -0.006280
568.000000 238.000000 0.778729 -0.006280
292.000000 239.000000 -0.087921 -0.003140
445.000000 239.000000 0.392505 -0.003140
471.000000 239.000000 0.474146 -0.003140
631.000000 239.000000 0.976552 -0.003140
275.000000 240.000000 -0.141302 0.000000
396.000000 240.000000 0.238643 0.000000
448.000000 240.000000 0.401925 0.000000
535.000000 240.000000 0.675108 0.000000
250.000000 241.000000 -0.219803 0.003140
272.000000 241.000000 -0.150722 0.003140
399.000000 241.000000 0.248063 0.003140
544.000000 241.000000 0.703368 0.003140
254.000000 242.000000 -0.207242 0.006280
269.000000 242.000000 -0.160142 0.006280
458.000000 242.000000 0.433325 0.006280
399.000000 243.000000 0.248063 0.009420
495.000000 243.000000 0.549506 0.009420
461.000000 244.000000 0.442745 0.012560
464.000000 244.000000 0.452165 0.012560
542.000000 244.000000 0.697088 0.012560
566.000000 244.000000 0.772449 0.012560
494.000000 245.000000 0.546366 0.015700
505.000000 245.000000 0.580907 0.015700
529.000000 245.000000 0.656268 0.015700
579.000000 245.000000 0.813270 0.015700
591.000000 245.000000 0.850950 0.015700
633.000000 245.000000 0.982832 0.015700
395.000000 246.000000 0.235503 0.018840
397.000000 246.000000 0.241783 0.018840
524.000000 246.000000 0.640568 0.018840
605.000000 246.000000 0.894911 0.018840
624.000000 246.000000 0.954571 0.018840
466.000000 247.000000 0.458445 0.021980
616.000000 247.000000 0.929451 0.021980
156.000000 248.000000 -0.514966 0.025120
510.000000 248.000000 0.596607 0.025120
248.000000 249.000000 -0.226083 0.028260
486.000000 249.000000 0.521246 0.028260
400.000000 250.000000 0.251203 0.031400
544.000000 250.000000 0.703368 0.031400
582.000000 250.000000 0.822690 0.031400
200.000000 251.000000 -0.376804 0.034540
462.000000 251.000000 0.445885 0.034540
529.000000 251.000000 0.656268 0.034540
615.000000 251.000000 0.926311 0.034540
243.000000 252.000000 -0.241783 0.037680
570.000000 252.000000 0.785009 0.037680
241.000000 253.000000 -0.248063 0.040820
472.000000 253.000000 0.477286 0.040820
542.000000 253.000000 0.697088 0.040820
627.000000 253.000000 0.963991 0.040820
234.000000 254.000000 -0.270043 0.043961
239.000000 254.000000 -0.254343 0.043961
401.000000 254.000000 0.254343 0.043961
451.000000 254.000000 0.411345 0.043961
453.000000 254.000000 0.417625 0.043961
474.000000 254.000000 0.483566 0.043961
207.000000 255.000000 -0.354824 0.047101
398.000000 255.000000 0.244923 0.047101
633.000000 255.000000 0.982832 0.047101
452.000000 256.000000 0.414485 0.050241
457.000000 256.000000 0.430185 0.050241
544.000000 256.000000 0.703368 0.050241
195.000000 257.000000 -0.392505 0.053381
476.000000 257.000000 0.489846 0.053381
227.000000 258.000000 -0.292023 0.056521
461.000000 258.000000 0.442745 0.056521
489.000000 258.000000 0.530666 0.056521
561.000000 258.000000 0.756749 0.056521
564.000000 258.000000 0.766169 0.056521
234.000000 259.000000 -0.270043 0.059661
450.000000 259.000000 0.408205 0.059661
229.000000 260.000000 -0.285743 0.062801
196.000000 261.000000 -0.389365 0.065941
233.000000 261.000000 -0.273183 0.065941
443.000000 261.000000 0.386225 0.065941
447.000000 261.000000 0.398785 0.065941
458.000000 261.000000 0.433325 0.065941
488.000000 261.000000 0.527526 0.065941
569.000000 261.000000 0.781869 0.065941
39.000000 262.000000 -0.882350 0.069081
35.000000 263.000000 -0.894911 0.072221
402.000000 263.000000 0.257483 0.072221
457.000000 263.000000 0.430185 0.072221
461.000000 263.000000 0.442745 0.072221
371.000000 265.000000 0.160142 0.078501
397.000000 265.000000 0.241783 0.078501
20.000000 266.000000 -0.942011 0.081641
386.000000 266.000000 0.207242 0.081641
438.000000 266.000000 0.370524 0.081641
598.000000 266.000000 0.872930 0.081641
256.000000 267.000000 -0.200962 0.084781
399.000000 267.000000 0.248063 0.084781
402.000000 267.000000 0.257483 0.084781
611.000000 267.000000 0.913751 0.084781
529.000000 268.000000 0.656268 0.087921
9.000000 269.000000 -0.976552 0.091061
143.000000 269.000000 -0.555787 0.091061
264.000000 269.000000 -0.175842 0.091061
269.000000 269.000000 -0.160142 0.091061
401.000000 269.000000 0.254343 0.091061
486.000000 269.000000 0.521246 0.091061
524.000000 269.000000 0.640568 0.091061
581.000000 269.000000 0.819550 0.091061
593.000000 269.000000 0.857230 0.091061
390.000000 270.000000 0.219803 0.094201
392.000000 270.000000 0.226083 0.094201
404.000000 270.000000 0.263763 0.094201
561.000000 270.000000 0.756749 0.094201
618.000000 270.000000 0.935731 0.094201
387.000000 271.000000 0.210382 0.097341
541.000000 271.000000 0.693948 0.097341
97.000000 272.000000 -0.700228 0.100481
251.000000 272.000000 -0.216663 0.100481
395.000000 272.000000 0.235503 0.100481
501.000000 272.000000 0.568347 0.100481
531.000000 272.000000 0.662548 0.100481
560.000000 272.000000 0.753609 0.100481
216.000000 273.000000 -0.326564 0.103621
503.000000 273.000000 0.574627 0.103621
178.000000 274.000000 -0.445885 0.106761
204.000000 274.000000 -0.364244 0.106761
267.000000 274.000000 -0.166422 0.106761
398.000000 274.000000 0.244923 0.106761
574.000000 274.000000 0.797569 0.106761
614.000000 274.000000 0.923171 0.106761
247.000000 275.000000 -0.229223 0.109901
262.000000 275.000000 -0.182122 0.109901
269.000000 275.000000 -0.160142 0.109901
476.000000 275.000000 0.489846 0.109901
568.000000 275.000000 0.778729 0.109901
605.000000 275.000000 0.894911 0.109901
266.000000 276.000000 -0.169562 0.113041
406.000000 276.000000 0.270043 0.113041
469.000000 276.000000 0.467866 0.113041
500.000000 276.000000 0.565207 0.113041
538.000000 276.000000 0.684528 0.113041
542.000000 276.000000 0.697088 0.113041
586.000000 276.000000 0.835250 0.113041
137.000000 277.000000 -0.574627 0.116181
546.000000 277.000000 0.709648 0.116181
82.000000 278.000000 -0.747329 0.119321
240.000000 278.000000 -0.251203 0.119321
245.000000 278.000000 -0.235503 0.119321
391.000000 278.000000 0.222943 0.119321
599.000000 278.000000 0.876070 0.119321
609.000000 278.000000 0.907471 0.119321
285.000000 279.000000 -0.109901 0.122461
499.000000 279.000000 0.562067 0.122461
588.000000 279.000000 0.841530 0.122461
606.000000 279.000000 0.898051 0.122461
258.000000 280.000000 -0.194682 0.125601
88.000000 281.000000 -0.728489 0.128742
103.000000 281.000000 -0.681388 0.128742
71.000000 282.000000 -0.781869 0.131882
598.000000 282.000000 0.872930 0.131882
44.000000 283.000000 -0.866650 0.135022
233.000000 283.000000 -0.273183 0.135022
51.000000 285.000000 -0.844670 0.141302
150.000000 285.000000 -0.533806 0.141302
497.000000 285.000000 0.555787 0.141302
544.000000 285.000000 0.703368 0.141302
586.000000 285.000000 0.835250 0.141302
246.000000 286.000000 -0.232363 0.144442
481.000000 286.000000 0.505546 0.144442
607.000000 286.000000 0.901191 0.144442
631.000000 286.000000 0.976552 0.144442
22.000000 287.000000 -0.935731 0.147582
233.000000 287.000000 -0.273183 0.147582
423.000000 287.000000 0.323424 0.147582
468.000000 287.000000 0.464725 0.147582
518.000000 287.000000 0.621727 0.147582
568.000000 287.000000 0.778729 0.147582
157.000000 288.000000 -0.511826 0.150722
230.000000 288.000000 -0.282603 0.150722
559.000000 288.000000 0.750469 0.150722
16.000000 289.000000 -0.954571 0.153862
48.000000 289.000000 -0.854090 0.153862
76.000000 289.000000 -0.766169 0.153862
351.000000 289.000000 0.097341 0.153862
38.000000 290.000000 -0.885490 0.157002
144.000000 290.000000 -0.552647 0.157002
224.000000 290.000000 -0.301444 0.157002
246.000000 290.000000 -0.232363 0.157002
283.000000 290.000000 -0.116181 0.157002
515.000000 290.000000 0.612307 0.157002
551.000000 290.000000 0.725349 0.157002
34.000000 291.000000 -0.898051 0.160142
62.000000 291.000000 -0.810130 0.160142
220.000000 291.000000 -0.314004 0.160142
30.000000 292.000000 -0.910611 0.163282
40.000000 292.000000 -0.879210 0.163282
47.000000 292.000000 -0.857230 0.163282
106.000000 292.000000 -0.671968 0.163282
349.000000 292.000000 0.091061 0.163282
472.000000 292.000000 0.477286 0.163282
551.000000 292.000000 0.725349 0.163282
37.000000 293.000000 -0.888631 0.166422
122.000000 293.000000 -0.621727 0.166422
272.000000 293.000000 -0.150722 0.166422
141.000000 294.000000 -0.562067 0.169562
218.000000 294.000000 -0.320284 0.169562
223.000000 294.000000 -0.304584 0.169562
537.000000 294.000000 0.681388 0.169562
541.000000 294.000000 0.693948 0.169562
19.000000 295.000000 -0.945151 0.172702
149.000000 295.000000 -0.536946 0.172702
229.000000 295.000000 -0.285743 0.172702
363.000000 295.000000 0.135022 0.172702
446.000000 295.000000 0.395645 0.172702
479.000000 295.000000 0.499266 0.172702
546.000000 295.000000 0.709648 0.172702
31.000000 296.000000 -0.907471 0.175842
208.000000 296.000000 -0.351684 0.175842
302.000000 296.000000 -0.056521 0.175842
464.000000 296.000000 0.452165 0.175842
485.000000 296.000000 0.518106 0.175842
561.000000 296.000000 0.756749 0.175842
40.000000 297.000000 -0.879210 0.178982
44.000000 297.000000 -0.866650 0.178982
82.000000 297.000000 -0.747329 0.178982
343.000000 297.000000 0.072221 0.178982
388.000000 297.000000 0.213523 0.178982
552.000000 297.000000 0.728489 0.178982
391.000000 298.000000 0.222943 0.182122
406.000000 298.000000 0.270043 0.182122
493.000000 298.000000 0.543226 0.182122
570.000000 298.000000 0.785009 0.182122
620.000000 298.000000 0.942011 0.182122
24.000000 299.000000 -0.929451 0.185262
203.000000 299.000000 -0.367384 0.185262
420.000000 299.000000 0.314004 0.185262
37.000000 300.000000 -0.888631 0.188402
134.000000 300.000000 -0.584047 0.188402
217.000000 300.000000 -0.323424 0.188402
260.000000 300.000000 -0.188402 0.188402
414.000000 300.000000 0.295163 0.188402
427.000000 300.000000 0.335984 0.188402
491.000000 300.000000 0.536946 0.188402
529.000000 300.000000 0.656268 0.188402
558.000000 300.000000 0.747329 0.188402
587.000000 300.000000 0.838390 0.188402
635.000000 300.000000 0.989112 0.188402
121.000000 301.000000 -0.624867 0.191542
370.000000 301.000000 0.157002 0.191542
456.000000 301.000000 0.427045 0.191542
513.000000 301.000000 0.606027 0.191542
538.000000 301.000000 0.684528 0.191542
543.000000 301.000000 0.700228 0.191542
566.000000 301.000000 0.772449 0.191542
570.000000 301.000000 0.785009 0.191542
572.000000 301.000000 0.791289 0.191542
151.000000 302.000000 -0.530666 0.194682
387.000000 302.000000 0.210382 0.194682
393.000000 302.000000 0.229223 0.194682
532.000000 302.000000 0.665688 0.194682
594.000000 302.000000 0.860370 0.194682
237.000000 303.000000 -0.260623 0.197822
280.000000 303.000000 -0.125601 0.197822
415.000000 303.000000 0.298304 0.197822
44.000000 304.000000 -0.866650 0.200962
53.000000 304.000000 -0.838390 0.200962
197.000000 304.000000 -0.386225 0.200962
251.000000 304.000000 -0.216663 0.200962
4.000000 305.000000 -0.992252 0.204102
8.000000 305.000000 -0.979692 0.204102
135.000000 305.000000 -0.580907 0.204102
205.000000 305.000000 -0.361104 0.204102
255.000000 305.000000 -0.204102 0.204102
537.000000 305.000000 0.681388 0.204102
559.000000 305.000000 0.750469 0.204102
56.000000 306.000000 -0.828970 0.207242
200.000000 306.000000 -0.376804 0.207242
350.000000 306.000000 0.094201 0.207242
392.000000 306.000000 0.226083 0.207242
407.000000 306.000000 0.273183 0.207242
596.000000 306.000000 0.866650 0.207242
133.000000 307.000000 -0.587187 0.210382
384.000000 307.000000 0.200962 0.210382
28.000000 308.000000 -0.916891 0.213523
140.000000 308.000000 -0.565207 0.213523
388.000000 308.000000 0.213523 0.213523
391.000000 308.000000 0.222943 0.213523
410.000000 308.000000 0.282603 0.213523
578.000000 308.000000 0.810130 0.213523
38.000000 309.000000 -0.885490 0.216663
125.000000 309.000000 -0.612307 0.216663
233.000000 309.000000 -0.273183 0.216663
235.000000 309.000000 -0.266903 0.216663
252.000000 309.000000 -0.213523 0.216663
382.000000 309.000000 0.194682 0.216663
393.000000 309.000000 0.229223 0.216663
419.000000 309.000000 0.310864 0.216663
631.000000 309.000000 0.976552 0.216663
131.000000 310.000000 -0.593467 0.219803
410.000000 310.000000 0.282603 0.219803
441.000000 310.000000 0.379945 0.219803
73.000000 311.000000 -0.775589 0.222943
180.000000 311.000000 -0.439605 0.222943
218.000000 311.000000 -0.320284 0.222943
412.000000 311.000000 0.288883 0.222943
473.000000 311.000000 0.480426 0.222943
516.000000 311.000000 0.615447 0.222943
60.000000 312.000000 -0.816410 0.226083
68.000000 312.000000 -0.791289 0.226083
96.000000 312.000000 -0.703368 0.226083
111.000000 312.000000 -0.656268 0.226083
203.000000 312.000000 -0.367384 0.226083
342.000000 312.000000 0.069081 0.226083
385.000000 312.000000 0.204102 0.226083
600.000000 312.000000 0.879210 0.226083
270.000000 313.000000 -0.157002 0.229223
417.000000 313.000000 0.304584 0.229223
66.000000 314.000000 -0.797569 0.232363
198.000000 314.000000 -0.383085 0.232363
210.000000 314.000000 -0.345404 0.232363
394.000000 314.000000 0.232363 0.232363
408.000000 314.000000 0.276323 0.232363
411.000000 314.000000 0.285743 0.232363
560.000000 314.000000 0.753609 0.232363
564.000000 314.000000 0.766169 0.232363
47.000000 315.000000 -0.857230 0.235503
80.000000 315.000000 -0.753609 0.235503
213.000000 315.000000 -0.335984 0.235503
416.000000 315.000000 0.301444 0.235503
620.000000 315.000000 0.942011 0.235503
32.000000 316.000000 -0.904331 0.238643
383.000000 316.000000 0.197822 0.238643
476.000000 316.000000 0.489846 0.238643
111.000000 317.000000 -0.656268 0.241783
143.000000 317.000000 -0.555787 0.241783
478.000000 317.000000 0.496126 0.241783
625.000000 317.000000 0.957711 0.241783
629.000000 317.000000 0.970271 0.241783
92.000000 318.000000 -0.715928 0.244923
139.000000 318.000000 -0.568347 0.244923
183.000000 318.000000 -0.430185 0.244923
202.000000 318.000000 -0.370524 0.244923
377.000000 318.000000 0.178982 0.244923
390.000000 318.000000 0.219803 0.244923
513.000000 318.000000 0.606027 0.244923
555.000000 318.000000 0.737909 0.244923
205.000000 319.000000 -0.361104 0.248063
386.000000 319.000000 0.207242 0.248063
461.000000 319.000000 0.442745 0.248063
546.000000 319.000000 0.709648 0.248063
561.000000 319.000000 0.756749 0.248063
73.000000 320.000000 -0.775589 0.251203
96.000000 320.000000 -0.703368 0.251203
300.000000 320.000000 -0.062801 0.251203
146.000000 321.000000 -0.546366 0.254343
220.000000 321.000000 -0.314004 0.254343
350.000000 321.000000 0.094201 0.254343
387.000000 321.000000 0.210382 0.254343
416.000000 321.000000 0.301444 0.254343
531.000000 321.000000 0.662548 0.254343
36.000000 322.000000 -0.891771 0.257483
190.000000 322.000000 -0.408205 0.257483
258.000000 322.000000 -0.194682 0.257483
382.000000 322.000000 0.194682 0.257483
394.000000 322.000000 0.232363 0.257483
527.000000 322.000000 0.649988 0.257483
557.000000 322.000000 0.744189 0.257483
128.000000 323.000000 -0.602887 0.260623
198.000000 323.000000 -0.383085 0.260623
320.000000 323.000000 -0.000000 0.260623
348.000000 323.000000 0.087921 0.260623
590.000000 323.000000 0.847810 0.260623
40.000000 324.000000 -0.879210 0.263763
159.000000 324.000000 -0.505546 0.263763
390.000000 324.000000 0.219803 0.263763
393.000000 324.000000 0.229223 0.263763
301.000000 325.000000 -0.059661 0.266903
322.000000 325.000000 0.006280 0.266903
494.000000 325.000000 0.546366 0.266903
575.000000 325.000000 0.800709 0.266903
586.000000 325.000000 0.835250 0.266903
588.000000 325.000000 0.841530 0.266903
163.000000 326.000000 -0.492986 0.270043
197.000000 326.000000 -0.386225 0.270043
292.000000 326.000000 -0.087921 0.270043
387.000000 326.000000 0.210382 0.270043
488.000000 326.000000 0.527526 0.270043
514.000000 326.000000 0.609167 0.270043
558.000000 326.000000 0.747329 0.270043
591.000000 326.000000 0.850950 0.270043
187.000000 327.000000 -0.417625 0.273183
9.000000 328.000000 -0.976552 0.276323
21.000000 328.000000 -0.938871 0.276323
52.000000 328.000000 -0.841530 0.276323
97.000000 328.000000 -0.700228 0.276323
194.000000 328.000000 -0.395645 0.276323
486.000000 328.000000 0.521246 0.276323
18.000000 329.000000 -0.948291 0.279463
151.000000 329.000000 -0.530666 0.279463
173.000000 329.000000 -0.461585 0.279463
378.000000 329.000000 0.182122 0.279463
384.000000 329.000000 0.200962 0.279463
395.000000 329.000000 0.235503 0.279463
433.000000 329.000000 0.354824 0.279463
624.000000 329.000000 0.954571 0.279463
10.000000 330.000000 -0.973412 0.282603
34.000000 330.000000 -0.898051 0.282603
183.000000 330.000000 -0.430185 0.282603
429.000000 330.000000 0.342264 0.282603
41.000000 331.000000 -0.876070 0.285743
75.000000 331.000000 -0.769309 0.285743
439.000000 331.000000 0.373664 0.285743
539.000000 331.000000 0.687668 0.285743
226.000000 332.000000 -0.295163 0.288883
536.000000 332.000000 0.678248 0.288883
27.000000 333.000000 -0.920031 0.292023
134.000000 333.000000 -0.584047 0.292023
386.000000 333.000000 0.207242 0.292023
441.000000 333.000000 0.379945 0.292023
503.000000 333.000000 0.574627 0.292023
50.000000 334.000000 -0.847810 0.295163
150.000000 334.000000 -0.533806 0.295163
203.000000 334.000000 -0.367384 0.295163
226.000000 334.000000 -0.295163 0.295163
261.000000 334.000000 -0.185262 0.295163
134.000000 335.000000 -0.584047 0.298304
280.000000 335.000000 -0.125601 0.298304
317.000000 335.000000 -0.009420 0.298304
417.000000 335.000000 0.304584 0.298304
130.000000 336.000000 -0.596607 0.301444
168.000000 336.000000 -0.477286 0.301444
208.000000 336.000000 -0.351684 0.301444
210.000000 336.000000 -0.345404 0.301444
230.000000 336.000000 -0.282603 0.301444
371.000000 336.000000 0.160142 0.301444
90.000000 337.000000 -0.722209 0.304584
98.000000 337.000000 -0.697088 0.304584
149.000000 337.000000 -0.536946 0.304584
190.000000 337.000000 -0.408205 0.304584
234.000000 337.000000 -0.270043 0.304584
282.000000 337.000000 -0.119321 0.304584
385.000000 337.000000 0.204102 0.304584
421.000000 337.000000 0.317144 0.304584
456.000000 337.000000 0.427045 0.304584
58.000000 338.000000 -0.822690 0.307724
72.000000 338.000000 -0.778729 0.307724
87.000000 338.000000 -0.731629 0.307724
162.000000 338.000000 -0.496126 0.307724
247.000000 338.000000 -0.229223 0.307724
249.000000 338.000000 -0.222943 0.307724
395.000000 338.000000 0.235503 0.307724
225.000000 339.000000 -0.298304 0.310864
503.000000 339.000000 0.574627 0.310864
89.000000 340.000000 -0.725349 0.314004
99.000000 340.000000 -0.693948 0.314004
247.000000 340.000000 -0.229223 0.314004
283.000000 340.000000 -0.116181 0.314004
312.000000 340.000000 -0.025120 0.314004
335.000000 340.000000 0.047101 0.314004
473.000000 340.000000 0.480426 0.314004
54.000000 341.000000 -0.835250 0.317144
170.000000 341.000000 -0.471006 0.317144
254.000000 341.000000 -0.207242 0.317144
286.000000 341.000000 -0.106761 0.317144
386.000000 341.000000 0.207242 0.317144
466.000000 341.000000 0.458445 0.317144
483.000000 341.000000 0.511826 0.317144
509.000000 341.000000 0.593467 0.317144
52.000000 342.000000 -0.841530 0.320284
138.000000 342.000000 -0.571487 0.320284
167.000000 342.000000 -0.480426 0.320284
245.000000 342.000000 -0.235503 0.320284
420.000000 342.000000 0.314004 0.320284
569.000000 342.000000 0.781869 0.320284
122.000000 343.000000 -0.621727 0.323424
353.000000 343.000000 0.103621 0.323424
591.000000 343.000000 0.850950 0.323424
38.000000 344.000000 -0.885490 0.326564
182.000000 344.000000 -0.433325 0.326564
340.000000 344.000000 0.062801 0.326564
138.000000 345.000000 -0.571487 0.329704
304.000000 345.000000 -0.050241 0.329704
363.000000 345.000000 0.135022 0.329704
623.000000 345.000000 0.951431 0.329704
106.000000 346.000000 -0.671968 0.332844
152.000000 346.000000 -0.527526 0.332844
171.000000 346.000000 -0.467866 0.332844
321.000000 346.000000 0.003140 0.332844
556.000000 346.000000 0.741049 0.332844
104.000000 347.000000 -0.678248 0.335984
175.000000 347.000000 -0.455305 0.335984
240.000000 347.000000 -0.251203 0.335984
549.000000 347.000000 0.719069 0.335984
12.000000 348.000000 -0.967131 0.339124
202.000000 348.000000 -0.370524 0.339124
265.000000 348.000000 -0.172702 0.339124
267.000000 348.000000 -0.166422 0.339124
290.000000 348.000000 -0.094201 0.339124
315.000000 348.000000 -0.015700 0.339124
370.000000 348.000000 0.157002 0.339124
527.000000 348.000000 0.649988 0.339124
563.000000 348.000000 0.763029 0.339124
623.000000 348.000000 0.951431 0.339124
147.000000 349.000000 -0.543226 0.342264
164.000000 349.000000 -0.489846 0.342264
250.000000 349.000000 -0.219803 0.342264
252.000000 349.000000 -0.213523 0.342264
281.000000 349.000000 -0.122461 0.342264
294.000000 349.000000 -0.081641 0.342264
446.000000 349.000000 0.395645 0.342264
533.000000 349.000000 0.668828 0.342264
121.000000 350.000000 -0.624867 0.345404
371.000000 350.000000 0.160142 0.345404
559.000000 350.000000 0.750469 0.345404
591.000000 350.000000 0.850950 0.345404
114.000000 351.000000 -0.646848 0.348544
159.000000 351.000000 -0.505546 0.348544
191.000000 351.000000 -0.405065 0.348544
258.000000 351.000000 -0.194682 0.348544
322.000000 351.000000 0.006280 0.348544
324.000000 351.000000 0.012560 0.348544
335.000000 352.000000 0.047101 0.351684
387.000000 352.000000 0.210382 0.351684
526.000000 352.000000 0.646848 0.351684
79.000000 353.000000 -0.756749 0.354824
298.000000 353.000000 -0.069081 0.354824
338.000000 353.000000 0.056521 0.354824
576.000000 353.000000 0.803850 0.354824
137.000000 354.000000 -0.574627 0.357964
266.000000 354.000000 -0.169562 0.357964
410.000000 354.000000 0.282603 0.357964
52.000000 355.000000 -0.841530 0.361104
82.000000 355.000000 -0.747329 0.361104
120.000000 355.000000 -0.628007 0.361104
191.000000 355.000000 -0.405065 0.361104
341.000000 355.000000 0.065941 0.361104
550.000000 355.000000 0.722209 0.361104
585.000000 355.000000 0.832110 0.361104
608.000000 355.000000 0.904331 0.361104
60.000000 357.000000 -0.816410 0.367384
102.000000 357.000000 -0.684528 0.367384
142.000000 357.000000 -0.558927 0.367384
155.000000 357.000000 -0.518106 0.367384
167.000000 357.000000 -0.480426 0.367384
169.000000 357.000000 -0.474146 0.367384
387.000000 357.000000 0.210382 0.367384
536.000000 357.000000 0.678248 0.367384
124.000000 358.000000 -0.615447 0.370524
311.000000 358.000000 -0.028260 0.370524
318.000000 358.000000 -0.006280 0.370524
322.000000 358.000000 0.006280 0.370524
448.000000 358.000000 0.401925 0.370524
573.000000 358.000000 0.794429 0.370524
71.000000 359.000000 -0.781869 0.373664
289.000000 359.000000 -0.097341 0.373664
360.000000 359.000000 0.125601 0.373664
12.000000 360.000000 -0.967131 0.376804
150.000000 360.000000 -0.533806 0.376804
355.000000 360.000000 0.109901 0.376804
421.000000 360.000000 0.317144 0.376804
113.000000 361.000000 -0.649988 0.379945
342.000000 361.000000 0.069081 0.379945
360.000000 361.000000 0.125601 0.379945
428.000000 361.000000 0.339124 0.379945
84.000000 362.000000 -0.741049 0.383085
164.000000 362.000000 -0.489846 0.383085
457.000000 362.000000 0.430185 0.383085
51.000000 363.000000 -0.844670 0.386225
56.000000 363.000000 -0.828970 0.386225
450.000000 363.000000 0.408205 0.386225
556.000000 363.000000 0.741049 0.386225
21.000000 364.000000 -0.938871 0.389365
67.000000 364.000000 -0.794429 0.389365
382.000000 364.000000 0.194682 0.389365
108.000000 365.000000 -0.665688 0.392505
154.000000 365.000000 -0.521246 0.392505
310.000000 365.000000 -0.031400 0.392505
335.000000 365.000000 0.047101 0.392505
449.000000 365.000000 0.405065 0.392505
546.000000 365.000000 0.709648 0.392505
584.000000 365.000000 0.828970 0.392505
307.000000 366.000000 -0.040820 0.395645
6.000000 367.000000 -0.985972 0.398785
326.000000 367.000000 0.018840 0.398785
49.000000 368.000000 -0.850950 0.401925
15.000000 369.000000 -0.957711 0.405065
41.000000 369.000000 -0.876070 0.405065
356.000000 369.000000 0.113041 0.405065
399.000000 369.000000 0.248063 0.405065
17.000000 370.000000 -0.951431 0.408205
311.000000 370.000000 -0.028260 0.408205
317.000000 370.000000 -0.009420 0.408205
375.000000 370.000000 0.172702 0.408205
631.000000 370.000000 0.976552 0.408205
48.000000 371.000000 -0.854090 0.411345
351.000000 371.000000 0.097341 0.411345
534.000000 371.000000 0.671968 0.411345
44.000000 372.000000 -0.866650 0.414485
320.000000 372.000000 -0.000000 0.414485
331.000000 372.000000 0.034540 0.414485
365.000000 372.000000 0.141302 0.414485
545.000000 372.000000 0.706508 0.414485
562.000000 372.000000 0.759889 0.414485
326.000000 373.000000 0.018840 0.417625
375.000000 373.000000 0.172702 0.417625
382.000000 373.000000 0.194682 0.417625
182.000000 374.000000 -0.433325 0.420765
371.000000 374.000000 0.160142 0.420765
398.000000 374.000000 0.244923 0.420765
586.000000 374.000000 0.835250 0.420765
283.000000 375.000000 -0.116181 0.423905
373.000000 375.000000 0.166422 0.423905
539.000000 375.000000 0.687668 0.423905
564.000000 375.000000 0.766169 0.423905
91.000000 376.000000 -0.719069 0.427045
391.000000 376.000000 0.222943 0.427045
400.000000 376.000000 0.251203 0.427045
532.000000 376.000000 0.665688 0.427045
586.000000 376.000000 0.835250 0.427045
27.000000 377.000000 -0.920031 0.430185
66.000000 377.000000 -0.797569 0.430185
100.000000 377.000000 -0.690808 0.430185
187.000000 377.000000 -0.417625 0.430185
246.000000 377.000000 -0.232363 0.430185
315.000000 377.000000 -0.015700 0.430185
379.000000 377.000000 0.185262 0.430185
595.000000 377.000000 0.863510 0.430185
57.000000 378.000000 -0.825830 0.433325
358.000000 378.000000 0.119321 0.433325
406.000000 378.000000 0.270043 0.433325
415.000000 379.000000 0.298304 0.436465
549.000000 379.000000 0.719069 0.436465
64.000000 380.000000 -0.803850 0.439605
103.000000 380.000000 -0.681388 0.439605
317.000000 380.000000 -0.009420 0.439605
393.000000 380.000000 0.229223 0.439605
24.000000 381.000000 -0.929451 0.442745
28.000000 381.000000 -0.916891 0.442745
112.000000 381.000000 -0.653128 0.442745
310.000000 381.000000 -0.031400 0.442745
389.000000 381.000000 0.216663 0.442745
405.000000 381.000000 0.266903 0.442745
512.000000 381.000000 0.602887 0.442745
573.000000 381.000000 0.794429 0.442745
627.000000 381.000000 0.963991 0.442745
69.000000 382.000000 -0.788149 0.445885
118.000000 382.000000 -0.634288 0.445885
127.000000 382.000000 -0.606027 0.445885
129.000000 382.000000 -0.599747 0.445885
392.000000 382.000000 0.226083 0.445885
422.000000 382.000000 0.320284 0.445885
111.000000 383.000000 -0.656268 0.449025
340.000000 383.000000 0.062801 0.449025
398.000000 383.000000 0.244923 0.449025
428.000000 383.000000 0.339124 0.449025
613.000000 383.000000 0.920031 0.449025
94.000000 384.000000 -0.709648 0.452165
178.000000 385.000000 -0.445885 0.455305
270.000000 385.000000 -0.157002 0.455305
314.000000 385.000000 -0.018840 0.455305
329.000000 385.000000 0.028260 0.455305
335.000000 385.000000 0.047101 0.455305
404.000000 385.000000 0.263763 0.455305
410.000000 385.000000 0.282603 0.455305
414.000000 385.000000 0.295163 0.455305
402.000000 386.000000 0.257483 0.458445
51.000000 387.000000 -0.844670 0.461585
310.000000 387.000000 -0.031400 0.461585
374.000000 387.000000 0.169562 0.461585
291.000000 388.000000 -0.091061 0.464725
293.000000 388.000000 -0.084781 0.464725
321.000000 388.000000 0.003140 0.464725
400.000000 388.000000 0.251203 0.464725
405.000000 388.000000 0.266903 0.464725
418.000000 388.000000 0.307724 0.464725
423.000000 388.000000 0.323424 0.464725
455.000000 388.000000 0.423905 0.464725
324.000000 389.000000 0.012560 0.467866
451.000000 389.000000 0.411345 0.467866
495.000000 389.000000 0.549506 0.467866
587.000000 389.000000 0.838390 0.467866
609.000000 389.000000 0.907471 0.467866
182.000000 390.000000 -0.433325 0.471006
327.000000 390.000000 0.021980 0.471006
371.000000 391.000000 0.160142 0.474146
382.000000 391.000000 0.194682 0.474146
413.000000 391.000000 0.292023 0.474146
633.000000 391.000000 0.982832 0.474146
111.000000 392.000000 -0.656268 0.477286
129.000000 392.000000 -0.599747 0.477286
270.000000 392.000000 -0.157002 0.477286
392.000000 392.000000 0.226083 0.477286
399.000000 392.000000 0.248063 0.477286
118.000000 393.000000 -0.634288 0.480426
319.000000 393.000000 -0.003140 0.480426
321.000000 393.000000 0.003140 0.480426
338.000000 393.000000 0.056521 0.480426
405.000000 393.000000 0.266903 0.480426
466.000000 393.000000 0.458445 0.480426
133.000000 394.000000 -0.587187 0.483566
393.000000 394.000000 0.229223 0.483566
434.000000 394.000000 0.357964 0.483566
441.000000 394.000000 0.379945 0.483566
603.000000 394.000000 0.888631 0.483566
9.000000 395.000000 -0.976552 0.486706
328.000000 395.000000 0.025120 0.486706
330.000000 395.000000 0.031400 0.486706
388.000000 395.000000 0.213523 0.486706
498.000000 395.000000 0.558927 0.486706
537.000000 395.000000 0.681388 0.486706
608.000000 395.000000 0.904331 0.486706
20.000000 396.000000 -0.942011 0.489846
52.000000 396.000000 -0.841530 0.489846
81.000000 396.000000 -0.750469 0.489846
381.000000 396.000000 0.191542 0.489846
383.000000 396.000000 0.197822 0.489846
410.000000 396.000000 0.282603 0.489846
480.000000 396.000000 0.502406 0.489846
559.000000 396.000000 0.750469 0.489846
570.000000 396.000000 0.785009 0.489846
616.000000 396.000000 0.929451 0.489846
618.000000 396.000000 0.935731 0.489846
183.000000 397.000000 -0.430185 0.492986
421.000000 397.000000 0.317144 0.492986
428.000000 397.000000 0.339124 0.492986
600.000000 397.000000 0.879210 0.492986
634.000000 397.000000 0.985972 0.492986
42.000000 398.000000 -0.872930 0.496126
88.000000 398.000000 -0.728489 0.496126
97.000000 398.000000 -0.700228 0.496126
403.000000 398.000000 0.260623 0.496126
464.000000 398.000000 0.452165 0.496126
487.000000 398.000000 0.524386 0.496126
575.000000 398.000000 0.800709 0.496126
57.000000 399.000000 -0.825830 0.499266
323.000000 399.000000 0.009420 0.499266
536.000000 399.000000 0.678248 0.499266
41.000000 400.000000 -0.876070 0.502406
135.000000 400.000000 -0.580907 0.502406
384.000000 400.000000 0.200962 0.502406
420.000000 400.000000 0.314004 0.502406
22.000000 401.000000 -0.935731 0.505546
407.000000 401.000000 0.273183 0.505546
480.000000 401.000000 0.502406 0.505546
614.000000 401.000000 0.923171 0.505546
64.000000 402.000000 -0.803850 0.508686
414.000000 402.000000 0.295163 0.508686
507.000000 402.000000 0.587187 0.508686
627.000000 402.000000 0.963991 0.508686
76.000000 403.000000 -0.766169 0.511826
449.000000 403.000000 0.405065 0.511826
583.000000 403.000000 0.825830 0.511826
9.000000 404.000000 -0.976552 0.514966
393.000000 404.000000 0.229223 0.514966
405.000000 404.000000 0.266903 0.514966
578.000000 404.000000 0.810130 0.514966
596.000000 404.000000 0.866650 0.514966
608.000000 404.000000 0.904331 0.514966
57.000000 405.000000 -0.825830 0.518106
493.000000 405.000000 0.543226 0.518106
105.000000 406.000000 -0.675108 0.521246
316.000000 406.000000 -0.012560 0.521246
504.000000 406.000000 0.577767 0.521246
613.000000 406.000000 0.920031 0.521246
48.000000 407.000000 -0.854090 0.524386
154.000000 407.000000 -0.521246 0.524386
321.000000 407.000000 0.003140 0.524386
300.000000 408.000000 -0.062801 0.527526
487.000000 408.000000 0.524386 0.527526
45.000000 409.000000 -0.863510 0.530666
323.000000 409.000000 0.009420 0.530666
433.000000 409.000000 0.354824 0.530666
634.000000 409.000000 0.985972 0.530666
16.000000 410.000000 -0.954571 0.533806
238.000000 410.000000 -0.257483 0.533806
328.000000 410.000000 0.025120 0.533806
452.000000 410.000000 0.414485 0.533806
455.000000 410.000000 0.423905 0.533806
606.000000 410.000000 0.898051 0.533806
8.000000 411.000000 -0.979692 0.536946
315.000000 411.000000 -0.015700 0.536946
381.000000 411.000000 0.191542 0.536946
397.000000 411.000000 0.241783 0.536946
411.000000 411.000000 0.285743 0.536946
449.000000 411.000000 0.405065 0.536946
474.000000 411.000000 0.483566 0.536946
634.000000 411.000000 0.985972 0.536946
38.000000 412.000000 -0.885490 0.540086
325.000000 413.000000 0.015700 0.543226
383.000000 413.000000 0.197822 0.543226
442.000000 413.000000 0.383085 0.543226
494.000000 413.000000 0.546366 0.543226
530.000000 413.000000 0.659408 0.543226
627.000000 413.000000 0.963991 0.543226
16.000000 414.000000 -0.954571 0.546366
312.000000 414.000000 -0.025120 0.546366
365.000000 414.000000 0.141302 0.546366
374.000000 414.000000 0.169562 0.546366
26.000000 415.000000 -0.923171 0.549506
370.000000 415.000000 0.157002 0.549506
412.000000 415.000000 0.288883 0.549506
278.000000 416.000000 -0.131882 0.552647
383.000000 416.000000 0.197822 0.552647
394.000000 416.000000 0.232363 0.552647
396.000000 416.000000 0.238643 0.552647
26.000000 417.000000 -0.923171 0.555787
343.000000 417.000000 0.072221 0.555787
359.000000 417.000000 0.122461 0.555787
423.000000 417.000000 0.323424 0.555787
430.000000 417.000000 0.345404 0.555787
436.000000 417.000000 0.364244 0.555787
503.000000 417.000000 0.574627 0.555787
283.000000 418.000000 -0.116181 0.558927
357.000000 418.000000 0.116181 0.558927
409.000000 418.000000 0.279463 0.558927
602.000000 418.000000 0.885490 0.558927
614.000000 418.000000 0.923171 0.558927
621.000000 418.000000 0.945151 0.558927
328.000000 419.000000 0.025120 0.562067
368.000000 419.000000 0.150722 0.562067
628.000000 419.000000 0.967131 0.562067
12.000000 420.000000 -0.967131 0.565207
47.000000 420.000000 -0.857230 0.565207
116.000000 420.000000 -0.640568 0.565207
273.000000 420.000000 -0.147582 0.565207
374.000000 420.000000 0.169562 0.565207
282.000000 421.000000 -0.119321 0.568347
369.000000 421.000000 0.153862 0.568347
431.000000 421.000000 0.348544 0.568347
433.000000 421.000000 0.354824 0.568347
458.000000 421.000000 0.433325 0.568347
337.000000 422.000000 0.053381 0.571487
350.000000 422.000000 0.094201 0.571487
51.000000 423.000000 -0.844670 0.574627
372.000000 423.000000 0.163282 0.574627
409.000000 423.000000 0.279463 0.574627
423.000000 423.000000 0.323424 0.574627
509.000000 423.000000 0.593467 0.574627
628.000000 423.000000 0.967131 0.574627
298.000000 425.000000 -0.069081 0.580907
394.000000 425.000000 0.232363 0.580907
440.000000 425.000000 0.376804 0.580907
377.000000 426.000000 0.178982 0.584047
405.000000 426.000000 0.266903 0.584047
428.000000 426.000000 0.339124 0.584047
335.000000 427.000000 0.047101 0.587187
436.000000 427.000000 0.364244 0.587187
476.000000 427.000000 0.489846 0.587187
619.000000 427.000000 0.938871 0.587187
11.000000 428.000000 -0.970271 0.590327
110.000000 429.000000 -0.659408 0.593467
287.000000 429.000000 -0.103621 0.593467
336.000000 429.000000 0.050241 0.593467
632.000000 429.000000 0.979692 0.593467
6.000000 430.000000 -0.985972 0.596607
290.000000 430.000000 -0.094201 0.596607
580.000000 430.000000 0.816410 0.596607
441.000000 431.000000 0.379945 0.599747
482.000000 433.000000 0.508686 0.606027
94.000000 434.000000 -0.709648 0.609167
186.000000 434.000000 -0.420765 0.609167
396.000000 434.000000 0.238643 0.609167
421.000000 434.000000 0.317144 0.609167
190.000000 435.000000 -0.408205 0.612307
415.000000 435.000000 0.298304 0.612307
452.000000 435.000000 0.414485 0.612307
634.000000 435.000000 0.985972 0.612307
381.000000 436.000000 0.191542 0.615447
20.000000 437.000000 -0.942011 0.618587
43.000000 437.000000 -0.869790 0.618587
398.000000 437.000000 0.244923 0.618587
488.000000 437.000000 0.527526 0.618587
189.000000 438.000000 -0.411345 0.621727
349.000000 438.000000 0.091061 0.621727
361.000000 438.000000 0.128742 0.621727
67.000000 439.000000 -0.794429 0.624867
185.000000 439.000000 -0.423905 0.624867
410.000000 439.000000 0.282603 0.624867
481.000000 439.000000 0.505546 0.624867
628.000000 439.000000 0.967131 0.624867
342.000000 440.000000 0.069081 0.628007
149.000000 441.000000 -0.536946 0.631147
295.000000 441.000000 -0.078501 0.631147
434.000000 441.000000 0.357964 0.631147
269.000000 442.000000 -0.160142 0.634288
442.000000 442.000000 0.383085 0.634288
409.000000 443.000000 0.279463 0.637428
527.000000 443.000000 0.649988 0.637428
538.000000 443.000000 0.684528 0.637428
126.000000 444.000000 -0.609167 0.640568
336.000000 444.000000 0.050241 0.640568
610.000000 444.000000 0.910611 0.640568
86.000000 445.000000 -0.734769 0.643708
363.000000 445.000000 0.135022 0.643708
372.000000 445.000000 0.163282 0.643708
383.000000 445.000000 0.197822 0.643708
405.000000 445.000000 0.266903 0.643708
430.000000 445.000000 0.345404 0.643708
19.000000 446.000000 -0.945151 0.646848
29.000000 446.000000 -0.913751 0.646848
75.000000 446.000000 -0.769309 0.646848
338.000000 446.000000 0.056521 0.646848
354.000000 446.000000 0.106761 0.646848
600.000000 447.000000 0.879210 0.649988
335.000000 448.000000 0.047101 0.653128
442.000000 448.000000 0.383085 0.653128
311.000000 449.000000 -0.028260 0.656268
455.000000 449.000000 0.423905 0.656268
475.000000 449.000000 0.486706 0.656268
338.000000 450.000000 0.056521 0.659408
344.000000 450.000000 0.075361 0.659408
437.000000 450.000000 0.367384 0.659408
434.000000 451.000000 0.357964 0.662548
442.000000 451.000000 0.383085 0.662548
460.000000 451.000000 0.439605 0.662548
60.000000 452.000000 -0.816410 0.665688
160.000000 452.000000 -0.502406 0.665688
379.000000 452.000000 0.185262 0.665688
172.000000 453.000000 -0.464725 0.668828
341.000000 454.000000 0.065941 0.671968
472.000000 454.000000 0.477286 0.671968
221.000000 455.000000 -0.310864 0.675108
373.000000 455.000000 0.166422 0.675108
420.000000 455.000000 0.314004 0.675108
365.000000 456.000000 0.141302 0.678248
347.000000 457.000000 0.084781 0.681388
444.000000 458.000000 0.389365 0.684528
414.000000 459.000000 0.295163 0.687668
421.000000 459.000000 0.317144 0.687668
432.000000 459.000000 0.351684 0.687668
17.000000 460.000000 -0.951431 0.690808
379.000000 460.000000 0.185262 0.690808
26.000000 461.000000 -0.923171 0.693948
342.000000 461.000000 0.069081 0.693948
422.000000 461.000000 0.320284 0.693948
428.000000 461.000000 0.339124 0.693948
52.000000 462.000000 -0.841530 0.697088
469.000000 462.000000 0.467866 0.697088
628.000000 462.000000 0.967131 0.697088
8.000000 463.000000 -0.979692 0.700228
390.000000 463.000000 0.219803 0.700228
380.000000 464.000000 0.188402 0.703368
483.000000 464.000000 0.511826 0.703368
228.000000 465.000000 -0.288883 0.706508
371.000000 465.000000 0.160142 0.706508
189.000000 466.000000 -0.411345 0.709648
191.000000 466.000000 -0.405065 0.709648
461.000000 466.000000 0.442745 0.709648
84.000000 468.000000 -0.741049 0.715928
603.000000 468.000000 0.888631 0.715928
56.000000 469.000000 -0.828970 0.719069
414.000000 469.000000 0.295163 0.719069
425.000000 469.000000 0.329704 0.719069
601.000000 469.000000 0.882350 0.719069
334.000000 470.000000 0.043961 0.722209
403.000000 470.000000 0.260623 0.722209
635.000000 470.000000 0.989112 0.722209
34.000000 471.000000 -0.898051 0.725349
169.000000 471.000000 -0.474146 0.725349
430.000000 471.000000 0.345404 0.725349
432.000000 471.000000 0.351684 0.725349
486.000000 471.000000 0.521246 0.725349
295.000000 472.000000 -0.078501 0.728489
390.000000 473.000000 0.219803 0.731629
328.000000 474.000000 0.025120 0.734769
460.000000 474.000000 0.439605 0.734769
614.000000 474.000000 0.923171 0.734769
18.000000 475.000000 -0.948291 0.737909
341.000000 475.000000 0.065941 0.737909
375.000000 475.000000 0.172702 0.737909
