368.000000 4.000000 0.150722 -0.741049
381.000000 4.000000 0.191542 -0.741049
564.000000 5.000000 0.766169 -0.737909
442.000000 7.000000 0.383085 -0.731629
607.000000 7.000000 0.901191 -0.731629
615.000000 7.000000 0.926311 -0.731629
371.000000 8.000000 0.160142 -0.728489
543.000000 9.000000 0.700228 -0.725349
595.000000 9.000000 0.863510 -0.725349
604.000000 9.000000 0.891771 -0.725349
581.000000 11.000000 0.819550 -0.719069
381.000000 12.000000 0.191542 -0.715928
532.000000 12.000000 0.665688 -0.715928
446.000000 13.000000 0.395645 -0.712788
515.000000 13.000000 0.612307 -0.712788
551.000000 15.000000 0.725349 -0.706508
372.000000 16.000000 0.163282 -0.703368
585.000000 16.000000 0.832110 -0.703368
588.000000 16.000000 0.841530 -0.703368
450.000000 17.000000 0.408205 -0.700228
579.000000 17.000000 0.813270 -0.700228
381.000000 18.000000 0.191542 -0.697088
490.000000 18.000000 0.533806 -0.697088
441.000000 19.000000 0.379945 -0.693948
596.000000 20.000000 0.866650 -0.690808
495.000000 21.000000 0.549506 -0.687668
384.000000 22.000000 0.200962 -0.684528
436.000000 22.000000 0.364244 -0.684528
569.000000 22.000000 0.781869 -0.684528
381.000000 24.000000 0.191542 -0.678248
448.000000 24.000000 0.401925 -0.678248
373.000000 25.000000 0.166422 -0.675108
394.000000 25.000000 0.232363 -0.675108
375.000000 27.000000 0.172702 -0.668828
382.000000 28.000000 0.194682 -0.665688
381.000000 30.000000 0.191542 -0.659408
448.000000 30.000000 0.401925 -0.659408
469.000000 30.000000 0.467866 -0.659408
596.000000 30.000000 0.866650 -0.659408
432.000000 31.000000 0.351684 -0.656268
566.000000 35.000000 0.772449 -0.643708
439.000000 36.000000 0.373664 -0.640568
500.000000 36.000000 0.565207 -0.640568
550.000000 36.000000 0.722209 -0.640568
555.000000 36.000000 0.737909 -0.640568
431.000000 37.000000 0.348544 -0.637428
435.000000 37.000000 0.361104 -0.637428
559.000000 38.000000 0.750469 -0.634288
599.000000 38.000000 0.876070 -0.634288
620.000000 38.000000 0.942011 -0.634288
375.000000 39.000000 0.172702 -0.631147
582.000000 39.000000 0.822690 -0.631147
393.000000 40.000000 0.229223 -0.628007
631.000000 40.000000 0.976552 -0.628007
375.000000 41.000000 0.172702 -0.624867
554.000000 41.000000 0.734769 -0.624867
404.000000 43.000000 0.263763 -0.618587
366.000000 45.000000 0.144442 -0.612307
562.000000 45.000000 0.759889 -0.612307
376.000000 47.000000 0.175842 -0.606027
448.000000 48.000000 0.401925 -0.602887
376.000000 49.000000 0.175842 -0.599747
553.000000 49.000000 0.731629 -0.599747
429.000000 50.000000 0.342264 -0.596607
552.000000 51.000000 0.728489 -0.593467
408.000000 53.000000 0.276323 -0.587187
436.000000 54.000000 0.364244 -0.584047
581.000000 54.000000 0.819550 -0.584047
384.000000 55.000000 0.200962 -0.580907
386.000000 55.000000 0.207242 -0.580907
401.000000 55.000000 0.254343 -0.580907
555.000000 55.000000 0.737909 -0.580907
377.000000 56.000000 0.178982 -0.577767
431.000000 56.000000 0.348544 -0.577767
601.000000 56.000000 0.882350 -0.577767
444.000000 57.000000 0.389365 -0.574627
377.000000 59.000000 0.178982 -0.568347
554.000000 59.000000 0.734769 -0.568347
443.000000 60.000000 0.386225 -0.565207
489.000000 60.000000 0.530666 -0.565207
390.000000 61.000000 0.219803 -0.562067
578.000000 61.000000 0.810130 -0.562067
423.000000 62.000000 0.323424 -0.558927
504.000000 62.000000 0.577767 -0.558927
577.000000 63.000000 0.806990 -0.555787
555.000000 64.000000 0.737909 -0.552647
442.000000 67.000000 0.383085 -0.543226
434.000000 68.000000 0.357964 -0.540086
454.000000 69.000000 0.420765 -0.536946
477.000000 69.000000 0.492986 -0.536946
554.000000 69.000000 0.734769 -0.536946
442.000000 72.000000 0.383085 -0.527526
572.000000 73.000000 0.791289 -0.524386
529.000000 75.000000 0.656268 -0.518106
381.000000 76.000000 0.191542 -0.514966
360.000000 80.000000 0.125601 -0.502406
432.000000 81.000000 0.351684 -0.499266
574.000000 81.000000 0.797569 -0.499266
396.000000 83.000000 0.238643 -0.492986
422.000000 84.000000 0.320284 -0.489846
478.000000 84.000000 0.496126 -0.489846
567.000000 85.000000 0.775589 -0.486706
454.000000 86.000000 0.420765 -0.483566
518.000000 86.000000 0.621727 -0.483566
573.000000 86.000000 0.794429 -0.483566
550.000000 87.000000 0.722209 -0.480426
564.000000 87.000000 0.766169 -0.480426
439.000000 89.000000 0.373664 -0.474146
565.000000 90.000000 0.769309 -0.471006
393.000000 92.000000 0.229223 -0.464725
549.000000 92.000000 0.719069 -0.464725
438.000000 93.000000 0.370524 -0.461585
430.000000 94.000000 0.345404 -0.458445
636.000000 94.000000 0.992252 -0.458445
570.000000 95.000000 0.785009 -0.455305
426.000000 96.000000 0.332844 -0.452165
435.000000 97.000000 0.361104 -0.449025
437.000000 97.000000 0.367384 -0.449025
563.000000 97.000000 0.763029 -0.449025
568.000000 97.000000 0.778729 -0.449025
422.000000 100.000000 0.320284 -0.439605
429.000000 100.000000 0.342264 -0.439605
607.000000 100.000000 0.901191 -0.439605
408.000000 102.000000 0.276323 -0.433325
428.000000 102.000000 0.339124 -0.433325
558.000000 102.000000 0.747329 -0.433325
371.000000 103.000000 0.160142 -0.430185
414.000000 103.000000 0.295163 -0.430185
460.000000 103.000000 0.439605 -0.430185
519.000000 105.000000 0.624867 -0.423905
623.000000 105.000000 0.951431 -0.423905
495.000000 106.000000 0.549506 -0.420765
515.000000 106.000000 0.612307 -0.420765
534.000000 106.000000 0.671968 -0.420765
546.000000 106.000000 0.709648 -0.420765
598.000000 106.000000 0.872930 -0.420765
601.000000 106.000000 0.882350 -0.420765
371.000000 107.000000 0.160142 -0.417625
472.000000 107.000000 0.477286 -0.417625
525.000000 107.000000 0.643708 -0.417625
527.000000 107.000000 0.649988 -0.417625
622.000000 107.000000 0.948291 -0.417625
381.000000 108.000000 0.191542 -0.414485
376.000000 109.000000 0.175842 -0.411345
510.000000 109.000000 0.596607 -0.411345
370.000000 110.000000 0.157002 -0.408205
394.000000 110.000000 0.232363 -0.408205
597.000000 110.000000 0.869790 -0.408205
411.000000 111.000000 0.285743 -0.405065
413.000000 111.000000 0.292023 -0.405065
577.000000 112.000000 0.806990 -0.401925
427.000000 113.000000 0.335984 -0.398785
614.000000 113.000000 0.923171 -0.398785
609.000000 114.000000 0.907471 -0.395645
454.000000 115.000000 0.420765 -0.392505
355.000000 116.000000 0.109901 -0.389365
371.000000 116.000000 0.160142 -0.389365
426.000000 116.000000 0.332844 -0.389365
518.000000 116.000000 0.621727 -0.389365
375.000000 117.000000 0.172702 -0.386225
390.000000 117.000000 0.219803 -0.386225
585.000000 118.000000 0.832110 -0.383085
369.000000 121.000000 0.153862 -0.373664
422.000000 122.000000 0.320284 -0.370524
425.000000 122.000000 0.329704 -0.370524
589.000000 122.000000 0.844670 -0.370524
579.000000 123.000000 0.813270 -0.367384
634.000000 123.000000 0.985972 -0.367384
376.000000 124.000000 0.175842 -0.364244
403.000000 124.000000 0.260623 -0.364244
597.000000 124.000000 0.869790 -0.364244
369.000000 125.000000 0.153862 -0.361104
572.000000 125.000000 0.791289 -0.361104
472.000000 126.000000 0.477286 -0.357964
537.000000 126.000000 0.681388 -0.357964
556.000000 126.000000 0.741049 -0.357964
111.000000 127.000000 -0.656268 -0.354824
402.000000 128.000000 0.257483 -0.351684
424.000000 128.000000 0.326564 -0.351684
561.000000 128.000000 0.756749 -0.351684
141.000000 129.000000 -0.562067 -0.348544
542.000000 129.000000 0.697088 -0.348544
37.000000 130.000000 -0.888631 -0.345404
368.000000 130.000000 0.150722 -0.345404
421.000000 130.000000 0.317144 -0.345404
123.000000 131.000000 -0.618587 -0.342264
127.000000 131.000000 -0.606027 -0.342264
142.000000 131.000000 -0.558927 -0.342264
377.000000 131.000000 0.178982 -0.342264
117.000000 132.000000 -0.637428 -0.339124
137.000000 132.000000 -0.574627 -0.339124
462.000000 132.000000 0.445885 -0.339124
56.000000 133.000000 -0.828970 -0.335984
76.000000 133.000000 -0.766169 -0.335984
147.000000 133.000000 -0.543226 -0.335984
400.000000 133.000000 0.251203 -0.335984
526.000000 133.000000 0.646848 -0.335984
115.000000 134.000000 -0.643708 -0.332844
142.000000 134.000000 -0.558927 -0.332844
152.000000 134.000000 -0.527526 -0.332844
374.000000 134.000000 0.169562 -0.332844
380.000000 134.000000 0.188402 -0.332844
385.000000 134.000000 0.204102 -0.332844
454.000000 134.000000 0.420765 -0.332844
46.000000 135.000000 -0.860370 -0.329704
52.000000 135.000000 -0.841530 -0.329704
68.000000 135.000000 -0.791289 -0.329704
76.000000 135.000000 -0.766169 -0.329704
122.000000 135.000000 -0.621727 -0.329704
158.000000 135.000000 -0.508686 -0.329704
439.000000 135.000000 0.373664 -0.329704
483.000000 135.000000 0.511826 -0.329704
71.000000 136.000000 -0.781869 -0.326564
112.000000 136.000000 -0.653128 -0.326564
135.000000 136.000000 -0.580907 -0.326564
384.000000 136.000000 0.200962 -0.326564
387.000000 136.000000 0.210382 -0.326564
558.000000 136.000000 0.747329 -0.326564
48.000000 137.000000 -0.854090 -0.323424
83.000000 137.000000 -0.744189 -0.323424
165.000000 137.000000 -0.486706 -0.323424
372.000000 137.000000 0.163282 -0.323424
378.000000 137.000000 0.182122 -0.323424
44.000000 138.000000 -0.866650 -0.320284
75.000000 138.000000 -0.769309 -0.320284
90.000000 138.000000 -0.722209 -0.320284
367.000000 138.000000 0.147582 -0.320284
416.000000 138.000000 0.301444 -0.320284
47.000000 139.000000 -0.857230 -0.317144
73.000000 139.000000 -0.775589 -0.317144
96.000000 139.000000 -0.703368 -0.317144
142.000000 139.000000 -0.558927 -0.317144
146.000000 139.000000 -0.546366 -0.317144
376.000000 139.000000 0.175842 -0.317144
420.000000 139.000000 0.314004 -0.317144
36.000000 140.000000 -0.891771 -0.314004
58.000000 140.000000 -0.822690 -0.314004
102.000000 140.000000 -0.684528 -0.314004
387.000000 140.000000 0.210382 -0.314004
453.000000 140.000000 0.417625 -0.314004
71.000000 141.000000 -0.781869 -0.310864
108.000000 141.000000 -0.665688 -0.310864
120.000000 141.000000 -0.628007 -0.310864
141.000000 141.000000 -0.562067 -0.310864
148.000000 141.000000 -0.540086 -0.310864
374.000000 141.000000 0.169562 -0.310864
379.000000 141.000000 0.185262 -0.310864
394.000000 141.000000 0.232363 -0.310864
420.000000 141.000000 0.314004 -0.310864
422.000000 141.000000 0.320284 -0.310864
466.000000 141.000000 0.458445 -0.310864
75.000000 142.000000 -0.769309 -0.307724
82.000000 142.000000 -0.747329 -0.307724
134.000000 142.000000 -0.584047 -0.307724
153.000000 142.000000 -0.524386 -0.307724
389.000000 142.000000 0.216663 -0.307724
522.000000 142.000000 0.634288 -0.307724
542.000000 142.000000 0.697088 -0.307724
614.000000 142.000000 0.923171 -0.307724
45.000000 143.000000 -0.863510 -0.304584
47.000000 143.000000 -0.857230 -0.304584
79.000000 143.000000 -0.756749 -0.304584
158.000000 143.000000 -0.508686 -0.304584
118.000000 144.000000 -0.634288 -0.301444
163.000000 144.000000 -0.492986 -0.301444
419.000000 144.000000 0.310864 -0.301444
76.000000 145.000000 -0.766169 -0.298304
79.000000 145.000000 -0.756749 -0.298304
166.000000 145.000000 -0.483566 -0.298304
366.000000 146.000000 0.144442 -0.295163
377.000000 146.000000 0.178982 -0.295163
452.000000 146.000000 0.414485 -0.295163
82.000000 147.000000 -0.747329 -0.292023
380.000000 147.000000 0.188402 -0.292023
419.000000 147.000000 0.310864 -0.292023
65.000000 148.000000 -0.800709 -0.288883
93.000000 148.000000 -0.712788 -0.288883
349.000000 148.000000 0.091061 -0.288883
352.000000 148.000000 0.100481 -0.288883
358.000000 148.000000 0.119321 -0.288883
402.000000 148.000000 0.257483 -0.288883
524.000000 148.000000 0.640568 -0.288883
550.000000 148.000000 0.722209 -0.288883
611.000000 148.000000 0.913751 -0.288883
8.000000 149.000000 -0.979692 -0.285743
48.000000 149.000000 -0.854090 -0.285743
331.000000 149.000000 0.034540 -0.285743
337.000000 149.000000 0.053381 -0.285743
342.000000 149.000000 0.069081 -0.285743
345.000000 149.000000 0.078501 -0.285743
362.000000 149.000000 0.131882 -0.285743
366.000000 149.000000 0.144442 -0.285743
379.000000 149.000000 0.185262 -0.285743
390.000000 149.000000 0.219803 -0.285743
14.000000 150.000000 -0.960851 -0.282603
77.000000 150.000000 -0.763029 -0.282603
108.000000 150.000000 -0.665688 -0.282603
110.000000 150.000000 -0.659408 -0.282603
120.000000 150.000000 -0.628007 -0.282603
166.000000 150.000000 -0.483566 -0.282603
354.000000 150.000000 0.106761 -0.282603
358.000000 150.000000 0.119321 -0.282603
376.000000 150.000000 0.175842 -0.282603
399.000000 150.000000 0.248063 -0.282603
418.000000 150.000000 0.307724 -0.282603
8.000000 151.000000 -0.979692 -0.279463
374.000000 151.000000 0.169562 -0.279463
387.000000 151.000000 0.210382 -0.279463
565.000000 151.000000 0.769309 -0.279463
588.000000 151.000000 0.841530 -0.279463
56.000000 152.000000 -0.828970 -0.276323
369.000000 152.000000 0.153862 -0.276323
540.000000 152.000000 0.690808 -0.276323
29.000000 153.000000 -0.913751 -0.273183
62.000000 153.000000 -0.810130 -0.273183
118.000000 153.000000 -0.634288 -0.273183
228.000000 153.000000 -0.288883 -0.273183
340.000000 153.000000 0.062801 -0.273183
382.000000 153.000000 0.194682 -0.273183
396.000000 153.000000 0.238643 -0.273183
409.000000 153.000000 0.279463 -0.273183
418.000000 153.000000 0.307724 -0.273183
548.000000 153.000000 0.715928 -0.273183
331.000000 154.000000 0.034540 -0.270043
345.000000 154.000000 0.078501 -0.270043
394.000000 154.000000 0.232363 -0.270043
422.000000 154.000000 0.320284 -0.270043
427.000000 154.000000 0.335984 -0.270043
634.000000 154.000000 0.985972 -0.270043
182.000000 155.000000 -0.433325 -0.266903
227.000000 155.000000 -0.292023 -0.266903
236.000000 155.000000 -0.263763 -0.266903
239.000000 155.000000 -0.254343 -0.266903
243.000000 155.000000 -0.241783 -0.266903
246.000000 155.000000 -0.232363 -0.266903
361.000000 155.000000 0.128742 -0.266903
396.000000 155.000000 0.238643 -0.266903
398.000000 155.000000 0.244923 -0.266903
402.000000 155.000000 0.257483 -0.266903
406.000000 155.000000 0.270043 -0.266903
409.000000 155.000000 0.279463 -0.266903
414.000000 155.000000 0.295163 -0.266903
424.000000 155.000000 0.326564 -0.266903
437.000000 155.000000 0.367384 -0.266903
600.000000 155.000000 0.879210 -0.266903
52.000000 156.000000 -0.841530 -0.263763
59.000000 156.000000 -0.819550 -0.263763
79.000000 156.000000 -0.756749 -0.263763
117.000000 156.000000 -0.637428 -0.263763
231.000000 156.000000 -0.279463 -0.263763
354.000000 156.000000 0.106761 -0.263763
394.000000 156.000000 0.232363 -0.263763
418.000000 156.000000 0.307724 -0.263763
433.000000 156.000000 0.354824 -0.263763
468.000000 156.000000 0.464725 -0.263763
245.000000 157.000000 -0.235503 -0.260623
253.000000 157.000000 -0.210382 -0.260623
370.000000 157.000000 0.157002 -0.260623
396.000000 157.000000 0.238643 -0.260623
411.000000 157.000000 0.285743 -0.260623
430.000000 157.000000 0.345404 -0.260623
438.000000 157.000000 0.370524 -0.260623
446.000000 157.000000 0.395645 -0.260623
527.000000 157.000000 0.649988 -0.260623
548.000000 157.000000 0.715928 -0.260623
62.000000 158.000000 -0.810130 -0.257483
80.000000 158.000000 -0.753609 -0.257483
204.000000 158.000000 -0.364244 -0.257483
227.000000 158.000000 -0.292023 -0.257483
241.000000 158.000000 -0.248063 -0.257483
373.000000 158.000000 0.166422 -0.257483
440.000000 158.000000 0.376804 -0.257483
442.000000 158.000000 0.383085 -0.257483
451.000000 158.000000 0.411345 -0.257483
459.000000 158.000000 0.436465 -0.257483
523.000000 158.000000 0.637428 -0.257483
231.000000 159.000000 -0.279463 -0.254343
357.000000 159.000000 0.116181 -0.254343
376.000000 159.000000 0.175842 -0.254343
409.000000 159.000000 0.279463 -0.254343
437.000000 159.000000 0.367384 -0.254343
454.000000 159.000000 0.420765 -0.254343
495.000000 159.000000 0.549506 -0.254343
540.000000 159.000000 0.690808 -0.254343
83.000000 160.000000 -0.744189 -0.251203
173.000000 160.000000 -0.461585 -0.251203
179.000000 160.000000 -0.442745 -0.251203
191.000000 160.000000 -0.405065 -0.251203
200.000000 160.000000 -0.376804 -0.251203
202.000000 160.000000 -0.370524 -0.251203
211.000000 160.000000 -0.342264 -0.251203
241.000000 160.000000 -0.248063 -0.251203
245.000000 160.000000 -0.235503 -0.251203
352.000000 160.000000 0.100481 -0.251203
366.000000 160.000000 0.144442 -0.251203
372.000000 160.000000 0.163282 -0.251203
378.000000 160.000000 0.182122 -0.251203
423.000000 160.000000 0.323424 -0.251203
446.000000 160.000000 0.395645 -0.251203
464.000000 160.000000 0.452165 -0.251203
139.000000 161.000000 -0.568347 -0.248063
166.000000 161.000000 -0.483566 -0.248063
189.000000 161.000000 -0.411345 -0.248063
215.000000 161.000000 -0.329704 -0.248063
359.000000 161.000000 0.122461 -0.248063
362.000000 161.000000 0.131882 -0.248063
382.000000 161.000000 0.194682 -0.248063
401.000000 161.000000 0.254343 -0.248063
428.000000 161.000000 0.339124 -0.248063
556.000000 161.000000 0.741049 -0.248063
589.000000 161.000000 0.844670 -0.248063
76.000000 162.000000 -0.766169 -0.244923
80.000000 162.000000 -0.753609 -0.244923
118.000000 162.000000 -0.634288 -0.244923
196.000000 162.000000 -0.389365 -0.244923
209.000000 162.000000 -0.348544 -0.244923
225.000000 162.000000 -0.298304 -0.244923
234.000000 162.000000 -0.270043 -0.244923
254.000000 162.000000 -0.207242 -0.244923
370.000000 162.000000 0.157002 -0.244923
372.000000 162.000000 0.163282 -0.244923
386.000000 162.000000 0.207242 -0.244923
390.000000 162.000000 0.219803 -0.244923
464.000000 162.000000 0.452165 -0.244923
469.000000 162.000000 0.467866 -0.244923
546.000000 162.000000 0.709648 -0.244923
51.000000 163.000000 -0.844670 -0.241783
171.000000 163.000000 -0.467866 -0.241783
179.000000 163.000000 -0.442745 -0.241783
185.000000 163.000000 -0.423905 -0.241783
231.000000 163.000000 -0.279463 -0.241783
374.000000 163.000000 0.169562 -0.241783
381.000000 163.000000 0.191542 -0.241783
402.000000 163.000000 0.257483 -0.241783
245.000000 164.000000 -0.235503 -0.238643
359.000000 164.000000 0.122461 -0.238643
395.000000 164.000000 0.235503 -0.238643
414.000000 164.000000 0.295163 -0.238643
463.000000 164.000000 0.449025 -0.238643
135.000000 165.000000 -0.580907 -0.235503
199.000000 165.000000 -0.379945 -0.235503
205.000000 165.000000 -0.361104 -0.235503
232.000000 165.000000 -0.276323 -0.235503
234.000000 165.000000 -0.270043 -0.235503
259.000000 165.000000 -0.191542 -0.235503
281.000000 165.000000 -0.122461 -0.235503
289.000000 165.000000 -0.097341 -0.235503
293.000000 165.000000 -0.084781 -0.235503
403.000000 165.000000 0.260623 -0.235503
408.000000 165.000000 0.276323 -0.235503
425.000000 165.000000 0.329704 -0.235503
554.000000 165.000000 0.734769 -0.235503
614.000000 165.000000 0.923171 -0.235503
211.000000 166.000000 -0.342264 -0.232363
229.000000 166.000000 -0.285743 -0.232363
263.000000 166.000000 -0.178982 -0.232363
268.000000 166.000000 -0.163282 -0.232363
416.000000 166.000000 0.301444 -0.232363
433.000000 166.000000 0.354824 -0.232363
546.000000 166.000000 0.709648 -0.232363
567.000000 166.000000 0.775589 -0.232363
77.000000 167.000000 -0.763029 -0.229223
217.000000 167.000000 -0.323424 -0.229223
220.000000 167.000000 -0.314004 -0.229223
226.000000 167.000000 -0.295163 -0.229223
237.000000 167.000000 -0.260623 -0.229223
274.000000 167.000000 -0.144442 -0.229223
298.000000 167.000000 -0.069081 -0.229223
428.000000 167.000000 0.339124 -0.229223
531.000000 167.000000 0.662548 -0.229223
183.000000 168.000000 -0.430185 -0.226083
200.000000 168.000000 -0.376804 -0.226083
228.000000 168.000000 -0.288883 -0.226083
282.000000 168.000000 -0.119321 -0.226083
351.000000 168.000000 0.097341 -0.226083
358.000000 168.000000 0.119321 -0.226083
363.000000 168.000000 0.135022 -0.226083
377.000000 168.000000 0.178982 -0.226083
390.000000 168.000000 0.219803 -0.226083
436.000000 168.000000 0.364244 -0.226083
546.000000 168.000000 0.709648 -0.226083
186.000000 169.000000 -0.420765 -0.222943
189.000000 169.000000 -0.411345 -0.222943
238.000000 169.000000 -0.257483 -0.222943
259.000000 169.000000 -0.191542 -0.222943
292.000000 169.000000 -0.087921 -0.222943
372.000000 169.000000 0.163282 -0.222943
433.000000 169.000000 0.354824 -0.222943
198.000000 170.000000 -0.383085 -0.219803
204.000000 170.000000 -0.364244 -0.219803
226.000000 170.000000 -0.295163 -0.219803
281.000000 170.000000 -0.122461 -0.219803
359.000000 170.000000 0.122461 -0.219803
390.000000 170.000000 0.219803 -0.219803
399.000000 170.000000 0.248063 -0.219803
403.000000 170.000000 0.260623 -0.219803
274.000000 171.000000 -0.144442 -0.216663
276.000000 171.000000 -0.138162 -0.216663
310.000000 171.000000 -0.031400 -0.216663
362.000000 171.000000 0.131882 -0.216663
397.000000 171.000000 0.241783 -0.216663
409.000000 171.000000 0.279463 -0.216663
424.000000 171.000000 0.326564 -0.216663
432.000000 171.000000 0.351684 -0.216663
544.000000 171.000000 0.703368 -0.216663
236.000000 172.000000 -0.263763 -0.213523
261.000000 172.000000 -0.185262 -0.213523
320.000000 172.000000 -0.000000 -0.213523
353.000000 172.000000 0.103621 -0.213523
355.000000 172.000000 0.109901 -0.213523
360.000000 172.000000 0.125601 -0.213523
384.000000 172.000000 0.200962 -0.213523
406.000000 172.000000 0.270043 -0.213523
422.000000 172.000000 0.320284 -0.213523
536.000000 172.000000 0.678248 -0.213523
564.000000 172.000000 0.766169 -0.213523
233.000000 173.000000 -0.273183 -0.210382
238.000000 173.000000 -0.257483 -0.210382
275.000000 173.000000 -0.141302 -0.210382
366.000000 173.000000 0.144442 -0.210382
417.000000 173.000000 0.304584 -0.210382
460.000000 173.000000 0.439605 -0.210382
84.000000 174.000000 -0.741049 -0.207242
235.000000 174.000000 -0.266903 -0.207242
264.000000 174.000000 -0.175842 -0.207242
282.000000 174.000000 -0.119321 -0.207242
307.000000 174.000000 -0.040820 -0.207242
316.000000 174.000000 -0.012560 -0.207242
429.000000 174.000000 0.342264 -0.207242
552.000000 174.000000 0.728489 -0.207242
237.000000 175.000000 -0.260623 -0.204102
259.000000 175.000000 -0.191542 -0.204102
374.000000 175.000000 0.169562 -0.204102
385.000000 175.000000 0.204102 -0.204102
435.000000 175.000000 0.361104 -0.204102
543.000000 175.000000 0.700228 -0.204102
235.000000 176.000000 -0.266903 -0.200962
321.000000 176.000000 0.003140 -0.200962
463.000000 176.000000 0.449025 -0.200962
308.000000 177.000000 -0.037680 -0.197822
353.000000 177.000000 0.103621 -0.197822
394.000000 177.000000 0.232363 -0.197822
397.000000 177.000000 0.241783 -0.197822
408.000000 177.000000 0.276323 -0.197822
237.000000 178.000000 -0.260623 -0.194682
284.000000 178.000000 -0.113041 -0.194682
359.000000 178.000000 0.122461 -0.194682
362.000000 178.000000 0.131882 -0.194682
428.000000 178.000000 0.339124 -0.194682
473.000000 178.000000 0.480426 -0.194682
544.000000 178.000000 0.703368 -0.194682
625.000000 178.000000 0.957711 -0.194682
266.000000 179.000000 -0.169562 -0.191542
309.000000 179.000000 -0.034540 -0.191542
400.000000 179.000000 0.251203 -0.191542
234.000000 180.000000 -0.270043 -0.188402
285.000000 180.000000 -0.109901 -0.188402
299.000000 180.000000 -0.065941 -0.188402
415.000000 180.000000 0.298304 -0.188402
429.000000 180.000000 0.342264 -0.188402
83.000000 181.000000 -0.744189 -0.185262
237.000000 181.000000 -0.260623 -0.185262
239.000000 181.000000 -0.254343 -0.185262
307.000000 181.000000 -0.040820 -0.185262
322.000000 181.000000 0.006280 -0.185262
324.000000 181.000000 0.012560 -0.185262
336.000000 181.000000 0.050241 -0.185262
347.000000 181.000000 0.084781 -0.185262
434.000000 181.000000 0.357964 -0.185262
460.000000 181.000000 0.439605 -0.185262
495.000000 181.000000 0.549506 -0.185262
500.000000 181.000000 0.565207 -0.185262
619.000000 181.000000 0.938871 -0.185262
285.000000 182.000000 -0.109901 -0.182122
310.000000 182.000000 -0.031400 -0.182122
345.000000 182.000000 0.078501 -0.182122
409.000000 182.000000 0.279463 -0.182122
553.000000 182.000000 0.731629 -0.182122
568.000000 182.000000 0.778729 -0.182122
139.000000 183.000000 -0.568347 -0.178982
234.000000 183.000000 -0.270043 -0.178982
313.000000 183.000000 -0.021980 -0.178982
325.000000 183.000000 0.015700 -0.178982
358.000000 183.000000 0.119321 -0.178982
486.000000 183.000000 0.521246 -0.178982
521.000000 183.000000 0.631147 -0.178982
533.000000 183.000000 0.668828 -0.178982
550.000000 183.000000 0.722209 -0.178982
615.000000 183.000000 0.926311 -0.178982
308.000000 184.000000 -0.037680 -0.175842
382.000000 184.000000 0.194682 -0.175842
407.000000 184.000000 0.273183 -0.175842
424.000000 184.000000 0.326564 -0.175842
491.000000 184.000000 0.536946 -0.175842
53.000000 185.000000 -0.838390 -0.172702
235.000000 185.000000 -0.266903 -0.172702
286.000000 185.000000 -0.106761 -0.172702
325.000000 185.000000 0.015700 -0.172702
357.000000 185.000000 0.116181 -0.172702
365.000000 185.000000 0.141302 -0.172702
373.000000 185.000000 0.166422 -0.172702
401.000000 185.000000 0.254343 -0.172702
417.000000 185.000000 0.304584 -0.172702
457.000000 185.000000 0.430185 -0.172702
542.000000 185.000000 0.697088 -0.172702
289.000000 186.000000 -0.097341 -0.169562
363.000000 186.000000 0.135022 -0.169562
370.000000 186.000000 0.157002 -0.169562
375.000000 186.000000 0.172702 -0.169562
396.000000 186.000000 0.238643 -0.169562
410.000000 186.000000 0.282603 -0.169562
427.000000 186.000000 0.335984 -0.169562
475.000000 186.000000 0.486706 -0.169562
234.000000 187.000000 -0.270043 -0.166422
311.000000 187.000000 -0.028260 -0.166422
380.000000 187.000000 0.188402 -0.166422
398.000000 187.000000 0.244923 -0.166422
418.000000 187.000000 0.307724 -0.166422
459.000000 187.000000 0.436465 -0.166422
463.000000 187.000000 0.449025 -0.166422
470.000000 187.000000 0.471006 -0.166422
375.000000 188.000000 0.172702 -0.163282
389.000000 188.000000 0.216663 -0.163282
394.000000 188.000000 0.232363 -0.163282
408.000000 188.000000 0.276323 -0.163282
412.000000 188.000000 0.288883 -0.163282
422.000000 188.000000 0.320284 -0.163282
532.000000 188.000000 0.665688 -0.163282
547.000000 188.000000 0.712788 -0.163282
550.000000 188.000000 0.722209 -0.163282
63.000000 189.000000 -0.806990 -0.160142
310.000000 189.000000 -0.031400 -0.160142
370.000000 189.000000 0.157002 -0.160142
400.000000 189.000000 0.251203 -0.160142
427.000000 189.000000 0.335984 -0.160142
446.000000 189.000000 0.395645 -0.160142
477.000000 189.000000 0.492986 -0.160142
540.000000 189.000000 0.690808 -0.160142
559.000000 189.000000 0.750469 -0.160142
581.000000 189.000000 0.819550 -0.160142
365.000000 190.000000 0.141302 -0.157002
380.000000 190.000000 0.188402 -0.157002
395.000000 190.000000 0.235503 -0.157002
405.000000 190.000000 0.266903 -0.157002
235.000000 191.000000 -0.266903 -0.153862
281.000000 191.000000 -0.122461 -0.153862
360.000000 191.000000 0.125601 -0.153862
372.000000 191.000000 0.163282 -0.153862
390.000000 191.000000 0.219803 -0.153862
400.000000 191.000000 0.251203 -0.153862
576.000000 191.000000 0.803850 -0.153862
309.000000 192.000000 -0.034540 -0.150722
378.000000 192.000000 0.182122 -0.150722
442.000000 192.000000 0.383085 -0.150722
215.000000 193.000000 -0.329704 -0.147582
260.000000 193.000000 -0.188402 -0.147582
285.000000 193.000000 -0.109901 -0.147582
288.000000 193.000000 -0.100481 -0.147582
371.000000 193.000000 0.160142 -0.147582
393.000000 193.000000 0.229223 -0.147582
413.000000 193.000000 0.292023 -0.147582
458.000000 193.000000 0.433325 -0.147582
236.000000 194.000000 -0.263763 -0.144442
377.000000 194.000000 0.178982 -0.144442
405.000000 194.000000 0.266903 -0.144442
426.000000 194.000000 0.332844 -0.144442
476.000000 194.000000 0.489846 -0.144442
322.000000 195.000000 0.006280 -0.141302
372.000000 195.000000 0.163282 -0.141302
375.000000 195.000000 0.172702 -0.141302
385.000000 195.000000 0.204102 -0.141302
410.000000 195.000000 0.282603 -0.141302
543.000000 195.000000 0.700228 -0.141302
5.000000 196.000000 -0.989112 -0.138162
67.000000 196.000000 -0.794429 -0.138162
456.000000 196.000000 0.427045 -0.138162
549.000000 196.000000 0.719069 -0.138162
52.000000 197.000000 -0.841530 -0.135022
370.000000 197.000000 0.157002 -0.135022
375.000000 197.000000 0.172702 -0.135022
393.000000 197.000000 0.229223 -0.135022
413.000000 197.000000 0.292023 -0.135022
416.000000 197.000000 0.301444 -0.135022
458.000000 197.000000 0.433325 -0.135022
530.000000 197.000000 0.659408 -0.135022
588.000000 197.000000 0.841530 -0.135022
235.000000 198.000000 -0.266903 -0.131882
356.000000 198.000000 0.113041 -0.131882
388.000000 198.000000 0.213523 -0.131882
614.000000 198.000000 0.923171 -0.131882
64.000000 199.000000 -0.803850 -0.128742
370.000000 199.000000 0.157002 -0.128742
395.000000 199.000000 0.235503 -0.128742
399.000000 199.000000 0.248063 -0.128742
402.000000 199.000000 0.257483 -0.128742
429.000000 199.000000 0.342264 -0.128742
455.000000 199.000000 0.423905 -0.128742
477.000000 199.000000 0.492986 -0.128742
528.000000 199.000000 0.653128 -0.128742
206.000000 200.000000 -0.357964 -0.125601
384.000000 200.000000 0.200962 -0.125601
485.000000 200.000000 0.518106 -0.125601
634.000000 200.000000 0.985972 -0.125601
233.000000 201.000000 -0.273183 -0.122461
356.000000 201.000000 0.113041 -0.122461
381.000000 201.000000 0.191542 -0.122461
409.000000 201.000000 0.279463 -0.122461
481.000000 201.000000 0.505546 -0.122461
495.000000 201.000000 0.549506 -0.122461
523.000000 201.000000 0.637428 -0.122461
529.000000 201.000000 0.656268 -0.122461
543.000000 201.000000 0.700228 -0.122461
203.000000 202.000000 -0.367384 -0.119321
359.000000 202.000000 0.122461 -0.119321
383.000000 202.000000 0.197822 -0.119321
389.000000 202.000000 0.216663 -0.119321
421.000000 202.000000 0.317144 -0.119321
428.000000 202.000000 0.339124 -0.119321
451.000000 202.000000 0.411345 -0.119321
504.000000 202.000000 0.577767 -0.119321
323.000000 203.000000 0.009420 -0.116181
369.000000 203.000000 0.153862 -0.116181
374.000000 203.000000 0.169562 -0.116181
425.000000 203.000000 0.329704 -0.116181
474.000000 203.000000 0.483566 -0.116181
501.000000 203.000000 0.568347 -0.116181
514.000000 203.000000 0.609167 -0.116181
203.000000 204.000000 -0.367384 -0.113041
284.000000 204.000000 -0.113041 -0.113041
310.000000 204.000000 -0.031400 -0.113041
454.000000 204.000000 0.420765 -0.113041
510.000000 204.000000 0.596607 -0.113041
523.000000 204.000000 0.637428 -0.113041
606.000000 204.000000 0.898051 -0.113041
234.000000 205.000000 -0.270043 -0.109901
419.000000 205.000000 0.310864 -0.109901
493.000000 205.000000 0.543226 -0.109901
518.000000 205.000000 0.621727 -0.109901
203.000000 206.000000 -0.367384 -0.106761
411.000000 206.000000 0.285743 -0.106761
415.000000 206.000000 0.298304 -0.106761
496.000000 206.000000 0.552647 -0.106761
501.000000 206.000000 0.568347 -0.106761
504.000000 206.000000 0.577767 -0.106761
523.000000 206.000000 0.637428 -0.106761
617.000000 206.000000 0.932591 -0.106761
632.000000 206.000000 0.979692 -0.106761
283.000000 207.000000 -0.116181 -0.103621
307.000000 207.000000 -0.040820 -0.103621
449.000000 207.000000 0.405065 -0.103621
491.000000 207.000000 0.536946 -0.103621
205.000000 208.000000 -0.361104 -0.100481
233.000000 208.000000 -0.273183 -0.100481
310.000000 208.000000 -0.031400 -0.100481
408.000000 208.000000 0.276323 -0.100481
516.000000 208.000000 0.615447 -0.100481
298.000000 209.000000 -0.069081 -0.097341
306.000000 209.000000 -0.043961 -0.097341
316.000000 209.000000 -0.012560 -0.097341
382.000000 209.000000 0.194682 -0.097341
473.000000 209.000000 0.480426 -0.097341
525.000000 209.000000 0.643708 -0.097341
284.000000 210.000000 -0.113041 -0.094201
364.000000 210.000000 0.138162 -0.094201
556.000000 210.000000 0.741049 -0.094201
205.000000 211.000000 -0.361104 -0.091061
252.000000 211.000000 -0.213523 -0.091061
327.000000 211.000000 0.021980 -0.091061
349.000000 211.000000 0.091061 -0.091061
355.000000 211.000000 0.109901 -0.091061
359.000000 211.000000 0.122461 -0.091061
371.000000 211.000000 0.160142 -0.091061
490.000000 211.000000 0.533806 -0.091061
503.000000 211.000000 0.574627 -0.091061
532.000000 211.000000 0.665688 -0.091061
534.000000 211.000000 0.671968 -0.091061
552.000000 211.000000 0.728489 -0.091061
235.000000 212.000000 -0.266903 -0.087921
367.000000 212.000000 0.147582 -0.087921
379.000000 212.000000 0.185262 -0.087921
398.000000 212.000000 0.244923 -0.087921
418.000000 212.000000 0.307724 -0.087921
541.000000 212.000000 0.693948 -0.087921
86.000000 213.000000 -0.734769 -0.084781
284.000000 213.000000 -0.113041 -0.084781
313.000000 213.000000 -0.021980 -0.084781
319.000000 213.000000 -0.003140 -0.084781
343.000000 213.000000 0.072221 -0.084781
354.000000 213.000000 0.106761 -0.084781
356.000000 213.000000 0.113041 -0.084781
375.000000 213.000000 0.172702 -0.084781
387.000000 213.000000 0.210382 -0.084781
453.000000 213.000000 0.417625 -0.084781
547.000000 213.000000 0.712788 -0.084781
550.000000 213.000000 0.722209 -0.084781
305.000000 214.000000 -0.047101 -0.081641
309.000000 214.000000 -0.034540 -0.081641
350.000000 214.000000 0.094201 -0.081641
373.000000 214.000000 0.166422 -0.081641
383.000000 214.000000 0.197822 -0.081641
390.000000 214.000000 0.219803 -0.081641
395.000000 214.000000 0.235503 -0.081641
397.000000 214.000000 0.241783 -0.081641
407.000000 214.000000 0.273183 -0.081641
472.000000 214.000000 0.477286 -0.081641
498.000000 214.000000 0.558927 -0.081641
629.000000 214.000000 0.970271 -0.081641
631.000000 214.000000 0.976552 -0.081641
283.000000 215.000000 -0.116181 -0.078501
286.000000 215.000000 -0.106761 -0.078501
323.000000 215.000000 0.009420 -0.078501
357.000000 215.000000 0.116181 -0.078501
452.000000 215.000000 0.414485 -0.078501
507.000000 215.000000 0.587187 -0.078501
509.000000 215.000000 0.593467 -0.078501
557.000000 215.000000 0.744189 -0.078501
567.000000 215.000000 0.775589 -0.078501
139.000000 216.000000 -0.568347 -0.075361
208.000000 216.000000 -0.351684 -0.075361
234.000000 216.000000 -0.270043 -0.075361
378.000000 216.000000 0.182122 -0.075361
400.000000 216.000000 0.251203 -0.075361
403.000000 216.000000 0.260623 -0.075361
476.000000 216.000000 0.489846 -0.075361
533.000000 216.000000 0.668828 -0.075361
535.000000 216.000000 0.675108 -0.075361
202.000000 217.000000 -0.370524 -0.072221
210.000000 217.000000 -0.345404 -0.072221
394.000000 217.000000 0.232363 -0.072221
409.000000 217.000000 0.279463 -0.072221
566.000000 217.000000 0.772449 -0.072221
232.000000 218.000000 -0.276323 -0.069081
347.000000 218.000000 0.084781 -0.069081
354.000000 218.000000 0.106761 -0.069081
403.000000 218.000000 0.260623 -0.069081
538.000000 218.000000 0.684528 -0.069081
595.000000 218.000000 0.863510 -0.069081
357.000000 219.000000 0.116181 -0.065941
417.000000 219.000000 0.304584 -0.065941
474.000000 219.000000 0.483566 -0.065941
577.000000 219.000000 0.806990 -0.065941
81.000000 220.000000 -0.750469 -0.062801
217.000000 220.000000 -0.323424 -0.062801
233.000000 220.000000 -0.273183 -0.062801
286.000000 220.000000 -0.106761 -0.062801
350.000000 220.000000 0.094201 -0.062801
393.000000 220.000000 0.229223 -0.062801
453.000000 220.000000 0.417625 -0.062801
487.000000 220.000000 0.524386 -0.062801
545.000000 220.000000 0.706508 -0.062801
550.000000 220.000000 0.722209 -0.062801
620.000000 220.000000 0.942011 -0.062801
219.000000 221.000000 -0.317144 -0.059661
344.000000 221.000000 0.075361 -0.059661
348.000000 221.000000 0.087921 -0.059661
369.000000 221.000000 0.153862 -0.059661
374.000000 221.000000 0.169562 -0.059661
407.000000 221.000000 0.273183 -0.059661
441.000000 221.000000 0.379945 -0.059661
471.000000 221.000000 0.474146 -0.059661
475.000000 221.000000 0.486706 -0.059661
67.000000 222.000000 -0.794429 -0.056521
201.000000 222.000000 -0.373664 -0.056521
237.000000 222.000000 -0.260623 -0.056521
251.000000 222.000000 -0.216663 -0.056521
377.000000 222.000000 0.178982 -0.056521
416.000000 222.000000 0.301444 -0.056521
436.000000 222.000000 0.364244 -0.056521
597.000000 222.000000 0.869790 -0.056521
618.000000 222.000000 0.935731 -0.056521
625.000000 222.000000 0.957711 -0.056521
634.000000 222.000000 0.985972 -0.056521
232.000000 223.000000 -0.276323 -0.053381
277.000000 223.000000 -0.135022 -0.053381
550.000000 223.000000 0.722209 -0.053381
221.000000 224.000000 -0.310864 -0.050241
264.000000 224.000000 -0.175842 -0.050241
341.000000 224.000000 0.065941 -0.050241
365.000000 224.000000 0.141302 -0.050241
525.000000 224.000000 0.643708 -0.050241
543.000000 224.000000 0.700228 -0.050241
607.000000 224.000000 0.901191 -0.050241
233.000000 225.000000 -0.273183 -0.047101
235.000000 225.000000 -0.266903 -0.047101
269.000000 225.000000 -0.160142 -0.047101
350.000000 225.000000 0.094201 -0.047101
373.000000 225.000000 0.166422 -0.047101
376.000000 225.000000 0.175842 -0.047101
440.000000 225.000000 0.376804 -0.047101
458.000000 225.000000 0.433325 -0.047101
472.000000 225.000000 0.477286 -0.047101
495.000000 225.000000 0.549506 -0.047101
582.000000 225.000000 0.822690 -0.047101
227.000000 226.000000 -0.292023 -0.043961
347.000000 226.000000 0.084781 -0.043961
411.000000 226.000000 0.285743 -0.043961
446.000000 226.000000 0.395645 -0.043961
449.000000 226.000000 0.405065 -0.043961
470.000000 226.000000 0.471006 -0.043961
233.000000 227.000000 -0.273183 -0.040820
390.000000 227.000000 0.219803 -0.040820
439.000000 227.000000 0.373664 -0.040820
510.000000 227.000000 0.596607 -0.040820
541.000000 227.000000 0.693948 -0.040820
200.000000 228.000000 -0.376804 -0.037680
257.000000 228.000000 -0.197822 -0.037680
359.000000 228.000000 0.122461 -0.037680
377.000000 228.000000 0.178982 -0.037680
380.000000 228.000000 0.188402 -0.037680
388.000000 228.000000 0.213523 -0.037680
396.000000 228.000000 0.238643 -0.037680
468.000000 228.000000 0.464725 -0.037680
524.000000 228.000000 0.640568 -0.037680
546.000000 228.000000 0.709648 -0.037680
229.000000 229.000000 -0.285743 -0.034540
234.000000 229.000000 -0.270043 -0.034540
252.000000 229.000000 -0.213523 -0.034540
383.000000 229.000000 0.197822 -0.034540
391.000000 229.000000 0.222943 -0.034540
402.000000 229.000000 0.257483 -0.034540
404.000000 229.000000 0.263763 -0.034540
409.000000 229.000000 0.279463 -0.034540
411.000000 229.000000 0.285743 -0.034540
416.000000 229.000000 0.301444 -0.034540
472.000000 229.000000 0.477286 -0.034540
604.000000 229.000000 0.891771 -0.034540
399.000000 230.000000 0.248063 -0.031400
466.000000 230.000000 0.458445 -0.031400
506.000000 230.000000 0.584047 -0.031400
585.000000 230.000000 0.832110 -0.031400
609.000000 230.000000 0.907471 -0.031400
202.000000 231.000000 -0.370524 -0.028260
236.000000 231.000000 -0.263763 -0.028260
239.000000 231.000000 -0.254343 -0.028260
339.000000 231.000000 0.059661 -0.028260
450.000000 231.000000 0.408205 -0.028260
453.000000 231.000000 0.417625 -0.028260
469.000000 231.000000 0.467866 -0.028260
243.000000 232.000000 -0.241783 -0.025120
412.000000 232.000000 0.288883 -0.025120
458.000000 232.000000 0.433325 -0.025120
466.000000 232.000000 0.458445 -0.025120
200.000000 233.000000 -0.376804 -0.021980
409.000000 233.000000 0.279463 -0.021980
462.000000 233.000000 0.445885 -0.021980
468.000000 233.000000 0.464725 -0.021980
471.000000 233.000000 0.474146 -0.021980
475.000000 233.000000 0.486706 -0.021980
509.000000 233.000000 0.593467 -0.021980
550.000000 233.000000 0.722209 -0.021980
326.000000 234.000000 0.018840 -0.018840
331.000000 234.000000 0.034540 -0.018840
335.000000 234.000000 0.047101 -0.018840
231.000000 235.000000 -0.279463 -0.015700
422.000000 235.000000 0.320284 -0.015700
427.000000 235.000000 0.335984 -0.015700
484.000000 235.000000 0.514966 -0.015700
489.000000 235.000000 0.530666 -0.015700
628.000000 235.000000 0.967131 -0.015700
328.000000 236.000000 0.025120 -0.012560
418.000000 236.000000 0.307724 -0.012560
433.000000 236.000000 0.354824 -0.012560
440.000000 236.000000 0.376804 -0.012560
495.000000 236.000000 0.549506 -0.012560
538.000000 236.000000 0.684528 -0.012560
204.000000 237.000000 -0.364244 -0.009420
206.000000 237.000000 -0.357964 -0.009420
225.000000 237.000000 -0.298304 -0.009420
325.000000 237.000000 0.015700 -0.009420
435.000000 237.000000 0.361104 -0.009420
503.000000 237.000000 0.574627 -0.009420
576.000000 237.000000 0.803850 -0.009420
65.000000 238.000000 -0.800709 -0.006280
201.000000 238.000000 -0.373664 -0.006280
509.000000 238.000000 0.593467 -0.006280
514.000000 238.000000 0.609167 -0.006280
218.000000 239.000000 -0.320284 -0.003140
454.000000 239.000000 0.420765 -0.003140
506.000000 239.000000 0.584047 -0.003140
511.000000 239.000000 0.599747 -0.003140
516.000000 239.000000 0.615447 -0.003140
325.000000 240.000000 0.015700 0.000000
461.000000 240.000000 0.442745 0.000000
463.000000 240.000000 0.449025 0.000000
522.000000 240.000000 0.634288 0.000000
525.000000 240.000000 0.643708 0.000000
528.000000 240.000000 0.653128 0.000000
534.000000 240.000000 0.671968 0.000000
537.000000 240.000000 0.681388 0.000000
540.000000 240.000000 0.690808 0.000000
618.000000 240.000000 0.935731 0.000000
78.000000 241.000000 -0.759889 0.003140
138.000000 241.000000 -0.571487 0.003140
211.000000 241.000000 -0.342264 0.003140
465.000000 241.000000 0.455305 0.003140
471.000000 241.000000 0.474146 0.003140
531.000000 241.000000 0.662548 0.003140
206.000000 242.000000 -0.357964 0.006280
539.000000 242.000000 0.687668 0.006280
541.000000 242.000000 0.693948 0.006280
202.000000 243.000000 -0.370524 0.009420
322.000000 243.000000 0.006280 0.009420
197.000000 244.000000 -0.386225 0.012560
541.000000 244.000000 0.693948 0.012560
319.000000 245.000000 -0.003140 0.015700
464.000000 245.000000 0.452165 0.015700
503.000000 245.000000 0.574627 0.015700
53.000000 246.000000 -0.838390 0.018840
317.000000 246.000000 -0.009420 0.018840
506.000000 246.000000 0.584047 0.018840
513.000000 246.000000 0.606027 0.018840
540.000000 246.000000 0.690808 0.018840
515.000000 247.000000 0.612307 0.021980
520.000000 247.000000 0.628007 0.021980
138.000000 248.000000 -0.571487 0.025120
408.000000 248.000000 0.276323 0.025120
411.000000 248.000000 0.285743 0.025120
507.000000 248.000000 0.587187 0.025120
522.000000 248.000000 0.634288 0.025120
402.000000 249.000000 0.257483 0.028260
405.000000 249.000000 0.266903 0.028260
425.000000 249.000000 0.329704 0.028260
428.000000 249.000000 0.339124 0.028260
444.000000 249.000000 0.389365 0.028260
537.000000 249.000000 0.681388 0.028260
539.000000 249.000000 0.687668 0.028260
408.000000 250.000000 0.276323 0.031400
417.000000 250.000000 0.304584 0.031400
453.000000 250.000000 0.417625 0.031400
310.000000 251.000000 -0.031400 0.034540
459.000000 251.000000 0.436465 0.034540
461.000000 251.000000 0.442745 0.034540
138.000000 252.000000 -0.571487 0.037680
413.000000 252.000000 0.292023 0.037680
422.000000 252.000000 0.320284 0.037680
425.000000 252.000000 0.329704 0.037680
466.000000 252.000000 0.458445 0.037680
468.000000 252.000000 0.464725 0.037680
472.000000 252.000000 0.477286 0.037680
554.000000 252.000000 0.734769 0.037680
416.000000 253.000000 0.301444 0.040820
418.000000 253.000000 0.307724 0.040820
474.000000 253.000000 0.483566 0.040820
480.000000 253.000000 0.502406 0.040820
539.000000 253.000000 0.687668 0.040820
541.000000 253.000000 0.693948 0.040820
299.000000 254.000000 -0.065941 0.043961
307.000000 254.000000 -0.040820 0.043961
425.000000 254.000000 0.329704 0.043961
428.000000 254.000000 0.339124 0.043961
483.000000 254.000000 0.511826 0.043961
304.000000 255.000000 -0.050241 0.047101
430.000000 255.000000 0.345404 0.047101
489.000000 255.000000 0.530666 0.047101
521.000000 255.000000 0.631147 0.047101
556.000000 255.000000 0.741049 0.047101
628.000000 255.000000 0.967131 0.047101
428.000000 256.000000 0.339124 0.050241
497.000000 256.000000 0.555787 0.050241
539.000000 256.000000 0.687668 0.050241
550.000000 256.000000 0.722209 0.050241
135.000000 257.000000 -0.580907 0.053381
299.000000 257.000000 -0.065941 0.053381
301.000000 257.000000 -0.059661 0.053381
437.000000 257.000000 0.367384 0.053381
504.000000 257.000000 0.577767 0.053381
542.000000 257.000000 0.697088 0.053381
428.000000 258.000000 0.339124 0.056521
511.000000 258.000000 0.599747 0.056521
133.000000 259.000000 -0.587187 0.059661
138.000000 259.000000 -0.571487 0.059661
518.000000 259.000000 0.621727 0.059661
631.000000 259.000000 0.976552 0.059661
144.000000 260.000000 -0.552647 0.062801
432.000000 260.000000 0.351684 0.062801
526.000000 260.000000 0.646848 0.062801
528.000000 260.000000 0.653128 0.062801
538.000000 260.000000 0.684528 0.062801
550.000000 260.000000 0.722209 0.062801
82.000000 261.000000 -0.747329 0.065941
294.000000 261.000000 -0.081641 0.065941
70.000000 262.000000 -0.785009 0.069081
28.000000 263.000000 -0.916891 0.072221
85.000000 263.000000 -0.737909 0.072221
534.000000 263.000000 0.671968 0.072221
79.000000 264.000000 -0.756749 0.075361
280.000000 264.000000 -0.125601 0.075361
292.000000 264.000000 -0.087921 0.075361
295.000000 265.000000 -0.078501 0.078501
619.000000 265.000000 0.938871 0.078501
433.000000 266.000000 0.354824 0.081641
585.000000 266.000000 0.832110 0.081641
79.000000 267.000000 -0.756749 0.084781
286.000000 267.000000 -0.106761 0.084781
430.000000 267.000000 0.345404 0.084781
433.000000 268.000000 0.354824 0.087921
589.000000 268.000000 0.844670 0.087921
431.000000 269.000000 0.348544 0.091061
311.000000 270.000000 -0.028260 0.094201
435.000000 271.000000 0.361104 0.097341
627.000000 271.000000 0.963991 0.097341
584.000000 272.000000 0.828970 0.100481
81.000000 273.000000 -0.750469 0.103621
65.000000 274.000000 -0.800709 0.106761
524.000000 274.000000 0.640568 0.106761
527.000000 274.000000 0.649988 0.106761
80.000000 275.000000 -0.753609 0.109901
288.000000 275.000000 -0.100481 0.109901
439.000000 275.000000 0.373664 0.109901
76.000000 276.000000 -0.766169 0.113041
286.000000 276.000000 -0.106761 0.113041
436.000000 276.000000 0.364244 0.113041
60.000000 277.000000 -0.816410 0.116181
65.000000 277.000000 -0.800709 0.116181
282.000000 277.000000 -0.119321 0.116181
449.000000 277.000000 0.405065 0.116181
518.000000 277.000000 0.621727 0.116181
532.000000 277.000000 0.665688 0.116181
80.000000 278.000000 -0.753609 0.119321
439.000000 278.000000 0.373664 0.119321
509.000000 278.000000 0.593467 0.119321
515.000000 278.000000 0.612307 0.119321
78.000000 279.000000 -0.759889 0.122461
259.000000 279.000000 -0.191542 0.122461
497.000000 279.000000 0.555787 0.122461
431.000000 280.000000 0.348544 0.125601
511.000000 280.000000 0.599747 0.125601
558.000000 280.000000 0.747329 0.125601
82.000000 281.000000 -0.747329 0.128742
87.000000 281.000000 -0.731629 0.128742
264.000000 281.000000 -0.175842 0.128742
508.000000 281.000000 0.590327 0.128742
41.000000 282.000000 -0.876070 0.131882
261.000000 282.000000 -0.185262 0.131882
276.000000 282.000000 -0.138162 0.131882
568.000000 282.000000 0.778729 0.131882
47.000000 283.000000 -0.857230 0.135022
518.000000 283.000000 0.621727 0.135022
506.000000 285.000000 0.584047 0.141302
432.000000 286.000000 0.351684 0.144442
519.000000 286.000000 0.624867 0.144442
541.000000 286.000000 0.693948 0.144442
241.000000 287.000000 -0.248063 0.147582
549.000000 288.000000 0.719069 0.150722
73.000000 289.000000 -0.775589 0.153862
493.000000 289.000000 0.543226 0.153862
499.000000 289.000000 0.562067 0.153862
501.000000 289.000000 0.568347 0.153862
10.000000 290.000000 -0.973412 0.157002
434.000000 291.000000 0.357964 0.160142
454.000000 291.000000 0.420765 0.160142
491.000000 291.000000 0.536946 0.160142
519.000000 292.000000 0.624867 0.163282
523.000000 292.000000 0.637428 0.163282
488.000000 293.000000 0.527526 0.166422
537.000000 293.000000 0.681388 0.166422
497.000000 294.000000 0.555787 0.169562
501.000000 294.000000 0.568347 0.169562
227.000000 295.000000 -0.292023 0.172702
113.000000 296.000000 -0.649988 0.175842
115.000000 296.000000 -0.643708 0.175842
407.000000 298.000000 0.273183 0.182122
528.000000 298.000000 0.653128 0.182122
424.000000 299.000000 0.326564 0.185262
508.000000 299.000000 0.590327 0.185262
540.000000 299.000000 0.690808 0.185262
544.000000 299.000000 0.703368 0.185262
619.000000 299.000000 0.938871 0.185262
224.000000 300.000000 -0.301444 0.188402
570.000000 300.000000 0.785009 0.188402
235.000000 301.000000 -0.266903 0.191542
536.000000 301.000000 0.678248 0.191542
137.000000 302.000000 -0.574627 0.194682
232.000000 302.000000 -0.276323 0.194682
485.000000 302.000000 0.518106 0.194682
234.000000 303.000000 -0.270043 0.197822
406.000000 303.000000 0.270043 0.197822
513.000000 303.000000 0.606027 0.197822
432.000000 304.000000 0.351684 0.200962
435.000000 304.000000 0.361104 0.200962
555.000000 304.000000 0.737909 0.200962
213.000000 305.000000 -0.335984 0.204102
450.000000 305.000000 0.408205 0.204102
407.000000 306.000000 0.273183 0.207242
185.000000 307.000000 -0.423905 0.210382
465.000000 307.000000 0.455305 0.210382
199.000000 308.000000 -0.379945 0.213523
380.000000 308.000000 0.188402 0.213523
404.000000 308.000000 0.263763 0.213523
434.000000 309.000000 0.357964 0.216663
222.000000 310.000000 -0.307724 0.219803
441.000000 310.000000 0.379945 0.219803
49.000000 311.000000 -0.850950 0.222943
51.000000 311.000000 -0.844670 0.222943
395.000000 311.000000 0.235503 0.222943
115.000000 312.000000 -0.643708 0.226083
233.000000 312.000000 -0.273183 0.226083
456.000000 312.000000 0.427045 0.226083
183.000000 313.000000 -0.430185 0.229223
403.000000 313.000000 0.260623 0.229223
443.000000 313.000000 0.386225 0.229223
465.000000 313.000000 0.455305 0.229223
503.000000 313.000000 0.574627 0.229223
530.000000 313.000000 0.659408 0.229223
411.000000 314.000000 0.285743 0.232363
456.000000 315.000000 0.427045 0.235503
509.000000 315.000000 0.593467 0.235503
563.000000 316.000000 0.763029 0.238643
609.000000 316.000000 0.907471 0.238643
206.000000 317.000000 -0.357964 0.241783
510.000000 317.000000 0.596607 0.241783
555.000000 317.000000 0.737909 0.241783
259.000000 318.000000 -0.191542 0.244923
565.000000 318.000000 0.769309 0.244923
255.000000 319.000000 -0.204102 0.248063
438.000000 319.000000 0.370524 0.248063
572.000000 319.000000 0.791289 0.248063
26.000000 321.000000 -0.923171 0.254343
24.000000 322.000000 -0.929451 0.257483
258.000000 322.000000 -0.194682 0.257483
260.000000 322.000000 -0.188402 0.257483
545.000000 322.000000 0.706508 0.257483
22.000000 323.000000 -0.935731 0.260623
91.000000 324.000000 -0.719069 0.263763
241.000000 324.000000 -0.248063 0.263763
555.000000 324.000000 0.737909 0.263763
15.000000 325.000000 -0.957711 0.266903
269.000000 325.000000 -0.160142 0.266903
283.000000 325.000000 -0.116181 0.266903
9.000000 326.000000 -0.976552 0.270043
591.000000 326.000000 0.850950 0.270043
6.000000 328.000000 -0.985972 0.276323
250.000000 328.000000 -0.219803 0.276323
280.000000 328.000000 -0.125601 0.276323
305.000000 328.000000 -0.047101 0.276323
3.000000 329.000000 -0.995392 0.279463
253.000000 329.000000 -0.210382 0.279463
272.000000 329.000000 -0.150722 0.279463
277.000000 329.000000 -0.135022 0.279463
101.000000 330.000000 -0.687668 0.282603
480.000000 330.000000 0.502406 0.282603
560.000000 330.000000 0.753609 0.282603
255.000000 331.000000 -0.204102 0.285743
288.000000 331.000000 -0.100481 0.285743
317.000000 331.000000 -0.009420 0.285743
113.000000 333.000000 -0.649988 0.292023
297.000000 333.000000 -0.072221 0.292023
322.000000 333.000000 0.006280 0.292023
609.000000 333.000000 0.907471 0.292023
241.000000 334.000000 -0.248063 0.295163
303.000000 334.000000 -0.053381 0.295163
511.000000 334.000000 0.599747 0.295163
54.000000 335.000000 -0.835250 0.298304
73.000000 335.000000 -0.775589 0.298304
147.000000 335.000000 -0.543226 0.298304
268.000000 335.000000 -0.163282 0.298304
275.000000 335.000000 -0.141302 0.298304
614.000000 335.000000 0.923171 0.298304
125.000000 336.000000 -0.612307 0.301444
154.000000 336.000000 -0.521246 0.301444
346.000000 336.000000 0.081641 0.301444
51.000000 337.000000 -0.844670 0.304584
141.000000 337.000000 -0.562067 0.304584
159.000000 337.000000 -0.505546 0.304584
248.000000 337.000000 -0.226083 0.304584
324.000000 337.000000 0.012560 0.304584
329.000000 337.000000 0.028260 0.304584
338.000000 337.000000 0.056521 0.304584
207.000000 338.000000 -0.354824 0.307724
311.000000 338.000000 -0.028260 0.307724
335.000000 338.000000 0.047101 0.307724
512.000000 338.000000 0.602887 0.307724
128.000000 339.000000 -0.602887 0.310864
141.000000 339.000000 -0.562067 0.310864
235.000000 339.000000 -0.266903 0.310864
206.000000 340.000000 -0.357964 0.314004
247.000000 340.000000 -0.229223 0.314004
300.000000 340.000000 -0.062801 0.314004
42.000000 341.000000 -0.872930 0.317144
58.000000 341.000000 -0.822690 0.317144
297.000000 341.000000 -0.072221 0.317144
306.000000 341.000000 -0.043961 0.317144
106.000000 342.000000 -0.671968 0.320284
268.000000 342.000000 -0.163282 0.320284
486.000000 342.000000 0.521246 0.320284
513.000000 342.000000 0.606027 0.320284
566.000000 342.000000 0.772449 0.320284
629.000000 342.000000 0.970271 0.320284
488.000000 343.000000 0.527526 0.323424
30.000000 345.000000 -0.910611 0.329704
98.000000 345.000000 -0.697088 0.329704
178.000000 345.000000 -0.445885 0.329704
25.000000 346.000000 -0.926311 0.332844
267.000000 346.000000 -0.166422 0.332844
12.000000 347.000000 -0.967131 0.335984
50.000000 347.000000 -0.847810 0.335984
244.000000 347.000000 -0.238643 0.335984
600.000000 347.000000 0.879210 0.335984
264.000000 348.000000 -0.175842 0.339124
391.000000 348.000000 0.222943 0.339124
585.000000 348.000000 0.832110 0.339124
7.000000 349.000000 -0.982832 0.342264
42.000000 349.000000 -0.872930 0.342264
85.000000 349.000000 -0.737909 0.342264
254.000000 349.000000 -0.207242 0.342264
10.000000 350.000000 -0.973412 0.345404
107.000000 350.000000 -0.668828 0.345404
190.000000 350.000000 -0.408205 0.345404
366.000000 350.000000 0.144442 0.345404
448.000000 350.000000 0.401925 0.345404
491.000000 350.000000 0.536946 0.345404
519.000000 350.000000 0.624867 0.345404
27.000000 351.000000 -0.920031 0.348544
91.000000 351.000000 -0.719069 0.348544
182.000000 351.000000 -0.433325 0.348544
210.000000 351.000000 -0.345404 0.348544
389.000000 351.000000 0.216663 0.348544
399.000000 351.000000 0.248063 0.348544
402.000000 351.000000 0.257483 0.348544
585.000000 351.000000 0.832110 0.348544
230.000000 352.000000 -0.282603 0.351684
468.000000 352.000000 0.464725 0.351684
477.000000 352.000000 0.492986 0.351684
492.000000 352.000000 0.540086 0.351684
599.000000 352.000000 0.876070 0.351684
40.000000 353.000000 -0.879210 0.354824
275.000000 353.000000 -0.141302 0.354824
277.000000 353.000000 -0.135022 0.354824
351.000000 353.000000 0.097341 0.354824
394.000000 353.000000 0.232363 0.354824
481.000000 353.000000 0.505546 0.354824
27.000000 354.000000 -0.920031 0.357964
85.000000 354.000000 -0.737909 0.357964
88.000000 354.000000 -0.728489 0.357964
234.000000 354.000000 -0.270043 0.357964
386.000000 354.000000 0.207242 0.357964
77.000000 355.000000 -0.763029 0.361104
236.000000 355.000000 -0.263763 0.361104
592.000000 355.000000 0.854090 0.361104
5.000000 356.000000 -0.989112 0.364244
494.000000 356.000000 0.546366 0.364244
17.000000 357.000000 -0.951431 0.367384
222.000000 357.000000 -0.307724 0.367384
249.000000 357.000000 -0.222943 0.367384
295.000000 357.000000 -0.078501 0.367384
479.000000 357.000000 0.499266 0.367384
205.000000 358.000000 -0.361104 0.370524
599.000000 358.000000 0.876070 0.370524
104.000000 359.000000 -0.678248 0.373664
433.000000 359.000000 0.354824 0.373664
605.000000 359.000000 0.894911 0.373664
628.000000 359.000000 0.967131 0.373664
220.000000 360.000000 -0.314004 0.376804
446.000000 360.000000 0.395645 0.376804
16.000000 361.000000 -0.954571 0.379945
63.000000 361.000000 -0.806990 0.379945
191.000000 361.000000 -0.405065 0.379945
234.000000 361.000000 -0.270043 0.379945
439.000000 361.000000 0.373664 0.379945
462.000000 361.000000 0.445885 0.379945
478.000000 361.000000 0.496126 0.379945
254.000000 362.000000 -0.207242 0.383085
498.000000 362.000000 0.558927 0.383085
607.000000 362.000000 0.901191 0.383085
223.000000 363.000000 -0.304584 0.386225
314.000000 363.000000 -0.018840 0.386225
485.000000 363.000000 0.518106 0.386225
76.000000 364.000000 -0.766169 0.389365
435.000000 364.000000 0.361104 0.389365
220.000000 365.000000 -0.314004 0.392505
478.000000 365.000000 0.496126 0.392505
633.000000 365.000000 0.982832 0.392505
15.000000 366.000000 -0.957711 0.395645
73.000000 366.000000 -0.775589 0.395645
24.000000 367.000000 -0.929451 0.398785
130.000000 367.000000 -0.596607 0.398785
215.000000 368.000000 -0.329704 0.401925
449.000000 368.000000 0.405065 0.401925
20.000000 369.000000 -0.942011 0.405065
96.000000 369.000000 -0.703368 0.405065
231.000000 369.000000 -0.279463 0.405065
41.000000 370.000000 -0.876070 0.408205
278.000000 370.000000 -0.131882 0.408205
392.000000 370.000000 0.226083 0.408205
470.000000 370.000000 0.471006 0.408205
634.000000 370.000000 0.985972 0.408205
39.000000 371.000000 -0.882350 0.411345
270.000000 371.000000 -0.157002 0.411345
286.000000 371.000000 -0.106761 0.411345
448.000000 371.000000 0.401925 0.411345
556.000000 371.000000 0.741049 0.411345
13.000000 372.000000 -0.963991 0.414485
17.000000 372.000000 -0.951431 0.414485
49.000000 372.000000 -0.850950 0.414485
314.000000 372.000000 -0.018840 0.414485
331.000000 372.000000 0.034540 0.414485
564.000000 372.000000 0.766169 0.414485
632.000000 372.000000 0.979692 0.414485
19.000000 373.000000 -0.945151 0.417625
267.000000 373.000000 -0.166422 0.417625
271.000000 373.000000 -0.153862 0.417625
410.000000 373.000000 0.282603 0.417625
588.000000 373.000000 0.841530 0.417625
590.000000 373.000000 0.847810 0.417625
320.000000 374.000000 -0.000000 0.420765
334.000000 374.000000 0.043961 0.420765
443.000000 374.000000 0.386225 0.420765
527.000000 374.000000 0.649988 0.420765
21.000000 375.000000 -0.938871 0.423905
96.000000 375.000000 -0.703368 0.423905
350.000000 375.000000 0.094201 0.423905
449.000000 375.000000 0.405065 0.423905
320.000000 376.000000 -0.000000 0.427045
469.000000 376.000000 0.467866 0.427045
512.000000 376.000000 0.602887 0.427045
594.000000 376.000000 0.860370 0.427045
617.000000 376.000000 0.932591 0.427045
199.000000 377.000000 -0.379945 0.430185
213.000000 377.000000 -0.335984 0.430185
359.000000 377.000000 0.122461 0.430185
474.000000 377.000000 0.483566 0.430185
130.000000 378.000000 -0.596607 0.433325
210.000000 378.000000 -0.345404 0.433325
219.000000 378.000000 -0.317144 0.433325
288.000000 378.000000 -0.100481 0.433325
604.000000 378.000000 0.891771 0.433325
21.000000 379.000000 -0.938871 0.436465
121.000000 379.000000 -0.624867 0.436465
215.000000 379.000000 -0.329704 0.436465
474.000000 379.000000 0.483566 0.436465
110.000000 380.000000 -0.659408 0.439605
112.000000 381.000000 -0.653128 0.442745
331.000000 381.000000 0.034540 0.442745
436.000000 381.000000 0.364244 0.442745
3.000000 382.000000 -0.995392 0.445885
215.000000 382.000000 -0.329704 0.445885
344.000000 382.000000 0.075361 0.445885
402.000000 382.000000 0.257483 0.445885
8.000000 383.000000 -0.979692 0.449025
213.000000 383.000000 -0.335984 0.449025
311.000000 383.000000 -0.028260 0.449025
207.000000 384.000000 -0.354824 0.452165
244.000000 384.000000 -0.238643 0.452165
439.000000 384.000000 0.373664 0.452165
30.000000 385.000000 -0.910611 0.455305
124.000000 385.000000 -0.615447 0.455305
336.000000 385.000000 0.050241 0.455305
342.000000 385.000000 0.069081 0.455305
448.000000 385.000000 0.401925 0.455305
452.000000 385.000000 0.414485 0.455305
468.000000 385.000000 0.464725 0.455305
470.000000 385.000000 0.471006 0.455305
565.000000 385.000000 0.769309 0.455305
18.000000 386.000000 -0.948291 0.458445
217.000000 386.000000 -0.323424 0.458445
295.000000 386.000000 -0.078501 0.458445
542.000000 386.000000 0.697088 0.458445
14.000000 387.000000 -0.960851 0.461585
202.000000 387.000000 -0.370524 0.461585
528.000000 387.000000 0.653128 0.461585
538.000000 387.000000 0.684528 0.461585
587.000000 388.000000 0.838390 0.464725
452.000000 389.000000 0.414485 0.467866
624.000000 389.000000 0.954571 0.467866
104.000000 390.000000 -0.678248 0.471006
491.000000 390.000000 0.536946 0.471006
109.000000 391.000000 -0.662548 0.474146
274.000000 391.000000 -0.144442 0.474146
372.000000 391.000000 0.163282 0.474146
563.000000 391.000000 0.763029 0.474146
145.000000 392.000000 -0.549506 0.477286
214.000000 392.000000 -0.332844 0.477286
23.000000 393.000000 -0.932591 0.480426
88.000000 393.000000 -0.728489 0.480426
197.000000 393.000000 -0.386225 0.480426
201.000000 393.000000 -0.373664 0.480426
208.000000 393.000000 -0.351684 0.480426
251.000000 393.000000 -0.216663 0.480426
365.000000 393.000000 0.141302 0.480426
433.000000 393.000000 0.354824 0.480426
544.000000 393.000000 0.703368 0.480426
590.000000 394.000000 0.847810 0.483566
602.000000 394.000000 0.885490 0.483566
16.000000 395.000000 -0.954571 0.486706
209.000000 395.000000 -0.348544 0.486706
451.000000 395.000000 0.411345 0.486706
439.000000 396.000000 0.373664 0.489846
549.000000 396.000000 0.719069 0.489846
565.000000 396.000000 0.769309 0.489846
197.000000 397.000000 -0.386225 0.492986
248.000000 397.000000 -0.226083 0.492986
264.000000 397.000000 -0.175842 0.492986
96.000000 398.000000 -0.703368 0.496126
115.000000 398.000000 -0.643708 0.496126
192.000000 398.000000 -0.401925 0.496126
294.000000 398.000000 -0.081641 0.496126
440.000000 398.000000 0.376804 0.496126
458.000000 398.000000 0.433325 0.496126
477.000000 398.000000 0.492986 0.496126
84.000000 399.000000 -0.741049 0.499266
108.000000 399.000000 -0.665688 0.499266
158.000000 399.000000 -0.508686 0.499266
166.000000 399.000000 -0.483566 0.499266
263.000000 399.000000 -0.178982 0.499266
65.000000 400.000000 -0.800709 0.502406
95.000000 400.000000 -0.706508 0.502406
140.000000 400.000000 -0.565207 0.502406
481.000000 400.000000 0.505546 0.502406
525.000000 400.000000 0.643708 0.502406
120.000000 401.000000 -0.628007 0.505546
204.000000 401.000000 -0.364244 0.505546
325.000000 401.000000 0.015700 0.505546
346.000000 402.000000 0.081641 0.508686
478.000000 402.000000 0.496126 0.508686
282.000000 403.000000 -0.119321 0.511826
284.000000 403.000000 -0.113041 0.511826
299.000000 403.000000 -0.065941 0.511826
21.000000 404.000000 -0.938871 0.514966
150.000000 404.000000 -0.533806 0.514966
332.000000 404.000000 0.037680 0.514966
432.000000 404.000000 0.351684 0.514966
452.000000 404.000000 0.414485 0.514966
485.000000 404.000000 0.518106 0.514966
15.000000 405.000000 -0.957711 0.518106
110.000000 406.000000 -0.659408 0.521246
279.000000 406.000000 -0.128742 0.521246
364.000000 406.000000 0.138162 0.521246
217.000000 407.000000 -0.323424 0.524386
449.000000 407.000000 0.405065 0.524386
516.000000 407.000000 0.615447 0.524386
46.000000 408.000000 -0.860370 0.527526
201.000000 408.000000 -0.373664 0.527526
205.000000 408.000000 -0.361104 0.527526
296.000000 408.000000 -0.075361 0.527526
462.000000 408.000000 0.445885 0.527526
3.000000 409.000000 -0.995392 0.530666
223.000000 409.000000 -0.304584 0.530666
230.000000 409.000000 -0.282603 0.530666
257.000000 409.000000 -0.197822 0.530666
365.000000 409.000000 0.141302 0.530666
367.000000 409.000000 0.147582 0.530666
444.000000 409.000000 0.389365 0.530666
252.000000 410.000000 -0.213523 0.533806
53.000000 411.000000 -0.838390 0.536946
100.000000 411.000000 -0.690808 0.536946
306.000000 411.000000 -0.043961 0.536946
464.000000 411.000000 0.452165 0.536946
238.000000 412.000000 -0.257483 0.540086
275.000000 412.000000 -0.141302 0.540086
285.000000 412.000000 -0.109901 0.540086
291.000000 412.000000 -0.091061 0.540086
116.000000 413.000000 -0.640568 0.543226
151.000000 413.000000 -0.530666 0.543226
158.000000 413.000000 -0.508686 0.543226
272.000000 413.000000 -0.150722 0.543226
404.000000 413.000000 0.263763 0.543226
502.000000 413.000000 0.571487 0.543226
276.000000 414.000000 -0.138162 0.546366
284.000000 414.000000 -0.113041 0.546366
391.000000 414.000000 0.222943 0.546366
460.000000 414.000000 0.439605 0.546366
18.000000 415.000000 -0.948291 0.549506
263.000000 415.000000 -0.178982 0.549506
282.000000 415.000000 -0.119321 0.549506
384.000000 415.000000 0.200962 0.549506
393.000000 415.000000 0.229223 0.549506
26.000000 416.000000 -0.923171 0.552647
454.000000 416.000000 0.420765 0.552647
463.000000 416.000000 0.449025 0.552647
33.000000 417.000000 -0.901191 0.555787
194.000000 417.000000 -0.395645 0.555787
254.000000 417.000000 -0.207242 0.555787
337.000000 417.000000 0.053381 0.555787
353.000000 417.000000 0.103621 0.555787
380.000000 417.000000 0.188402 0.555787
392.000000 417.000000 0.226083 0.555787
501.000000 417.000000 0.568347 0.555787
509.000000 417.000000 0.593467 0.555787
220.000000 418.000000 -0.314004 0.558927
313.000000 418.000000 -0.021980 0.558927
343.000000 418.000000 0.072221 0.558927
197.000000 419.000000 -0.386225 0.562067
315.000000 419.000000 -0.015700 0.562067
338.000000 419.000000 0.056521 0.562067
355.000000 419.000000 0.109901 0.562067
381.000000 419.000000 0.191542 0.562067
484.000000 419.000000 0.514966 0.562067
522.000000 419.000000 0.634288 0.562067
25.000000 420.000000 -0.926311 0.565207
295.000000 420.000000 -0.078501 0.565207
412.000000 420.000000 0.288883 0.565207
68.000000 421.000000 -0.791289 0.568347
80.000000 421.000000 -0.753609 0.568347
159.000000 421.000000 -0.505546 0.568347
330.000000 421.000000 0.031400 0.568347
345.000000 421.000000 0.078501 0.568347
406.000000 421.000000 0.270043 0.568347
541.000000 421.000000 0.693948 0.568347
622.000000 421.000000 0.948291 0.568347
29.000000 422.000000 -0.913751 0.571487
353.000000 422.000000 0.103621 0.571487
80.000000 423.000000 -0.753609 0.574627
245.000000 423.000000 -0.235503 0.574627
302.000000 423.000000 -0.056521 0.574627
347.000000 423.000000 0.084781 0.574627
349.000000 423.000000 0.091061 0.574627
409.000000 423.000000 0.279463 0.574627
466.000000 423.000000 0.458445 0.574627
184.000000 424.000000 -0.427045 0.577767
293.000000 424.000000 -0.084781 0.577767
391.000000 424.000000 0.222943 0.577767
482.000000 424.000000 0.508686 0.577767
527.000000 424.000000 0.649988 0.577767
137.000000 425.000000 -0.574627 0.580907
307.000000 425.000000 -0.040820 0.580907
327.000000 425.000000 0.021980 0.580907
507.000000 425.000000 0.587187 0.580907
633.000000 425.000000 0.982832 0.580907
36.000000 426.000000 -0.891771 0.584047
182.000000 426.000000 -0.433325 0.584047
227.000000 426.000000 -0.292023 0.584047
246.000000 426.000000 -0.232363 0.584047
423.000000 426.000000 0.323424 0.584047
110.000000 427.000000 -0.659408 0.587187
236.000000 427.000000 -0.263763 0.587187
350.000000 427.000000 0.094201 0.587187
373.000000 427.000000 0.166422 0.587187
498.000000 427.000000 0.558927 0.587187
170.000000 428.000000 -0.471006 0.590327
346.000000 428.000000 0.081641 0.590327
456.000000 428.000000 0.427045 0.590327
166.000000 429.000000 -0.483566 0.593467
340.000000 429.000000 0.062801 0.593467
486.000000 429.000000 0.521246 0.593467
309.000000 430.000000 -0.034540 0.596607
318.000000 430.000000 -0.006280 0.596607
545.000000 430.000000 0.706508 0.596607
11.000000 431.000000 -0.970271 0.599747
290.000000 431.000000 -0.094201 0.599747
366.000000 431.000000 0.144442 0.599747
15.000000 432.000000 -0.957711 0.602887
322.000000 432.000000 0.006280 0.602887
353.000000 432.000000 0.103621 0.602887
355.000000 432.000000 0.109901 0.602887
440.000000 432.000000 0.376804 0.602887
449.000000 432.000000 0.405065 0.602887
393.000000 433.000000 0.229223 0.606027
468.000000 433.000000 0.464725 0.606027
323.000000 434.000000 0.009420 0.609167
357.000000 434.000000 0.116181 0.609167
19.000000 435.000000 -0.945151 0.612307
235.000000 435.000000 -0.266903 0.612307
254.000000 435.000000 -0.207242 0.612307
264.000000 435.000000 -0.175842 0.612307
574.000000 435.000000 0.797569 0.612307
26.000000 436.000000 -0.923171 0.615447
239.000000 436.000000 -0.254343 0.615447
257.000000 437.000000 -0.197822 0.618587
276.000000 437.000000 -0.138162 0.618587
326.000000 437.000000 0.018840 0.618587
355.000000 437.000000 0.109901 0.618587
502.000000 437.000000 0.571487 0.618587
309.000000 438.000000 -0.034540 0.621727
621.000000 438.000000 0.945151 0.621727
632.000000 438.000000 0.979692 0.621727
14.000000 439.000000 -0.960851 0.624867
363.000000 439.000000 0.135022 0.624867
393.000000 439.000000 0.229223 0.624867
101.000000 441.000000 -0.687668 0.631147
107.000000 441.000000 -0.668828 0.631147
277.000000 441.000000 -0.135022 0.631147
290.000000 441.000000 -0.094201 0.631147
447.000000 442.000000 0.398785 0.634288
23.000000 443.000000 -0.932591 0.637428
195.000000 443.000000 -0.392505 0.637428
240.000000 443.000000 -0.251203 0.637428
506.000000 443.000000 0.584047 0.637428
222.000000 444.000000 -0.307724 0.640568
323.000000 444.000000 0.009420 0.640568
496.000000 444.000000 0.552647 0.640568
266.000000 445.000000 -0.169562 0.643708
309.000000 445.000000 -0.034540 0.643708
425.000000 445.000000 0.329704 0.643708
538.000000 445.000000 0.684528 0.643708
623.000000 445.000000 0.951431 0.643708
632.000000 445.000000 0.979692 0.643708
311.000000 446.000000 -0.028260 0.646848
499.000000 446.000000 0.562067 0.646848
610.000000 446.000000 0.910611 0.646848
50.000000 447.000000 -0.847810 0.649988
214.000000 447.000000 -0.332844 0.649988
255.000000 447.000000 -0.204102 0.649988
369.000000 447.000000 0.153862 0.649988
459.000000 447.000000 0.436465 0.649988
41.000000 448.000000 -0.876070 0.653128
374.000000 448.000000 0.169562 0.653128
426.000000 448.000000 0.332844 0.653128
216.000000 449.000000 -0.326564 0.656268
310.000000 449.000000 -0.031400 0.656268
349.000000 449.000000 0.091061 0.656268
379.000000 449.000000 0.185262 0.656268
382.000000 449.000000 0.194682 0.656268
398.000000 449.000000 0.244923 0.656268
473.000000 449.000000 0.480426 0.656268
518.000000 449.000000 0.621727 0.656268
181.000000 450.000000 -0.436465 0.659408
351.000000 450.000000 0.097341 0.659408
359.000000 450.000000 0.122461 0.659408
429.000000 450.000000 0.342264 0.659408
434.000000 450.000000 0.357964 0.659408
63.000000 451.000000 -0.806990 0.662548
188.000000 451.000000 -0.414485 0.662548
320.000000 451.000000 -0.000000 0.662548
440.000000 451.000000 0.376804 0.662548
20.000000 452.000000 -0.942011 0.665688
406.000000 452.000000 0.270043 0.665688
504.000000 452.000000 0.577767 0.665688
16.000000 453.000000 -0.954571 0.668828
169.000000 453.000000 -0.474146 0.668828
495.000000 453.000000 0.549506 0.668828
549.000000 453.000000 0.719069 0.668828
517.000000 454.000000 0.618587 0.671968
216.000000 455.000000 -0.326564 0.675108
312.000000 455.000000 -0.025120 0.675108
345.000000 455.000000 0.078501 0.675108
428.000000 455.000000 0.339124 0.675108
166.000000 456.000000 -0.483566 0.678248
278.000000 456.000000 -0.131882 0.678248
447.000000 456.000000 0.398785 0.678248
241.000000 457.000000 -0.248063 0.681388
308.000000 457.000000 -0.037680 0.681388
336.000000 457.000000 0.050241 0.681388
406.000000 457.000000 0.270043 0.681388
418.000000 457.000000 0.307724 0.681388
168.000000 458.000000 -0.477286 0.684528
196.000000 458.000000 -0.389365 0.684528
246.000000 458.000000 -0.232363 0.684528
322.000000 458.000000 0.006280 0.684528
395.000000 459.000000 0.235503 0.687668
30.000000 460.000000 -0.910611 0.690808
199.000000 460.000000 -0.379945 0.690808
202.000000 460.000000 -0.370524 0.690808
376.000000 461.000000 0.175842 0.693948
507.000000 461.000000 0.587187 0.693948
58.000000 462.000000 -0.822690 0.697088
200.000000 462.000000 -0.376804 0.697088
462.000000 462.000000 0.445885 0.697088
207.000000 463.000000 -0.354824 0.700228
328.000000 463.000000 0.025120 0.700228
52.000000 464.000000 -0.841530 0.703368
348.000000 464.000000 0.087921 0.703368
454.000000 464.000000 0.420765 0.703368
332.000000 465.000000 0.037680 0.706508
416.000000 465.000000 0.301444 0.706508
136.000000 466.000000 -0.577767 0.709648
357.000000 466.000000 0.116181 0.709648
148.000000 467.000000 -0.540086 0.712788
280.000000 467.000000 -0.125601 0.712788
290.000000 467.000000 -0.094201 0.712788
337.000000 467.000000 0.053381 0.712788
395.000000 467.000000 0.235503 0.712788
421.000000 467.000000 0.317144 0.712788
440.000000 467.000000 0.376804 0.712788
509.000000 467.000000 0.593467 0.712788
131.000000 468.000000 -0.593467 0.715928
256.000000 468.000000 -0.200962 0.715928
343.000000 468.000000 0.072221 0.715928
362.000000 468.000000 0.131882 0.715928
401.000000 468.000000 0.254343 0.715928
63.000000 469.000000 -0.806990 0.719069
174.000000 469.000000 -0.458445 0.719069
403.000000 469.000000 0.260623 0.719069
432.000000 469.000000 0.351684 0.719069
50.000000 470.000000 -0.847810 0.722209
244.000000 470.000000 -0.238643 0.722209
343.000000 470.000000 0.072221 0.722209
378.000000 470.000000 0.182122 0.722209
388.000000 470.000000 0.213523 0.722209
397.000000 470.000000 0.241783 0.722209
524.000000 470.000000 0.640568 0.722209
562.000000 470.000000 0.759889 0.722209
626.000000 470.000000 0.960851 0.722209
6.000000 471.000000 -0.985972 0.725349
137.000000 471.000000 -0.574627 0.725349
197.000000 471.000000 -0.386225 0.725349
294.000000 471.000000 -0.081641 0.725349
303.000000 471.000000 -0.053381 0.725349
333.000000 472.000000 0.040820 0.728489
340.000000 472.000000 0.062801 0.728489
407.000000 472.000000 0.273183 0.728489
396.000000 473.000000 0.238643 0.731629
425.000000 473.000000 0.329704 0.731629
149.000000 474.000000 -0.536946 0.734769
210.000000 474.000000 -0.345404 0.734769
341.000000 474.000000 0.065941 0.734769
360.000000 474.000000 0.125601 0.734769
252.000000 475.000000 -0.213523 0.737909
270.000000 475.000000 -0.157002 0.737909
284.000000 475.000000 -0.113041 0.737909
430.000000 475.000000 0.345404 0.737909
349.000000 476.000000 0.091061 0.741049
414.000000 476.000000 0.295163 0.741049
457.000000 476.000000 0.430185 0.741049
