364.000000 3.000000 0.138162 -0.744189
374.000000 3.000000 0.169562 -0.744189
565.000000 3.000000 0.769309 -0.744189
589.000000 3.000000 0.844670 -0.744189
364.000000 6.000000 0.138162 -0.734769
452.000000 6.000000 0.414485 -0.734769
556.000000 6.000000 0.741049 -0.734769
616.000000 7.000000 0.929451 -0.731629
629.000000 7.000000 0.970271 -0.731629
473.000000 8.000000 0.480426 -0.728489
528.000000 8.000000 0.653128 -0.728489
569.000000 8.000000 0.781869 -0.728489
456.000000 9.000000 0.427045 -0.725349
491.000000 9.000000 0.536946 -0.725349
365.000000 11.000000 0.141302 -0.719069
584.000000 11.000000 0.828970 -0.719069
375.000000 12.000000 0.172702 -0.715928
615.000000 12.000000 0.926311 -0.715928
362.000000 13.000000 0.131882 -0.712788
467.000000 14.000000 0.461585 -0.709648
364.000000 15.000000 0.138162 -0.706508
481.000000 15.000000 0.505546 -0.706508
576.000000 17.000000 0.803850 -0.700228
375.000000 18.000000 0.172702 -0.697088
595.000000 18.000000 0.863510 -0.697088
585.000000 19.000000 0.832110 -0.693948
376.000000 20.000000 0.175842 -0.690808
507.000000 20.000000 0.587187 -0.690808
583.000000 21.000000 0.825830 -0.687668
445.000000 23.000000 0.392505 -0.681388
433.000000 24.000000 0.354824 -0.678248
437.000000 24.000000 0.367384 -0.678248
551.000000 24.000000 0.725349 -0.678248
377.000000 27.000000 0.178982 -0.668828
380.000000 27.000000 0.188402 -0.668828
447.000000 28.000000 0.398785 -0.665688
368.000000 29.000000 0.150722 -0.662548
381.000000 30.000000 0.191542 -0.659408
410.000000 30.000000 0.282603 -0.659408
420.000000 30.000000 0.314004 -0.659408
446.000000 30.000000 0.395645 -0.659408
537.000000 30.000000 0.681388 -0.659408
377.000000 31.000000 0.178982 -0.656268
405.000000 31.000000 0.266903 -0.656268
467.000000 31.000000 0.461585 -0.656268
588.000000 31.000000 0.841530 -0.656268
383.000000 32.000000 0.197822 -0.653128
427.000000 32.000000 0.335984 -0.653128
452.000000 32.000000 0.414485 -0.653128
561.000000 32.000000 0.756749 -0.653128
574.000000 32.000000 0.797569 -0.653128
369.000000 33.000000 0.153862 -0.649988
377.000000 33.000000 0.178982 -0.649988
391.000000 33.000000 0.222943 -0.649988
414.000000 33.000000 0.295163 -0.649988
445.000000 33.000000 0.392505 -0.649988
476.000000 33.000000 0.489846 -0.649988
501.000000 33.000000 0.568347 -0.649988
551.000000 33.000000 0.725349 -0.649988
635.000000 33.000000 0.989112 -0.649988
394.000000 34.000000 0.232363 -0.646848
467.000000 34.000000 0.461585 -0.646848
423.000000 35.000000 0.323424 -0.643708
376.000000 37.000000 0.175842 -0.637428
614.000000 37.000000 0.923171 -0.637428
362.000000 38.000000 0.131882 -0.634288
370.000000 38.000000 0.157002 -0.634288
531.000000 38.000000 0.662548 -0.634288
623.000000 38.000000 0.951431 -0.634288
449.000000 39.000000 0.405065 -0.631147
370.000000 40.000000 0.157002 -0.628007
578.000000 40.000000 0.810130 -0.628007
458.000000 41.000000 0.433325 -0.624867
565.000000 45.000000 0.769309 -0.612307
602.000000 46.000000 0.885490 -0.609167
566.000000 47.000000 0.772449 -0.606027
377.000000 48.000000 0.178982 -0.602887
569.000000 48.000000 0.781869 -0.602887
588.000000 48.000000 0.841530 -0.602887
414.000000 49.000000 0.295163 -0.599747
436.000000 50.000000 0.364244 -0.596607
461.000000 51.000000 0.442745 -0.593467
607.000000 51.000000 0.901191 -0.593467
598.000000 52.000000 0.872930 -0.590327
563.000000 54.000000 0.763029 -0.584047
444.000000 55.000000 0.389365 -0.580907
510.000000 55.000000 0.596607 -0.580907
420.000000 56.000000 0.314004 -0.577767
376.000000 57.000000 0.175842 -0.574627
388.000000 57.000000 0.213523 -0.574627
408.000000 58.000000 0.276323 -0.571487
429.000000 58.000000 0.342264 -0.571487
411.000000 59.000000 0.285743 -0.568347
392.000000 60.000000 0.226083 -0.565207
374.000000 61.000000 0.169562 -0.562067
443.000000 61.000000 0.386225 -0.562067
578.000000 61.000000 0.810130 -0.562067
600.000000 61.000000 0.879210 -0.562067
540.000000 63.000000 0.690808 -0.555787
603.000000 64.000000 0.888631 -0.552647
449.000000 65.000000 0.405065 -0.549506
597.000000 66.000000 0.869790 -0.546366
442.000000 67.000000 0.383085 -0.543226
468.000000 71.000000 0.464725 -0.530666
602.000000 71.000000 0.885490 -0.530666
414.000000 72.000000 0.295163 -0.527526
460.000000 72.000000 0.439605 -0.527526
601.000000 73.000000 0.882350 -0.524386
441.000000 77.000000 0.379945 -0.511826
601.000000 77.000000 0.882350 -0.511826
378.000000 78.000000 0.182122 -0.508686
594.000000 78.000000 0.860370 -0.508686
495.000000 79.000000 0.549506 -0.505546
579.000000 79.000000 0.813270 -0.505546
432.000000 80.000000 0.351684 -0.502406
592.000000 80.000000 0.854090 -0.502406
373.000000 81.000000 0.166422 -0.499266
525.000000 81.000000 0.643708 -0.499266
455.000000 83.000000 0.423905 -0.492986
574.000000 83.000000 0.797569 -0.492986
636.000000 83.000000 0.992252 -0.492986
433.000000 84.000000 0.354824 -0.489846
572.000000 84.000000 0.791289 -0.489846
624.000000 85.000000 0.954571 -0.486706
441.000000 86.000000 0.379945 -0.483566
417.000000 87.000000 0.304584 -0.480426
450.000000 87.000000 0.408205 -0.480426
572.000000 87.000000 0.791289 -0.480426
386.000000 88.000000 0.207242 -0.477286
373.000000 89.000000 0.166422 -0.474146
441.000000 92.000000 0.379945 -0.464725
362.000000 93.000000 0.131882 -0.461585
373.000000 93.000000 0.166422 -0.461585
440.000000 94.000000 0.376804 -0.458445
464.000000 95.000000 0.452165 -0.455305
432.000000 96.000000 0.351684 -0.452165
542.000000 96.000000 0.697088 -0.452165
571.000000 96.000000 0.788149 -0.452165
538.000000 97.000000 0.684528 -0.449025
634.000000 97.000000 0.985972 -0.449025
374.000000 98.000000 0.169562 -0.445885
439.000000 98.000000 0.373664 -0.445885
548.000000 98.000000 0.715928 -0.445885
620.000000 98.000000 0.942011 -0.445885
506.000000 99.000000 0.584047 -0.442745
554.000000 99.000000 0.734769 -0.442745
440.000000 100.000000 0.376804 -0.439605
545.000000 103.000000 0.706508 -0.430185
372.000000 104.000000 0.163282 -0.427045
566.000000 105.000000 0.772449 -0.423905
612.000000 105.000000 0.916891 -0.423905
371.000000 108.000000 0.160142 -0.414485
541.000000 108.000000 0.693948 -0.414485
375.000000 109.000000 0.172702 -0.411345
577.000000 109.000000 0.806990 -0.411345
370.000000 110.000000 0.157002 -0.408205
540.000000 110.000000 0.690808 -0.408205
575.000000 110.000000 0.800709 -0.408205
490.000000 112.000000 0.533806 -0.401925
572.000000 112.000000 0.791289 -0.401925
615.000000 113.000000 0.926311 -0.398785
393.000000 115.000000 0.229223 -0.392505
400.000000 115.000000 0.251203 -0.392505
455.000000 115.000000 0.423905 -0.392505
370.000000 116.000000 0.157002 -0.389365
630.000000 117.000000 0.973412 -0.386225
430.000000 118.000000 0.345404 -0.383085
452.000000 118.000000 0.414485 -0.383085
580.000000 118.000000 0.816410 -0.383085
356.000000 119.000000 0.113041 -0.379945
374.000000 119.000000 0.169562 -0.379945
552.000000 119.000000 0.728489 -0.379945
573.000000 119.000000 0.794429 -0.379945
371.000000 120.000000 0.160142 -0.376804
426.000000 120.000000 0.332844 -0.376804
569.000000 120.000000 0.781869 -0.376804
607.000000 120.000000 0.901191 -0.376804
429.000000 121.000000 0.342264 -0.373664
598.000000 121.000000 0.872930 -0.373664
501.000000 122.000000 0.568347 -0.370524
569.000000 123.000000 0.781869 -0.367384
389.000000 125.000000 0.216663 -0.361104
577.000000 125.000000 0.806990 -0.361104
427.000000 126.000000 0.335984 -0.357964
551.000000 126.000000 0.725349 -0.357964
380.000000 127.000000 0.188402 -0.354824
531.000000 127.000000 0.662548 -0.354824
371.000000 128.000000 0.160142 -0.351684
405.000000 128.000000 0.266903 -0.351684
514.000000 128.000000 0.609167 -0.351684
518.000000 128.000000 0.621727 -0.351684
583.000000 128.000000 0.825830 -0.351684
378.000000 129.000000 0.182122 -0.348544
569.000000 129.000000 0.781869 -0.348544
371.000000 131.000000 0.160142 -0.342264
377.000000 131.000000 0.178982 -0.342264
425.000000 131.000000 0.329704 -0.342264
522.000000 131.000000 0.634288 -0.342264
600.000000 131.000000 0.879210 -0.342264
428.000000 132.000000 0.339124 -0.339124
405.000000 133.000000 0.266903 -0.335984
572.000000 134.000000 0.791289 -0.332844
607.000000 134.000000 0.901191 -0.332844
370.000000 137.000000 0.157002 -0.323424
425.000000 137.000000 0.329704 -0.323424
379.000000 138.000000 0.185262 -0.320284
403.000000 138.000000 0.260623 -0.320284
387.000000 139.000000 0.210382 -0.317144
389.000000 139.000000 0.216663 -0.317144
382.000000 140.000000 0.194682 -0.314004
562.000000 140.000000 0.759889 -0.314004
581.000000 140.000000 0.819550 -0.314004
459.000000 141.000000 0.436465 -0.310864
386.000000 142.000000 0.207242 -0.307724
425.000000 142.000000 0.329704 -0.307724
380.000000 143.000000 0.188402 -0.304584
369.000000 144.000000 0.153862 -0.301444
425.000000 144.000000 0.329704 -0.301444
510.000000 144.000000 0.596607 -0.301444
529.000000 144.000000 0.656268 -0.301444
629.000000 144.000000 0.970271 -0.301444
375.000000 145.000000 0.172702 -0.298304
403.000000 145.000000 0.260623 -0.298304
406.000000 145.000000 0.270043 -0.298304
551.000000 145.000000 0.725349 -0.298304
377.000000 146.000000 0.178982 -0.295163
379.000000 146.000000 0.185262 -0.295163
424.000000 146.000000 0.326564 -0.295163
426.000000 146.000000 0.332844 -0.295163
382.000000 147.000000 0.194682 -0.292023
390.000000 147.000000 0.219803 -0.292023
397.000000 147.000000 0.241783 -0.292023
377.000000 148.000000 0.178982 -0.288883
405.000000 148.000000 0.266903 -0.288883
557.000000 148.000000 0.744189 -0.288883
369.000000 150.000000 0.153862 -0.282603
424.000000 150.000000 0.326564 -0.282603
475.000000 150.000000 0.486706 -0.282603
82.000000 151.000000 -0.747329 -0.279463
116.000000 151.000000 -0.640568 -0.279463
406.000000 151.000000 0.270043 -0.279463
443.000000 151.000000 0.386225 -0.279463
458.000000 151.000000 0.433325 -0.279463
518.000000 151.000000 0.621727 -0.279463
574.000000 151.000000 0.797569 -0.279463
601.000000 151.000000 0.882350 -0.279463
612.000000 151.000000 0.916891 -0.279463
369.000000 152.000000 0.153862 -0.276323
380.000000 152.000000 0.188402 -0.276323
579.000000 152.000000 0.813270 -0.276323
595.000000 152.000000 0.863510 -0.276323
84.000000 153.000000 -0.741049 -0.273183
92.000000 153.000000 -0.715928 -0.273183
119.000000 153.000000 -0.631147 -0.273183
383.000000 153.000000 0.197822 -0.273183
405.000000 153.000000 0.266903 -0.273183
588.000000 153.000000 0.841530 -0.273183
610.000000 153.000000 0.910611 -0.273183
95.000000 154.000000 -0.706508 -0.270043
99.000000 154.000000 -0.693948 -0.270043
104.000000 154.000000 -0.678248 -0.270043
123.000000 154.000000 -0.618587 -0.270043
89.000000 155.000000 -0.725349 -0.266903
110.000000 155.000000 -0.659408 -0.266903
116.000000 155.000000 -0.640568 -0.266903
129.000000 155.000000 -0.599747 -0.266903
423.000000 155.000000 0.323424 -0.266903
436.000000 155.000000 0.364244 -0.266903
118.000000 156.000000 -0.634288 -0.263763
135.000000 156.000000 -0.580907 -0.263763
137.000000 156.000000 -0.574627 -0.263763
354.000000 156.000000 0.106761 -0.263763
362.000000 156.000000 0.131882 -0.263763
377.000000 156.000000 0.178982 -0.263763
379.000000 156.000000 0.185262 -0.263763
392.000000 156.000000 0.226083 -0.263763
425.000000 156.000000 0.329704 -0.263763
446.000000 156.000000 0.395645 -0.263763
143.000000 157.000000 -0.555787 -0.260623
352.000000 157.000000 0.100481 -0.260623
358.000000 157.000000 0.119321 -0.260623
364.000000 157.000000 0.138162 -0.260623
383.000000 157.000000 0.197822 -0.260623
423.000000 157.000000 0.323424 -0.260623
433.000000 157.000000 0.354824 -0.260623
606.000000 157.000000 0.898051 -0.260623
88.000000 158.000000 -0.728489 -0.257483
146.000000 158.000000 -0.546366 -0.257483
148.000000 158.000000 -0.540086 -0.257483
150.000000 158.000000 -0.533806 -0.257483
348.000000 158.000000 0.087921 -0.257483
350.000000 158.000000 0.094201 -0.257483
362.000000 158.000000 0.131882 -0.257483
369.000000 158.000000 0.153862 -0.257483
116.000000 159.000000 -0.640568 -0.254343
333.000000 159.000000 0.040820 -0.254343
364.000000 159.000000 0.138162 -0.254343
419.000000 159.000000 0.310864 -0.254343
421.000000 159.000000 0.317144 -0.254343
438.000000 159.000000 0.370524 -0.254343
444.000000 159.000000 0.389365 -0.254343
452.000000 159.000000 0.414485 -0.254343
481.000000 159.000000 0.505546 -0.254343
519.000000 159.000000 0.624867 -0.254343
542.000000 159.000000 0.697088 -0.254343
578.000000 159.000000 0.810130 -0.254343
588.000000 159.000000 0.841530 -0.254343
26.000000 160.000000 -0.923171 -0.251203
412.000000 160.000000 0.288883 -0.251203
416.000000 160.000000 0.301444 -0.251203
424.000000 160.000000 0.326564 -0.251203
426.000000 160.000000 0.332844 -0.251203
429.000000 160.000000 0.342264 -0.251203
434.000000 160.000000 0.357964 -0.251203
82.000000 161.000000 -0.747329 -0.248063
120.000000 161.000000 -0.628007 -0.248063
404.000000 161.000000 0.263763 -0.248063
536.000000 161.000000 0.678248 -0.248063
586.000000 161.000000 0.835250 -0.248063
27.000000 162.000000 -0.920031 -0.244923
118.000000 162.000000 -0.634288 -0.244923
400.000000 162.000000 0.251203 -0.244923
418.000000 162.000000 0.307724 -0.244923
475.000000 162.000000 0.486706 -0.244923
33.000000 163.000000 -0.901191 -0.241783
88.000000 163.000000 -0.728489 -0.241783
120.000000 163.000000 -0.628007 -0.241783
365.000000 163.000000 0.141302 -0.241783
402.000000 163.000000 0.257483 -0.241783
414.000000 163.000000 0.295163 -0.241783
439.000000 163.000000 0.373664 -0.241783
35.000000 164.000000 -0.894911 -0.238643
40.000000 164.000000 -0.879210 -0.238643
116.000000 164.000000 -0.640568 -0.238643
130.000000 164.000000 -0.596607 -0.238643
339.000000 164.000000 0.059661 -0.238643
374.000000 164.000000 0.169562 -0.238643
27.000000 165.000000 -0.920031 -0.235503
48.000000 165.000000 -0.854090 -0.235503
51.000000 165.000000 -0.844670 -0.235503
137.000000 165.000000 -0.574627 -0.235503
139.000000 165.000000 -0.568347 -0.235503
378.000000 165.000000 0.182122 -0.235503
389.000000 165.000000 0.216663 -0.235503
455.000000 165.000000 0.423905 -0.235503
474.000000 165.000000 0.483566 -0.235503
587.000000 165.000000 0.838390 -0.235503
608.000000 165.000000 0.904331 -0.235503
12.000000 166.000000 -0.967131 -0.232363
60.000000 166.000000 -0.816410 -0.232363
62.000000 166.000000 -0.810130 -0.232363
147.000000 166.000000 -0.543226 -0.232363
149.000000 166.000000 -0.536946 -0.232363
577.000000 166.000000 0.806990 -0.232363
73.000000 167.000000 -0.775589 -0.229223
375.000000 167.000000 0.172702 -0.229223
379.000000 167.000000 0.185262 -0.229223
385.000000 167.000000 0.204102 -0.229223
471.000000 167.000000 0.474146 -0.229223
608.000000 167.000000 0.904331 -0.229223
26.000000 168.000000 -0.923171 -0.226083
80.000000 168.000000 -0.753609 -0.226083
85.000000 168.000000 -0.737909 -0.226083
390.000000 168.000000 0.219803 -0.226083
393.000000 168.000000 0.229223 -0.226083
401.000000 168.000000 0.254343 -0.226083
424.000000 168.000000 0.326564 -0.226083
501.000000 168.000000 0.568347 -0.226083
35.000000 169.000000 -0.894911 -0.222943
356.000000 169.000000 0.113041 -0.222943
358.000000 169.000000 0.119321 -0.222943
385.000000 169.000000 0.204102 -0.222943
441.000000 169.000000 0.379945 -0.222943
445.000000 169.000000 0.392505 -0.222943
23.000000 170.000000 -0.932591 -0.219803
80.000000 170.000000 -0.753609 -0.219803
368.000000 170.000000 0.150722 -0.219803
377.000000 170.000000 0.178982 -0.219803
391.000000 170.000000 0.222943 -0.219803
393.000000 170.000000 0.229223 -0.219803
395.000000 170.000000 0.235503 -0.219803
425.000000 170.000000 0.329704 -0.219803
525.000000 170.000000 0.643708 -0.219803
533.000000 170.000000 0.668828 -0.219803
548.000000 170.000000 0.715928 -0.219803
29.000000 171.000000 -0.913751 -0.216663
222.000000 171.000000 -0.307724 -0.216663
235.000000 171.000000 -0.266903 -0.216663
358.000000 171.000000 0.119321 -0.216663
397.000000 171.000000 0.241783 -0.216663
412.000000 171.000000 0.288883 -0.216663
418.000000 171.000000 0.307724 -0.216663
427.000000 171.000000 0.335984 -0.216663
432.000000 171.000000 0.351684 -0.216663
473.000000 171.000000 0.480426 -0.216663
601.000000 171.000000 0.882350 -0.216663
607.000000 171.000000 0.901191 -0.216663
227.000000 172.000000 -0.292023 -0.213523
232.000000 172.000000 -0.276323 -0.213523
243.000000 172.000000 -0.241783 -0.213523
364.000000 172.000000 0.138162 -0.213523
415.000000 172.000000 0.298304 -0.213523
445.000000 172.000000 0.392505 -0.213523
575.000000 172.000000 0.800709 -0.213523
585.000000 172.000000 0.832110 -0.213523
27.000000 173.000000 -0.920031 -0.210382
223.000000 173.000000 -0.304584 -0.210382
240.000000 173.000000 -0.251203 -0.210382
472.000000 173.000000 0.477286 -0.210382
474.000000 173.000000 0.483566 -0.210382
582.000000 173.000000 0.822690 -0.210382
30.000000 174.000000 -0.910611 -0.207242
379.000000 174.000000 0.185262 -0.207242
409.000000 174.000000 0.279463 -0.207242
501.000000 174.000000 0.568347 -0.207242
33.000000 175.000000 -0.901191 -0.204102
36.000000 175.000000 -0.891771 -0.204102
154.000000 175.000000 -0.521246 -0.204102
222.000000 175.000000 -0.307724 -0.204102
373.000000 175.000000 0.166422 -0.204102
377.000000 175.000000 0.178982 -0.204102
442.000000 175.000000 0.383085 -0.204102
496.000000 175.000000 0.552647 -0.204102
551.000000 175.000000 0.725349 -0.204102
18.000000 176.000000 -0.948291 -0.200962
53.000000 176.000000 -0.838390 -0.200962
242.000000 176.000000 -0.244923 -0.200962
362.000000 176.000000 0.131882 -0.200962
409.000000 176.000000 0.279463 -0.200962
412.000000 176.000000 0.288883 -0.200962
418.000000 176.000000 0.307724 -0.200962
431.000000 176.000000 0.348544 -0.200962
433.000000 176.000000 0.354824 -0.200962
440.000000 176.000000 0.376804 -0.200962
70.000000 177.000000 -0.785009 -0.197822
72.000000 177.000000 -0.778729 -0.197822
89.000000 177.000000 -0.725349 -0.197822
182.000000 177.000000 -0.433325 -0.197822
184.000000 177.000000 -0.427045 -0.197822
356.000000 177.000000 0.113041 -0.197822
396.000000 177.000000 0.238643 -0.197822
403.000000 177.000000 0.260623 -0.197822
572.000000 177.000000 0.791289 -0.197822
187.000000 178.000000 -0.417625 -0.194682
192.000000 178.000000 -0.401925 -0.194682
223.000000 178.000000 -0.304584 -0.194682
252.000000 178.000000 -0.213523 -0.194682
288.000000 178.000000 -0.100481 -0.194682
359.000000 178.000000 0.122461 -0.194682
428.000000 178.000000 0.339124 -0.194682
432.000000 178.000000 0.351684 -0.194682
437.000000 178.000000 0.367384 -0.194682
496.000000 178.000000 0.552647 -0.194682
578.000000 178.000000 0.810130 -0.194682
584.000000 178.000000 0.828970 -0.194682
197.000000 179.000000 -0.386225 -0.191542
242.000000 179.000000 -0.244923 -0.191542
281.000000 179.000000 -0.122461 -0.191542
294.000000 179.000000 -0.081641 -0.191542
355.000000 179.000000 0.109901 -0.191542
367.000000 179.000000 0.147582 -0.191542
419.000000 179.000000 0.310864 -0.191542
442.000000 179.000000 0.383085 -0.191542
491.000000 179.000000 0.536946 -0.191542
575.000000 179.000000 0.800709 -0.191542
191.000000 180.000000 -0.405065 -0.188402
194.000000 180.000000 -0.395645 -0.188402
208.000000 180.000000 -0.351684 -0.188402
263.000000 180.000000 -0.178982 -0.188402
359.000000 180.000000 0.122461 -0.188402
365.000000 180.000000 0.141302 -0.188402
179.000000 181.000000 -0.442745 -0.185262
200.000000 181.000000 -0.376804 -0.185262
233.000000 181.000000 -0.273183 -0.185262
259.000000 181.000000 -0.191542 -0.185262
275.000000 181.000000 -0.141302 -0.185262
281.000000 181.000000 -0.122461 -0.185262
385.000000 181.000000 0.204102 -0.185262
394.000000 181.000000 0.232363 -0.185262
30.000000 182.000000 -0.910611 -0.182122
177.000000 182.000000 -0.449025 -0.182122
191.000000 182.000000 -0.405065 -0.182122
283.000000 182.000000 -0.116181 -0.182122
292.000000 182.000000 -0.087921 -0.182122
316.000000 182.000000 -0.012560 -0.182122
379.000000 182.000000 0.185262 -0.182122
389.000000 182.000000 0.216663 -0.182122
429.000000 182.000000 0.342264 -0.182122
434.000000 182.000000 0.357964 -0.182122
470.000000 182.000000 0.471006 -0.182122
224.000000 183.000000 -0.301444 -0.178982
259.000000 183.000000 -0.191542 -0.178982
273.000000 183.000000 -0.147582 -0.178982
299.000000 183.000000 -0.065941 -0.178982
320.000000 183.000000 -0.000000 -0.178982
324.000000 183.000000 0.012560 -0.178982
411.000000 183.000000 0.285743 -0.178982
414.000000 183.000000 0.295163 -0.178982
441.000000 183.000000 0.379945 -0.178982
472.000000 183.000000 0.477286 -0.178982
595.000000 183.000000 0.863510 -0.178982
633.000000 183.000000 0.982832 -0.178982
116.000000 184.000000 -0.640568 -0.175842
120.000000 184.000000 -0.628007 -0.175842
184.000000 184.000000 -0.427045 -0.175842
194.000000 184.000000 -0.395645 -0.175842
214.000000 184.000000 -0.332844 -0.175842
219.000000 184.000000 -0.317144 -0.175842
221.000000 184.000000 -0.310864 -0.175842
228.000000 184.000000 -0.288883 -0.175842
271.000000 184.000000 -0.153862 -0.175842
311.000000 184.000000 -0.028260 -0.175842
406.000000 184.000000 0.270043 -0.175842
423.000000 184.000000 0.323424 -0.175842
573.000000 184.000000 0.794429 -0.175842
575.000000 184.000000 0.800709 -0.175842
624.000000 184.000000 0.954571 -0.175842
33.000000 185.000000 -0.901191 -0.172702
112.000000 185.000000 -0.653128 -0.172702
177.000000 185.000000 -0.449025 -0.172702
179.000000 185.000000 -0.442745 -0.172702
209.000000 185.000000 -0.348544 -0.172702
258.000000 185.000000 -0.194682 -0.172702
324.000000 185.000000 0.012560 -0.172702
367.000000 185.000000 0.147582 -0.172702
416.000000 185.000000 0.301444 -0.172702
469.000000 185.000000 0.467866 -0.172702
473.000000 185.000000 0.480426 -0.172702
504.000000 185.000000 0.577767 -0.172702
7.000000 186.000000 -0.982832 -0.169562
158.000000 186.000000 -0.508686 -0.169562
195.000000 186.000000 -0.392505 -0.169562
205.000000 186.000000 -0.361104 -0.169562
214.000000 186.000000 -0.332844 -0.169562
224.000000 186.000000 -0.301444 -0.169562
233.000000 186.000000 -0.273183 -0.169562
260.000000 186.000000 -0.188402 -0.169562
274.000000 186.000000 -0.144442 -0.169562
283.000000 186.000000 -0.116181 -0.169562
358.000000 186.000000 0.119321 -0.169562
391.000000 186.000000 0.222943 -0.169562
397.000000 186.000000 0.241783 -0.169562
581.000000 186.000000 0.819550 -0.169562
586.000000 186.000000 0.835250 -0.169562
606.000000 186.000000 0.898051 -0.169562
631.000000 186.000000 0.976552 -0.169562
101.000000 187.000000 -0.687668 -0.166422
200.000000 187.000000 -0.376804 -0.166422
364.000000 187.000000 0.138162 -0.166422
603.000000 187.000000 0.888631 -0.166422
9.000000 188.000000 -0.976552 -0.163282
214.000000 188.000000 -0.332844 -0.163282
221.000000 188.000000 -0.310864 -0.163282
260.000000 188.000000 -0.188402 -0.163282
310.000000 188.000000 -0.031400 -0.163282
312.000000 188.000000 -0.025120 -0.163282
321.000000 188.000000 0.003140 -0.163282
351.000000 188.000000 0.097341 -0.163282
413.000000 188.000000 0.292023 -0.163282
416.000000 188.000000 0.301444 -0.163282
448.000000 188.000000 0.401925 -0.163282
92.000000 189.000000 -0.715928 -0.160142
192.000000 189.000000 -0.401925 -0.160142
196.000000 189.000000 -0.389365 -0.160142
211.000000 189.000000 -0.342264 -0.160142
219.000000 189.000000 -0.317144 -0.160142
361.000000 189.000000 0.128742 -0.160142
471.000000 189.000000 0.474146 -0.160142
476.000000 189.000000 0.489846 -0.160142
481.000000 189.000000 0.505546 -0.160142
160.000000 190.000000 -0.502406 -0.157002
168.000000 190.000000 -0.477286 -0.157002
194.000000 190.000000 -0.395645 -0.157002
233.000000 190.000000 -0.273183 -0.157002
241.000000 190.000000 -0.248063 -0.157002
283.000000 190.000000 -0.116181 -0.157002
408.000000 190.000000 0.276323 -0.157002
411.000000 190.000000 0.285743 -0.157002
414.000000 190.000000 0.295163 -0.157002
428.000000 190.000000 0.339124 -0.157002
491.000000 190.000000 0.536946 -0.157002
13.000000 191.000000 -0.963991 -0.153862
153.000000 191.000000 -0.524386 -0.153862
155.000000 191.000000 -0.518106 -0.153862
171.000000 191.000000 -0.467866 -0.153862
189.000000 191.000000 -0.411345 -0.153862
202.000000 191.000000 -0.370524 -0.153862
225.000000 191.000000 -0.298304 -0.153862
254.000000 191.000000 -0.207242 -0.153862
264.000000 191.000000 -0.175842 -0.153862
311.000000 191.000000 -0.028260 -0.153862
333.000000 191.000000 0.040820 -0.153862
365.000000 191.000000 0.141302 -0.153862
388.000000 191.000000 0.213523 -0.153862
416.000000 191.000000 0.301444 -0.153862
420.000000 191.000000 0.314004 -0.153862
589.000000 191.000000 0.844670 -0.153862
39.000000 192.000000 -0.882350 -0.150722
112.000000 192.000000 -0.653128 -0.150722
230.000000 192.000000 -0.282603 -0.150722
326.000000 192.000000 0.018840 -0.150722
328.000000 192.000000 0.025120 -0.150722
352.000000 192.000000 0.100481 -0.150722
457.000000 192.000000 0.430185 -0.150722
36.000000 193.000000 -0.891771 -0.147582
241.000000 193.000000 -0.248063 -0.147582
300.000000 193.000000 -0.062801 -0.147582
307.000000 193.000000 -0.040820 -0.147582
363.000000 193.000000 0.135022 -0.147582
403.000000 193.000000 0.260623 -0.147582
414.000000 193.000000 0.295163 -0.147582
421.000000 193.000000 0.317144 -0.147582
432.000000 193.000000 0.351684 -0.147582
571.000000 193.000000 0.788149 -0.147582
30.000000 194.000000 -0.910611 -0.144442
149.000000 194.000000 -0.536946 -0.144442
234.000000 194.000000 -0.270043 -0.144442
313.000000 194.000000 -0.021980 -0.144442
375.000000 194.000000 0.172702 -0.144442
384.000000 194.000000 0.200962 -0.144442
395.000000 194.000000 0.235503 -0.144442
408.000000 194.000000 0.276323 -0.144442
428.000000 194.000000 0.339124 -0.144442
490.000000 194.000000 0.533806 -0.144442
574.000000 194.000000 0.797569 -0.144442
266.000000 195.000000 -0.169562 -0.141302
287.000000 195.000000 -0.103621 -0.141302
368.000000 195.000000 0.150722 -0.141302
406.000000 195.000000 0.270043 -0.141302
413.000000 195.000000 0.292023 -0.141302
420.000000 195.000000 0.314004 -0.141302
548.000000 195.000000 0.715928 -0.141302
551.000000 195.000000 0.725349 -0.141302
587.000000 195.000000 0.838390 -0.141302
235.000000 196.000000 -0.266903 -0.138162
274.000000 196.000000 -0.144442 -0.138162
383.000000 196.000000 0.197822 -0.138162
402.000000 196.000000 0.257483 -0.138162
452.000000 196.000000 0.414485 -0.138162
473.000000 196.000000 0.480426 -0.138162
233.000000 197.000000 -0.273183 -0.135022
408.000000 197.000000 0.276323 -0.135022
416.000000 197.000000 0.301444 -0.135022
469.000000 197.000000 0.467866 -0.135022
490.000000 197.000000 0.533806 -0.135022
500.000000 197.000000 0.565207 -0.135022
578.000000 197.000000 0.810130 -0.135022
367.000000 198.000000 0.147582 -0.131882
418.000000 198.000000 0.307724 -0.131882
572.000000 198.000000 0.791289 -0.131882
24.000000 199.000000 -0.929451 -0.128742
232.000000 199.000000 -0.276323 -0.128742
234.000000 199.000000 -0.270043 -0.128742
267.000000 199.000000 -0.166422 -0.128742
274.000000 199.000000 -0.144442 -0.128742
383.000000 199.000000 0.197822 -0.128742
464.000000 199.000000 0.452165 -0.128742
556.000000 199.000000 0.741049 -0.128742
590.000000 199.000000 0.847810 -0.128742
31.000000 200.000000 -0.907471 -0.125601
288.000000 200.000000 -0.100481 -0.125601
380.000000 200.000000 0.188402 -0.125601
407.000000 200.000000 0.273183 -0.125601
409.000000 200.000000 0.279463 -0.125601
414.000000 200.000000 0.295163 -0.125601
432.000000 200.000000 0.351684 -0.125601
17.000000 201.000000 -0.951431 -0.122461
267.000000 201.000000 -0.166422 -0.122461
291.000000 201.000000 -0.091061 -0.122461
357.000000 201.000000 0.116181 -0.122461
370.000000 201.000000 0.157002 -0.122461
377.000000 201.000000 0.178982 -0.122461
421.000000 201.000000 0.317144 -0.122461
470.000000 201.000000 0.471006 -0.122461
492.000000 201.000000 0.540086 -0.122461
569.000000 201.000000 0.781869 -0.122461
584.000000 201.000000 0.828970 -0.122461
231.000000 202.000000 -0.279463 -0.119321
383.000000 202.000000 0.197822 -0.119321
508.000000 202.000000 0.590327 -0.119321
514.000000 202.000000 0.609167 -0.119321
267.000000 203.000000 -0.166422 -0.116181
425.000000 203.000000 0.329704 -0.116181
495.000000 203.000000 0.549506 -0.116181
497.000000 203.000000 0.555787 -0.116181
499.000000 203.000000 0.562067 -0.116181
530.000000 203.000000 0.659408 -0.116181
539.000000 203.000000 0.687668 -0.116181
573.000000 203.000000 0.794429 -0.116181
358.000000 204.000000 0.119321 -0.113041
376.000000 204.000000 0.175842 -0.113041
400.000000 204.000000 0.251203 -0.113041
410.000000 204.000000 0.282603 -0.113041
489.000000 204.000000 0.530666 -0.113041
523.000000 204.000000 0.637428 -0.113041
414.000000 205.000000 0.295163 -0.109901
543.000000 205.000000 0.700228 -0.109901
589.000000 205.000000 0.844670 -0.109901
233.000000 206.000000 -0.273183 -0.106761
383.000000 206.000000 0.197822 -0.106761
406.000000 206.000000 0.270043 -0.106761
437.000000 206.000000 0.367384 -0.106761
503.000000 206.000000 0.574627 -0.106761
267.000000 207.000000 -0.166422 -0.103621
282.000000 207.000000 -0.119321 -0.103621
288.000000 207.000000 -0.100481 -0.103621
326.000000 207.000000 0.018840 -0.103621
391.000000 207.000000 0.222943 -0.103621
509.000000 207.000000 0.593467 -0.103621
527.000000 207.000000 0.649988 -0.103621
605.000000 207.000000 0.894911 -0.103621
233.000000 208.000000 -0.273183 -0.100481
285.000000 208.000000 -0.109901 -0.100481
291.000000 208.000000 -0.091061 -0.100481
417.000000 208.000000 0.304584 -0.100481
534.000000 208.000000 0.671968 -0.100481
548.000000 208.000000 0.715928 -0.100481
493.000000 209.000000 0.543226 -0.097341
544.000000 209.000000 0.703368 -0.097341
233.000000 210.000000 -0.273183 -0.094201
376.000000 210.000000 0.175842 -0.094201
390.000000 210.000000 0.219803 -0.094201
396.000000 210.000000 0.238643 -0.094201
488.000000 210.000000 0.527526 -0.094201
380.000000 211.000000 0.188402 -0.091061
492.000000 211.000000 0.540086 -0.091061
117.000000 212.000000 -0.637428 -0.087921
291.000000 212.000000 -0.091061 -0.087921
375.000000 212.000000 0.172702 -0.087921
488.000000 212.000000 0.527526 -0.087921
601.000000 212.000000 0.882350 -0.087921
563.000000 213.000000 0.763029 -0.084781
566.000000 213.000000 0.772449 -0.084781
568.000000 213.000000 0.778729 -0.084781
629.000000 213.000000 0.970271 -0.084781
374.000000 214.000000 0.169562 -0.081641
577.000000 214.000000 0.806990 -0.081641
579.000000 214.000000 0.813270 -0.081641
583.000000 214.000000 0.825830 -0.081641
314.000000 215.000000 -0.018840 -0.078501
420.000000 215.000000 0.314004 -0.078501
500.000000 215.000000 0.565207 -0.078501
502.000000 215.000000 0.571487 -0.078501
592.000000 215.000000 0.854090 -0.078501
39.000000 216.000000 -0.882350 -0.075361
287.000000 216.000000 -0.103621 -0.075361
366.000000 216.000000 0.144442 -0.075361
475.000000 216.000000 0.486706 -0.075361
590.000000 216.000000 0.847810 -0.075361
315.000000 217.000000 -0.015700 -0.072221
397.000000 217.000000 0.241783 -0.072221
401.000000 217.000000 0.254343 -0.072221
416.000000 217.000000 0.301444 -0.072221
419.000000 217.000000 0.310864 -0.072221
467.000000 217.000000 0.461585 -0.072221
541.000000 217.000000 0.693948 -0.072221
350.000000 218.000000 0.094201 -0.069081
430.000000 218.000000 0.345404 -0.069081
565.000000 218.000000 0.769309 -0.069081
585.000000 218.000000 0.832110 -0.069081
374.000000 219.000000 0.169562 -0.065941
377.000000 219.000000 0.178982 -0.065941
466.000000 219.000000 0.458445 -0.065941
487.000000 219.000000 0.524386 -0.065941
560.000000 219.000000 0.753609 -0.065941
571.000000 219.000000 0.788149 -0.065941
574.000000 219.000000 0.797569 -0.065941
233.000000 220.000000 -0.273183 -0.062801
314.000000 220.000000 -0.018840 -0.062801
359.000000 220.000000 0.122461 -0.062801
366.000000 220.000000 0.144442 -0.062801
391.000000 220.000000 0.222943 -0.062801
394.000000 220.000000 0.232363 -0.062801
414.000000 220.000000 0.295163 -0.062801
468.000000 220.000000 0.464725 -0.062801
231.000000 221.000000 -0.279463 -0.059661
311.000000 221.000000 -0.028260 -0.059661
382.000000 221.000000 0.194682 -0.059661
396.000000 221.000000 0.238643 -0.059661
409.000000 221.000000 0.279463 -0.059661
418.000000 221.000000 0.307724 -0.059661
545.000000 221.000000 0.706508 -0.059661
287.000000 222.000000 -0.103621 -0.056521
306.000000 222.000000 -0.043961 -0.056521
308.000000 222.000000 -0.037680 -0.056521
350.000000 222.000000 0.094201 -0.056521
377.000000 222.000000 0.178982 -0.056521
399.000000 222.000000 0.248063 -0.056521
401.000000 222.000000 0.254343 -0.056521
404.000000 222.000000 0.263763 -0.056521
412.000000 222.000000 0.288883 -0.056521
416.000000 222.000000 0.301444 -0.056521
487.000000 222.000000 0.524386 -0.056521
567.000000 222.000000 0.775589 -0.056521
233.000000 223.000000 -0.273183 -0.053381
397.000000 223.000000 0.241783 -0.053381
419.000000 223.000000 0.310864 -0.053381
520.000000 223.000000 0.628007 -0.053381
537.000000 223.000000 0.681388 -0.053381
595.000000 223.000000 0.863510 -0.053381
15.000000 224.000000 -0.957711 -0.050241
17.000000 224.000000 -0.951431 -0.050241
287.000000 224.000000 -0.103621 -0.050241
308.000000 224.000000 -0.037680 -0.050241
312.000000 224.000000 -0.025120 -0.050241
405.000000 224.000000 0.266903 -0.050241
407.000000 224.000000 0.273183 -0.050241
410.000000 224.000000 0.282603 -0.050241
413.000000 224.000000 0.292023 -0.050241
433.000000 224.000000 0.354824 -0.050241
455.000000 224.000000 0.423905 -0.050241
491.000000 224.000000 0.536946 -0.050241
501.000000 224.000000 0.568347 -0.050241
586.000000 224.000000 0.835250 -0.050241
615.000000 224.000000 0.926311 -0.050241
630.000000 224.000000 0.973412 -0.050241
231.000000 225.000000 -0.279463 -0.047101
290.000000 225.000000 -0.094201 -0.047101
362.000000 225.000000 0.131882 -0.047101
496.000000 225.000000 0.552647 -0.047101
617.000000 225.000000 0.932591 -0.047101
311.000000 226.000000 -0.028260 -0.043961
318.000000 226.000000 -0.006280 -0.043961
327.000000 226.000000 0.021980 -0.043961
364.000000 226.000000 0.138162 -0.043961
449.000000 226.000000 0.405065 -0.043961
624.000000 226.000000 0.954571 -0.043961
17.000000 227.000000 -0.951431 -0.040820
273.000000 227.000000 -0.147582 -0.040820
288.000000 227.000000 -0.100481 -0.040820
313.000000 227.000000 -0.021980 -0.040820
381.000000 227.000000 0.191542 -0.040820
388.000000 227.000000 0.213523 -0.040820
472.000000 227.000000 0.477286 -0.040820
545.000000 227.000000 0.706508 -0.040820
563.000000 227.000000 0.763029 -0.040820
581.000000 227.000000 0.819550 -0.040820
3.000000 228.000000 -0.995392 -0.037680
231.000000 228.000000 -0.279463 -0.037680
241.000000 228.000000 -0.248063 -0.037680
366.000000 228.000000 0.144442 -0.037680
372.000000 228.000000 0.163282 -0.037680
417.000000 228.000000 0.304584 -0.037680
466.000000 228.000000 0.458445 -0.037680
486.000000 228.000000 0.521246 -0.037680
523.000000 228.000000 0.637428 -0.037680
6.000000 229.000000 -0.985972 -0.034540
12.000000 229.000000 -0.967131 -0.034540
222.000000 229.000000 -0.307724 -0.034540
310.000000 229.000000 -0.031400 -0.034540
490.000000 229.000000 0.533806 -0.034540
499.000000 229.000000 0.562067 -0.034540
563.000000 229.000000 0.763029 -0.034540
580.000000 229.000000 0.816410 -0.034540
86.000000 230.000000 -0.734769 -0.031400
197.000000 230.000000 -0.386225 -0.031400
233.000000 230.000000 -0.273183 -0.031400
273.000000 230.000000 -0.147582 -0.031400
307.000000 230.000000 -0.040820 -0.031400
378.000000 230.000000 0.182122 -0.031400
442.000000 230.000000 0.383085 -0.031400
465.000000 230.000000 0.455305 -0.031400
583.000000 230.000000 0.825830 -0.031400
288.000000 231.000000 -0.100481 -0.028260
359.000000 231.000000 0.122461 -0.028260
386.000000 231.000000 0.207242 -0.028260
436.000000 231.000000 0.364244 -0.028260
454.000000 231.000000 0.420765 -0.028260
458.000000 231.000000 0.433325 -0.028260
486.000000 231.000000 0.521246 -0.028260
490.000000 231.000000 0.533806 -0.028260
581.000000 231.000000 0.819550 -0.028260
197.000000 232.000000 -0.386225 -0.025120
199.000000 232.000000 -0.379945 -0.025120
273.000000 232.000000 -0.147582 -0.025120
415.000000 232.000000 0.298304 -0.025120
538.000000 232.000000 0.684528 -0.025120
290.000000 233.000000 -0.094201 -0.021980
300.000000 233.000000 -0.062801 -0.021980
356.000000 233.000000 0.113041 -0.021980
367.000000 233.000000 0.147582 -0.021980
440.000000 233.000000 0.376804 -0.021980
628.000000 233.000000 0.967131 -0.021980
632.000000 233.000000 0.979692 -0.021980
197.000000 234.000000 -0.386225 -0.018840
374.000000 234.000000 0.169562 -0.018840
380.000000 234.000000 0.188402 -0.018840
490.000000 234.000000 0.533806 -0.018840
117.000000 235.000000 -0.637428 -0.015700
200.000000 235.000000 -0.376804 -0.015700
395.000000 235.000000 0.235503 -0.015700
429.000000 235.000000 0.342264 -0.015700
562.000000 235.000000 0.759889 -0.015700
18.000000 236.000000 -0.948291 -0.012560
392.000000 236.000000 0.226083 -0.012560
397.000000 236.000000 0.241783 -0.012560
401.000000 236.000000 0.254343 -0.012560
408.000000 236.000000 0.276323 -0.012560
474.000000 236.000000 0.483566 -0.012560
482.000000 236.000000 0.508686 -0.012560
488.000000 236.000000 0.527526 -0.012560
266.000000 237.000000 -0.169562 -0.009420
290.000000 237.000000 -0.094201 -0.009420
349.000000 237.000000 0.091061 -0.009420
395.000000 237.000000 0.235503 -0.009420
422.000000 237.000000 0.320284 -0.009420
472.000000 237.000000 0.477286 -0.009420
477.000000 237.000000 0.492986 -0.009420
485.000000 237.000000 0.518106 -0.009420
358.000000 238.000000 0.119321 -0.006280
363.000000 238.000000 0.135022 -0.006280
373.000000 238.000000 0.166422 -0.006280
402.000000 238.000000 0.257483 -0.006280
404.000000 238.000000 0.263763 -0.006280
428.000000 238.000000 0.339124 -0.006280
475.000000 238.000000 0.486706 -0.006280
493.000000 238.000000 0.543226 -0.006280
499.000000 238.000000 0.562067 -0.006280
502.000000 238.000000 0.571487 -0.006280
18.000000 239.000000 -0.948291 -0.003140
233.000000 239.000000 -0.273183 -0.003140
411.000000 239.000000 0.285743 -0.003140
414.000000 239.000000 0.295163 -0.003140
516.000000 239.000000 0.615447 -0.003140
519.000000 239.000000 0.624867 -0.003140
521.000000 239.000000 0.631147 -0.003140
41.000000 240.000000 -0.876070 0.000000
117.000000 240.000000 -0.637428 0.000000
282.000000 240.000000 -0.119321 0.000000
524.000000 240.000000 0.640568 0.000000
197.000000 241.000000 -0.386225 0.003140
227.000000 241.000000 -0.292023 0.003140
265.000000 241.000000 -0.172702 0.003140
422.000000 241.000000 0.320284 0.003140
515.000000 241.000000 0.612307 0.003140
527.000000 241.000000 0.649988 0.003140
536.000000 241.000000 0.678248 0.003140
539.000000 241.000000 0.687668 0.003140
558.000000 241.000000 0.747329 0.003140
561.000000 241.000000 0.756749 0.003140
6.000000 242.000000 -0.985972 0.006280
240.000000 242.000000 -0.251203 0.006280
350.000000 242.000000 0.094201 0.006280
424.000000 242.000000 0.326564 0.006280
545.000000 242.000000 0.706508 0.006280
552.000000 242.000000 0.728489 0.006280
606.000000 242.000000 0.898051 0.006280
621.000000 242.000000 0.945151 0.006280
266.000000 243.000000 -0.169562 0.009420
436.000000 243.000000 0.364244 0.009420
568.000000 243.000000 0.778729 0.009420
623.000000 243.000000 0.951431 0.009420
625.000000 243.000000 0.957711 0.009420
272.000000 244.000000 -0.150722 0.012560
429.000000 244.000000 0.342264 0.012560
432.000000 244.000000 0.351684 0.012560
444.000000 244.000000 0.389365 0.012560
578.000000 244.000000 0.810130 0.012560
227.000000 245.000000 -0.292023 0.015700
436.000000 245.000000 0.364244 0.015700
451.000000 245.000000 0.411345 0.015700
456.000000 245.000000 0.427045 0.015700
458.000000 245.000000 0.433325 0.015700
118.000000 246.000000 -0.634288 0.018840
196.000000 246.000000 -0.389365 0.018840
219.000000 246.000000 -0.317144 0.018840
471.000000 246.000000 0.474146 0.018840
624.000000 246.000000 0.954571 0.018840
19.000000 247.000000 -0.945151 0.021980
415.000000 247.000000 0.298304 0.021980
484.000000 247.000000 0.514966 0.021980
490.000000 247.000000 0.533806 0.021980
496.000000 247.000000 0.552647 0.021980
581.000000 247.000000 0.819550 0.021980
611.000000 247.000000 0.913751 0.021980
220.000000 248.000000 -0.314004 0.025120
231.000000 248.000000 -0.279463 0.025120
259.000000 248.000000 -0.191542 0.025120
119.000000 249.000000 -0.631147 0.028260
344.000000 249.000000 0.075361 0.028260
522.000000 249.000000 0.634288 0.028260
526.000000 249.000000 0.646848 0.028260
19.000000 250.000000 -0.945151 0.031400
224.000000 250.000000 -0.301444 0.031400
254.000000 250.000000 -0.207242 0.031400
339.000000 250.000000 0.059661 0.031400
531.000000 250.000000 0.662548 0.031400
540.000000 250.000000 0.690808 0.031400
597.000000 250.000000 0.869790 0.031400
226.000000 251.000000 -0.295163 0.034540
252.000000 251.000000 -0.213523 0.034540
545.000000 251.000000 0.706508 0.034540
549.000000 251.000000 0.719069 0.034540
629.000000 251.000000 0.970271 0.034540
228.000000 252.000000 -0.288883 0.037680
242.000000 252.000000 -0.244923 0.037680
335.000000 252.000000 0.047101 0.037680
483.000000 252.000000 0.511826 0.037680
532.000000 252.000000 0.665688 0.037680
234.000000 253.000000 -0.270043 0.040820
337.000000 253.000000 0.053381 0.040820
581.000000 253.000000 0.819550 0.040820
46.000000 254.000000 -0.860370 0.043961
239.000000 254.000000 -0.254343 0.043961
246.000000 254.000000 -0.232363 0.043961
333.000000 254.000000 0.040820 0.043961
615.000000 254.000000 0.926311 0.043961
40.000000 255.000000 -0.879210 0.047101
244.000000 255.000000 -0.238643 0.047101
580.000000 256.000000 0.816410 0.050241
582.000000 256.000000 0.822690 0.050241
333.000000 257.000000 0.040820 0.053381
619.000000 257.000000 0.938871 0.053381
20.000000 258.000000 -0.942011 0.056521
118.000000 259.000000 -0.634288 0.059661
231.000000 259.000000 -0.279463 0.059661
446.000000 259.000000 0.395645 0.059661
467.000000 259.000000 0.461585 0.059661
197.000000 260.000000 -0.386225 0.062801
425.000000 260.000000 0.329704 0.062801
479.000000 260.000000 0.499266 0.062801
481.000000 260.000000 0.505546 0.062801
20.000000 261.000000 -0.942011 0.065941
223.000000 261.000000 -0.304584 0.065941
328.000000 261.000000 0.025120 0.065941
417.000000 261.000000 0.304584 0.065941
430.000000 261.000000 0.345404 0.065941
491.000000 261.000000 0.536946 0.065941
493.000000 261.000000 0.543226 0.065941
40.000000 262.000000 -0.879210 0.069081
116.000000 262.000000 -0.640568 0.069081
330.000000 262.000000 0.031400 0.069081
441.000000 262.000000 0.379945 0.069081
444.000000 262.000000 0.389365 0.069081
503.000000 262.000000 0.574627 0.069081
505.000000 262.000000 0.580907 0.069081
578.000000 262.000000 0.810130 0.069081
634.000000 262.000000 0.985972 0.069081
224.000000 263.000000 -0.301444 0.072221
427.000000 263.000000 0.335984 0.072221
436.000000 263.000000 0.364244 0.072221
517.000000 263.000000 0.618587 0.072221
581.000000 263.000000 0.819550 0.072221
632.000000 263.000000 0.979692 0.072221
200.000000 264.000000 -0.376804 0.075361
218.000000 264.000000 -0.320284 0.075361
425.000000 264.000000 0.329704 0.075361
432.000000 264.000000 0.351684 0.075361
529.000000 264.000000 0.656268 0.075361
630.000000 264.000000 0.973412 0.075361
118.000000 265.000000 -0.634288 0.078501
197.000000 265.000000 -0.386225 0.078501
215.000000 265.000000 -0.329704 0.078501
325.000000 265.000000 0.015700 0.078501
430.000000 265.000000 0.345404 0.078501
443.000000 265.000000 0.386225 0.078501
541.000000 265.000000 0.693948 0.078501
550.000000 265.000000 0.722209 0.078501
578.000000 265.000000 0.810130 0.078501
38.000000 266.000000 -0.885490 0.081641
434.000000 266.000000 0.357964 0.081641
437.000000 266.000000 0.367384 0.081641
561.000000 266.000000 0.756749 0.081641
625.000000 266.000000 0.957711 0.081641
207.000000 267.000000 -0.354824 0.084781
209.000000 267.000000 -0.348544 0.084781
452.000000 267.000000 0.414485 0.084781
567.000000 267.000000 0.775589 0.084781
584.000000 267.000000 0.828970 0.084781
38.000000 268.000000 -0.885490 0.087921
444.000000 268.000000 0.389365 0.087921
447.000000 268.000000 0.398785 0.087921
577.000000 268.000000 0.806990 0.087921
580.000000 268.000000 0.816410 0.087921
622.000000 268.000000 0.948291 0.087921
202.000000 269.000000 -0.370524 0.091061
318.000000 269.000000 -0.006280 0.091061
619.000000 269.000000 0.938871 0.091061
119.000000 270.000000 -0.631147 0.094201
199.000000 270.000000 -0.379945 0.094201
444.000000 270.000000 0.389365 0.094201
460.000000 270.000000 0.439605 0.094201
578.000000 271.000000 0.810130 0.097341
610.000000 271.000000 0.910611 0.097341
195.000000 272.000000 -0.392505 0.100481
318.000000 272.000000 -0.006280 0.100481
450.000000 272.000000 0.408205 0.100481
191.000000 273.000000 -0.405065 0.103621
586.000000 273.000000 0.835250 0.103621
626.000000 273.000000 0.960851 0.103621
119.000000 274.000000 -0.631147 0.106761
454.000000 274.000000 0.420765 0.106761
313.000000 276.000000 -0.021980 0.113041
613.000000 276.000000 0.920031 0.113041
302.000000 277.000000 -0.056521 0.116181
453.000000 277.000000 0.417625 0.116181
9.000000 278.000000 -0.976552 0.119321
307.000000 278.000000 -0.040820 0.119321
310.000000 279.000000 -0.031400 0.122461
152.000000 280.000000 -0.527526 0.125601
305.000000 280.000000 -0.047101 0.125601
616.000000 280.000000 0.929451 0.125601
295.000000 281.000000 -0.078501 0.128742
308.000000 281.000000 -0.037680 0.128742
612.000000 281.000000 0.916891 0.128742
456.000000 282.000000 0.427045 0.131882
304.000000 283.000000 -0.050241 0.135022
587.000000 283.000000 0.838390 0.135022
457.000000 284.000000 0.430185 0.138162
578.000000 284.000000 0.810130 0.138162
585.000000 284.000000 0.832110 0.138162
576.000000 286.000000 0.803850 0.144442
287.000000 287.000000 -0.103621 0.147582
299.000000 287.000000 -0.065941 0.147582
370.000000 288.000000 0.157002 0.150722
575.000000 288.000000 0.800709 0.150722
633.000000 288.000000 0.982832 0.150722
10.000000 290.000000 -0.973412 0.157002
23.000000 291.000000 -0.932591 0.160142
31.000000 291.000000 -0.907471 0.160142
299.000000 291.000000 -0.065941 0.160142
302.000000 291.000000 -0.056521 0.160142
7.000000 293.000000 -0.982832 0.166422
288.000000 293.000000 -0.100481 0.166422
466.000000 293.000000 0.458445 0.166422
23.000000 294.000000 -0.932591 0.169562
118.000000 294.000000 -0.634288 0.169562
290.000000 294.000000 -0.094201 0.169562
461.000000 294.000000 0.442745 0.169562
557.000000 294.000000 0.744189 0.169562
583.000000 294.000000 0.825830 0.169562
30.000000 295.000000 -0.910611 0.172702
477.000000 295.000000 0.492986 0.172702
117.000000 296.000000 -0.637428 0.175842
288.000000 296.000000 -0.100481 0.175842
296.000000 296.000000 -0.075361 0.175842
26.000000 297.000000 -0.923171 0.178982
319.000000 297.000000 -0.003140 0.178982
466.000000 297.000000 0.458445 0.178982
115.000000 298.000000 -0.643708 0.182122
622.000000 298.000000 0.948291 0.182122
113.000000 299.000000 -0.649988 0.185262
120.000000 299.000000 -0.628007 0.185262
127.000000 299.000000 -0.606027 0.185262
457.000000 300.000000 0.430185 0.188402
554.000000 300.000000 0.734769 0.188402
558.000000 300.000000 0.747329 0.188402
31.000000 301.000000 -0.907471 0.191542
634.000000 301.000000 0.985972 0.191542
357.000000 303.000000 0.116181 0.197822
482.000000 303.000000 0.508686 0.197822
619.000000 303.000000 0.938871 0.197822
290.000000 305.000000 -0.094201 0.204102
534.000000 306.000000 0.671968 0.207242
292.000000 307.000000 -0.087921 0.210382
344.000000 307.000000 0.075361 0.210382
533.000000 308.000000 0.668828 0.213523
581.000000 308.000000 0.819550 0.213523
286.000000 309.000000 -0.106761 0.216663
338.000000 309.000000 0.056521 0.216663
542.000000 310.000000 0.697088 0.219803
587.000000 310.000000 0.838390 0.219803
531.000000 311.000000 0.662548 0.222943
44.000000 312.000000 -0.866650 0.226083
635.000000 312.000000 0.989112 0.226083
10.000000 314.000000 -0.973412 0.232363
47.000000 314.000000 -0.857230 0.232363
489.000000 314.000000 0.530666 0.232363
529.000000 314.000000 0.656268 0.232363
575.000000 314.000000 0.800709 0.232363
41.000000 315.000000 -0.876070 0.235503
256.000000 315.000000 -0.200962 0.235503
266.000000 315.000000 -0.169562 0.235503
596.000000 315.000000 0.866650 0.235503
25.000000 316.000000 -0.926311 0.238643
262.000000 316.000000 -0.182122 0.238643
250.000000 317.000000 -0.219803 0.241783
279.000000 317.000000 -0.128742 0.241783
362.000000 317.000000 0.131882 0.241783
495.000000 317.000000 0.549506 0.241783
560.000000 317.000000 0.753609 0.241783
594.000000 317.000000 0.860370 0.241783
41.000000 318.000000 -0.876070 0.244923
43.000000 318.000000 -0.869790 0.244923
259.000000 318.000000 -0.191542 0.244923
276.000000 318.000000 -0.138162 0.244923
624.000000 318.000000 0.954571 0.244923
262.000000 319.000000 -0.182122 0.248063
528.000000 319.000000 0.653128 0.248063
632.000000 319.000000 0.979692 0.248063
276.000000 320.000000 -0.138162 0.251203
519.000000 320.000000 0.624867 0.251203
558.000000 320.000000 0.747329 0.251203
581.000000 320.000000 0.819550 0.251203
592.000000 320.000000 0.854090 0.251203
627.000000 320.000000 0.963991 0.251203
30.000000 321.000000 -0.910611 0.254343
584.000000 322.000000 0.828970 0.257483
588.000000 322.000000 0.841530 0.257483
607.000000 322.000000 0.901191 0.257483
314.000000 323.000000 -0.018840 0.260623
621.000000 323.000000 0.945151 0.260623
629.000000 324.000000 0.970271 0.263763
42.000000 325.000000 -0.872930 0.266903
380.000000 325.000000 0.188402 0.266903
44.000000 326.000000 -0.866650 0.270043
443.000000 326.000000 0.386225 0.270043
435.000000 327.000000 0.361104 0.273183
523.000000 327.000000 0.637428 0.273183
26.000000 328.000000 -0.923171 0.276323
45.000000 328.000000 -0.863510 0.276323
237.000000 328.000000 -0.260623 0.276323
501.000000 328.000000 0.568347 0.276323
434.000000 329.000000 0.357964 0.279463
520.000000 329.000000 0.628007 0.279463
43.000000 331.000000 -0.869790 0.285743
538.000000 331.000000 0.684528 0.285743
605.000000 331.000000 0.894911 0.285743
20.000000 332.000000 -0.942011 0.288883
462.000000 332.000000 0.445885 0.288883
62.000000 333.000000 -0.810130 0.292023
64.000000 333.000000 -0.803850 0.292023
465.000000 333.000000 0.455305 0.292023
504.000000 333.000000 0.577767 0.292023
21.000000 334.000000 -0.938871 0.295163
24.000000 334.000000 -0.929451 0.295163
469.000000 334.000000 0.467866 0.295163
554.000000 334.000000 0.734769 0.295163
46.000000 335.000000 -0.860370 0.298304
53.000000 335.000000 -0.838390 0.298304
467.000000 336.000000 0.461585 0.301444
509.000000 336.000000 0.593467 0.301444
603.000000 336.000000 0.888631 0.301444
635.000000 336.000000 0.989112 0.301444
43.000000 337.000000 -0.869790 0.304584
598.000000 337.000000 0.872930 0.304584
610.000000 337.000000 0.910611 0.304584
260.000000 338.000000 -0.188402 0.307724
193.000000 340.000000 -0.398785 0.314004
34.000000 342.000000 -0.898051 0.320284
220.000000 342.000000 -0.314004 0.320284
605.000000 342.000000 0.894911 0.320284
617.000000 343.000000 0.932591 0.323424
560.000000 344.000000 0.753609 0.326564
8.000000 345.000000 -0.979692 0.329704
446.000000 345.000000 0.395645 0.329704
624.000000 345.000000 0.954571 0.329704
630.000000 345.000000 0.973412 0.329704
470.000000 347.000000 0.471006 0.335984
487.000000 347.000000 0.524386 0.335984
512.000000 347.000000 0.602887 0.335984
515.000000 347.000000 0.612307 0.335984
15.000000 349.000000 -0.957711 0.342264
23.000000 349.000000 -0.932591 0.342264
500.000000 349.000000 0.565207 0.342264
483.000000 350.000000 0.511826 0.345404
213.000000 351.000000 -0.335984 0.348544
443.000000 351.000000 0.386225 0.348544
554.000000 351.000000 0.734769 0.348544
51.000000 352.000000 -0.844670 0.351684
178.000000 352.000000 -0.445885 0.351684
225.000000 352.000000 -0.298304 0.351684
473.000000 352.000000 0.480426 0.351684
627.000000 352.000000 0.963991 0.351684
227.000000 353.000000 -0.292023 0.354824
57.000000 354.000000 -0.825830 0.357964
224.000000 354.000000 -0.301444 0.357964
77.000000 356.000000 -0.763029 0.364244
469.000000 356.000000 0.467866 0.364244
81.000000 357.000000 -0.750469 0.367384
187.000000 357.000000 -0.417625 0.367384
193.000000 358.000000 -0.398785 0.370524
201.000000 359.000000 -0.373664 0.373664
85.000000 360.000000 -0.737909 0.376804
633.000000 363.000000 0.982832 0.386225
105.000000 364.000000 -0.675108 0.389365
77.000000 365.000000 -0.763029 0.392505
120.000000 365.000000 -0.628007 0.392505
19.000000 367.000000 -0.945151 0.398785
369.000000 367.000000 0.153862 0.398785
130.000000 368.000000 -0.596607 0.401925
180.000000 368.000000 -0.439605 0.401925
206.000000 368.000000 -0.357964 0.401925
208.000000 368.000000 -0.351684 0.401925
607.000000 368.000000 0.901191 0.401925
197.000000 369.000000 -0.386225 0.405065
220.000000 369.000000 -0.314004 0.405065
533.000000 369.000000 0.668828 0.405065
8.000000 370.000000 -0.979692 0.408205
187.000000 370.000000 -0.417625 0.408205
618.000000 370.000000 0.935731 0.408205
68.000000 371.000000 -0.791289 0.411345
136.000000 371.000000 -0.577767 0.411345
55.000000 372.000000 -0.832110 0.414485
145.000000 372.000000 -0.549506 0.414485
53.000000 374.000000 -0.838390 0.420765
129.000000 374.000000 -0.599747 0.420765
229.000000 374.000000 -0.285743 0.420765
76.000000 376.000000 -0.766169 0.427045
478.000000 377.000000 0.496126 0.430185
539.000000 378.000000 0.687668 0.433325
25.000000 379.000000 -0.926311 0.436465
494.000000 379.000000 0.546366 0.436465
76.000000 380.000000 -0.766169 0.439605
108.000000 381.000000 -0.665688 0.442745
155.000000 381.000000 -0.518106 0.442745
187.000000 381.000000 -0.417625 0.442745
252.000000 381.000000 -0.213523 0.442745
255.000000 381.000000 -0.204102 0.442745
266.000000 382.000000 -0.169562 0.445885
55.000000 383.000000 -0.832110 0.449025
237.000000 383.000000 -0.260623 0.449025
241.000000 383.000000 -0.248063 0.449025
123.000000 384.000000 -0.618587 0.452165
248.000000 384.000000 -0.226083 0.452165
280.000000 384.000000 -0.125601 0.452165
69.000000 385.000000 -0.788149 0.455305
162.000000 385.000000 -0.496126 0.455305
32.000000 386.000000 -0.904331 0.458445
284.000000 386.000000 -0.113041 0.458445
295.000000 386.000000 -0.078501 0.458445
299.000000 386.000000 -0.065941 0.458445
545.000000 386.000000 0.706508 0.458445
629.000000 386.000000 0.970271 0.458445
38.000000 387.000000 -0.885490 0.461585
253.000000 387.000000 -0.210382 0.461585
258.000000 387.000000 -0.194682 0.461585
275.000000 387.000000 -0.141302 0.461585
204.000000 388.000000 -0.364244 0.464725
305.000000 388.000000 -0.047101 0.464725
77.000000 389.000000 -0.763029 0.467866
80.000000 389.000000 -0.753609 0.467866
147.000000 389.000000 -0.543226 0.467866
260.000000 389.000000 -0.188402 0.467866
263.000000 390.000000 -0.178982 0.471006
549.000000 390.000000 0.719069 0.471006
292.000000 391.000000 -0.087921 0.474146
29.000000 392.000000 -0.913751 0.477286
34.000000 392.000000 -0.898051 0.477286
73.000000 392.000000 -0.775589 0.477286
282.000000 392.000000 -0.119321 0.477286
368.000000 392.000000 0.150722 0.477286
619.000000 392.000000 0.938871 0.477286
261.000000 393.000000 -0.185262 0.480426
255.000000 394.000000 -0.204102 0.483566
324.000000 394.000000 0.012560 0.483566
26.000000 395.000000 -0.923171 0.486706
32.000000 395.000000 -0.904331 0.486706
49.000000 395.000000 -0.850950 0.486706
273.000000 395.000000 -0.147582 0.486706
349.000000 396.000000 0.091061 0.489846
75.000000 397.000000 -0.769309 0.492986
109.000000 397.000000 -0.662548 0.492986
120.000000 397.000000 -0.628007 0.492986
123.000000 397.000000 -0.618587 0.492986
260.000000 397.000000 -0.188402 0.492986
118.000000 398.000000 -0.634288 0.496126
241.000000 398.000000 -0.248063 0.496126
335.000000 398.000000 0.047101 0.496126
342.000000 398.000000 0.069081 0.496126
519.000000 398.000000 0.624867 0.496126
100.000000 399.000000 -0.690808 0.499266
146.000000 399.000000 -0.546366 0.499266
258.000000 399.000000 -0.194682 0.499266
555.000000 399.000000 0.737909 0.499266
108.000000 400.000000 -0.665688 0.502406
313.000000 400.000000 -0.021980 0.502406
529.000000 400.000000 0.656268 0.502406
41.000000 401.000000 -0.876070 0.505546
43.000000 401.000000 -0.869790 0.505546
67.000000 401.000000 -0.794429 0.505546
122.000000 401.000000 -0.621727 0.505546
308.000000 401.000000 -0.037680 0.505546
336.000000 401.000000 0.050241 0.505546
340.000000 401.000000 0.062801 0.505546
347.000000 401.000000 0.084781 0.505546
359.000000 401.000000 0.122461 0.505546
364.000000 401.000000 0.138162 0.505546
523.000000 401.000000 0.637428 0.505546
47.000000 402.000000 -0.857230 0.508686
62.000000 402.000000 -0.810130 0.508686
83.000000 402.000000 -0.744189 0.508686
96.000000 403.000000 -0.703368 0.511826
265.000000 403.000000 -0.172702 0.511826
274.000000 404.000000 -0.144442 0.514966
30.000000 405.000000 -0.910611 0.518106
46.000000 405.000000 -0.860370 0.518106
354.000000 405.000000 0.106761 0.518106
361.000000 405.000000 0.128742 0.518106
562.000000 405.000000 0.759889 0.518106
35.000000 406.000000 -0.894911 0.521246
89.000000 406.000000 -0.725349 0.521246
214.000000 406.000000 -0.332844 0.521246
158.000000 407.000000 -0.508686 0.524386
216.000000 407.000000 -0.326564 0.524386
304.000000 407.000000 -0.050241 0.524386
313.000000 407.000000 -0.021980 0.524386
322.000000 407.000000 0.006280 0.524386
357.000000 407.000000 0.116181 0.524386
400.000000 407.000000 0.251203 0.524386
112.000000 408.000000 -0.653128 0.527526
24.000000 409.000000 -0.929451 0.530666
108.000000 409.000000 -0.665688 0.530666
213.000000 409.000000 -0.335984 0.530666
264.000000 409.000000 -0.175842 0.530666
502.000000 409.000000 0.571487 0.530666
633.000000 409.000000 0.982832 0.530666
30.000000 410.000000 -0.910611 0.533806
178.000000 410.000000 -0.445885 0.533806
210.000000 410.000000 -0.345404 0.533806
218.000000 410.000000 -0.320284 0.533806
239.000000 410.000000 -0.254343 0.533806
69.000000 411.000000 -0.788149 0.536946
97.000000 411.000000 -0.700228 0.536946
543.000000 411.000000 0.700228 0.536946
94.000000 412.000000 -0.709648 0.540086
106.000000 412.000000 -0.671968 0.540086
245.000000 412.000000 -0.235503 0.540086
255.000000 412.000000 -0.204102 0.540086
341.000000 412.000000 0.065941 0.540086
66.000000 413.000000 -0.797569 0.543226
72.000000 413.000000 -0.778729 0.543226
317.000000 413.000000 -0.009420 0.543226
433.000000 413.000000 0.354824 0.543226
464.000000 413.000000 0.452165 0.543226
146.000000 414.000000 -0.546366 0.546366
186.000000 414.000000 -0.420765 0.546366
232.000000 414.000000 -0.276323 0.546366
255.000000 414.000000 -0.204102 0.546366
335.000000 414.000000 0.047101 0.546366
373.000000 414.000000 0.166422 0.546366
566.000000 414.000000 0.772449 0.546366
603.000000 414.000000 0.888631 0.546366
40.000000 415.000000 -0.879210 0.549506
79.000000 415.000000 -0.756749 0.549506
83.000000 415.000000 -0.744189 0.549506
103.000000 415.000000 -0.681388 0.549506
287.000000 415.000000 -0.103621 0.549506
304.000000 415.000000 -0.050241 0.549506
312.000000 415.000000 -0.025120 0.549506
365.000000 415.000000 0.141302 0.549506
375.000000 415.000000 0.172702 0.549506
24.000000 416.000000 -0.929451 0.552647
45.000000 416.000000 -0.863510 0.552647
182.000000 416.000000 -0.433325 0.552647
420.000000 416.000000 0.314004 0.552647
470.000000 416.000000 0.471006 0.552647
92.000000 417.000000 -0.715928 0.555787
152.000000 417.000000 -0.527526 0.555787
198.000000 417.000000 -0.383085 0.555787
222.000000 417.000000 -0.307724 0.555787
253.000000 417.000000 -0.210382 0.555787
267.000000 417.000000 -0.166422 0.555787
547.000000 417.000000 0.712788 0.555787
566.000000 417.000000 0.772449 0.555787
41.000000 418.000000 -0.876070 0.558927
82.000000 418.000000 -0.747329 0.558927
100.000000 418.000000 -0.690808 0.558927
187.000000 418.000000 -0.417625 0.558927
208.000000 418.000000 -0.351684 0.558927
242.000000 418.000000 -0.244923 0.558927
372.000000 418.000000 0.163282 0.558927
8.000000 419.000000 -0.979692 0.562067
69.000000 419.000000 -0.788149 0.562067
77.000000 419.000000 -0.763029 0.562067
177.000000 419.000000 -0.449025 0.562067
196.000000 419.000000 -0.389365 0.562067
237.000000 419.000000 -0.260623 0.562067
265.000000 419.000000 -0.172702 0.562067
430.000000 419.000000 0.345404 0.562067
440.000000 419.000000 0.376804 0.562067
444.000000 419.000000 0.389365 0.562067
17.000000 420.000000 -0.951431 0.565207
59.000000 420.000000 -0.819550 0.565207
83.000000 420.000000 -0.744189 0.565207
105.000000 420.000000 -0.675108 0.565207
338.000000 420.000000 0.056521 0.565207
438.000000 420.000000 0.370524 0.565207
184.000000 421.000000 -0.427045 0.568347
231.000000 421.000000 -0.279463 0.568347
302.000000 421.000000 -0.056521 0.568347
310.000000 421.000000 -0.031400 0.568347
322.000000 421.000000 0.006280 0.568347
12.000000 422.000000 -0.967131 0.571487
243.000000 422.000000 -0.241783 0.571487
256.000000 422.000000 -0.200962 0.571487
332.000000 422.000000 0.037680 0.571487
366.000000 422.000000 0.144442 0.571487
373.000000 422.000000 0.166422 0.571487
377.000000 422.000000 0.178982 0.571487
380.000000 422.000000 0.188402 0.571487
474.000000 422.000000 0.483566 0.571487
34.000000 423.000000 -0.898051 0.574627
359.000000 423.000000 0.122461 0.574627
9.000000 424.000000 -0.976552 0.577767
162.000000 424.000000 -0.496126 0.577767
330.000000 424.000000 0.031400 0.577767
382.000000 424.000000 0.194682 0.577767
420.000000 424.000000 0.314004 0.577767
447.000000 424.000000 0.398785 0.577767
73.000000 425.000000 -0.775589 0.580907
283.000000 425.000000 -0.116181 0.580907
386.000000 425.000000 0.207242 0.580907
457.000000 425.000000 0.430185 0.580907
53.000000 426.000000 -0.838390 0.584047
58.000000 426.000000 -0.822690 0.584047
76.000000 426.000000 -0.766169 0.584047
345.000000 426.000000 0.078501 0.584047
460.000000 426.000000 0.439605 0.584047
491.000000 426.000000 0.536946 0.584047
503.000000 426.000000 0.574627 0.584047
45.000000 427.000000 -0.863510 0.587187
159.000000 427.000000 -0.505546 0.587187
465.000000 427.000000 0.455305 0.587187
549.000000 427.000000 0.719069 0.587187
4.000000 428.000000 -0.992252 0.590327
36.000000 428.000000 -0.891771 0.590327
47.000000 428.000000 -0.857230 0.590327
55.000000 428.000000 -0.832110 0.590327
252.000000 428.000000 -0.213523 0.590327
371.000000 428.000000 0.160142 0.590327
514.000000 428.000000 0.609167 0.590327
40.000000 429.000000 -0.879210 0.593467
77.000000 429.000000 -0.763029 0.593467
95.000000 429.000000 -0.706508 0.593467
137.000000 429.000000 -0.574627 0.593467
213.000000 429.000000 -0.335984 0.593467
278.000000 429.000000 -0.131882 0.593467
304.000000 429.000000 -0.050241 0.593467
308.000000 429.000000 -0.037680 0.593467
354.000000 429.000000 0.106761 0.593467
73.000000 430.000000 -0.775589 0.596607
262.000000 430.000000 -0.182122 0.596607
357.000000 430.000000 0.116181 0.596607
378.000000 430.000000 0.182122 0.596607
484.000000 430.000000 0.514966 0.596607
231.000000 431.000000 -0.279463 0.599747
327.000000 431.000000 0.021980 0.599747
75.000000 432.000000 -0.769309 0.602887
460.000000 432.000000 0.439605 0.602887
194.000000 433.000000 -0.395645 0.606027
213.000000 433.000000 -0.335984 0.606027
243.000000 434.000000 -0.241783 0.609167
434.000000 434.000000 0.357964 0.609167
461.000000 434.000000 0.442745 0.609167
51.000000 435.000000 -0.844670 0.612307
173.000000 435.000000 -0.461585 0.612307
257.000000 435.000000 -0.197822 0.612307
293.000000 435.000000 -0.084781 0.612307
345.000000 435.000000 0.078501 0.612307
486.000000 435.000000 0.521246 0.612307
510.000000 435.000000 0.596607 0.612307
548.000000 435.000000 0.715928 0.612307
21.000000 436.000000 -0.938871 0.615447
29.000000 436.000000 -0.913751 0.615447
36.000000 436.000000 -0.891771 0.615447
66.000000 436.000000 -0.797569 0.615447
146.000000 436.000000 -0.546366 0.615447
247.000000 436.000000 -0.229223 0.615447
297.000000 436.000000 -0.072221 0.615447
24.000000 437.000000 -0.929451 0.618587
46.000000 437.000000 -0.860370 0.618587
273.000000 437.000000 -0.147582 0.618587
430.000000 437.000000 0.345404 0.618587
542.000000 437.000000 0.697088 0.618587
112.000000 438.000000 -0.653128 0.621727
166.000000 438.000000 -0.483566 0.621727
277.000000 438.000000 -0.135022 0.621727
44.000000 439.000000 -0.866650 0.624867
128.000000 439.000000 -0.602887 0.624867
178.000000 439.000000 -0.445885 0.624867
193.000000 439.000000 -0.398785 0.624867
275.000000 439.000000 -0.141302 0.624867
495.000000 439.000000 0.549506 0.624867
117.000000 440.000000 -0.637428 0.628007
158.000000 440.000000 -0.508686 0.628007
484.000000 440.000000 0.514966 0.628007
254.000000 441.000000 -0.207242 0.631147
307.000000 441.000000 -0.040820 0.631147
571.000000 441.000000 0.788149 0.631147
224.000000 442.000000 -0.301444 0.634288
238.000000 442.000000 -0.257483 0.634288
240.000000 442.000000 -0.251203 0.634288
365.000000 442.000000 0.141302 0.634288
39.000000 443.000000 -0.882350 0.637428
289.000000 443.000000 -0.097341 0.637428
376.000000 443.000000 0.175842 0.637428
41.000000 445.000000 -0.876070 0.643708
105.000000 445.000000 -0.675108 0.643708
206.000000 445.000000 -0.357964 0.643708
431.000000 445.000000 0.348544 0.643708
162.000000 446.000000 -0.496126 0.646848
564.000000 446.000000 0.766169 0.646848
28.000000 447.000000 -0.916891 0.649988
176.000000 447.000000 -0.452165 0.649988
185.000000 447.000000 -0.423905 0.649988
218.000000 447.000000 -0.320284 0.649988
307.000000 447.000000 -0.040820 0.649988
310.000000 447.000000 -0.031400 0.649988
5.000000 448.000000 -0.989112 0.653128
179.000000 448.000000 -0.442745 0.653128
291.000000 448.000000 -0.091061 0.653128
403.000000 448.000000 0.260623 0.653128
25.000000 449.000000 -0.926311 0.656268
234.000000 449.000000 -0.270043 0.656268
249.000000 449.000000 -0.222943 0.656268
258.000000 449.000000 -0.194682 0.656268
272.000000 449.000000 -0.150722 0.656268
284.000000 449.000000 -0.113041 0.656268
306.000000 449.000000 -0.043961 0.656268
323.000000 449.000000 0.009420 0.656268
425.000000 449.000000 0.329704 0.656268
628.000000 449.000000 0.967131 0.656268
418.000000 450.000000 0.307724 0.659408
556.000000 450.000000 0.741049 0.659408
619.000000 450.000000 0.938871 0.659408
12.000000 451.000000 -0.967131 0.662548
145.000000 451.000000 -0.549506 0.662548
237.000000 451.000000 -0.260623 0.662548
276.000000 451.000000 -0.138162 0.662548
313.000000 451.000000 -0.021980 0.662548
339.000000 451.000000 0.059661 0.662548
346.000000 451.000000 0.081641 0.662548
349.000000 451.000000 0.091061 0.662548
360.000000 451.000000 0.125601 0.662548
401.000000 451.000000 0.254343 0.662548
279.000000 452.000000 -0.128742 0.665688
286.000000 452.000000 -0.106761 0.665688
16.000000 453.000000 -0.954571 0.668828
23.000000 453.000000 -0.932591 0.668828
110.000000 453.000000 -0.659408 0.668828
281.000000 453.000000 -0.122461 0.668828
297.000000 453.000000 -0.072221 0.668828
42.000000 454.000000 -0.872930 0.671968
46.000000 454.000000 -0.860370 0.671968
471.000000 454.000000 0.474146 0.671968
11.000000 455.000000 -0.970271 0.675108
332.000000 455.000000 0.037680 0.675108
455.000000 455.000000 0.423905 0.675108
460.000000 455.000000 0.439605 0.675108
557.000000 455.000000 0.744189 0.675108
20.000000 456.000000 -0.942011 0.678248
193.000000 456.000000 -0.398785 0.678248
307.000000 456.000000 -0.040820 0.678248
326.000000 456.000000 0.018840 0.678248
123.000000 457.000000 -0.618587 0.681388
208.000000 457.000000 -0.351684 0.681388
210.000000 457.000000 -0.345404 0.681388
474.000000 457.000000 0.483566 0.681388
6.000000 458.000000 -0.985972 0.684528
41.000000 458.000000 -0.876070 0.684528
323.000000 458.000000 0.009420 0.684528
376.000000 458.000000 0.175842 0.684528
18.000000 459.000000 -0.948291 0.687668
22.000000 459.000000 -0.935731 0.687668
93.000000 459.000000 -0.712788 0.687668
216.000000 459.000000 -0.326564 0.687668
231.000000 459.000000 -0.279463 0.687668
299.000000 459.000000 -0.065941 0.687668
307.000000 459.000000 -0.040820 0.687668
390.000000 459.000000 0.219803 0.687668
417.000000 459.000000 0.304584 0.687668
30.000000 460.000000 -0.910611 0.690808
141.000000 460.000000 -0.562067 0.690808
245.000000 460.000000 -0.235503 0.690808
10.000000 461.000000 -0.973412 0.693948
15.000000 461.000000 -0.957711 0.693948
27.000000 461.000000 -0.920031 0.693948
185.000000 461.000000 -0.423905 0.693948
280.000000 461.000000 -0.125601 0.693948
318.000000 461.000000 -0.006280 0.693948
348.000000 461.000000 0.087921 0.693948
42.000000 462.000000 -0.872930 0.697088
212.000000 462.000000 -0.339124 0.697088
254.000000 462.000000 -0.207242 0.697088
260.000000 462.000000 -0.188402 0.697088
388.000000 462.000000 0.213523 0.697088
447.000000 462.000000 0.398785 0.697088
627.000000 462.000000 0.963991 0.697088
44.000000 463.000000 -0.866650 0.700228
140.000000 463.000000 -0.565207 0.700228
286.000000 463.000000 -0.106761 0.700228
335.000000 463.000000 0.047101 0.700228
534.000000 463.000000 0.671968 0.700228
632.000000 463.000000 0.979692 0.700228
237.000000 464.000000 -0.260623 0.703368
9.000000 465.000000 -0.976552 0.706508
345.000000 465.000000 0.078501 0.706508
369.000000 465.000000 0.153862 0.706508
371.000000 465.000000 0.160142 0.706508
443.000000 465.000000 0.386225 0.706508
495.000000 465.000000 0.549506 0.706508
417.000000 467.000000 0.304584 0.712788
476.000000 467.000000 0.489846 0.712788
159.000000 468.000000 -0.505546 0.715928
203.000000 468.000000 -0.367384 0.715928
345.000000 468.000000 0.078501 0.715928
359.000000 468.000000 0.122461 0.715928
369.000000 469.000000 0.153862 0.719069
543.000000 469.000000 0.700228 0.719069
236.000000 470.000000 -0.263763 0.722209
326.000000 470.000000 0.018840 0.722209
393.000000 470.000000 0.229223 0.722209
623.000000 470.000000 0.951431 0.722209
349.000000 471.000000 0.091061 0.725349
354.000000 471.000000 0.106761 0.725349
361.000000 471.000000 0.128742 0.725349
410.000000 471.000000 0.282603 0.725349
429.000000 471.000000 0.342264 0.725349
224.000000 472.000000 -0.301444 0.728489
255.000000 472.000000 -0.204102 0.728489
302.000000 472.000000 -0.056521 0.728489
337.000000 472.000000 0.053381 0.728489
406.000000 472.000000 0.270043 0.728489
420.000000 472.000000 0.314004 0.728489
433.000000 472.000000 0.354824 0.728489
586.000000 472.000000 0.835250 0.728489
33.000000 473.000000 -0.901191 0.731629
349.000000 473.000000 0.091061 0.731629
379.000000 473.000000 0.185262 0.731629
577.000000 473.000000 0.806990 0.731629
321.000000 474.000000 0.003140 0.734769
343.000000 474.000000 0.072221 0.734769
560.000000 474.000000 0.753609 0.734769
393.000000 475.000000 0.229223 0.737909
434.000000 475.000000 0.357964 0.737909
238.000000 476.000000 -0.257483 0.741049
267.000000 476.000000 -0.166422 0.741049
387.000000 476.000000 0.210382 0.741049
