261.000000 3.000000 -0.185262 -0.744189
484.000000 3.000000 0.514966 -0.744189
546.000000 3.000000 0.709648 -0.744189
621.000000 4.000000 0.945151 -0.741049
260.000000 5.000000 -0.188402 -0.737909
262.000000 6.000000 -0.182122 -0.734769
350.000000 6.000000 0.094201 -0.734769
548.000000 6.000000 0.715928 -0.734769
260.000000 7.000000 -0.188402 -0.731629
396.000000 7.000000 0.238643 -0.731629
491.000000 7.000000 0.536946 -0.731629
506.000000 7.000000 0.584047 -0.731629
609.000000 7.000000 0.907471 -0.731629
266.000000 8.000000 -0.169562 -0.728489
336.000000 8.000000 0.050241 -0.728489
353.000000 8.000000 0.103621 -0.728489
357.000000 8.000000 0.116181 -0.728489
467.000000 8.000000 0.461585 -0.728489
559.000000 8.000000 0.750469 -0.728489
602.000000 8.000000 0.885490 -0.728489
604.000000 8.000000 0.891771 -0.728489
268.000000 9.000000 -0.163282 -0.725349
351.000000 10.000000 0.097341 -0.722209
594.000000 10.000000 0.860370 -0.722209
264.000000 11.000000 -0.175842 -0.719069
508.000000 11.000000 0.590327 -0.719069
548.000000 11.000000 0.715928 -0.719069
590.000000 11.000000 0.847810 -0.719069
599.000000 11.000000 0.876070 -0.719069
352.000000 12.000000 0.100481 -0.715928
586.000000 12.000000 0.835250 -0.715928
614.000000 12.000000 0.923171 -0.715928
498.000000 13.000000 0.558927 -0.712788
582.000000 13.000000 0.822690 -0.712788
596.000000 13.000000 0.866650 -0.712788
512.000000 14.000000 0.602887 -0.709648
550.000000 14.000000 0.722209 -0.709648
568.000000 14.000000 0.778729 -0.709648
580.000000 14.000000 0.816410 -0.709648
592.000000 14.000000 0.854090 -0.709648
269.000000 15.000000 -0.160142 -0.706508
471.000000 15.000000 0.474146 -0.706508
574.000000 15.000000 0.797569 -0.706508
588.000000 15.000000 0.841530 -0.706508
499.000000 16.000000 0.562067 -0.703368
508.000000 16.000000 0.590327 -0.703368
570.000000 16.000000 0.785009 -0.703368
584.000000 16.000000 0.828970 -0.703368
365.000000 17.000000 0.141302 -0.700228
386.000000 17.000000 0.207242 -0.700228
494.000000 17.000000 0.546366 -0.700228
579.000000 17.000000 0.813270 -0.700228
97.000000 18.000000 -0.700228 -0.697088
575.000000 18.000000 0.800709 -0.697088
453.000000 19.000000 0.417625 -0.693948
516.000000 19.000000 0.615447 -0.693948
571.000000 19.000000 0.788149 -0.693948
589.000000 19.000000 0.844670 -0.693948
635.000000 19.000000 0.989112 -0.693948
268.000000 20.000000 -0.163282 -0.690808
510.000000 20.000000 0.596607 -0.690808
596.000000 20.000000 0.866650 -0.690808
624.000000 20.000000 0.954571 -0.690808
541.000000 21.000000 0.693948 -0.687668
269.000000 22.000000 -0.160142 -0.684528
272.000000 22.000000 -0.150722 -0.684528
518.000000 22.000000 0.621727 -0.684528
584.000000 22.000000 0.828970 -0.684528
629.000000 24.000000 0.970271 -0.678248
627.000000 25.000000 0.963991 -0.675108
271.000000 26.000000 -0.153862 -0.671968
553.000000 26.000000 0.731629 -0.671968
625.000000 26.000000 0.957711 -0.671968
493.000000 28.000000 0.543226 -0.665688
609.000000 28.000000 0.907471 -0.665688
635.000000 28.000000 0.989112 -0.665688
272.000000 29.000000 -0.150722 -0.662548
275.000000 29.000000 -0.141302 -0.662548
621.000000 29.000000 0.945151 -0.662548
277.000000 31.000000 -0.135022 -0.656268
558.000000 31.000000 0.747329 -0.656268
577.000000 31.000000 0.806990 -0.656268
348.000000 32.000000 0.087921 -0.653128
618.000000 32.000000 0.935731 -0.653128
476.000000 33.000000 0.489846 -0.649988
499.000000 33.000000 0.562067 -0.649988
554.000000 33.000000 0.734769 -0.649988
561.000000 33.000000 0.756749 -0.649988
601.000000 34.000000 0.882350 -0.646848
275.000000 35.000000 -0.141302 -0.643708
348.000000 35.000000 0.087921 -0.643708
555.000000 35.000000 0.737909 -0.643708
631.000000 35.000000 0.976552 -0.643708
278.000000 36.000000 -0.131882 -0.640568
517.000000 37.000000 0.618587 -0.637428
280.000000 38.000000 -0.125601 -0.634288
348.000000 38.000000 0.087921 -0.634288
531.000000 39.000000 0.662548 -0.631147
590.000000 39.000000 0.847810 -0.631147
398.000000 40.000000 0.244923 -0.628007
545.000000 40.000000 0.706508 -0.628007
558.000000 40.000000 0.747329 -0.628007
561.000000 40.000000 0.756749 -0.628007
567.000000 40.000000 0.775589 -0.628007
269.000000 41.000000 -0.160142 -0.624867
467.000000 41.000000 0.461585 -0.624867
556.000000 41.000000 0.741049 -0.624867
280.000000 42.000000 -0.125601 -0.621727
453.000000 42.000000 0.417625 -0.621727
597.000000 42.000000 0.869790 -0.621727
367.000000 43.000000 0.147582 -0.618587
557.000000 43.000000 0.744189 -0.618587
601.000000 43.000000 0.882350 -0.618587
269.000000 44.000000 -0.160142 -0.615447
281.000000 44.000000 -0.122461 -0.615447
345.000000 44.000000 0.078501 -0.615447
498.000000 45.000000 0.558927 -0.612307
516.000000 46.000000 0.615447 -0.609167
523.000000 46.000000 0.637428 -0.609167
564.000000 46.000000 0.766169 -0.609167
586.000000 47.000000 0.835250 -0.606027
558.000000 48.000000 0.747329 -0.602887
593.000000 48.000000 0.857230 -0.602887
627.000000 48.000000 0.963991 -0.602887
346.000000 49.000000 0.081641 -0.599747
388.000000 49.000000 0.213523 -0.599747
461.000000 49.000000 0.442745 -0.599747
529.000000 49.000000 0.656268 -0.599747
567.000000 49.000000 0.775589 -0.599747
634.000000 49.000000 0.985972 -0.599747
282.000000 50.000000 -0.119321 -0.596607
452.000000 50.000000 0.414485 -0.596607
558.000000 50.000000 0.747329 -0.596607
516.000000 51.000000 0.615447 -0.593467
285.000000 52.000000 -0.109901 -0.590327
521.000000 52.000000 0.631147 -0.590327
620.000000 52.000000 0.942011 -0.590327
626.000000 52.000000 0.960851 -0.590327
283.000000 54.000000 -0.116181 -0.584047
606.000000 54.000000 0.898051 -0.584047
517.000000 55.000000 0.618587 -0.580907
592.000000 55.000000 0.854090 -0.580907
522.000000 56.000000 0.634288 -0.577767
633.000000 56.000000 0.982832 -0.577767
624.000000 57.000000 0.954571 -0.574627
287.000000 58.000000 -0.103621 -0.571487
523.000000 58.000000 0.637428 -0.571487
526.000000 58.000000 0.646848 -0.571487
368.000000 59.000000 0.150722 -0.568347
518.000000 59.000000 0.621727 -0.568347
288.000000 60.000000 -0.100481 -0.565207
603.000000 61.000000 0.888631 -0.562067
508.000000 62.000000 0.590327 -0.558927
524.000000 62.000000 0.640568 -0.558927
430.000000 63.000000 0.345404 -0.555787
520.000000 63.000000 0.628007 -0.555787
598.000000 64.000000 0.872930 -0.552647
603.000000 64.000000 0.888631 -0.552647
611.000000 64.000000 0.913751 -0.552647
615.000000 64.000000 0.926311 -0.552647
636.000000 64.000000 0.992252 -0.552647
290.000000 65.000000 -0.094201 -0.549506
301.000000 65.000000 -0.059661 -0.549506
349.000000 65.000000 0.091061 -0.549506
606.000000 65.000000 0.898051 -0.549506
634.000000 66.000000 0.985972 -0.546366
500.000000 67.000000 0.565207 -0.543226
612.000000 68.000000 0.916891 -0.540086
357.000000 69.000000 0.116181 -0.536946
561.000000 69.000000 0.756749 -0.536946
618.000000 69.000000 0.935731 -0.536946
553.000000 72.000000 0.731629 -0.527526
563.000000 72.000000 0.763029 -0.527526
595.000000 72.000000 0.863510 -0.527526
566.000000 75.000000 0.772449 -0.518106
352.000000 76.000000 0.100481 -0.514966
524.000000 76.000000 0.640568 -0.514966
563.000000 77.000000 0.763029 -0.511826
337.000000 78.000000 0.053381 -0.508686
532.000000 78.000000 0.665688 -0.508686
564.000000 79.000000 0.766169 -0.505546
523.000000 80.000000 0.637428 -0.502406
336.000000 81.000000 0.050241 -0.499266
565.000000 81.000000 0.769309 -0.499266
418.000000 82.000000 0.307724 -0.496126
527.000000 82.000000 0.649988 -0.496126
583.000000 82.000000 0.825830 -0.496126
591.000000 82.000000 0.850950 -0.496126
298.000000 83.000000 -0.069081 -0.492986
330.000000 83.000000 0.031400 -0.492986
530.000000 84.000000 0.659408 -0.489846
522.000000 85.000000 0.634288 -0.486706
524.000000 85.000000 0.640568 -0.486706
566.000000 86.000000 0.772449 -0.483566
573.000000 86.000000 0.794429 -0.483566
614.000000 86.000000 0.923171 -0.483566
294.000000 87.000000 -0.081641 -0.480426
317.000000 87.000000 -0.009420 -0.480426
375.000000 87.000000 0.172702 -0.480426
528.000000 87.000000 0.653128 -0.480426
592.000000 87.000000 0.854090 -0.480426
539.000000 88.000000 0.687668 -0.477286
631.000000 88.000000 0.976552 -0.477286
311.000000 89.000000 -0.028260 -0.474146
525.000000 89.000000 0.643708 -0.474146
412.000000 90.000000 0.288883 -0.471006
517.000000 90.000000 0.618587 -0.471006
613.000000 90.000000 0.920031 -0.471006
295.000000 91.000000 -0.078501 -0.467866
531.000000 91.000000 0.662548 -0.467866
618.000000 92.000000 0.935731 -0.464725
531.000000 93.000000 0.662548 -0.461585
536.000000 93.000000 0.678248 -0.461585
295.000000 94.000000 -0.078501 -0.458445
534.000000 94.000000 0.671968 -0.458445
580.000000 95.000000 0.816410 -0.455305
394.000000 96.000000 0.232363 -0.452165
298.000000 97.000000 -0.069081 -0.449025
532.000000 97.000000 0.665688 -0.449025
535.000000 97.000000 0.675108 -0.449025
558.000000 97.000000 0.747329 -0.449025
566.000000 97.000000 0.772449 -0.449025
4.000000 98.000000 -0.992252 -0.445885
527.000000 98.000000 0.649988 -0.445885
297.000000 99.000000 -0.072221 -0.442745
316.000000 100.000000 -0.012560 -0.439605
607.000000 100.000000 0.901191 -0.439605
297.000000 102.000000 -0.072221 -0.433325
366.000000 104.000000 0.144442 -0.427045
508.000000 104.000000 0.590327 -0.427045
546.000000 104.000000 0.709648 -0.427045
568.000000 105.000000 0.778729 -0.423905
298.000000 106.000000 -0.069081 -0.420765
351.000000 107.000000 0.097341 -0.417625
567.000000 108.000000 0.775589 -0.414485
341.000000 109.000000 0.065941 -0.411345
338.000000 110.000000 0.056521 -0.408205
520.000000 110.000000 0.628007 -0.408205
517.000000 111.000000 0.618587 -0.405065
635.000000 111.000000 0.989112 -0.405065
302.000000 113.000000 -0.056521 -0.398785
604.000000 113.000000 0.891771 -0.398785
621.000000 113.000000 0.945151 -0.398785
328.000000 114.000000 0.025120 -0.395645
412.000000 114.000000 0.288883 -0.395645
539.000000 114.000000 0.687668 -0.395645
610.000000 114.000000 0.910611 -0.395645
301.000000 115.000000 -0.059661 -0.392505
630.000000 115.000000 0.973412 -0.392505
512.000000 116.000000 0.602887 -0.389365
517.000000 116.000000 0.618587 -0.389365
318.000000 117.000000 -0.006280 -0.386225
315.000000 118.000000 -0.015700 -0.383085
302.000000 119.000000 -0.056521 -0.379945
383.000000 119.000000 0.197822 -0.379945
586.000000 119.000000 0.835250 -0.379945
608.000000 120.000000 0.904331 -0.376804
290.000000 121.000000 -0.094201 -0.373664
305.000000 121.000000 -0.047101 -0.373664
622.000000 121.000000 0.948291 -0.373664
394.000000 122.000000 0.232363 -0.370524
575.000000 122.000000 0.800709 -0.370524
612.000000 123.000000 0.916891 -0.367384
292.000000 124.000000 -0.087921 -0.364244
304.000000 126.000000 -0.050241 -0.357964
592.000000 127.000000 0.854090 -0.354824
610.000000 128.000000 0.910611 -0.351684
409.000000 129.000000 0.279463 -0.348544
605.000000 129.000000 0.894911 -0.348544
632.000000 129.000000 0.979692 -0.348544
304.000000 130.000000 -0.050241 -0.345404
592.000000 130.000000 0.854090 -0.345404
522.000000 131.000000 0.634288 -0.342264
618.000000 131.000000 0.935731 -0.342264
366.000000 132.000000 0.144442 -0.339124
368.000000 132.000000 0.150722 -0.339124
528.000000 132.000000 0.653128 -0.339124
563.000000 132.000000 0.763029 -0.339124
572.000000 132.000000 0.791289 -0.339124
370.000000 133.000000 0.157002 -0.335984
359.000000 134.000000 0.122461 -0.332844
464.000000 134.000000 0.452165 -0.332844
307.000000 135.000000 -0.040820 -0.329704
453.000000 135.000000 0.417625 -0.329704
350.000000 136.000000 0.094201 -0.326564
630.000000 136.000000 0.973412 -0.326564
361.000000 137.000000 0.128742 -0.323424
369.000000 137.000000 0.153862 -0.323424
389.000000 137.000000 0.216663 -0.323424
426.000000 137.000000 0.332844 -0.323424
531.000000 137.000000 0.662548 -0.323424
578.000000 138.000000 0.810130 -0.320284
630.000000 138.000000 0.973412 -0.320284
366.000000 139.000000 0.144442 -0.317144
406.000000 139.000000 0.270043 -0.317144
485.000000 139.000000 0.518106 -0.317144
449.000000 140.000000 0.405065 -0.314004
307.000000 141.000000 -0.040820 -0.310864
370.000000 141.000000 0.157002 -0.310864
372.000000 141.000000 0.163282 -0.310864
576.000000 142.000000 0.803850 -0.307724
609.000000 142.000000 0.907471 -0.307724
337.000000 144.000000 0.053381 -0.301444
417.000000 145.000000 0.304584 -0.298304
318.000000 146.000000 -0.006280 -0.295163
390.000000 146.000000 0.219803 -0.295163
554.000000 146.000000 0.734769 -0.295163
311.000000 148.000000 -0.028260 -0.288883
372.000000 148.000000 0.163282 -0.288883
451.000000 150.000000 0.411345 -0.282603
570.000000 150.000000 0.785009 -0.282603
348.000000 151.000000 0.087921 -0.279463
373.000000 151.000000 0.166422 -0.279463
311.000000 153.000000 -0.028260 -0.273183
404.000000 153.000000 0.263763 -0.273183
296.000000 154.000000 -0.075361 -0.270043
348.000000 154.000000 0.087921 -0.270043
391.000000 154.000000 0.222943 -0.270043
622.000000 154.000000 0.948291 -0.270043
632.000000 154.000000 0.979692 -0.270043
411.000000 155.000000 0.285743 -0.266903
444.000000 155.000000 0.389365 -0.266903
567.000000 155.000000 0.775589 -0.266903
625.000000 155.000000 0.957711 -0.266903
627.000000 155.000000 0.963991 -0.266903
374.000000 156.000000 0.169562 -0.263763
621.000000 156.000000 0.945151 -0.263763
623.000000 156.000000 0.951431 -0.263763
629.000000 156.000000 0.970271 -0.263763
633.000000 156.000000 0.982832 -0.263763
617.000000 157.000000 0.932591 -0.260623
619.000000 157.000000 0.938871 -0.260623
442.000000 158.000000 0.383085 -0.257483
591.000000 158.000000 0.850950 -0.257483
612.000000 158.000000 0.916891 -0.257483
625.000000 158.000000 0.957711 -0.257483
297.000000 159.000000 -0.072221 -0.254343
375.000000 159.000000 0.172702 -0.254343
412.000000 159.000000 0.288883 -0.254343
445.000000 159.000000 0.392505 -0.254343
471.000000 159.000000 0.474146 -0.254343
569.000000 159.000000 0.781869 -0.254343
516.000000 160.000000 0.615447 -0.251203
313.000000 161.000000 -0.021980 -0.248063
438.000000 161.000000 0.370524 -0.248063
545.000000 161.000000 0.706508 -0.248063
572.000000 161.000000 0.791289 -0.248063
607.000000 161.000000 0.901191 -0.248063
634.000000 161.000000 0.985972 -0.248063
302.000000 162.000000 -0.056521 -0.244923
349.000000 162.000000 0.091061 -0.244923
430.000000 162.000000 0.345404 -0.244923
586.000000 162.000000 0.835250 -0.244923
314.000000 163.000000 -0.018840 -0.241783
372.000000 163.000000 0.163282 -0.241783
446.000000 163.000000 0.395645 -0.241783
491.000000 163.000000 0.536946 -0.241783
594.000000 163.000000 0.860370 -0.241783
616.000000 163.000000 0.929451 -0.241783
319.000000 164.000000 -0.003140 -0.238643
377.000000 164.000000 0.178982 -0.238643
420.000000 164.000000 0.314004 -0.238643
426.000000 164.000000 0.332844 -0.238643
590.000000 164.000000 0.847810 -0.238643
599.000000 164.000000 0.876070 -0.238643
611.000000 164.000000 0.913751 -0.238643
613.000000 164.000000 0.920031 -0.238643
621.000000 164.000000 0.945151 -0.238643
305.000000 165.000000 -0.047101 -0.235503
585.000000 165.000000 0.832110 -0.235503
609.000000 165.000000 0.907471 -0.235503
315.000000 166.000000 -0.015700 -0.232363
413.000000 166.000000 0.292023 -0.232363
581.000000 166.000000 0.819550 -0.232363
603.000000 166.000000 0.888631 -0.232363
605.000000 166.000000 0.894911 -0.232363
630.000000 166.000000 0.973412 -0.232363
379.000000 167.000000 0.185262 -0.229223
409.000000 167.000000 0.279463 -0.229223
415.000000 167.000000 0.298304 -0.229223
428.000000 167.000000 0.339124 -0.229223
451.000000 167.000000 0.411345 -0.229223
573.000000 167.000000 0.794429 -0.229223
577.000000 167.000000 0.806990 -0.229223
627.000000 167.000000 0.963991 -0.229223
325.000000 168.000000 0.015700 -0.226083
333.000000 168.000000 0.040820 -0.226083
342.000000 168.000000 0.069081 -0.226083
377.000000 168.000000 0.178982 -0.226083
431.000000 168.000000 0.348544 -0.226083
445.000000 168.000000 0.392505 -0.226083
599.000000 168.000000 0.876070 -0.226083
616.000000 168.000000 0.929451 -0.226083
623.000000 168.000000 0.951431 -0.226083
338.000000 169.000000 0.056521 -0.222943
350.000000 169.000000 0.094201 -0.222943
379.000000 169.000000 0.185262 -0.222943
402.000000 169.000000 0.257483 -0.222943
434.000000 169.000000 0.357964 -0.222943
550.000000 169.000000 0.722209 -0.222943
557.000000 169.000000 0.744189 -0.222943
592.000000 169.000000 0.854090 -0.222943
594.000000 169.000000 0.860370 -0.222943
329.000000 170.000000 0.028260 -0.219803
347.000000 170.000000 0.084781 -0.219803
404.000000 170.000000 0.263763 -0.219803
406.000000 170.000000 0.270043 -0.219803
425.000000 170.000000 0.329704 -0.219803
445.000000 170.000000 0.392505 -0.219803
546.000000 170.000000 0.709648 -0.219803
588.000000 170.000000 0.841530 -0.219803
590.000000 170.000000 0.847810 -0.219803
611.000000 170.000000 0.913751 -0.219803
613.000000 170.000000 0.920031 -0.219803
636.000000 170.000000 0.992252 -0.219803
323.000000 171.000000 0.009420 -0.216663
334.000000 171.000000 0.043961 -0.216663
395.000000 171.000000 0.235503 -0.216663
452.000000 171.000000 0.414485 -0.216663
542.000000 171.000000 0.697088 -0.216663
563.000000 171.000000 0.763029 -0.216663
584.000000 171.000000 0.828970 -0.216663
586.000000 171.000000 0.835250 -0.216663
316.000000 172.000000 -0.012560 -0.213523
378.000000 172.000000 0.182122 -0.213523
387.000000 172.000000 0.210382 -0.213523
397.000000 172.000000 0.241783 -0.213523
403.000000 172.000000 0.260623 -0.213523
530.000000 172.000000 0.659408 -0.213523
557.000000 172.000000 0.744189 -0.213523
559.000000 172.000000 0.750469 -0.213523
580.000000 172.000000 0.816410 -0.213523
582.000000 172.000000 0.822690 -0.213523
589.000000 172.000000 0.844670 -0.213523
602.000000 172.000000 0.885490 -0.213523
605.000000 172.000000 0.894911 -0.213523
339.000000 173.000000 0.059661 -0.210382
380.000000 173.000000 0.188402 -0.210382
382.000000 173.000000 0.194682 -0.210382
393.000000 173.000000 0.229223 -0.210382
406.000000 173.000000 0.270043 -0.210382
587.000000 173.000000 0.838390 -0.210382
328.000000 174.000000 0.025120 -0.207242
343.000000 174.000000 0.072221 -0.207242
346.000000 174.000000 0.081641 -0.207242
357.000000 174.000000 0.116181 -0.207242
391.000000 174.000000 0.222943 -0.207242
534.000000 174.000000 0.671968 -0.207242
544.000000 174.000000 0.703368 -0.207242
573.000000 174.000000 0.794429 -0.207242
317.000000 175.000000 -0.009420 -0.204102
378.000000 175.000000 0.182122 -0.204102
389.000000 175.000000 0.216663 -0.204102
453.000000 175.000000 0.417625 -0.204102
567.000000 175.000000 0.775589 -0.204102
594.000000 175.000000 0.860370 -0.204102
356.000000 176.000000 0.113041 -0.200962
404.000000 176.000000 0.263763 -0.200962
481.000000 176.000000 0.505546 -0.200962
531.000000 176.000000 0.662548 -0.200962
590.000000 176.000000 0.847810 -0.200962
633.000000 176.000000 0.982832 -0.200962
322.000000 177.000000 0.006280 -0.197822
328.000000 177.000000 0.025120 -0.197822
382.000000 177.000000 0.194682 -0.197822
447.000000 177.000000 0.398785 -0.197822
562.000000 177.000000 0.759889 -0.197822
316.000000 178.000000 -0.012560 -0.194682
326.000000 178.000000 0.018840 -0.194682
349.000000 178.000000 0.091061 -0.194682
375.000000 178.000000 0.172702 -0.194682
394.000000 178.000000 0.232363 -0.194682
509.000000 178.000000 0.593467 -0.194682
536.000000 178.000000 0.678248 -0.194682
565.000000 178.000000 0.769309 -0.194682
578.000000 178.000000 0.810130 -0.194682
404.000000 179.000000 0.263763 -0.191542
410.000000 179.000000 0.282603 -0.191542
416.000000 179.000000 0.301444 -0.191542
454.000000 179.000000 0.420765 -0.191542
485.000000 179.000000 0.518106 -0.191542
531.000000 179.000000 0.662548 -0.191542
533.000000 179.000000 0.668828 -0.191542
362.000000 180.000000 0.131882 -0.188402
527.000000 180.000000 0.649988 -0.188402
529.000000 180.000000 0.656268 -0.188402
574.000000 180.000000 0.797569 -0.188402
599.000000 180.000000 0.876070 -0.188402
318.000000 181.000000 -0.006280 -0.185262
332.000000 181.000000 0.037680 -0.185262
383.000000 181.000000 0.197822 -0.185262
403.000000 181.000000 0.260623 -0.185262
505.000000 181.000000 0.580907 -0.185262
523.000000 181.000000 0.637428 -0.185262
525.000000 181.000000 0.643708 -0.185262
562.000000 181.000000 0.759889 -0.185262
569.000000 181.000000 0.781869 -0.185262
601.000000 181.000000 0.882350 -0.185262
366.000000 182.000000 0.144442 -0.182122
399.000000 182.000000 0.248063 -0.182122
519.000000 182.000000 0.624867 -0.182122
521.000000 182.000000 0.631147 -0.182122
331.000000 183.000000 0.034540 -0.178982
334.000000 183.000000 0.043961 -0.178982
351.000000 183.000000 0.097341 -0.178982
395.000000 183.000000 0.235503 -0.178982
405.000000 183.000000 0.266903 -0.178982
414.000000 183.000000 0.295163 -0.178982
449.000000 183.000000 0.405065 -0.178982
475.000000 183.000000 0.486706 -0.178982
515.000000 183.000000 0.612307 -0.178982
530.000000 183.000000 0.659408 -0.178982
587.000000 183.000000 0.838390 -0.178982
603.000000 183.000000 0.888631 -0.178982
353.000000 184.000000 0.103621 -0.175842
391.000000 184.000000 0.222943 -0.175842
397.000000 184.000000 0.241783 -0.175842
401.000000 184.000000 0.254343 -0.175842
470.000000 184.000000 0.471006 -0.175842
513.000000 184.000000 0.606027 -0.175842
532.000000 184.000000 0.665688 -0.175842
534.000000 184.000000 0.671968 -0.175842
541.000000 184.000000 0.693948 -0.175842
599.000000 184.000000 0.876070 -0.175842
319.000000 185.000000 -0.003140 -0.172702
336.000000 185.000000 0.050241 -0.172702
343.000000 185.000000 0.072221 -0.172702
364.000000 185.000000 0.138162 -0.172702
507.000000 185.000000 0.587187 -0.172702
509.000000 185.000000 0.593467 -0.172702
528.000000 185.000000 0.653128 -0.172702
538.000000 185.000000 0.684528 -0.172702
562.000000 185.000000 0.759889 -0.172702
331.000000 186.000000 0.034540 -0.169562
340.000000 186.000000 0.062801 -0.169562
361.000000 186.000000 0.128742 -0.169562
385.000000 186.000000 0.204102 -0.169562
387.000000 186.000000 0.210382 -0.169562
390.000000 186.000000 0.219803 -0.169562
414.000000 186.000000 0.295163 -0.169562
449.000000 186.000000 0.405065 -0.169562
463.000000 186.000000 0.449025 -0.169562
473.000000 186.000000 0.480426 -0.169562
504.000000 186.000000 0.577767 -0.169562
524.000000 186.000000 0.640568 -0.169562
534.000000 186.000000 0.671968 -0.169562
329.000000 187.000000 0.028260 -0.166422
381.000000 187.000000 0.191542 -0.166422
495.000000 187.000000 0.549506 -0.166422
530.000000 187.000000 0.659408 -0.166422
580.000000 187.000000 0.816410 -0.166422
342.000000 188.000000 0.069081 -0.163282
356.000000 188.000000 0.113041 -0.163282
377.000000 188.000000 0.178982 -0.163282
383.000000 188.000000 0.197822 -0.163282
386.000000 188.000000 0.207242 -0.163282
403.000000 188.000000 0.260623 -0.163282
413.000000 188.000000 0.292023 -0.163282
415.000000 188.000000 0.298304 -0.163282
490.000000 188.000000 0.533806 -0.163282
519.000000 188.000000 0.624867 -0.163282
525.000000 188.000000 0.643708 -0.163282
320.000000 189.000000 -0.000000 -0.160142
360.000000 189.000000 0.125601 -0.160142
373.000000 189.000000 0.166422 -0.160142
453.000000 189.000000 0.417625 -0.160142
466.000000 189.000000 0.458445 -0.160142
493.000000 189.000000 0.543226 -0.160142
513.000000 189.000000 0.606027 -0.160142
522.000000 189.000000 0.634288 -0.160142
626.000000 189.000000 0.960851 -0.160142
331.000000 190.000000 0.034540 -0.157002
369.000000 190.000000 0.153862 -0.157002
383.000000 190.000000 0.197822 -0.157002
416.000000 190.000000 0.301444 -0.157002
462.000000 190.000000 0.445885 -0.157002
509.000000 190.000000 0.593467 -0.157002
518.000000 190.000000 0.621727 -0.157002
563.000000 190.000000 0.763029 -0.157002
317.000000 191.000000 -0.009420 -0.153862
321.000000 191.000000 0.003140 -0.153862
365.000000 191.000000 0.141302 -0.153862
373.000000 191.000000 0.166422 -0.153862
404.000000 191.000000 0.263763 -0.153862
418.000000 191.000000 0.307724 -0.153862
452.000000 191.000000 0.414485 -0.153862
475.000000 191.000000 0.486706 -0.153862
485.000000 191.000000 0.518106 -0.153862
505.000000 191.000000 0.580907 -0.153862
514.000000 191.000000 0.609167 -0.153862
526.000000 191.000000 0.646848 -0.153862
532.000000 191.000000 0.665688 -0.153862
572.000000 191.000000 0.791289 -0.153862
342.000000 192.000000 0.069081 -0.150722
370.000000 192.000000 0.157002 -0.150722
383.000000 192.000000 0.197822 -0.150722
401.000000 192.000000 0.254343 -0.150722
416.000000 192.000000 0.301444 -0.150722
480.000000 192.000000 0.502406 -0.150722
501.000000 192.000000 0.568347 -0.150722
503.000000 192.000000 0.574627 -0.150722
510.000000 192.000000 0.596607 -0.150722
566.000000 192.000000 0.772449 -0.150722
568.000000 192.000000 0.778729 -0.150722
604.000000 192.000000 0.891771 -0.150722
320.000000 193.000000 -0.000000 -0.147582
350.000000 193.000000 0.094201 -0.147582
360.000000 193.000000 0.125601 -0.147582
365.000000 193.000000 0.141302 -0.147582
367.000000 193.000000 0.147582 -0.147582
476.000000 193.000000 0.489846 -0.147582
497.000000 193.000000 0.555787 -0.147582
506.000000 193.000000 0.584047 -0.147582
307.000000 194.000000 -0.040820 -0.144442
309.000000 194.000000 -0.034540 -0.144442
313.000000 194.000000 -0.021980 -0.144442
355.000000 194.000000 0.109901 -0.144442
362.000000 194.000000 0.131882 -0.144442
383.000000 194.000000 0.197822 -0.144442
396.000000 194.000000 0.238643 -0.144442
411.000000 194.000000 0.285743 -0.144442
493.000000 194.000000 0.543226 -0.144442
495.000000 194.000000 0.549506 -0.144442
502.000000 194.000000 0.571487 -0.144442
519.000000 194.000000 0.624867 -0.144442
564.000000 194.000000 0.766169 -0.144442
303.000000 195.000000 -0.053381 -0.141302
349.000000 195.000000 0.091061 -0.141302
358.000000 195.000000 0.119321 -0.141302
452.000000 195.000000 0.414485 -0.141302
489.000000 195.000000 0.530666 -0.141302
491.000000 195.000000 0.536946 -0.141302
511.000000 195.000000 0.599747 -0.141302
514.000000 195.000000 0.609167 -0.141302
333.000000 196.000000 0.040820 -0.138162
336.000000 196.000000 0.050241 -0.138162
344.000000 196.000000 0.075361 -0.138162
382.000000 196.000000 0.194682 -0.138162
389.000000 196.000000 0.216663 -0.138162
407.000000 196.000000 0.273183 -0.138162
454.000000 196.000000 0.420765 -0.138162
478.000000 196.000000 0.496126 -0.138162
485.000000 196.000000 0.518106 -0.138162
487.000000 196.000000 0.524386 -0.138162
495.000000 196.000000 0.549506 -0.138162
338.000000 197.000000 0.056521 -0.135022
378.000000 197.000000 0.182122 -0.135022
385.000000 197.000000 0.204102 -0.135022
481.000000 197.000000 0.505546 -0.135022
507.000000 197.000000 0.587187 -0.135022
543.000000 197.000000 0.700228 -0.135022
607.000000 197.000000 0.901191 -0.135022
622.000000 197.000000 0.948291 -0.135022
634.000000 197.000000 0.985972 -0.135022
321.000000 198.000000 0.003140 -0.131882
341.000000 198.000000 0.065941 -0.131882
346.000000 198.000000 0.081641 -0.131882
381.000000 198.000000 0.191542 -0.131882
477.000000 198.000000 0.492986 -0.131882
501.000000 198.000000 0.568347 -0.131882
503.000000 198.000000 0.574627 -0.131882
566.000000 198.000000 0.772449 -0.131882
604.000000 198.000000 0.891771 -0.131882
629.000000 198.000000 0.970271 -0.131882
323.000000 199.000000 0.009420 -0.128742
371.000000 199.000000 0.160142 -0.128742
378.000000 199.000000 0.182122 -0.128742
482.000000 199.000000 0.508686 -0.128742
499.000000 199.000000 0.562067 -0.128742
599.000000 199.000000 0.876070 -0.128742
302.000000 200.000000 -0.056521 -0.125601
334.000000 200.000000 0.043961 -0.125601
337.000000 200.000000 0.053381 -0.125601
373.000000 200.000000 0.166422 -0.125601
437.000000 200.000000 0.367384 -0.125601
453.000000 200.000000 0.417625 -0.125601
477.000000 200.000000 0.492986 -0.125601
491.000000 200.000000 0.536946 -0.125601
541.000000 200.000000 0.693948 -0.125601
566.000000 200.000000 0.772449 -0.125601
364.000000 201.000000 0.138162 -0.122461
369.000000 201.000000 0.153862 -0.122461
444.000000 201.000000 0.389365 -0.122461
480.000000 201.000000 0.502406 -0.122461
288.000000 202.000000 -0.100481 -0.119321
326.000000 202.000000 0.018840 -0.119321
332.000000 202.000000 0.037680 -0.119321
383.000000 202.000000 0.197822 -0.119321
391.000000 202.000000 0.222943 -0.119321
483.000000 202.000000 0.511826 -0.119321
487.000000 202.000000 0.524386 -0.119321
510.000000 202.000000 0.596607 -0.119321
528.000000 202.000000 0.653128 -0.119321
330.000000 203.000000 0.031400 -0.116181
342.000000 203.000000 0.069081 -0.116181
363.000000 203.000000 0.135022 -0.116181
374.000000 203.000000 0.169562 -0.116181
381.000000 203.000000 0.191542 -0.116181
415.000000 203.000000 0.298304 -0.116181
443.000000 203.000000 0.386225 -0.116181
458.000000 203.000000 0.433325 -0.116181
524.000000 203.000000 0.640568 -0.116181
567.000000 203.000000 0.775589 -0.116181
283.000000 204.000000 -0.116181 -0.113041
348.000000 204.000000 0.087921 -0.113041
359.000000 204.000000 0.122461 -0.113041
365.000000 204.000000 0.141302 -0.113041
403.000000 204.000000 0.260623 -0.113041
439.000000 204.000000 0.373664 -0.113041
478.000000 204.000000 0.496126 -0.113041
498.000000 204.000000 0.558927 -0.113041
502.000000 204.000000 0.571487 -0.113041
321.000000 205.000000 0.003140 -0.109901
323.000000 205.000000 0.009420 -0.109901
341.000000 205.000000 0.065941 -0.109901
368.000000 205.000000 0.150722 -0.109901
374.000000 205.000000 0.169562 -0.109901
384.000000 205.000000 0.200962 -0.109901
435.000000 205.000000 0.361104 -0.109901
545.000000 205.000000 0.706508 -0.109901
313.000000 206.000000 -0.021980 -0.106761
315.000000 206.000000 -0.015700 -0.106761
319.000000 206.000000 -0.003140 -0.106761
361.000000 206.000000 0.128742 -0.106761
372.000000 206.000000 0.163282 -0.106761
431.000000 206.000000 0.348544 -0.106761
454.000000 206.000000 0.420765 -0.106761
459.000000 206.000000 0.436465 -0.106761
478.000000 206.000000 0.496126 -0.106761
293.000000 207.000000 -0.084781 -0.103621
357.000000 207.000000 0.116181 -0.103621
365.000000 207.000000 0.141302 -0.103621
427.000000 207.000000 0.335984 -0.103621
447.000000 207.000000 0.398785 -0.103621
568.000000 207.000000 0.778729 -0.103621
368.000000 208.000000 0.150722 -0.100481
377.000000 208.000000 0.178982 -0.100481
383.000000 208.000000 0.197822 -0.100481
404.000000 208.000000 0.263763 -0.100481
410.000000 208.000000 0.282603 -0.100481
480.000000 208.000000 0.502406 -0.100481
503.000000 208.000000 0.574627 -0.100481
285.000000 209.000000 -0.109901 -0.097341
318.000000 209.000000 -0.006280 -0.097341
356.000000 209.000000 0.113041 -0.097341
361.000000 209.000000 0.128742 -0.097341
398.000000 209.000000 0.244923 -0.097341
499.000000 209.000000 0.562067 -0.097341
595.000000 209.000000 0.863510 -0.097341
353.000000 210.000000 0.103621 -0.094201
382.000000 210.000000 0.194682 -0.094201
547.000000 210.000000 0.712788 -0.094201
555.000000 210.000000 0.737909 -0.094201
313.000000 211.000000 -0.021980 -0.091061
375.000000 211.000000 0.172702 -0.091061
456.000000 211.000000 0.427045 -0.091061
569.000000 211.000000 0.781869 -0.091061
577.000000 211.000000 0.806990 -0.091061
329.000000 212.000000 0.028260 -0.087921
350.000000 212.000000 0.094201 -0.087921
372.000000 212.000000 0.163282 -0.087921
392.000000 212.000000 0.226083 -0.087921
405.000000 212.000000 0.266903 -0.087921
353.000000 213.000000 0.103621 -0.084781
356.000000 213.000000 0.113041 -0.084781
388.000000 213.000000 0.213523 -0.084781
390.000000 213.000000 0.219803 -0.084781
480.000000 213.000000 0.502406 -0.084781
484.000000 213.000000 0.514966 -0.084781
337.000000 214.000000 0.053381 -0.081641
339.000000 214.000000 0.059661 -0.081641
381.000000 214.000000 0.191542 -0.081641
386.000000 214.000000 0.207242 -0.081641
392.000000 214.000000 0.226083 -0.081641
317.000000 215.000000 -0.009420 -0.078501
407.000000 215.000000 0.273183 -0.078501
418.000000 215.000000 0.307724 -0.078501
570.000000 215.000000 0.785009 -0.078501
355.000000 216.000000 0.109901 -0.075361
367.000000 216.000000 0.147582 -0.075361
387.000000 216.000000 0.210382 -0.075361
317.000000 217.000000 -0.009420 -0.072221
341.000000 217.000000 0.065941 -0.072221
374.000000 217.000000 0.169562 -0.072221
383.000000 217.000000 0.197822 -0.072221
412.000000 217.000000 0.288883 -0.072221
433.000000 217.000000 0.354824 -0.072221
548.000000 217.000000 0.715928 -0.072221
323.000000 218.000000 0.009420 -0.069081
328.000000 218.000000 0.025120 -0.069081
361.000000 218.000000 0.128742 -0.069081
372.000000 218.000000 0.163282 -0.069081
403.000000 218.000000 0.260623 -0.069081
462.000000 218.000000 0.445885 -0.069081
501.000000 218.000000 0.568347 -0.069081
320.000000 219.000000 -0.000000 -0.065941
366.000000 219.000000 0.144442 -0.065941
376.000000 219.000000 0.175842 -0.065941
382.000000 219.000000 0.194682 -0.065941
385.000000 219.000000 0.204102 -0.065941
389.000000 219.000000 0.216663 -0.065941
408.000000 219.000000 0.276323 -0.065941
329.000000 220.000000 0.028260 -0.062801
352.000000 220.000000 0.100481 -0.062801
374.000000 220.000000 0.169562 -0.062801
393.000000 220.000000 0.229223 -0.062801
399.000000 220.000000 0.248063 -0.062801
483.000000 220.000000 0.511826 -0.062801
511.000000 220.000000 0.599747 -0.062801
369.000000 221.000000 0.153862 -0.059661
381.000000 221.000000 0.191542 -0.059661
386.000000 221.000000 0.207242 -0.059661
509.000000 221.000000 0.593467 -0.059661
572.000000 221.000000 0.791289 -0.059661
377.000000 222.000000 0.178982 -0.056521
478.000000 222.000000 0.496126 -0.056521
482.000000 222.000000 0.508686 -0.056521
534.000000 222.000000 0.671968 -0.056521
568.000000 222.000000 0.778729 -0.056521
350.000000 223.000000 0.094201 -0.053381
386.000000 223.000000 0.207242 -0.053381
404.000000 223.000000 0.263763 -0.053381
560.000000 223.000000 0.753609 -0.053381
564.000000 223.000000 0.766169 -0.053381
297.000000 224.000000 -0.072221 -0.050241
362.000000 224.000000 0.131882 -0.050241
410.000000 224.000000 0.282603 -0.050241
459.000000 224.000000 0.436465 -0.050241
556.000000 224.000000 0.741049 -0.050241
562.000000 224.000000 0.759889 -0.050241
343.000000 225.000000 0.072221 -0.047101
358.000000 225.000000 0.119321 -0.047101
385.000000 225.000000 0.204102 -0.047101
387.000000 225.000000 0.210382 -0.047101
483.000000 225.000000 0.511826 -0.047101
518.000000 225.000000 0.621727 -0.047101
551.000000 225.000000 0.725349 -0.047101
554.000000 225.000000 0.734769 -0.047101
331.000000 226.000000 0.034540 -0.043961
349.000000 226.000000 0.091061 -0.043961
370.000000 226.000000 0.157002 -0.043961
461.000000 226.000000 0.442745 -0.043961
619.000000 226.000000 0.938871 -0.043961
347.000000 227.000000 0.084781 -0.040820
387.000000 227.000000 0.210382 -0.040820
395.000000 227.000000 0.235503 -0.040820
543.000000 227.000000 0.700228 -0.040820
616.000000 227.000000 0.929451 -0.040820
621.000000 227.000000 0.945151 -0.040820
335.000000 228.000000 0.047101 -0.037680
341.000000 228.000000 0.065941 -0.037680
372.000000 228.000000 0.163282 -0.037680
349.000000 229.000000 0.091061 -0.034540
369.000000 229.000000 0.153862 -0.034540
376.000000 229.000000 0.175842 -0.034540
378.000000 229.000000 0.182122 -0.034540
388.000000 229.000000 0.213523 -0.034540
484.000000 229.000000 0.514966 -0.034540
535.000000 229.000000 0.675108 -0.034540
300.000000 230.000000 -0.062801 -0.031400
366.000000 230.000000 0.144442 -0.031400
530.000000 230.000000 0.659408 -0.031400
315.000000 231.000000 -0.015700 -0.028260
335.000000 231.000000 0.047101 -0.028260
342.000000 231.000000 0.069081 -0.028260
388.000000 231.000000 0.213523 -0.028260
400.000000 231.000000 0.251203 -0.028260
460.000000 231.000000 0.439605 -0.028260
537.000000 231.000000 0.681388 -0.028260
338.000000 232.000000 0.056521 -0.025120
364.000000 232.000000 0.138162 -0.025120
463.000000 232.000000 0.449025 -0.025120
344.000000 233.000000 0.075361 -0.021980
389.000000 233.000000 0.216663 -0.021980
505.000000 233.000000 0.580907 -0.021980
406.000000 234.000000 0.270043 -0.018840
416.000000 234.000000 0.301444 -0.018840
463.000000 234.000000 0.449025 -0.018840
471.000000 234.000000 0.474146 -0.018840
515.000000 234.000000 0.612307 -0.018840
281.000000 235.000000 -0.122461 -0.015700
346.000000 235.000000 0.081641 -0.015700
389.000000 235.000000 0.216663 -0.015700
412.000000 235.000000 0.288883 -0.015700
443.000000 235.000000 0.386225 -0.015700
485.000000 235.000000 0.518106 -0.015700
511.000000 235.000000 0.599747 -0.015700
518.000000 235.000000 0.621727 -0.015700
276.000000 236.000000 -0.138162 -0.012560
314.000000 236.000000 -0.018840 -0.012560
394.000000 236.000000 0.232363 -0.012560
402.000000 236.000000 0.257483 -0.012560
490.000000 236.000000 0.533806 -0.012560
506.000000 236.000000 0.584047 -0.012560
508.000000 236.000000 0.590327 -0.012560
578.000000 236.000000 0.810130 -0.012560
278.000000 237.000000 -0.131882 -0.009420
284.000000 237.000000 -0.113041 -0.009420
310.000000 237.000000 -0.031400 -0.009420
390.000000 237.000000 0.219803 -0.009420
486.000000 237.000000 0.521246 -0.009420
266.000000 238.000000 -0.169562 -0.006280
268.000000 238.000000 -0.163282 -0.006280
280.000000 238.000000 -0.125601 -0.006280
306.000000 238.000000 -0.043961 -0.006280
333.000000 238.000000 0.040820 -0.006280
337.000000 238.000000 0.053381 -0.006280
350.000000 238.000000 0.094201 -0.006280
357.000000 238.000000 0.116181 -0.006280
489.000000 238.000000 0.530666 -0.006280
570.000000 238.000000 0.785009 -0.006280
573.000000 238.000000 0.794429 -0.006280
576.000000 238.000000 0.803850 -0.006280
345.000000 239.000000 0.078501 -0.003140
353.000000 239.000000 0.103621 -0.003140
390.000000 239.000000 0.219803 -0.003140
396.000000 239.000000 0.238643 -0.003140
408.000000 239.000000 0.276323 -0.003140
466.000000 239.000000 0.458445 -0.003140
492.000000 239.000000 0.540086 -0.003140
568.000000 239.000000 0.778729 -0.003140
267.000000 240.000000 -0.166422 0.000000
284.000000 240.000000 -0.113041 0.000000
356.000000 240.000000 0.113041 0.000000
361.000000 240.000000 0.128742 0.000000
472.000000 240.000000 0.477286 0.000000
484.000000 240.000000 0.514966 0.000000
490.000000 240.000000 0.533806 0.000000
561.000000 240.000000 0.756749 0.000000
564.000000 240.000000 0.766169 0.000000
548.000000 241.000000 0.715928 0.003140
551.000000 241.000000 0.725349 0.003140
248.000000 242.000000 -0.226083 0.006280
266.000000 242.000000 -0.169562 0.006280
334.000000 242.000000 0.043961 0.006280
399.000000 242.000000 0.248063 0.006280
483.000000 242.000000 0.511826 0.006280
486.000000 242.000000 0.521246 0.006280
543.000000 242.000000 0.700228 0.006280
555.000000 242.000000 0.737909 0.006280
239.000000 243.000000 -0.254343 0.009420
291.000000 243.000000 -0.091061 0.009420
330.000000 243.000000 0.031400 0.009420
351.000000 243.000000 0.097341 0.009420
371.000000 243.000000 0.160142 0.009420
388.000000 243.000000 0.213523 0.009420
391.000000 243.000000 0.222943 0.009420
396.000000 243.000000 0.238643 0.009420
451.000000 243.000000 0.411345 0.009420
465.000000 243.000000 0.455305 0.009420
547.000000 243.000000 0.712788 0.009420
549.000000 243.000000 0.719069 0.009420
551.000000 243.000000 0.725349 0.009420
267.000000 244.000000 -0.166422 0.012560
285.000000 244.000000 -0.109901 0.012560
346.000000 244.000000 0.081641 0.012560
362.000000 244.000000 0.131882 0.012560
542.000000 244.000000 0.697088 0.012560
292.000000 245.000000 -0.087921 0.015700
360.000000 245.000000 0.125601 0.015700
388.000000 245.000000 0.213523 0.015700
447.000000 245.000000 0.398785 0.015700
469.000000 245.000000 0.467866 0.015700
472.000000 245.000000 0.477286 0.015700
233.000000 246.000000 -0.273183 0.018840
236.000000 246.000000 -0.263763 0.018840
331.000000 246.000000 0.034540 0.018840
335.000000 246.000000 0.047101 0.018840
346.000000 246.000000 0.081641 0.018840
348.000000 246.000000 0.087921 0.018840
381.000000 246.000000 0.191542 0.018840
384.000000 246.000000 0.200962 0.018840
400.000000 246.000000 0.251203 0.018840
535.000000 246.000000 0.675108 0.018840
604.000000 246.000000 0.891771 0.018840
228.000000 247.000000 -0.288883 0.021980
230.000000 247.000000 -0.282603 0.021980
238.000000 247.000000 -0.257483 0.021980
267.000000 247.000000 -0.166422 0.021980
466.000000 247.000000 0.458445 0.021980
224.000000 248.000000 -0.301444 0.025120
241.000000 248.000000 -0.248063 0.025120
270.000000 248.000000 -0.157002 0.025120
346.000000 248.000000 0.081641 0.025120
363.000000 248.000000 0.135022 0.025120
426.000000 248.000000 0.332844 0.025120
434.000000 248.000000 0.357964 0.025120
400.000000 249.000000 0.251203 0.028260
222.000000 250.000000 -0.307724 0.031400
274.000000 250.000000 -0.144442 0.031400
277.000000 250.000000 -0.135022 0.031400
336.000000 250.000000 0.050241 0.031400
360.000000 250.000000 0.125601 0.031400
377.000000 250.000000 0.178982 0.031400
457.000000 250.000000 0.430185 0.031400
593.000000 250.000000 0.857230 0.031400
239.000000 251.000000 -0.254343 0.034540
241.000000 251.000000 -0.248063 0.034540
269.000000 251.000000 -0.160142 0.034540
356.000000 251.000000 0.113041 0.034540
371.000000 251.000000 0.160142 0.034540
517.000000 251.000000 0.618587 0.034540
260.000000 252.000000 -0.188402 0.037680
277.000000 252.000000 -0.135022 0.037680
352.000000 252.000000 0.100481 0.037680
399.000000 252.000000 0.248063 0.037680
426.000000 252.000000 0.332844 0.037680
506.000000 252.000000 0.584047 0.037680
509.000000 252.000000 0.593467 0.037680
608.000000 252.000000 0.904331 0.037680
222.000000 253.000000 -0.307724 0.040820
266.000000 253.000000 -0.169562 0.040820
271.000000 253.000000 -0.153862 0.040820
348.000000 253.000000 0.087921 0.040820
396.000000 253.000000 0.238643 0.040820
415.000000 253.000000 0.298304 0.040820
421.000000 253.000000 0.317144 0.040820
256.000000 254.000000 -0.200962 0.043961
351.000000 254.000000 0.097341 0.043961
623.000000 254.000000 0.951431 0.043961
224.000000 255.000000 -0.301444 0.047101
253.000000 255.000000 -0.210382 0.047101
347.000000 255.000000 0.084781 0.047101
353.000000 255.000000 0.103621 0.047101
396.000000 255.000000 0.238643 0.047101
413.000000 255.000000 0.292023 0.047101
495.000000 255.000000 0.549506 0.047101
499.000000 255.000000 0.562067 0.047101
349.000000 256.000000 0.091061 0.050241
364.000000 256.000000 0.138162 0.050241
485.000000 256.000000 0.518106 0.050241
633.000000 256.000000 0.982832 0.050241
402.000000 257.000000 0.257483 0.053381
431.000000 257.000000 0.348544 0.053381
628.000000 257.000000 0.967131 0.053381
209.000000 258.000000 -0.348544 0.056521
254.000000 258.000000 -0.207242 0.056521
338.000000 258.000000 0.056521 0.056521
366.000000 258.000000 0.144442 0.056521
423.000000 258.000000 0.323424 0.056521
485.000000 258.000000 0.518106 0.056521
616.000000 259.000000 0.929451 0.059661
619.000000 259.000000 0.938871 0.059661
205.000000 260.000000 -0.361104 0.062801
225.000000 260.000000 -0.298304 0.062801
416.000000 260.000000 0.301444 0.062801
209.000000 261.000000 -0.348544 0.065941
425.000000 261.000000 0.329704 0.065941
463.000000 261.000000 0.449025 0.065941
615.000000 261.000000 0.926311 0.065941
158.000000 262.000000 -0.508686 0.069081
339.000000 262.000000 0.059661 0.069081
399.000000 262.000000 0.248063 0.069081
473.000000 262.000000 0.480426 0.069081
609.000000 262.000000 0.907471 0.069081
141.000000 263.000000 -0.562067 0.072221
349.000000 263.000000 0.091061 0.072221
397.000000 263.000000 0.241783 0.072221
467.000000 263.000000 0.461585 0.072221
512.000000 263.000000 0.602887 0.072221
604.000000 263.000000 0.891771 0.072221
606.000000 263.000000 0.898051 0.072221
184.000000 264.000000 -0.427045 0.075361
204.000000 264.000000 -0.364244 0.075361
211.000000 264.000000 -0.342264 0.075361
227.000000 264.000000 -0.292023 0.075361
232.000000 264.000000 -0.276323 0.075361
391.000000 264.000000 0.222943 0.075361
425.000000 264.000000 0.329704 0.075361
460.000000 264.000000 0.439605 0.075361
600.000000 264.000000 0.879210 0.075361
200.000000 265.000000 -0.376804 0.078501
361.000000 265.000000 0.128742 0.078501
368.000000 265.000000 0.150722 0.078501
387.000000 265.000000 0.210382 0.078501
430.000000 265.000000 0.345404 0.078501
190.000000 266.000000 -0.408205 0.081641
196.000000 266.000000 -0.389365 0.081641
230.000000 266.000000 -0.282603 0.081641
236.000000 266.000000 -0.263763 0.081641
357.000000 266.000000 0.116181 0.081641
591.000000 266.000000 0.850950 0.081641
187.000000 267.000000 -0.417625 0.084781
212.000000 267.000000 -0.339124 0.084781
344.000000 267.000000 0.075361 0.084781
354.000000 267.000000 0.106761 0.084781
380.000000 267.000000 0.188402 0.084781
384.000000 267.000000 0.200962 0.084781
439.000000 267.000000 0.373664 0.084781
587.000000 267.000000 0.838390 0.084781
133.000000 268.000000 -0.587187 0.087921
138.000000 268.000000 -0.571487 0.087921
189.000000 268.000000 -0.411345 0.087921
225.000000 268.000000 -0.298304 0.087921
349.000000 268.000000 0.091061 0.087921
388.000000 268.000000 0.213523 0.087921
393.000000 268.000000 0.229223 0.087921
395.000000 268.000000 0.235503 0.087921
418.000000 268.000000 0.307724 0.087921
420.000000 268.000000 0.314004 0.087921
129.000000 269.000000 -0.599747 0.091061
380.000000 269.000000 0.188402 0.091061
434.000000 269.000000 0.357964 0.091061
439.000000 269.000000 0.373664 0.091061
577.000000 269.000000 0.806990 0.091061
579.000000 269.000000 0.813270 0.091061
136.000000 270.000000 -0.577767 0.094201
185.000000 270.000000 -0.423905 0.094201
246.000000 270.000000 -0.232363 0.094201
367.000000 270.000000 0.147582 0.094201
419.000000 270.000000 0.310864 0.094201
429.000000 270.000000 0.342264 0.094201
431.000000 270.000000 0.348544 0.094201
573.000000 270.000000 0.794429 0.094201
124.000000 271.000000 -0.615447 0.097341
191.000000 271.000000 -0.405065 0.097341
380.000000 271.000000 0.188402 0.097341
385.000000 271.000000 0.204102 0.097341
438.000000 271.000000 0.370524 0.097341
568.000000 271.000000 0.778729 0.097341
117.000000 272.000000 -0.637428 0.100481
120.000000 272.000000 -0.628007 0.100481
138.000000 272.000000 -0.571487 0.100481
144.000000 272.000000 -0.552647 0.100481
188.000000 272.000000 -0.414485 0.100481
564.000000 272.000000 0.766169 0.100481
106.000000 273.000000 -0.671968 0.103621
133.000000 273.000000 -0.587187 0.103621
376.000000 273.000000 0.175842 0.103621
558.000000 273.000000 0.747329 0.103621
560.000000 273.000000 0.753609 0.103621
129.000000 274.000000 -0.599747 0.106761
245.000000 274.000000 -0.235503 0.106761
348.000000 274.000000 0.087921 0.106761
443.000000 274.000000 0.386225 0.106761
555.000000 274.000000 0.737909 0.106761
112.000000 275.000000 -0.653128 0.109901
144.000000 275.000000 -0.552647 0.109901
192.000000 275.000000 -0.401925 0.109901
198.000000 275.000000 -0.383085 0.109901
241.000000 275.000000 -0.248063 0.109901
346.000000 275.000000 0.081641 0.109901
549.000000 275.000000 0.719069 0.109901
246.000000 276.000000 -0.232363 0.113041
360.000000 276.000000 0.125601 0.113041
544.000000 276.000000 0.703368 0.113041
201.000000 277.000000 -0.373664 0.116181
281.000000 277.000000 -0.122461 0.116181
540.000000 277.000000 0.690808 0.116181
112.000000 278.000000 -0.653128 0.119321
337.000000 278.000000 0.053381 0.119321
341.000000 278.000000 0.065941 0.119321
535.000000 278.000000 0.675108 0.119321
290.000000 279.000000 -0.094201 0.122461
531.000000 279.000000 0.662548 0.122461
192.000000 280.000000 -0.401925 0.125601
203.000000 280.000000 -0.367384 0.125601
372.000000 280.000000 0.163282 0.125601
526.000000 280.000000 0.646848 0.125601
109.000000 281.000000 -0.662548 0.128742
117.000000 281.000000 -0.637428 0.128742
146.000000 281.000000 -0.546366 0.128742
187.000000 281.000000 -0.417625 0.128742
287.000000 281.000000 -0.103621 0.128742
347.000000 281.000000 0.084781 0.128742
522.000000 281.000000 0.634288 0.128742
171.000000 282.000000 -0.467866 0.131882
246.000000 282.000000 -0.232363 0.131882
517.000000 282.000000 0.618587 0.131882
114.000000 283.000000 -0.646848 0.135022
132.000000 283.000000 -0.590327 0.135022
302.000000 283.000000 -0.056521 0.135022
513.000000 283.000000 0.606027 0.135022
243.000000 284.000000 -0.241783 0.138162
284.000000 284.000000 -0.113041 0.138162
293.000000 284.000000 -0.084781 0.138162
357.000000 284.000000 0.116181 0.138162
117.000000 285.000000 -0.637428 0.141302
133.000000 285.000000 -0.587187 0.141302
177.000000 285.000000 -0.449025 0.141302
504.000000 285.000000 0.577767 0.141302
114.000000 286.000000 -0.646848 0.144442
135.000000 286.000000 -0.580907 0.144442
279.000000 286.000000 -0.128742 0.144442
501.000000 286.000000 0.568347 0.144442
146.000000 287.000000 -0.546366 0.147582
172.000000 287.000000 -0.464725 0.147582
240.000000 287.000000 -0.251203 0.147582
341.000000 287.000000 0.065941 0.147582
126.000000 288.000000 -0.609167 0.150722
132.000000 288.000000 -0.590327 0.150722
280.000000 288.000000 -0.125601 0.150722
286.000000 288.000000 -0.106761 0.150722
289.000000 288.000000 -0.097341 0.150722
134.000000 289.000000 -0.584047 0.153862
231.000000 289.000000 -0.279463 0.153862
398.000000 289.000000 0.244923 0.153862
120.000000 290.000000 -0.628007 0.157002
122.000000 290.000000 -0.621727 0.157002
130.000000 290.000000 -0.596607 0.157002
147.000000 290.000000 -0.543226 0.157002
279.000000 290.000000 -0.128742 0.157002
343.000000 290.000000 0.072221 0.157002
135.000000 291.000000 -0.580907 0.160142
119.000000 292.000000 -0.631147 0.163282
280.000000 292.000000 -0.125601 0.163282
282.000000 292.000000 -0.119321 0.163282
385.000000 292.000000 0.204102 0.163282
101.000000 294.000000 -0.687668 0.169562
105.000000 294.000000 -0.675108 0.169562
119.000000 294.000000 -0.631147 0.169562
135.000000 294.000000 -0.580907 0.169562
137.000000 294.000000 -0.574627 0.169562
376.000000 294.000000 0.175842 0.169562
122.000000 295.000000 -0.621727 0.172702
340.000000 295.000000 0.062801 0.172702
483.000000 295.000000 0.511826 0.172702
277.000000 296.000000 -0.135022 0.175842
332.000000 296.000000 0.037680 0.175842
117.000000 297.000000 -0.637428 0.178982
124.000000 297.000000 -0.615447 0.178982
132.000000 297.000000 -0.590327 0.178982
136.000000 297.000000 -0.577767 0.178982
481.000000 297.000000 0.505546 0.178982
91.000000 298.000000 -0.719069 0.182122
95.000000 298.000000 -0.706508 0.182122
119.000000 298.000000 -0.631147 0.182122
124.000000 299.000000 -0.615447 0.185262
137.000000 299.000000 -0.574627 0.185262
338.000000 299.000000 0.056521 0.185262
109.000000 300.000000 -0.662548 0.188402
134.000000 300.000000 -0.584047 0.188402
484.000000 300.000000 0.514966 0.188402
107.000000 301.000000 -0.668828 0.191542
115.000000 301.000000 -0.643708 0.191542
118.000000 301.000000 -0.634288 0.191542
139.000000 301.000000 -0.568347 0.191542
252.000000 301.000000 -0.213523 0.191542
113.000000 303.000000 -0.649988 0.197822
121.000000 303.000000 -0.624867 0.197822
133.000000 303.000000 -0.587187 0.197822
136.000000 303.000000 -0.577767 0.197822
138.000000 303.000000 -0.571487 0.197822
85.000000 304.000000 -0.737909 0.200962
98.000000 304.000000 -0.697088 0.200962
129.000000 304.000000 -0.599747 0.200962
131.000000 304.000000 -0.593467 0.200962
253.000000 304.000000 -0.210382 0.200962
117.000000 305.000000 -0.637428 0.204102
138.000000 305.000000 -0.571487 0.204102
140.000000 305.000000 -0.565207 0.204102
60.000000 306.000000 -0.816410 0.207242
68.000000 306.000000 -0.791289 0.207242
78.000000 306.000000 -0.759889 0.207242
460.000000 306.000000 0.439605 0.207242
494.000000 306.000000 0.546366 0.207242
102.000000 307.000000 -0.684528 0.210382
248.000000 307.000000 -0.226083 0.210382
250.000000 307.000000 -0.219803 0.210382
472.000000 307.000000 0.477286 0.210382
489.000000 307.000000 0.530666 0.210382
497.000000 307.000000 0.555787 0.210382
138.000000 308.000000 -0.571487 0.213523
140.000000 308.000000 -0.565207 0.213523
459.000000 308.000000 0.436465 0.213523
469.000000 308.000000 0.467866 0.213523
31.000000 309.000000 -0.907471 0.216663
35.000000 309.000000 -0.894911 0.216663
55.000000 309.000000 -0.832110 0.216663
92.000000 309.000000 -0.715928 0.216663
250.000000 309.000000 -0.219803 0.216663
337.000000 309.000000 0.053381 0.216663
478.000000 309.000000 0.496126 0.216663
482.000000 309.000000 0.508686 0.216663
488.000000 309.000000 0.527526 0.216663
46.000000 310.000000 -0.860370 0.219803
63.000000 310.000000 -0.806990 0.219803
74.000000 310.000000 -0.772449 0.219803
109.000000 310.000000 -0.662548 0.219803
114.000000 310.000000 -0.646848 0.219803
116.000000 310.000000 -0.640568 0.219803
473.000000 310.000000 0.480426 0.219803
490.000000 310.000000 0.533806 0.219803
492.000000 310.000000 0.540086 0.219803
43.000000 311.000000 -0.869790 0.222943
48.000000 311.000000 -0.854090 0.222943
52.000000 311.000000 -0.841530 0.222943
77.000000 311.000000 -0.763029 0.222943
88.000000 311.000000 -0.728489 0.222943
137.000000 311.000000 -0.574627 0.222943
339.000000 311.000000 0.059661 0.222943
494.000000 311.000000 0.546366 0.222943
499.000000 311.000000 0.562067 0.222943
501.000000 311.000000 0.568347 0.222943
506.000000 311.000000 0.584047 0.222943
75.000000 312.000000 -0.769309 0.226083
141.000000 312.000000 -0.562067 0.226083
453.000000 312.000000 0.417625 0.226083
511.000000 312.000000 0.599747 0.226083
518.000000 312.000000 0.621727 0.226083
520.000000 312.000000 0.628007 0.226083
72.000000 313.000000 -0.778729 0.229223
79.000000 313.000000 -0.756749 0.229223
103.000000 313.000000 -0.681388 0.229223
252.000000 313.000000 -0.213523 0.229223
481.000000 313.000000 0.505546 0.229223
489.000000 313.000000 0.530666 0.229223
526.000000 313.000000 0.646848 0.229223
48.000000 314.000000 -0.854090 0.232363
57.000000 314.000000 -0.825830 0.232363
333.000000 314.000000 0.040820 0.232363
339.000000 314.000000 0.059661 0.232363
448.000000 314.000000 0.401925 0.232363
483.000000 314.000000 0.511826 0.232363
512.000000 314.000000 0.602887 0.232363
533.000000 314.000000 0.668828 0.232363
37.000000 315.000000 -0.888631 0.235503
66.000000 315.000000 -0.797569 0.235503
95.000000 315.000000 -0.706508 0.235503
97.000000 315.000000 -0.700228 0.235503
139.000000 315.000000 -0.568347 0.235503
336.000000 315.000000 0.050241 0.235503
523.000000 315.000000 0.637428 0.235503
154.000000 316.000000 -0.521246 0.238643
257.000000 316.000000 -0.197822 0.238643
340.000000 316.000000 0.062801 0.238643
462.000000 316.000000 0.445885 0.238643
24.000000 317.000000 -0.929451 0.241783
56.000000 317.000000 -0.828970 0.241783
62.000000 317.000000 -0.810130 0.241783
253.000000 317.000000 -0.210382 0.241783
332.000000 317.000000 0.037680 0.241783
338.000000 317.000000 0.056521 0.241783
471.000000 317.000000 0.474146 0.241783
508.000000 317.000000 0.590327 0.241783
21.000000 318.000000 -0.938871 0.244923
26.000000 318.000000 -0.923171 0.244923
64.000000 318.000000 -0.803850 0.244923
83.000000 318.000000 -0.744189 0.244923
224.000000 318.000000 -0.301444 0.244923
477.000000 318.000000 0.492986 0.244923
512.000000 318.000000 0.602887 0.244923
23.000000 319.000000 -0.932591 0.248063
48.000000 319.000000 -0.854090 0.248063
143.000000 319.000000 -0.555787 0.248063
508.000000 319.000000 0.590327 0.248063
527.000000 319.000000 0.649988 0.248063
569.000000 319.000000 0.781869 0.248063
17.000000 320.000000 -0.951431 0.251203
51.000000 320.000000 -0.844670 0.251203
91.000000 320.000000 -0.719069 0.251203
93.000000 320.000000 -0.712788 0.251203
260.000000 320.000000 -0.188402 0.251203
335.000000 320.000000 0.047101 0.251203
494.000000 320.000000 0.546366 0.251203
60.000000 321.000000 -0.816410 0.254343
65.000000 321.000000 -0.800709 0.254343
143.000000 321.000000 -0.555787 0.254343
332.000000 321.000000 0.037680 0.254343
500.000000 321.000000 0.565207 0.254343
20.000000 322.000000 -0.942011 0.257483
25.000000 322.000000 -0.926311 0.257483
29.000000 322.000000 -0.913751 0.257483
45.000000 322.000000 -0.863510 0.257483
256.000000 322.000000 -0.200962 0.257483
519.000000 322.000000 0.624867 0.257483
48.000000 323.000000 -0.854090 0.260623
68.000000 323.000000 -0.791289 0.260623
76.000000 323.000000 -0.766169 0.260623
138.000000 323.000000 -0.571487 0.260623
253.000000 323.000000 -0.210382 0.260623
526.000000 323.000000 0.646848 0.260623
25.000000 324.000000 -0.926311 0.263763
38.000000 324.000000 -0.885490 0.263763
335.000000 324.000000 0.047101 0.263763
378.000000 324.000000 0.182122 0.263763
49.000000 325.000000 -0.850950 0.266903
144.000000 325.000000 -0.552647 0.266903
72.000000 326.000000 -0.778729 0.270043
362.000000 326.000000 0.131882 0.270043
524.000000 327.000000 0.640568 0.273183
38.000000 328.000000 -0.885490 0.276323
588.000000 328.000000 0.841530 0.276323
144.000000 329.000000 -0.552647 0.279463
146.000000 329.000000 -0.546366 0.279463
20.000000 330.000000 -0.942011 0.282603
26.000000 330.000000 -0.923171 0.282603
31.000000 330.000000 -0.907471 0.282603
54.000000 330.000000 -0.835250 0.282603
140.000000 330.000000 -0.565207 0.282603
59.000000 331.000000 -0.819550 0.285743
61.000000 331.000000 -0.813270 0.285743
330.000000 331.000000 0.031400 0.285743
146.000000 332.000000 -0.546366 0.288883
246.000000 332.000000 -0.232363 0.288883
10.000000 333.000000 -0.973412 0.292023
22.000000 333.000000 -0.935731 0.292023
52.000000 333.000000 -0.841530 0.292023
323.000000 333.000000 0.009420 0.292023
325.000000 333.000000 0.015700 0.292023
29.000000 334.000000 -0.913751 0.295163
329.000000 334.000000 0.028260 0.295163
5.000000 335.000000 -0.989112 0.298304
229.000000 335.000000 -0.285743 0.298304
8.000000 336.000000 -0.979692 0.301444
31.000000 336.000000 -0.907471 0.301444
41.000000 336.000000 -0.876070 0.301444
146.000000 336.000000 -0.546366 0.301444
318.000000 336.000000 -0.006280 0.301444
562.000000 336.000000 0.759889 0.301444
25.000000 337.000000 -0.926311 0.304584
46.000000 337.000000 -0.860370 0.304584
142.000000 337.000000 -0.558927 0.304584
148.000000 337.000000 -0.540086 0.304584
609.000000 337.000000 0.907471 0.304584
230.000000 338.000000 -0.282603 0.307724
546.000000 338.000000 0.709648 0.307724
32.000000 339.000000 -0.904331 0.310864
148.000000 339.000000 -0.540086 0.310864
317.000000 340.000000 -0.009420 0.314004
545.000000 340.000000 0.706508 0.314004
549.000000 341.000000 0.719069 0.317144
28.000000 343.000000 -0.916891 0.323424
148.000000 343.000000 -0.540086 0.323424
546.000000 343.000000 0.709648 0.323424
26.000000 344.000000 -0.923171 0.326564
38.000000 344.000000 -0.885490 0.326564
144.000000 344.000000 -0.552647 0.326564
150.000000 344.000000 -0.533806 0.326564
19.000000 345.000000 -0.945151 0.329704
327.000000 345.000000 0.021980 0.329704
548.000000 345.000000 0.715928 0.329704
150.000000 346.000000 -0.533806 0.332844
330.000000 347.000000 0.031400 0.335984
16.000000 348.000000 -0.954571 0.339124
20.000000 348.000000 -0.942011 0.339124
221.000000 349.000000 -0.310864 0.342264
232.000000 349.000000 -0.276323 0.342264
7.000000 350.000000 -0.982832 0.345404
150.000000 350.000000 -0.533806 0.345404
164.000000 350.000000 -0.489846 0.345404
330.000000 350.000000 0.031400 0.345404
332.000000 350.000000 0.037680 0.345404
146.000000 351.000000 -0.546366 0.348544
152.000000 351.000000 -0.527526 0.348544
222.000000 351.000000 -0.307724 0.348544
3.000000 352.000000 -0.995392 0.351684
166.000000 352.000000 -0.483566 0.351684
220.000000 352.000000 -0.314004 0.351684
534.000000 352.000000 0.671968 0.351684
150.000000 353.000000 -0.533806 0.354824
152.000000 353.000000 -0.527526 0.354824
218.000000 353.000000 -0.320284 0.354824
329.000000 353.000000 0.028260 0.354824
618.000000 353.000000 0.935731 0.354824
147.000000 354.000000 -0.543226 0.357964
327.000000 354.000000 0.021980 0.357964
332.000000 354.000000 0.037680 0.357964
152.000000 355.000000 -0.527526 0.361104
166.000000 355.000000 -0.483566 0.361104
314.000000 355.000000 -0.018840 0.361104
562.000000 355.000000 0.759889 0.361104
324.000000 356.000000 0.012560 0.364244
169.000000 357.000000 -0.474146 0.367384
332.000000 357.000000 0.037680 0.367384
152.000000 358.000000 -0.527526 0.370524
154.000000 358.000000 -0.521246 0.370524
166.000000 358.000000 -0.483566 0.370524
324.000000 359.000000 0.012560 0.373664
154.000000 360.000000 -0.521246 0.376804
329.000000 360.000000 0.028260 0.376804
572.000000 360.000000 0.791289 0.376804
149.000000 362.000000 -0.536946 0.383085
215.000000 362.000000 -0.329704 0.383085
326.000000 362.000000 0.018840 0.383085
528.000000 362.000000 0.653128 0.383085
328.000000 363.000000 0.025120 0.386225
150.000000 364.000000 -0.533806 0.389365
155.000000 364.000000 -0.518106 0.389365
214.000000 364.000000 -0.332844 0.389365
328.000000 365.000000 0.025120 0.392505
326.000000 367.000000 0.018840 0.398785
429.000000 367.000000 0.342264 0.398785
155.000000 368.000000 -0.518106 0.401925
157.000000 368.000000 -0.511826 0.401925
151.000000 369.000000 -0.530666 0.405065
200.000000 370.000000 -0.376804 0.408205
325.000000 370.000000 0.015700 0.408205
152.000000 371.000000 -0.527526 0.411345
157.000000 371.000000 -0.511826 0.411345
398.000000 372.000000 0.244923 0.414485
599.000000 372.000000 0.876070 0.414485
47.000000 373.000000 -0.857230 0.417625
325.000000 374.000000 0.015700 0.420765
157.000000 375.000000 -0.511826 0.423905
584.000000 375.000000 0.828970 0.423905
604.000000 375.000000 0.891771 0.423905
153.000000 376.000000 -0.524386 0.427045
159.000000 376.000000 -0.505546 0.427045
170.000000 376.000000 -0.471006 0.427045
606.000000 376.000000 0.898051 0.427045
153.000000 378.000000 -0.524386 0.433325
159.000000 378.000000 -0.505546 0.433325
596.000000 378.000000 0.866650 0.433325
609.000000 378.000000 0.907471 0.433325
48.000000 379.000000 -0.854090 0.436465
320.000000 381.000000 -0.000000 0.442745
634.000000 381.000000 0.985972 0.442745
155.000000 383.000000 -0.518106 0.449025
159.000000 383.000000 -0.505546 0.449025
161.000000 383.000000 -0.499266 0.449025
557.000000 383.000000 0.744189 0.449025
50.000000 384.000000 -0.847810 0.452165
145.000000 384.000000 -0.549506 0.452165
598.000000 384.000000 0.872930 0.452165
614.000000 384.000000 0.923171 0.452165
627.000000 384.000000 0.963991 0.452165
161.000000 385.000000 -0.499266 0.455305
195.000000 386.000000 -0.392505 0.458445
549.000000 386.000000 0.719069 0.458445
626.000000 386.000000 0.960851 0.458445
93.000000 388.000000 -0.712788 0.464725
146.000000 388.000000 -0.546366 0.464725
163.000000 388.000000 -0.492986 0.464725
495.000000 388.000000 0.549506 0.464725
157.000000 390.000000 -0.511826 0.471006
161.000000 390.000000 -0.499266 0.471006
493.000000 390.000000 0.543226 0.471006
147.000000 391.000000 -0.543226 0.474146
315.000000 391.000000 -0.015700 0.474146
52.000000 392.000000 -0.841530 0.477286
147.000000 393.000000 -0.543226 0.480426
316.000000 393.000000 -0.012560 0.480426
587.000000 393.000000 0.838390 0.480426
158.000000 394.000000 -0.508686 0.483566
162.000000 394.000000 -0.496126 0.483566
184.000000 394.000000 -0.427045 0.483566
532.000000 394.000000 0.665688 0.483566
148.000000 395.000000 -0.540086 0.486706
313.000000 395.000000 -0.021980 0.486706
159.000000 396.000000 -0.505546 0.489846
163.000000 397.000000 -0.492986 0.492986
165.000000 397.000000 -0.486706 0.492986
178.000000 397.000000 -0.445885 0.492986
53.000000 398.000000 -0.838390 0.496126
631.000000 398.000000 0.976552 0.496126
161.000000 399.000000 -0.499266 0.499266
165.000000 399.000000 -0.486706 0.499266
182.000000 399.000000 -0.433325 0.499266
180.000000 400.000000 -0.439605 0.502406
167.000000 401.000000 -0.480426 0.505546
319.000000 401.000000 -0.003140 0.505546
575.000000 401.000000 0.800709 0.505546
165.000000 402.000000 -0.486706 0.508686
169.000000 402.000000 -0.474146 0.508686
188.000000 402.000000 -0.414485 0.508686
591.000000 402.000000 0.850950 0.508686
78.000000 403.000000 -0.759889 0.511826
167.000000 403.000000 -0.480426 0.511826
171.000000 403.000000 -0.467866 0.511826
595.000000 403.000000 0.863510 0.511826
318.000000 404.000000 -0.006280 0.514966
619.000000 404.000000 0.938871 0.514966
60.000000 405.000000 -0.816410 0.518106
173.000000 405.000000 -0.461585 0.518106
314.000000 405.000000 -0.018840 0.518106
316.000000 406.000000 -0.012560 0.521246
540.000000 407.000000 0.690808 0.524386
55.000000 408.000000 -0.832110 0.527526
169.000000 409.000000 -0.474146 0.530666
626.000000 409.000000 0.960851 0.530666
54.000000 410.000000 -0.835250 0.533806
59.000000 410.000000 -0.819550 0.533806
312.000000 411.000000 -0.025120 0.536946
62.000000 412.000000 -0.810130 0.540086
318.000000 413.000000 -0.006280 0.543226
55.000000 414.000000 -0.832110 0.546366
162.000000 415.000000 -0.496126 0.549506
314.000000 417.000000 -0.018840 0.555787
63.000000 418.000000 -0.806990 0.558927
623.000000 418.000000 0.951431 0.558927
60.000000 419.000000 -0.816410 0.562067
65.000000 419.000000 -0.800709 0.562067
101.000000 419.000000 -0.687668 0.562067
311.000000 419.000000 -0.028260 0.562067
563.000000 420.000000 0.763029 0.565207
418.000000 421.000000 0.307724 0.568347
61.000000 422.000000 -0.813270 0.571487
64.000000 422.000000 -0.803850 0.571487
108.000000 422.000000 -0.665688 0.571487
166.000000 422.000000 -0.483566 0.571487
56.000000 423.000000 -0.828970 0.574627
310.000000 423.000000 -0.031400 0.574627
292.000000 424.000000 -0.087921 0.577767
312.000000 424.000000 -0.025120 0.577767
604.000000 425.000000 0.891771 0.580907
613.000000 426.000000 0.920031 0.584047
155.000000 429.000000 -0.518106 0.593467
151.000000 432.000000 -0.530666 0.602887
308.000000 432.000000 -0.037680 0.602887
598.000000 433.000000 0.872930 0.606027
308.000000 435.000000 -0.037680 0.612307
606.000000 437.000000 0.898051 0.618587
510.000000 442.000000 0.596607 0.634288
356.000000 443.000000 0.113041 0.637428
601.000000 443.000000 0.882350 0.637428
87.000000 445.000000 -0.731629 0.643708
120.000000 445.000000 -0.628007 0.643708
299.000000 446.000000 -0.065941 0.646848
539.000000 446.000000 0.687668 0.646848
558.000000 448.000000 0.747329 0.653128
65.000000 449.000000 -0.800709 0.656268
287.000000 449.000000 -0.103621 0.656268
292.000000 449.000000 -0.087921 0.656268
337.000000 449.000000 0.053381 0.656268
396.000000 449.000000 0.238643 0.656268
476.000000 449.000000 0.489846 0.656268
298.000000 450.000000 -0.069081 0.659408
302.000000 450.000000 -0.056521 0.659408
305.000000 450.000000 -0.047101 0.659408
496.000000 450.000000 0.552647 0.659408
627.000000 450.000000 0.963991 0.659408
485.000000 451.000000 0.518106 0.662548
545.000000 451.000000 0.706508 0.662548
593.000000 454.000000 0.857230 0.671968
128.000000 455.000000 -0.602887 0.675108
303.000000 455.000000 -0.053381 0.675108
367.000000 455.000000 0.147582 0.675108
186.000000 456.000000 -0.420765 0.678248
213.000000 458.000000 -0.335984 0.684528
306.000000 460.000000 -0.043961 0.690808
92.000000 463.000000 -0.715928 0.700228
182.000000 463.000000 -0.433325 0.700228
245.000000 463.000000 -0.235503 0.700228
629.000000 463.000000 0.970271 0.700228
301.000000 464.000000 -0.059661 0.703368
504.000000 464.000000 0.577767 0.703368
99.000000 465.000000 -0.693948 0.706508
245.000000 465.000000 -0.235503 0.706508
591.000000 465.000000 0.850950 0.706508
180.000000 466.000000 -0.439605 0.709648
331.000000 466.000000 0.034540 0.709648
114.000000 467.000000 -0.646848 0.712788
122.000000 467.000000 -0.621727 0.712788
279.000000 469.000000 -0.128742 0.719069
601.000000 469.000000 0.882350 0.719069
82.000000 470.000000 -0.747329 0.722209
258.000000 470.000000 -0.194682 0.722209
540.000000 470.000000 0.690808 0.722209
70.000000 471.000000 -0.785009 0.725349
300.000000 471.000000 -0.062801 0.725349
462.000000 471.000000 0.445885 0.725349
278.000000 472.000000 -0.131882 0.728489
622.000000 472.000000 0.948291 0.728489
379.000000 473.000000 0.185262 0.731629
548.000000 473.000000 0.715928 0.731629
69.000000 474.000000 -0.788149 0.734769
71.000000 474.000000 -0.781869 0.734769
418.000000 474.000000 0.307724 0.734769
518.000000 474.000000 0.621727 0.734769
430.000000 475.000000 0.345404 0.737909
563.000000 475.000000 0.763029 0.737909
