191.000000 3.000000 -0.405065 -0.744189
271.000000 3.000000 -0.153862 -0.744189
289.000000 3.000000 -0.097341 -0.744189
571.000000 3.000000 0.788149 -0.744189
291.000000 4.000000 -0.091061 -0.741049
293.000000 4.000000 -0.084781 -0.741049
513.000000 4.000000 0.606027 -0.741049
44.000000 5.000000 -0.866650 -0.737909
195.000000 5.000000 -0.392505 -0.737909
309.000000 5.000000 -0.034540 -0.737909
477.000000 5.000000 0.492986 -0.737909
192.000000 6.000000 -0.401925 -0.734769
285.000000 6.000000 -0.109901 -0.734769
525.000000 6.000000 0.643708 -0.734769
581.000000 6.000000 0.819550 -0.734769
397.000000 7.000000 0.241783 -0.731629
193.000000 8.000000 -0.398785 -0.728489
478.000000 8.000000 0.496126 -0.728489
515.000000 8.000000 0.612307 -0.728489
538.000000 8.000000 0.684528 -0.728489
194.000000 10.000000 -0.395645 -0.722209
523.000000 10.000000 0.637428 -0.722209
197.000000 11.000000 -0.386225 -0.719069
474.000000 11.000000 0.483566 -0.719069
515.000000 11.000000 0.612307 -0.719069
593.000000 11.000000 0.857230 -0.719069
195.000000 12.000000 -0.392505 -0.715928
479.000000 12.000000 0.499266 -0.715928
588.000000 12.000000 0.841530 -0.715928
460.000000 13.000000 0.439605 -0.712788
487.000000 13.000000 0.524386 -0.712788
196.000000 14.000000 -0.389365 -0.709648
340.000000 14.000000 0.062801 -0.709648
440.000000 14.000000 0.376804 -0.709648
515.000000 15.000000 0.612307 -0.706508
197.000000 16.000000 -0.386225 -0.703368
200.000000 16.000000 -0.376804 -0.703368
443.000000 16.000000 0.386225 -0.703368
480.000000 16.000000 0.502406 -0.703368
591.000000 17.000000 0.850950 -0.700228
198.000000 18.000000 -0.383085 -0.697088
444.000000 18.000000 0.389365 -0.697088
481.000000 19.000000 0.505546 -0.693948
609.000000 19.000000 0.907471 -0.693948
199.000000 20.000000 -0.379945 -0.690808
592.000000 21.000000 0.854090 -0.687668
200.000000 22.000000 -0.376804 -0.684528
414.000000 23.000000 0.295163 -0.681388
445.000000 23.000000 0.392505 -0.681388
201.000000 24.000000 -0.373664 -0.678248
301.000000 24.000000 -0.059661 -0.678248
597.000000 24.000000 0.869790 -0.678248
192.000000 25.000000 -0.401925 -0.675108
446.000000 25.000000 0.395645 -0.675108
449.000000 25.000000 0.405065 -0.675108
446.000000 27.000000 0.395645 -0.668828
309.000000 28.000000 -0.034540 -0.665688
357.000000 28.000000 0.116181 -0.665688
453.000000 28.000000 0.417625 -0.665688
549.000000 28.000000 0.719069 -0.665688
580.000000 28.000000 0.816410 -0.665688
616.000000 28.000000 0.929451 -0.665688
207.000000 29.000000 -0.354824 -0.662548
285.000000 29.000000 -0.109901 -0.662548
314.000000 29.000000 -0.018840 -0.662548
387.000000 29.000000 0.210382 -0.662548
447.000000 29.000000 0.398785 -0.662548
473.000000 29.000000 0.480426 -0.662548
592.000000 29.000000 0.854090 -0.662548
67.000000 30.000000 -0.794429 -0.659408
376.000000 30.000000 0.175842 -0.659408
521.000000 30.000000 0.631147 -0.659408
533.000000 30.000000 0.668828 -0.659408
208.000000 31.000000 -0.351684 -0.656268
576.000000 31.000000 0.803850 -0.656268
481.000000 32.000000 0.505546 -0.653128
526.000000 33.000000 0.646848 -0.649988
521.000000 34.000000 0.631147 -0.646848
207.000000 35.000000 -0.354824 -0.643708
286.000000 36.000000 -0.106761 -0.640568
326.000000 36.000000 0.018840 -0.640568
522.000000 37.000000 0.634288 -0.637428
524.000000 37.000000 0.640568 -0.637428
529.000000 37.000000 0.656268 -0.637428
493.000000 38.000000 0.543226 -0.634288
523.000000 39.000000 0.637428 -0.631147
283.000000 40.000000 -0.116181 -0.628007
493.000000 40.000000 0.543226 -0.628007
574.000000 40.000000 0.797569 -0.628007
488.000000 41.000000 0.527526 -0.624867
526.000000 41.000000 0.646848 -0.624867
213.000000 42.000000 -0.335984 -0.621727
523.000000 42.000000 0.637428 -0.621727
493.000000 43.000000 0.543226 -0.618587
495.000000 43.000000 0.549506 -0.618587
531.000000 43.000000 0.662548 -0.618587
284.000000 44.000000 -0.113041 -0.615447
600.000000 45.000000 0.879210 -0.612307
626.000000 45.000000 0.960851 -0.612307
493.000000 46.000000 0.543226 -0.609167
602.000000 46.000000 0.885490 -0.609167
474.000000 47.000000 0.483566 -0.606027
491.000000 47.000000 0.536946 -0.606027
558.000000 47.000000 0.747329 -0.606027
598.000000 47.000000 0.872930 -0.606027
327.000000 48.000000 0.021980 -0.602887
496.000000 48.000000 0.552647 -0.602887
615.000000 48.000000 0.926311 -0.602887
601.000000 49.000000 0.882350 -0.599747
490.000000 50.000000 0.533806 -0.596607
496.000000 50.000000 0.552647 -0.596607
585.000000 50.000000 0.832110 -0.596607
453.000000 51.000000 0.417625 -0.593467
492.000000 51.000000 0.540086 -0.593467
626.000000 51.000000 0.960851 -0.593467
597.000000 52.000000 0.869790 -0.590327
332.000000 53.000000 0.037680 -0.587187
497.000000 53.000000 0.555787 -0.587187
535.000000 53.000000 0.675108 -0.587187
600.000000 53.000000 0.879210 -0.587187
208.000000 54.000000 -0.351684 -0.584047
216.000000 54.000000 -0.326564 -0.584047
218.000000 54.000000 -0.320284 -0.584047
286.000000 54.000000 -0.106761 -0.584047
359.000000 54.000000 0.122461 -0.584047
396.000000 54.000000 0.238643 -0.584047
492.000000 54.000000 0.540086 -0.584047
603.000000 54.000000 0.888631 -0.584047
410.000000 55.000000 0.282603 -0.580907
465.000000 55.000000 0.455305 -0.580907
538.000000 55.000000 0.684528 -0.580907
598.000000 55.000000 0.872930 -0.580907
209.000000 56.000000 -0.348544 -0.577767
257.000000 56.000000 -0.197822 -0.577767
263.000000 56.000000 -0.178982 -0.577767
282.000000 56.000000 -0.119321 -0.577767
451.000000 56.000000 0.411345 -0.577767
458.000000 56.000000 0.433325 -0.577767
472.000000 56.000000 0.477286 -0.577767
492.000000 56.000000 0.540086 -0.577767
501.000000 56.000000 0.568347 -0.577767
583.000000 56.000000 0.825830 -0.577767
605.000000 56.000000 0.894911 -0.577767
455.000000 57.000000 0.423905 -0.574627
495.000000 57.000000 0.549506 -0.574627
513.000000 57.000000 0.606027 -0.574627
461.000000 58.000000 0.442745 -0.571487
625.000000 58.000000 0.957711 -0.571487
455.000000 59.000000 0.423905 -0.568347
579.000000 59.000000 0.813270 -0.568347
583.000000 59.000000 0.825830 -0.568347
601.000000 59.000000 0.882350 -0.568347
459.000000 60.000000 0.436465 -0.565207
222.000000 61.000000 -0.307724 -0.562067
225.000000 61.000000 -0.298304 -0.562067
456.000000 61.000000 0.427045 -0.562067
601.000000 62.000000 0.882350 -0.558927
604.000000 62.000000 0.891771 -0.558927
606.000000 62.000000 0.898051 -0.558927
220.000000 63.000000 -0.314004 -0.555787
263.000000 63.000000 -0.178982 -0.555787
461.000000 63.000000 0.442745 -0.555787
464.000000 63.000000 0.452165 -0.555787
574.000000 63.000000 0.797569 -0.555787
226.000000 64.000000 -0.295163 -0.552647
457.000000 65.000000 0.430185 -0.549506
461.000000 66.000000 0.442745 -0.546366
469.000000 68.000000 0.467866 -0.540086
581.000000 68.000000 0.819550 -0.540086
214.000000 69.000000 -0.332844 -0.536946
223.000000 69.000000 -0.304584 -0.536946
571.000000 69.000000 0.788149 -0.536946
428.000000 70.000000 0.339124 -0.533806
507.000000 71.000000 0.587187 -0.530666
538.000000 71.000000 0.684528 -0.530666
603.000000 71.000000 0.888631 -0.530666
534.000000 72.000000 0.671968 -0.527526
583.000000 72.000000 0.825830 -0.527526
587.000000 74.000000 0.838390 -0.521246
250.000000 75.000000 -0.219803 -0.518106
496.000000 75.000000 0.552647 -0.518106
532.000000 75.000000 0.665688 -0.518106
608.000000 76.000000 0.904331 -0.514966
236.000000 77.000000 -0.263763 -0.511826
498.000000 77.000000 0.558927 -0.511826
7.000000 78.000000 -0.982832 -0.508686
537.000000 78.000000 0.681388 -0.508686
588.000000 78.000000 0.841530 -0.508686
290.000000 79.000000 -0.094201 -0.505546
533.000000 79.000000 0.668828 -0.505546
612.000000 79.000000 0.916891 -0.505546
632.000000 80.000000 0.979692 -0.502406
283.000000 81.000000 -0.116181 -0.499266
501.000000 81.000000 0.568347 -0.499266
499.000000 82.000000 0.562067 -0.496126
540.000000 82.000000 0.690808 -0.496126
276.000000 83.000000 -0.138162 -0.492986
469.000000 83.000000 0.467866 -0.492986
503.000000 83.000000 0.574627 -0.492986
505.000000 83.000000 0.580907 -0.492986
214.000000 84.000000 -0.332844 -0.489846
492.000000 84.000000 0.540086 -0.489846
565.000000 84.000000 0.769309 -0.489846
269.000000 85.000000 -0.160142 -0.486706
469.000000 85.000000 0.467866 -0.486706
503.000000 85.000000 0.574627 -0.486706
499.000000 86.000000 0.562067 -0.483566
532.000000 86.000000 0.665688 -0.483566
574.000000 86.000000 0.797569 -0.483566
586.000000 86.000000 0.835250 -0.483566
262.000000 87.000000 -0.182122 -0.480426
304.000000 87.000000 -0.050241 -0.480426
454.000000 87.000000 0.420765 -0.480426
463.000000 87.000000 0.449025 -0.480426
504.000000 88.000000 0.577767 -0.477286
507.000000 88.000000 0.587187 -0.477286
608.000000 88.000000 0.904331 -0.477286
613.000000 88.000000 0.920031 -0.477286
633.000000 88.000000 0.982832 -0.477286
255.000000 89.000000 -0.204102 -0.474146
229.000000 90.000000 -0.285743 -0.471006
569.000000 90.000000 0.781869 -0.471006
248.000000 91.000000 -0.226083 -0.467866
467.000000 91.000000 0.461585 -0.467866
610.000000 91.000000 0.910611 -0.467866
305.000000 92.000000 -0.047101 -0.464725
598.000000 92.000000 0.872930 -0.464725
229.000000 93.000000 -0.285743 -0.461585
241.000000 93.000000 -0.248063 -0.461585
471.000000 93.000000 0.474146 -0.461585
503.000000 93.000000 0.574627 -0.461585
220.000000 94.000000 -0.314004 -0.458445
469.000000 94.000000 0.467866 -0.458445
530.000000 94.000000 0.659408 -0.458445
234.000000 95.000000 -0.270043 -0.455305
414.000000 95.000000 0.295163 -0.455305
466.000000 95.000000 0.458445 -0.455305
548.000000 95.000000 0.715928 -0.455305
571.000000 95.000000 0.788149 -0.455305
606.000000 95.000000 0.898051 -0.455305
468.000000 96.000000 0.464725 -0.452165
471.000000 96.000000 0.474146 -0.452165
614.000000 96.000000 0.923171 -0.452165
380.000000 97.000000 0.188402 -0.449025
411.000000 97.000000 0.285743 -0.449025
611.000000 97.000000 0.913751 -0.449025
466.000000 98.000000 0.458445 -0.445885
474.000000 98.000000 0.483566 -0.445885
232.000000 100.000000 -0.276323 -0.439605
355.000000 100.000000 0.109901 -0.439605
455.000000 100.000000 0.423905 -0.439605
469.000000 100.000000 0.467866 -0.439605
599.000000 100.000000 0.876070 -0.439605
467.000000 101.000000 0.461585 -0.436465
475.000000 101.000000 0.486706 -0.436465
602.000000 101.000000 0.885490 -0.436465
617.000000 101.000000 0.932591 -0.436465
308.000000 102.000000 -0.037680 -0.433325
349.000000 102.000000 0.091061 -0.433325
473.000000 102.000000 0.480426 -0.433325
300.000000 103.000000 -0.062801 -0.430185
595.000000 103.000000 0.863510 -0.430185
597.000000 103.000000 0.869790 -0.430185
556.000000 104.000000 0.741049 -0.427045
635.000000 105.000000 0.989112 -0.423905
309.000000 106.000000 -0.034540 -0.420765
473.000000 106.000000 0.480426 -0.420765
619.000000 106.000000 0.938871 -0.420765
592.000000 108.000000 0.854090 -0.414485
630.000000 108.000000 0.973412 -0.414485
299.000000 109.000000 -0.065941 -0.411345
501.000000 109.000000 0.568347 -0.411345
582.000000 109.000000 0.822690 -0.411345
296.000000 110.000000 -0.075361 -0.408205
235.000000 111.000000 -0.266903 -0.405065
237.000000 111.000000 -0.260623 -0.405065
289.000000 112.000000 -0.097341 -0.401925
311.000000 112.000000 -0.028260 -0.401925
339.000000 112.000000 0.059661 -0.401925
578.000000 112.000000 0.810130 -0.401925
628.000000 112.000000 0.967131 -0.401925
476.000000 113.000000 0.489846 -0.398785
282.000000 114.000000 -0.119321 -0.395645
237.000000 115.000000 -0.260623 -0.392505
312.000000 115.000000 -0.025120 -0.392505
458.000000 115.000000 0.433325 -0.392505
272.000000 116.000000 -0.150722 -0.389365
220.000000 117.000000 -0.314004 -0.386225
254.000000 117.000000 -0.207242 -0.386225
306.000000 118.000000 -0.043961 -0.383085
310.000000 118.000000 -0.031400 -0.383085
410.000000 118.000000 0.282603 -0.383085
620.000000 118.000000 0.942011 -0.383085
240.000000 119.000000 -0.251203 -0.379945
265.000000 119.000000 -0.172702 -0.379945
466.000000 119.000000 0.458445 -0.379945
258.000000 121.000000 -0.194682 -0.373664
590.000000 121.000000 0.847810 -0.373664
238.000000 122.000000 -0.257483 -0.370524
297.000000 122.000000 -0.072221 -0.370524
501.000000 122.000000 0.568347 -0.370524
251.000000 123.000000 -0.216663 -0.367384
248.000000 124.000000 -0.226083 -0.364244
259.000000 125.000000 -0.191542 -0.361104
341.000000 125.000000 0.065941 -0.361104
506.000000 125.000000 0.584047 -0.361104
628.000000 125.000000 0.967131 -0.361104
227.000000 126.000000 -0.292023 -0.357964
241.000000 126.000000 -0.248063 -0.357964
588.000000 126.000000 0.841530 -0.357964
560.000000 127.000000 0.753609 -0.354824
551.000000 128.000000 0.725349 -0.351684
631.000000 128.000000 0.976552 -0.351684
486.000000 129.000000 0.521246 -0.348544
627.000000 129.000000 0.963991 -0.348544
554.000000 130.000000 0.734769 -0.345404
625.000000 130.000000 0.957711 -0.345404
242.000000 131.000000 -0.244923 -0.342264
350.000000 131.000000 0.094201 -0.342264
311.000000 132.000000 -0.028260 -0.339124
618.000000 132.000000 0.935731 -0.339124
232.000000 133.000000 -0.276323 -0.335984
611.000000 133.000000 0.913751 -0.335984
243.000000 134.000000 -0.241783 -0.332844
312.000000 134.000000 -0.025120 -0.332844
604.000000 136.000000 0.891771 -0.326564
311.000000 137.000000 -0.028260 -0.323424
328.000000 137.000000 0.025120 -0.323424
479.000000 138.000000 0.499266 -0.320284
527.000000 138.000000 0.649988 -0.320284
307.000000 139.000000 -0.040820 -0.317144
301.000000 140.000000 -0.059661 -0.314004
329.000000 140.000000 0.028260 -0.314004
510.000000 141.000000 0.596607 -0.310864
314.000000 142.000000 -0.018840 -0.307724
589.000000 142.000000 0.844670 -0.307724
620.000000 142.000000 0.942011 -0.307724
636.000000 142.000000 0.992252 -0.307724
457.000000 143.000000 0.430185 -0.304584
507.000000 143.000000 0.587187 -0.304584
519.000000 143.000000 0.624867 -0.304584
606.000000 143.000000 0.898051 -0.304584
314.000000 144.000000 -0.018840 -0.301444
402.000000 144.000000 0.257483 -0.301444
410.000000 144.000000 0.282603 -0.301444
546.000000 145.000000 0.709648 -0.298304
593.000000 146.000000 0.857230 -0.295163
616.000000 146.000000 0.929451 -0.295163
633.000000 146.000000 0.982832 -0.295163
611.000000 147.000000 0.913751 -0.292023
613.000000 147.000000 0.920031 -0.292023
243.000000 148.000000 -0.241783 -0.288883
573.000000 148.000000 0.794429 -0.288883
316.000000 149.000000 -0.012560 -0.285743
332.000000 149.000000 0.037680 -0.285743
446.000000 149.000000 0.395645 -0.285743
585.000000 149.000000 0.832110 -0.285743
620.000000 149.000000 0.942011 -0.285743
248.000000 150.000000 -0.226083 -0.282603
554.000000 150.000000 0.734769 -0.282603
581.000000 150.000000 0.819550 -0.282603
583.000000 150.000000 0.825830 -0.282603
587.000000 150.000000 0.838390 -0.282603
604.000000 150.000000 0.891771 -0.282603
609.000000 150.000000 0.907471 -0.282603
264.000000 151.000000 -0.175842 -0.279463
356.000000 151.000000 0.113041 -0.279463
547.000000 151.000000 0.712788 -0.279463
606.000000 151.000000 0.898051 -0.279463
540.000000 152.000000 0.690808 -0.276323
595.000000 152.000000 0.863510 -0.276323
618.000000 152.000000 0.935731 -0.276323
257.000000 153.000000 -0.197822 -0.273183
318.000000 153.000000 -0.006280 -0.273183
515.000000 153.000000 0.612307 -0.273183
576.000000 153.000000 0.803850 -0.273183
599.000000 153.000000 0.876070 -0.273183
606.000000 153.000000 0.898051 -0.273183
611.000000 153.000000 0.913751 -0.273183
320.000000 154.000000 -0.000000 -0.270043
322.000000 154.000000 0.006280 -0.270043
581.000000 154.000000 0.819550 -0.270043
608.000000 154.000000 0.904331 -0.270043
622.000000 154.000000 0.948291 -0.270043
250.000000 155.000000 -0.219803 -0.266903
502.000000 155.000000 0.571487 -0.266903
540.000000 155.000000 0.690808 -0.266903
565.000000 155.000000 0.769309 -0.266903
573.000000 155.000000 0.794429 -0.266903
578.000000 155.000000 0.810130 -0.266903
586.000000 155.000000 0.835250 -0.266903
615.000000 156.000000 0.926311 -0.263763
623.000000 156.000000 0.951431 -0.263763
437.000000 157.000000 0.367384 -0.260623
602.000000 157.000000 0.885490 -0.260623
231.000000 158.000000 -0.279463 -0.257483
292.000000 158.000000 -0.087921 -0.257483
555.000000 158.000000 0.737909 -0.257483
573.000000 158.000000 0.794429 -0.257483
583.000000 158.000000 0.825830 -0.257483
599.000000 158.000000 0.876070 -0.257483
251.000000 159.000000 -0.216663 -0.254343
289.000000 159.000000 -0.097341 -0.254343
393.000000 159.000000 0.229223 -0.254343
401.000000 159.000000 0.254343 -0.254343
552.000000 159.000000 0.728489 -0.254343
592.000000 159.000000 0.854090 -0.254343
634.000000 159.000000 0.985972 -0.254343
372.000000 160.000000 0.163282 -0.251203
390.000000 160.000000 0.219803 -0.251203
396.000000 160.000000 0.238643 -0.251203
292.000000 161.000000 -0.087921 -0.248063
359.000000 161.000000 0.122461 -0.248063
394.000000 161.000000 0.232363 -0.248063
566.000000 161.000000 0.772449 -0.248063
322.000000 162.000000 0.006280 -0.244923
386.000000 162.000000 0.207242 -0.244923
542.000000 162.000000 0.697088 -0.244923
562.000000 162.000000 0.759889 -0.244923
572.000000 162.000000 0.791289 -0.244923
586.000000 162.000000 0.835250 -0.244923
614.000000 162.000000 0.923171 -0.244923
235.000000 163.000000 -0.266903 -0.241783
380.000000 163.000000 0.188402 -0.241783
539.000000 163.000000 0.687668 -0.241783
567.000000 163.000000 0.775589 -0.241783
635.000000 163.000000 0.989112 -0.241783
403.000000 164.000000 0.260623 -0.238643
556.000000 164.000000 0.741049 -0.238643
558.000000 164.000000 0.747329 -0.238643
564.000000 164.000000 0.766169 -0.238643
233.000000 165.000000 -0.273183 -0.235503
235.000000 165.000000 -0.266903 -0.235503
264.000000 165.000000 -0.175842 -0.235503
355.000000 165.000000 0.109901 -0.235503
376.000000 165.000000 0.175842 -0.235503
380.000000 165.000000 0.188402 -0.235503
576.000000 165.000000 0.803850 -0.235503
612.000000 165.000000 0.916891 -0.235503
322.000000 166.000000 0.006280 -0.232363
396.000000 166.000000 0.238643 -0.232363
529.000000 166.000000 0.656268 -0.232363
557.000000 166.000000 0.744189 -0.232363
573.000000 166.000000 0.794429 -0.232363
630.000000 166.000000 0.973412 -0.232363
253.000000 167.000000 -0.210382 -0.229223
264.000000 167.000000 -0.175842 -0.229223
373.000000 167.000000 0.166422 -0.229223
379.000000 167.000000 0.185262 -0.229223
527.000000 167.000000 0.649988 -0.229223
555.000000 167.000000 0.737909 -0.229223
361.000000 168.000000 0.128742 -0.226083
366.000000 168.000000 0.144442 -0.226083
370.000000 168.000000 0.157002 -0.226083
383.000000 168.000000 0.197822 -0.226083
514.000000 168.000000 0.609167 -0.226083
546.000000 168.000000 0.709648 -0.226083
551.000000 168.000000 0.725349 -0.226083
563.000000 168.000000 0.763029 -0.226083
254.000000 169.000000 -0.207242 -0.222943
262.000000 169.000000 -0.182122 -0.222943
387.000000 169.000000 0.210382 -0.222943
393.000000 169.000000 0.229223 -0.222943
505.000000 169.000000 0.580907 -0.222943
517.000000 169.000000 0.618587 -0.222943
519.000000 169.000000 0.624867 -0.222943
540.000000 169.000000 0.690808 -0.222943
324.000000 170.000000 0.012560 -0.219803
357.000000 170.000000 0.116181 -0.219803
363.000000 170.000000 0.135022 -0.219803
365.000000 170.000000 0.141302 -0.219803
514.000000 170.000000 0.609167 -0.219803
580.000000 170.000000 0.816410 -0.219803
243.000000 171.000000 -0.241783 -0.216663
253.000000 171.000000 -0.210382 -0.216663
380.000000 171.000000 0.188402 -0.216663
542.000000 171.000000 0.697088 -0.216663
591.000000 171.000000 0.850950 -0.216663
351.000000 172.000000 0.097341 -0.213523
357.000000 172.000000 0.116181 -0.213523
615.000000 172.000000 0.926311 -0.213523
626.000000 172.000000 0.960851 -0.213523
297.000000 173.000000 -0.072221 -0.210382
324.000000 173.000000 0.012560 -0.210382
339.000000 173.000000 0.059661 -0.210382
348.000000 173.000000 0.087921 -0.210382
353.000000 173.000000 0.103621 -0.210382
492.000000 173.000000 0.540086 -0.210382
504.000000 173.000000 0.577767 -0.210382
511.000000 173.000000 0.599747 -0.210382
529.000000 173.000000 0.656268 -0.210382
536.000000 173.000000 0.678248 -0.210382
539.000000 173.000000 0.687668 -0.210382
550.000000 173.000000 0.722209 -0.210382
572.000000 173.000000 0.791289 -0.210382
629.000000 173.000000 0.970271 -0.210382
634.000000 173.000000 0.985972 -0.210382
344.000000 174.000000 0.075361 -0.207242
489.000000 174.000000 0.530666 -0.207242
517.000000 174.000000 0.618587 -0.207242
532.000000 174.000000 0.665688 -0.207242
545.000000 174.000000 0.706508 -0.207242
324.000000 175.000000 0.012560 -0.204102
348.000000 175.000000 0.087921 -0.204102
528.000000 175.000000 0.653128 -0.204102
530.000000 175.000000 0.659408 -0.204102
579.000000 175.000000 0.813270 -0.204102
277.000000 176.000000 -0.135022 -0.200962
285.000000 176.000000 -0.109901 -0.200962
327.000000 176.000000 0.021980 -0.200962
335.000000 176.000000 0.047101 -0.200962
343.000000 176.000000 0.072221 -0.200962
395.000000 176.000000 0.235503 -0.200962
403.000000 176.000000 0.260623 -0.200962
454.000000 176.000000 0.420765 -0.200962
518.000000 176.000000 0.621727 -0.200962
526.000000 176.000000 0.646848 -0.200962
560.000000 176.000000 0.753609 -0.200962
268.000000 177.000000 -0.163282 -0.197822
340.000000 177.000000 0.062801 -0.197822
523.000000 177.000000 0.637428 -0.197822
535.000000 177.000000 0.675108 -0.197822
572.000000 177.000000 0.791289 -0.197822
272.000000 178.000000 -0.150722 -0.194682
325.000000 178.000000 0.015700 -0.194682
327.000000 178.000000 0.021980 -0.194682
329.000000 178.000000 0.028260 -0.194682
357.000000 178.000000 0.116181 -0.194682
491.000000 178.000000 0.536946 -0.194682
632.000000 178.000000 0.979692 -0.194682
264.000000 179.000000 -0.175842 -0.191542
278.000000 179.000000 -0.131882 -0.191542
334.000000 179.000000 0.043961 -0.191542
337.000000 179.000000 0.053381 -0.191542
370.000000 179.000000 0.157002 -0.191542
488.000000 179.000000 0.527526 -0.191542
566.000000 179.000000 0.772449 -0.191542
331.000000 180.000000 0.034540 -0.188402
626.000000 180.000000 0.960851 -0.188402
258.000000 181.000000 -0.194682 -0.185262
367.000000 181.000000 0.147582 -0.185262
407.000000 181.000000 0.273183 -0.185262
481.000000 181.000000 0.505546 -0.185262
519.000000 181.000000 0.624867 -0.185262
573.000000 181.000000 0.794429 -0.185262
622.000000 181.000000 0.948291 -0.185262
271.000000 182.000000 -0.153862 -0.182122
285.000000 182.000000 -0.109901 -0.182122
325.000000 182.000000 0.015700 -0.182122
364.000000 182.000000 0.138162 -0.182122
371.000000 182.000000 0.160142 -0.182122
405.000000 182.000000 0.266903 -0.182122
522.000000 182.000000 0.634288 -0.182122
556.000000 182.000000 0.741049 -0.182122
315.000000 183.000000 -0.015700 -0.178982
320.000000 183.000000 -0.000000 -0.178982
376.000000 183.000000 0.175842 -0.178982
475.000000 183.000000 0.486706 -0.178982
477.000000 183.000000 0.492986 -0.178982
495.000000 183.000000 0.549506 -0.178982
539.000000 183.000000 0.687668 -0.178982
602.000000 183.000000 0.885490 -0.178982
630.000000 183.000000 0.973412 -0.178982
259.000000 184.000000 -0.191542 -0.175842
311.000000 184.000000 -0.028260 -0.175842
357.000000 184.000000 0.116181 -0.175842
381.000000 184.000000 0.191542 -0.175842
605.000000 184.000000 0.894911 -0.175842
266.000000 185.000000 -0.169562 -0.172702
334.000000 185.000000 0.043961 -0.172702
498.000000 185.000000 0.558927 -0.172702
575.000000 185.000000 0.800709 -0.172702
271.000000 186.000000 -0.153862 -0.169562
274.000000 186.000000 -0.144442 -0.169562
294.000000 186.000000 -0.081641 -0.169562
301.000000 186.000000 -0.059661 -0.169562
309.000000 186.000000 -0.034540 -0.169562
315.000000 186.000000 -0.015700 -0.169562
350.000000 186.000000 0.094201 -0.169562
368.000000 186.000000 0.150722 -0.169562
487.000000 186.000000 0.524386 -0.169562
493.000000 186.000000 0.543226 -0.169562
496.000000 186.000000 0.552647 -0.169562
312.000000 187.000000 -0.025120 -0.166422
345.000000 187.000000 0.078501 -0.166422
355.000000 187.000000 0.109901 -0.166422
358.000000 187.000000 0.119321 -0.166422
406.000000 187.000000 0.270043 -0.166422
463.000000 187.000000 0.449025 -0.166422
491.000000 187.000000 0.536946 -0.166422
625.000000 187.000000 0.957711 -0.166422
259.000000 188.000000 -0.191542 -0.163282
269.000000 188.000000 -0.160142 -0.163282
288.000000 188.000000 -0.100481 -0.163282
291.000000 188.000000 -0.091061 -0.163282
310.000000 188.000000 -0.031400 -0.163282
330.000000 188.000000 0.031400 -0.163282
351.000000 188.000000 0.097341 -0.163282
409.000000 188.000000 0.279463 -0.163282
432.000000 188.000000 0.351684 -0.163282
502.000000 188.000000 0.571487 -0.163282
521.000000 188.000000 0.631147 -0.163282
538.000000 188.000000 0.684528 -0.163282
301.000000 189.000000 -0.059661 -0.160142
369.000000 189.000000 0.153862 -0.160142
374.000000 189.000000 0.169562 -0.160142
439.000000 189.000000 0.373664 -0.160142
478.000000 189.000000 0.496126 -0.160142
535.000000 189.000000 0.675108 -0.160142
576.000000 189.000000 0.803850 -0.160142
602.000000 189.000000 0.885490 -0.160142
276.000000 190.000000 -0.138162 -0.157002
291.000000 190.000000 -0.091061 -0.157002
313.000000 190.000000 -0.021980 -0.157002
339.000000 190.000000 0.059661 -0.157002
342.000000 190.000000 0.069081 -0.157002
345.000000 190.000000 0.078501 -0.157002
347.000000 190.000000 0.084781 -0.157002
358.000000 190.000000 0.119321 -0.157002
422.000000 190.000000 0.320284 -0.157002
472.000000 190.000000 0.477286 -0.157002
474.000000 190.000000 0.483566 -0.157002
481.000000 190.000000 0.505546 -0.157002
495.000000 190.000000 0.549506 -0.157002
617.000000 190.000000 0.932591 -0.157002
632.000000 190.000000 0.979692 -0.157002
634.000000 190.000000 0.985972 -0.157002
374.000000 191.000000 0.169562 -0.153862
528.000000 191.000000 0.653128 -0.153862
278.000000 192.000000 -0.131882 -0.150722
311.000000 192.000000 -0.028260 -0.150722
319.000000 192.000000 -0.003140 -0.150722
332.000000 192.000000 0.037680 -0.150722
339.000000 192.000000 0.059661 -0.150722
341.000000 192.000000 0.065941 -0.150722
422.000000 192.000000 0.320284 -0.150722
447.000000 192.000000 0.398785 -0.150722
473.000000 192.000000 0.480426 -0.150722
486.000000 192.000000 0.521246 -0.150722
522.000000 192.000000 0.634288 -0.150722
525.000000 192.000000 0.643708 -0.150722
588.000000 192.000000 0.841530 -0.150722
627.000000 192.000000 0.963991 -0.150722
287.000000 193.000000 -0.103621 -0.147582
328.000000 193.000000 0.025120 -0.147582
335.000000 193.000000 0.047101 -0.147582
337.000000 193.000000 0.053381 -0.147582
359.000000 193.000000 0.122461 -0.147582
366.000000 193.000000 0.144442 -0.147582
371.000000 193.000000 0.160142 -0.147582
471.000000 193.000000 0.474146 -0.147582
622.000000 193.000000 0.948291 -0.147582
274.000000 194.000000 -0.144442 -0.144442
326.000000 194.000000 0.018840 -0.144442
332.000000 194.000000 0.037680 -0.144442
440.000000 194.000000 0.376804 -0.144442
462.000000 194.000000 0.445885 -0.144442
468.000000 194.000000 0.464725 -0.144442
569.000000 194.000000 0.781869 -0.144442
589.000000 194.000000 0.844670 -0.144442
618.000000 194.000000 0.935731 -0.144442
321.000000 195.000000 0.003140 -0.141302
363.000000 195.000000 0.135022 -0.141302
372.000000 195.000000 0.163282 -0.141302
411.000000 195.000000 0.285743 -0.141302
435.000000 195.000000 0.361104 -0.141302
523.000000 195.000000 0.637428 -0.141302
620.000000 195.000000 0.942011 -0.141302
278.000000 196.000000 -0.131882 -0.138162
312.000000 196.000000 -0.025120 -0.138162
325.000000 196.000000 0.015700 -0.138162
332.000000 196.000000 0.037680 -0.138162
335.000000 196.000000 0.047101 -0.138162
358.000000 196.000000 0.119321 -0.138162
374.000000 196.000000 0.169562 -0.138162
460.000000 196.000000 0.439605 -0.138162
476.000000 196.000000 0.489846 -0.138162
497.000000 196.000000 0.555787 -0.138162
501.000000 196.000000 0.568347 -0.138162
561.000000 196.000000 0.756749 -0.138162
577.000000 196.000000 0.806990 -0.138162
582.000000 196.000000 0.822690 -0.138162
268.000000 197.000000 -0.163282 -0.135022
287.000000 197.000000 -0.103621 -0.135022
314.000000 197.000000 -0.018840 -0.135022
322.000000 197.000000 0.006280 -0.135022
351.000000 197.000000 0.097341 -0.135022
355.000000 197.000000 0.109901 -0.135022
372.000000 197.000000 0.163282 -0.135022
458.000000 197.000000 0.433325 -0.135022
472.000000 197.000000 0.477286 -0.135022
300.000000 198.000000 -0.062801 -0.131882
319.000000 198.000000 -0.003140 -0.131882
366.000000 198.000000 0.144442 -0.131882
376.000000 198.000000 0.175842 -0.131882
409.000000 198.000000 0.279463 -0.131882
435.000000 198.000000 0.361104 -0.131882
438.000000 198.000000 0.370524 -0.131882
453.000000 198.000000 0.417625 -0.131882
456.000000 198.000000 0.427045 -0.131882
469.000000 198.000000 0.467866 -0.131882
555.000000 198.000000 0.737909 -0.131882
253.000000 199.000000 -0.210382 -0.128742
267.000000 199.000000 -0.166422 -0.128742
287.000000 199.000000 -0.103621 -0.128742
295.000000 199.000000 -0.078501 -0.128742
297.000000 199.000000 -0.072221 -0.128742
310.000000 199.000000 -0.031400 -0.128742
317.000000 199.000000 -0.009420 -0.128742
334.000000 199.000000 0.043961 -0.128742
368.000000 199.000000 0.150722 -0.128742
445.000000 199.000000 0.392505 -0.128742
466.000000 199.000000 0.458445 -0.128742
486.000000 199.000000 0.521246 -0.128742
603.000000 199.000000 0.888631 -0.128742
608.000000 199.000000 0.904331 -0.128742
262.000000 200.000000 -0.182122 -0.125601
305.000000 200.000000 -0.047101 -0.125601
313.000000 200.000000 -0.021980 -0.125601
362.000000 200.000000 0.131882 -0.125601
377.000000 200.000000 0.178982 -0.125601
411.000000 200.000000 0.285743 -0.125601
448.000000 200.000000 0.401925 -0.125601
461.000000 200.000000 0.442745 -0.125601
464.000000 200.000000 0.452165 -0.125601
483.000000 200.000000 0.511826 -0.125601
523.000000 200.000000 0.637428 -0.125601
545.000000 200.000000 0.706508 -0.125601
566.000000 200.000000 0.772449 -0.125601
572.000000 200.000000 0.791289 -0.125601
245.000000 201.000000 -0.235503 -0.122461
257.000000 201.000000 -0.197822 -0.122461
269.000000 201.000000 -0.160142 -0.122461
297.000000 201.000000 -0.072221 -0.122461
302.000000 201.000000 -0.056521 -0.122461
338.000000 201.000000 0.056521 -0.122461
344.000000 201.000000 0.075361 -0.122461
437.000000 201.000000 0.367384 -0.122461
439.000000 201.000000 0.373664 -0.122461
457.000000 201.000000 0.430185 -0.122461
579.000000 201.000000 0.813270 -0.122461
598.000000 201.000000 0.872930 -0.122461
254.000000 202.000000 -0.207242 -0.119321
263.000000 202.000000 -0.178982 -0.119321
334.000000 202.000000 0.043961 -0.119321
453.000000 202.000000 0.417625 -0.119321
525.000000 202.000000 0.643708 -0.119321
596.000000 202.000000 0.866650 -0.119321
248.000000 203.000000 -0.226083 -0.116181
309.000000 203.000000 -0.034540 -0.116181
378.000000 203.000000 0.182122 -0.116181
438.000000 203.000000 0.370524 -0.116181
450.000000 203.000000 0.408205 -0.116181
585.000000 203.000000 0.832110 -0.116181
600.000000 203.000000 0.879210 -0.116181
243.000000 204.000000 -0.241783 -0.113041
271.000000 204.000000 -0.153862 -0.113041
277.000000 204.000000 -0.135022 -0.113041
280.000000 204.000000 -0.125601 -0.113041
297.000000 204.000000 -0.072221 -0.113041
299.000000 204.000000 -0.065941 -0.113041
303.000000 204.000000 -0.053381 -0.113041
334.000000 204.000000 0.043961 -0.113041
393.000000 204.000000 0.229223 -0.113041
396.000000 204.000000 0.238643 -0.113041
524.000000 204.000000 0.640568 -0.113041
289.000000 205.000000 -0.097341 -0.109901
331.000000 205.000000 0.034540 -0.109901
340.000000 205.000000 0.062801 -0.109901
356.000000 205.000000 0.113041 -0.109901
414.000000 205.000000 0.295163 -0.109901
437.000000 205.000000 0.367384 -0.109901
447.000000 205.000000 0.398785 -0.109901
482.000000 205.000000 0.508686 -0.109901
534.000000 205.000000 0.671968 -0.109901
580.000000 205.000000 0.816410 -0.109901
241.000000 206.000000 -0.248063 -0.106761
244.000000 206.000000 -0.238643 -0.106761
264.000000 206.000000 -0.175842 -0.106761
271.000000 206.000000 -0.153862 -0.106761
280.000000 206.000000 -0.125601 -0.106761
286.000000 206.000000 -0.106761 -0.106761
358.000000 206.000000 0.119321 -0.106761
369.000000 206.000000 0.153862 -0.106761
445.000000 206.000000 0.392505 -0.106761
458.000000 206.000000 0.433325 -0.106761
480.000000 206.000000 0.502406 -0.106761
525.000000 206.000000 0.643708 -0.106761
590.000000 206.000000 0.847810 -0.106761
268.000000 207.000000 -0.163282 -0.103621
312.000000 207.000000 -0.025120 -0.103621
324.000000 207.000000 0.012560 -0.103621
404.000000 207.000000 0.263763 -0.103621
439.000000 207.000000 0.373664 -0.103621
461.000000 207.000000 0.442745 -0.103621
527.000000 207.000000 0.649988 -0.103621
237.000000 208.000000 -0.260623 -0.100481
245.000000 208.000000 -0.235503 -0.100481
280.000000 208.000000 -0.125601 -0.100481
285.000000 208.000000 -0.109901 -0.100481
315.000000 208.000000 -0.015700 -0.100481
320.000000 208.000000 -0.000000 -0.100481
347.000000 208.000000 0.084781 -0.100481
401.000000 208.000000 0.254343 -0.100481
416.000000 208.000000 0.301444 -0.100481
459.000000 208.000000 0.436465 -0.100481
231.000000 209.000000 -0.279463 -0.097341
234.000000 209.000000 -0.270043 -0.097341
254.000000 209.000000 -0.207242 -0.097341
261.000000 209.000000 -0.185262 -0.097341
311.000000 209.000000 -0.028260 -0.097341
317.000000 209.000000 -0.009420 -0.097341
342.000000 209.000000 0.069081 -0.097341
226.000000 210.000000 -0.295163 -0.094201
258.000000 210.000000 -0.194682 -0.094201
285.000000 210.000000 -0.109901 -0.094201
313.000000 210.000000 -0.021980 -0.094201
394.000000 210.000000 0.232363 -0.094201
451.000000 210.000000 0.411345 -0.094201
466.000000 210.000000 0.458445 -0.094201
247.000000 211.000000 -0.229223 -0.091061
270.000000 211.000000 -0.157002 -0.091061
279.000000 211.000000 -0.128742 -0.091061
332.000000 211.000000 0.037680 -0.091061
441.000000 211.000000 0.379945 -0.091061
444.000000 211.000000 0.389365 -0.091061
448.000000 211.000000 0.401925 -0.091061
459.000000 211.000000 0.436465 -0.091061
463.000000 211.000000 0.449025 -0.091061
490.000000 211.000000 0.533806 -0.091061
221.000000 212.000000 -0.310864 -0.087921
224.000000 212.000000 -0.301444 -0.087921
240.000000 212.000000 -0.251203 -0.087921
266.000000 212.000000 -0.169562 -0.087921
308.000000 212.000000 -0.037680 -0.087921
316.000000 212.000000 -0.012560 -0.087921
328.000000 212.000000 0.025120 -0.087921
388.000000 212.000000 0.213523 -0.087921
288.000000 213.000000 -0.100481 -0.084781
441.000000 213.000000 0.379945 -0.084781
528.000000 213.000000 0.653128 -0.084781
259.000000 214.000000 -0.191542 -0.081641
302.000000 214.000000 -0.056521 -0.081641
439.000000 214.000000 0.373664 -0.081641
455.000000 214.000000 0.423905 -0.081641
627.000000 214.000000 0.963991 -0.081641
255.000000 215.000000 -0.204102 -0.078501
315.000000 215.000000 -0.015700 -0.078501
318.000000 215.000000 -0.006280 -0.078501
321.000000 215.000000 0.003140 -0.078501
325.000000 215.000000 0.015700 -0.078501
359.000000 215.000000 0.122461 -0.078501
361.000000 215.000000 0.128742 -0.078501
215.000000 216.000000 -0.329704 -0.075361
218.000000 216.000000 -0.320284 -0.075361
231.000000 216.000000 -0.279463 -0.075361
263.000000 216.000000 -0.178982 -0.075361
331.000000 216.000000 0.034540 -0.075361
366.000000 216.000000 0.144442 -0.075361
391.000000 216.000000 0.222943 -0.075361
521.000000 216.000000 0.631147 -0.075361
313.000000 217.000000 -0.021980 -0.072221
323.000000 217.000000 0.009420 -0.072221
528.000000 217.000000 0.653128 -0.072221
253.000000 218.000000 -0.210382 -0.069081
308.000000 218.000000 -0.037680 -0.069081
316.000000 218.000000 -0.012560 -0.069081
325.000000 218.000000 0.015700 -0.069081
336.000000 218.000000 0.050241 -0.069081
350.000000 218.000000 0.094201 -0.069081
491.000000 218.000000 0.536946 -0.069081
272.000000 219.000000 -0.150722 -0.065941
306.000000 219.000000 -0.043961 -0.065941
332.000000 219.000000 0.037680 -0.065941
362.000000 219.000000 0.131882 -0.065941
441.000000 219.000000 0.379945 -0.065941
224.000000 220.000000 -0.301444 -0.062801
258.000000 220.000000 -0.194682 -0.062801
283.000000 220.000000 -0.116181 -0.062801
285.000000 220.000000 -0.109901 -0.062801
303.000000 220.000000 -0.053381 -0.062801
309.000000 220.000000 -0.034540 -0.062801
344.000000 220.000000 0.075361 -0.062801
347.000000 220.000000 0.084781 -0.062801
461.000000 220.000000 0.442745 -0.062801
480.000000 220.000000 0.502406 -0.062801
272.000000 221.000000 -0.150722 -0.059661
323.000000 221.000000 0.009420 -0.059661
360.000000 221.000000 0.125601 -0.059661
446.000000 221.000000 0.395645 -0.059661
483.000000 221.000000 0.511826 -0.059661
529.000000 221.000000 0.656268 -0.059661
218.000000 222.000000 -0.320284 -0.056521
300.000000 222.000000 -0.062801 -0.056521
479.000000 222.000000 0.499266 -0.056521
531.000000 222.000000 0.662548 -0.056521
273.000000 223.000000 -0.147582 -0.053381
297.000000 223.000000 -0.072221 -0.053381
334.000000 223.000000 0.043961 -0.053381
420.000000 223.000000 0.314004 -0.053381
494.000000 223.000000 0.546366 -0.053381
527.000000 223.000000 0.649988 -0.053381
330.000000 224.000000 0.031400 -0.050241
341.000000 224.000000 0.065941 -0.050241
473.000000 224.000000 0.480426 -0.050241
283.000000 225.000000 -0.116181 -0.047101
301.000000 225.000000 -0.059661 -0.047101
443.000000 225.000000 0.386225 -0.047101
470.000000 225.000000 0.471006 -0.047101
510.000000 225.000000 0.596607 -0.047101
588.000000 225.000000 0.841530 -0.047101
383.000000 226.000000 0.197822 -0.043961
514.000000 226.000000 0.609167 -0.043961
517.000000 226.000000 0.618587 -0.043961
585.000000 226.000000 0.832110 -0.043961
590.000000 226.000000 0.847810 -0.043961
287.000000 227.000000 -0.103621 -0.040820
315.000000 227.000000 -0.015700 -0.040820
323.000000 227.000000 0.009420 -0.040820
332.000000 227.000000 0.037680 -0.040820
362.000000 227.000000 0.131882 -0.040820
463.000000 227.000000 0.449025 -0.040820
512.000000 227.000000 0.602887 -0.040820
344.000000 228.000000 0.075361 -0.037680
349.000000 228.000000 0.091061 -0.037680
352.000000 228.000000 0.100481 -0.037680
357.000000 228.000000 0.116181 -0.037680
585.000000 228.000000 0.832110 -0.037680
271.000000 229.000000 -0.153862 -0.034540
364.000000 229.000000 0.138162 -0.034540
421.000000 229.000000 0.317144 -0.034540
457.000000 229.000000 0.430185 -0.034540
581.000000 229.000000 0.819550 -0.034540
257.000000 230.000000 -0.197822 -0.031400
294.000000 230.000000 -0.081641 -0.031400
299.000000 230.000000 -0.065941 -0.031400
335.000000 230.000000 0.047101 -0.031400
337.000000 230.000000 0.053381 -0.031400
339.000000 230.000000 0.059661 -0.031400
376.000000 230.000000 0.175842 -0.031400
262.000000 231.000000 -0.182122 -0.028260
318.000000 231.000000 -0.006280 -0.028260
328.000000 231.000000 0.025120 -0.028260
330.000000 231.000000 0.031400 -0.028260
371.000000 231.000000 0.160142 -0.028260
500.000000 231.000000 0.565207 -0.028260
272.000000 232.000000 -0.150722 -0.025120
315.000000 232.000000 -0.015700 -0.025120
336.000000 232.000000 0.050241 -0.025120
364.000000 232.000000 0.138162 -0.025120
422.000000 232.000000 0.320284 -0.025120
445.000000 232.000000 0.392505 -0.025120
274.000000 234.000000 -0.144442 -0.018840
492.000000 234.000000 0.540086 -0.018840
297.000000 235.000000 -0.072221 -0.015700
336.000000 235.000000 0.050241 -0.015700
462.000000 235.000000 0.445885 -0.015700
274.000000 236.000000 -0.144442 -0.012560
364.000000 236.000000 0.138162 -0.012560
423.000000 236.000000 0.323424 -0.012560
548.000000 236.000000 0.715928 -0.012560
290.000000 237.000000 -0.094201 -0.009420
337.000000 237.000000 0.053381 -0.009420
297.000000 238.000000 -0.072221 -0.006280
415.000000 238.000000 0.298304 -0.006280
551.000000 238.000000 0.725349 -0.006280
260.000000 239.000000 -0.188402 -0.003140
277.000000 239.000000 -0.135022 -0.003140
295.000000 239.000000 -0.078501 -0.003140
424.000000 239.000000 0.326564 -0.003140
430.000000 239.000000 0.345404 -0.003140
447.000000 239.000000 0.398785 -0.003140
451.000000 239.000000 0.411345 -0.003140
483.000000 239.000000 0.511826 -0.003140
485.000000 239.000000 0.518106 -0.003140
271.000000 240.000000 -0.153862 0.000000
318.000000 240.000000 -0.006280 0.000000
326.000000 240.000000 0.018840 0.000000
328.000000 240.000000 0.025120 0.000000
422.000000 240.000000 0.320284 0.000000
476.000000 240.000000 0.489846 0.000000
547.000000 240.000000 0.712788 0.000000
277.000000 241.000000 -0.135022 0.003140
288.000000 241.000000 -0.100481 0.003140
293.000000 241.000000 -0.084781 0.003140
297.000000 241.000000 -0.072221 0.003140
361.000000 241.000000 0.128742 0.003140
366.000000 241.000000 0.144442 0.003140
447.000000 241.000000 0.398785 0.003140
471.000000 241.000000 0.474146 0.003140
255.000000 242.000000 -0.204102 0.006280
425.000000 242.000000 0.329704 0.006280
437.000000 242.000000 0.367384 0.006280
292.000000 243.000000 -0.087921 0.009420
313.000000 243.000000 -0.021980 0.009420
427.000000 243.000000 0.335984 0.009420
536.000000 243.000000 0.678248 0.009420
327.000000 244.000000 0.021980 0.012560
350.000000 244.000000 0.094201 0.012560
454.000000 244.000000 0.420765 0.012560
282.000000 245.000000 -0.119321 0.015700
299.000000 245.000000 -0.065941 0.015700
340.000000 245.000000 0.062801 0.015700
362.000000 245.000000 0.131882 0.015700
382.000000 245.000000 0.194682 0.015700
448.000000 245.000000 0.401925 0.015700
520.000000 245.000000 0.628007 0.015700
523.000000 245.000000 0.637428 0.015700
238.000000 246.000000 -0.257483 0.018840
266.000000 246.000000 -0.169562 0.018840
279.000000 246.000000 -0.128742 0.018840
343.000000 246.000000 0.072221 0.018840
353.000000 246.000000 0.103621 0.018840
292.000000 247.000000 -0.087921 0.021980
309.000000 247.000000 -0.034540 0.021980
373.000000 247.000000 0.166422 0.021980
424.000000 247.000000 0.326564 0.021980
452.000000 247.000000 0.414485 0.021980
517.000000 247.000000 0.618587 0.021980
528.000000 247.000000 0.653128 0.021980
284.000000 248.000000 -0.113041 0.025120
294.000000 248.000000 -0.081641 0.025120
410.000000 248.000000 0.282603 0.025120
447.000000 248.000000 0.398785 0.025120
590.000000 248.000000 0.847810 0.025120
317.000000 249.000000 -0.009420 0.028260
352.000000 249.000000 0.100481 0.028260
376.000000 249.000000 0.175842 0.028260
426.000000 249.000000 0.332844 0.028260
570.000000 249.000000 0.785009 0.028260
306.000000 250.000000 -0.043961 0.031400
311.000000 250.000000 -0.028260 0.031400
341.000000 250.000000 0.065941 0.031400
417.000000 250.000000 0.304584 0.031400
423.000000 250.000000 0.323424 0.031400
283.000000 251.000000 -0.116181 0.034540
377.000000 251.000000 0.178982 0.034540
216.000000 252.000000 -0.326564 0.037680
259.000000 252.000000 -0.191542 0.037680
293.000000 252.000000 -0.084781 0.037680
342.000000 252.000000 0.069081 0.037680
370.000000 252.000000 0.157002 0.037680
422.000000 252.000000 0.320284 0.037680
437.000000 252.000000 0.367384 0.037680
432.000000 253.000000 0.351684 0.040820
434.000000 253.000000 0.357964 0.040820
575.000000 253.000000 0.800709 0.040820
577.000000 253.000000 0.806990 0.040820
311.000000 254.000000 -0.028260 0.043961
410.000000 254.000000 0.282603 0.043961
249.000000 255.000000 -0.222943 0.047101
414.000000 255.000000 0.295163 0.047101
492.000000 255.000000 0.540086 0.047101
600.000000 255.000000 0.879210 0.047101
219.000000 256.000000 -0.317144 0.050241
294.000000 256.000000 -0.081641 0.050241
300.000000 256.000000 -0.062801 0.050241
316.000000 256.000000 -0.012560 0.050241
353.000000 256.000000 0.103621 0.050241
359.000000 256.000000 0.122461 0.050241
371.000000 256.000000 0.160142 0.050241
404.000000 256.000000 0.263763 0.050241
428.000000 256.000000 0.339124 0.050241
612.000000 256.000000 0.916891 0.050241
242.000000 257.000000 -0.244923 0.053381
423.000000 257.000000 0.323424 0.053381
484.000000 257.000000 0.514966 0.053381
621.000000 257.000000 0.945151 0.053381
624.000000 257.000000 0.954571 0.053381
219.000000 258.000000 -0.317144 0.056521
238.000000 258.000000 -0.257483 0.056521
294.000000 258.000000 -0.081641 0.056521
310.000000 258.000000 -0.031400 0.056521
326.000000 258.000000 0.018840 0.056521
398.000000 258.000000 0.244923 0.056521
635.000000 258.000000 0.989112 0.056521
195.000000 259.000000 -0.392505 0.059661
210.000000 259.000000 -0.345404 0.059661
215.000000 259.000000 -0.329704 0.059661
234.000000 259.000000 -0.270043 0.059661
323.000000 259.000000 0.009420 0.059661
476.000000 259.000000 0.489846 0.059661
478.000000 259.000000 0.496126 0.059661
232.000000 260.000000 -0.276323 0.062801
326.000000 260.000000 0.018840 0.062801
353.000000 260.000000 0.103621 0.062801
196.000000 261.000000 -0.389365 0.065941
277.000000 261.000000 -0.135022 0.065941
294.000000 261.000000 -0.081641 0.065941
317.000000 261.000000 -0.009420 0.065941
388.000000 261.000000 0.213523 0.065941
229.000000 262.000000 -0.285743 0.069081
245.000000 262.000000 -0.235503 0.069081
373.000000 262.000000 0.166422 0.069081
471.000000 262.000000 0.474146 0.069081
197.000000 263.000000 -0.386225 0.072221
310.000000 263.000000 -0.031400 0.072221
317.000000 263.000000 -0.009420 0.072221
320.000000 263.000000 -0.000000 0.072221
466.000000 263.000000 0.458445 0.072221
632.000000 263.000000 0.979692 0.072221
199.000000 264.000000 -0.379945 0.075361
222.000000 264.000000 -0.307724 0.075361
292.000000 264.000000 -0.087921 0.075361
307.000000 264.000000 -0.040820 0.075361
314.000000 264.000000 -0.018840 0.075361
326.000000 264.000000 0.018840 0.075361
623.000000 264.000000 0.951431 0.075361
197.000000 265.000000 -0.386225 0.078501
229.000000 265.000000 -0.285743 0.078501
323.000000 265.000000 0.009420 0.078501
345.000000 265.000000 0.078501 0.078501
348.000000 265.000000 0.087921 0.078501
373.000000 265.000000 0.166422 0.078501
381.000000 265.000000 0.191542 0.078501
456.000000 266.000000 0.427045 0.081641
458.000000 266.000000 0.433325 0.081641
298.000000 267.000000 -0.069081 0.084781
349.000000 267.000000 0.091061 0.084781
623.000000 267.000000 0.951431 0.084781
294.000000 268.000000 -0.081641 0.087921
452.000000 268.000000 0.414485 0.087921
298.000000 269.000000 -0.069081 0.091061
350.000000 269.000000 0.094201 0.091061
149.000000 270.000000 -0.536946 0.094201
199.000000 270.000000 -0.379945 0.094201
316.000000 270.000000 -0.012560 0.094201
579.000000 270.000000 0.813270 0.094201
614.000000 270.000000 0.923171 0.094201
201.000000 271.000000 -0.373664 0.097341
206.000000 271.000000 -0.357964 0.097341
608.000000 271.000000 0.904331 0.097341
149.000000 272.000000 -0.536946 0.100481
285.000000 272.000000 -0.109901 0.100481
317.000000 272.000000 -0.009420 0.100481
385.000000 272.000000 0.204102 0.100481
135.000000 273.000000 -0.580907 0.103621
200.000000 273.000000 -0.376804 0.103621
206.000000 273.000000 -0.357964 0.103621
290.000000 273.000000 -0.094201 0.103621
371.000000 273.000000 0.160142 0.103621
605.000000 273.000000 0.894911 0.103621
132.000000 274.000000 -0.590327 0.106761
204.000000 274.000000 -0.364244 0.106761
210.000000 274.000000 -0.345404 0.106761
358.000000 274.000000 0.119321 0.106761
436.000000 274.000000 0.364244 0.106761
140.000000 275.000000 -0.565207 0.109901
147.000000 275.000000 -0.543226 0.109901
194.000000 275.000000 -0.395645 0.109901
202.000000 275.000000 -0.370524 0.109901
311.000000 275.000000 -0.028260 0.109901
388.000000 275.000000 0.213523 0.109901
137.000000 276.000000 -0.574627 0.113041
151.000000 276.000000 -0.530666 0.113041
192.000000 276.000000 -0.401925 0.113041
199.000000 276.000000 -0.379945 0.113041
221.000000 276.000000 -0.310864 0.113041
354.000000 276.000000 0.106761 0.113041
433.000000 276.000000 0.354824 0.113041
593.000000 276.000000 0.857230 0.113041
204.000000 277.000000 -0.364244 0.116181
187.000000 278.000000 -0.417625 0.119321
194.000000 278.000000 -0.395645 0.119321
268.000000 278.000000 -0.163282 0.119321
276.000000 278.000000 -0.138162 0.119321
348.000000 278.000000 0.087921 0.119321
427.000000 278.000000 0.335984 0.119321
126.000000 279.000000 -0.609167 0.122461
182.000000 279.000000 -0.433325 0.122461
424.000000 279.000000 0.326564 0.122461
585.000000 279.000000 0.832110 0.122461
587.000000 279.000000 0.838390 0.122461
119.000000 280.000000 -0.631147 0.125601
149.000000 280.000000 -0.536946 0.125601
151.000000 280.000000 -0.530666 0.125601
209.000000 280.000000 -0.348544 0.125601
234.000000 280.000000 -0.270043 0.125601
342.000000 280.000000 0.069081 0.125601
395.000000 280.000000 0.235503 0.125601
123.000000 281.000000 -0.618587 0.128742
130.000000 281.000000 -0.596607 0.128742
277.000000 281.000000 -0.135022 0.128742
324.000000 281.000000 0.012560 0.128742
340.000000 281.000000 0.062801 0.128742
579.000000 281.000000 0.813270 0.128742
150.000000 282.000000 -0.533806 0.131882
175.000000 282.000000 -0.455305 0.131882
308.000000 282.000000 -0.037680 0.131882
319.000000 282.000000 -0.003140 0.131882
334.000000 282.000000 0.043961 0.131882
338.000000 282.000000 0.056521 0.131882
343.000000 282.000000 0.072221 0.131882
354.000000 282.000000 0.106761 0.131882
380.000000 282.000000 0.188402 0.131882
210.000000 283.000000 -0.345404 0.135022
348.000000 283.000000 0.087921 0.135022
352.000000 283.000000 0.100481 0.135022
169.000000 284.000000 -0.474146 0.138162
279.000000 284.000000 -0.128742 0.138162
294.000000 284.000000 -0.081641 0.138162
304.000000 284.000000 -0.050241 0.138162
321.000000 284.000000 0.003140 0.138162
392.000000 284.000000 0.226083 0.138162
567.000000 284.000000 0.775589 0.138162
175.000000 285.000000 -0.455305 0.141302
335.000000 285.000000 0.047101 0.141302
405.000000 285.000000 0.266903 0.141302
120.000000 286.000000 -0.628007 0.144442
128.000000 286.000000 -0.602887 0.144442
178.000000 286.000000 -0.445885 0.144442
210.000000 286.000000 -0.345404 0.144442
124.000000 287.000000 -0.615447 0.147582
280.000000 287.000000 -0.125601 0.147582
300.000000 287.000000 -0.062801 0.147582
340.000000 287.000000 0.062801 0.147582
406.000000 287.000000 0.270043 0.147582
332.000000 288.000000 0.037680 0.150722
408.000000 288.000000 0.276323 0.150722
171.000000 289.000000 -0.467866 0.153862
237.000000 289.000000 -0.260623 0.153862
410.000000 289.000000 0.282603 0.153862
365.000000 290.000000 0.141302 0.157002
413.000000 290.000000 0.292023 0.157002
550.000000 290.000000 0.722209 0.157002
228.000000 291.000000 -0.288883 0.160142
292.000000 291.000000 -0.087921 0.160142
128.000000 292.000000 -0.602887 0.163282
312.000000 292.000000 -0.025120 0.163282
416.000000 292.000000 0.301444 0.163282
154.000000 293.000000 -0.521246 0.166422
296.000000 294.000000 -0.075361 0.169562
313.000000 294.000000 -0.021980 0.169562
315.000000 295.000000 -0.015700 0.172702
618.000000 295.000000 0.935731 0.172702
128.000000 296.000000 -0.602887 0.175842
202.000000 296.000000 -0.370524 0.175842
237.000000 297.000000 -0.260623 0.178982
526.000000 298.000000 0.646848 0.182122
86.000000 299.000000 -0.734769 0.185262
132.000000 300.000000 -0.590327 0.188402
140.000000 300.000000 -0.565207 0.188402
291.000000 300.000000 -0.091061 0.188402
300.000000 301.000000 -0.062801 0.191542
328.000000 301.000000 0.025120 0.191542
507.000000 302.000000 0.587187 0.194682
145.000000 303.000000 -0.549506 0.197822
231.000000 303.000000 -0.279463 0.197822
255.000000 303.000000 -0.204102 0.197822
510.000000 303.000000 0.596607 0.197822
136.000000 304.000000 -0.577767 0.200962
280.000000 304.000000 -0.125601 0.200962
291.000000 304.000000 -0.091061 0.200962
505.000000 305.000000 0.580907 0.204102
92.000000 306.000000 -0.715928 0.207242
117.000000 306.000000 -0.637428 0.207242
217.000000 306.000000 -0.323424 0.207242
219.000000 306.000000 -0.317144 0.207242
70.000000 307.000000 -0.785009 0.210382
81.000000 307.000000 -0.750469 0.210382
86.000000 307.000000 -0.734769 0.210382
159.000000 307.000000 -0.505546 0.210382
286.000000 307.000000 -0.106761 0.210382
311.000000 307.000000 -0.028260 0.210382
500.000000 307.000000 0.565207 0.210382
89.000000 308.000000 -0.725349 0.213523
96.000000 308.000000 -0.703368 0.213523
293.000000 308.000000 -0.084781 0.213523
498.000000 308.000000 0.558927 0.213523
65.000000 309.000000 -0.800709 0.216663
212.000000 309.000000 -0.339124 0.216663
287.000000 309.000000 -0.103621 0.216663
290.000000 309.000000 -0.094201 0.216663
59.000000 310.000000 -0.819550 0.219803
61.000000 310.000000 -0.813270 0.219803
78.000000 310.000000 -0.759889 0.219803
220.000000 310.000000 -0.314004 0.219803
250.000000 310.000000 -0.219803 0.219803
272.000000 310.000000 -0.150722 0.219803
56.000000 311.000000 -0.828970 0.222943
119.000000 311.000000 -0.631147 0.222943
240.000000 311.000000 -0.251203 0.222943
285.000000 311.000000 -0.109901 0.222943
293.000000 311.000000 -0.084781 0.222943
52.000000 312.000000 -0.841530 0.226083
71.000000 312.000000 -0.781869 0.226083
89.000000 312.000000 -0.725349 0.226083
159.000000 312.000000 -0.505546 0.226083
220.000000 312.000000 -0.314004 0.226083
266.000000 312.000000 -0.169562 0.226083
222.000000 313.000000 -0.307724 0.229223
41.000000 314.000000 -0.876070 0.232363
52.000000 314.000000 -0.841530 0.232363
65.000000 314.000000 -0.800709 0.232363
215.000000 314.000000 -0.329704 0.232363
368.000000 314.000000 0.150722 0.232363
47.000000 315.000000 -0.857230 0.235503
151.000000 315.000000 -0.530666 0.235503
58.000000 316.000000 -0.822690 0.238643
211.000000 316.000000 -0.342264 0.238643
295.000000 316.000000 -0.078501 0.238643
91.000000 317.000000 -0.719069 0.241783
293.000000 317.000000 -0.084781 0.241783
49.000000 318.000000 -0.850950 0.244923
238.000000 318.000000 -0.257483 0.244923
85.000000 319.000000 -0.737909 0.248063
211.000000 319.000000 -0.342264 0.248063
214.000000 319.000000 -0.332844 0.248063
291.000000 319.000000 -0.091061 0.248063
163.000000 320.000000 -0.492986 0.251203
223.000000 320.000000 -0.304584 0.251203
293.000000 320.000000 -0.084781 0.251203
296.000000 320.000000 -0.075361 0.251203
211.000000 322.000000 -0.342264 0.257483
214.000000 322.000000 -0.332844 0.257483
595.000000 322.000000 0.863510 0.257483
44.000000 323.000000 -0.866650 0.260623
50.000000 323.000000 -0.847810 0.260623
92.000000 323.000000 -0.715928 0.260623
164.000000 323.000000 -0.489846 0.260623
160.000000 324.000000 -0.502406 0.263763
213.000000 324.000000 -0.335984 0.263763
207.000000 325.000000 -0.354824 0.266903
246.000000 325.000000 -0.232363 0.266903
480.000000 325.000000 0.502406 0.266903
210.000000 326.000000 -0.345404 0.270043
50.000000 327.000000 -0.847810 0.273183
93.000000 327.000000 -0.712788 0.273183
215.000000 327.000000 -0.329704 0.273183
291.000000 327.000000 -0.091061 0.273183
154.000000 328.000000 -0.521246 0.276323
282.000000 328.000000 -0.119321 0.276323
489.000000 328.000000 0.530666 0.276323
214.000000 329.000000 -0.332844 0.279463
293.000000 329.000000 -0.084781 0.279463
483.000000 329.000000 0.511826 0.279463
55.000000 330.000000 -0.832110 0.282603
59.000000 330.000000 -0.819550 0.282603
218.000000 331.000000 -0.320284 0.285743
483.000000 331.000000 0.511826 0.285743
486.000000 331.000000 0.521246 0.285743
64.000000 333.000000 -0.803850 0.292023
72.000000 333.000000 -0.778729 0.292023
75.000000 334.000000 -0.769309 0.295163
164.000000 334.000000 -0.489846 0.295163
210.000000 334.000000 -0.345404 0.295163
281.000000 334.000000 -0.122461 0.295163
289.000000 335.000000 -0.097341 0.298304
493.000000 335.000000 0.543226 0.298304
57.000000 336.000000 -0.825830 0.301444
59.000000 336.000000 -0.819550 0.301444
213.000000 336.000000 -0.335984 0.301444
55.000000 337.000000 -0.832110 0.304584
49.000000 338.000000 -0.850950 0.307724
498.000000 338.000000 0.558927 0.307724
129.000000 341.000000 -0.599747 0.317144
131.000000 341.000000 -0.593467 0.317144
133.000000 341.000000 -0.587187 0.317144
206.000000 341.000000 -0.357964 0.317144
505.000000 342.000000 0.580907 0.320284
42.000000 343.000000 -0.872930 0.323424
40.000000 344.000000 -0.879210 0.326564
460.000000 344.000000 0.439605 0.326564
38.000000 345.000000 -0.885490 0.329704
168.000000 345.000000 -0.477286 0.329704
464.000000 345.000000 0.452165 0.329704
471.000000 345.000000 0.474146 0.329704
512.000000 345.000000 0.602887 0.329704
480.000000 346.000000 0.502406 0.332844
162.000000 347.000000 -0.496126 0.335984
168.000000 347.000000 -0.477286 0.335984
457.000000 347.000000 0.430185 0.335984
475.000000 347.000000 0.486706 0.335984
518.000000 347.000000 0.621727 0.335984
29.000000 348.000000 -0.913751 0.339124
459.000000 348.000000 0.436465 0.339124
485.000000 348.000000 0.518106 0.339124
491.000000 348.000000 0.536946 0.339124
496.000000 348.000000 0.552647 0.339124
27.000000 349.000000 -0.920031 0.342264
289.000000 349.000000 -0.097341 0.342264
292.000000 349.000000 -0.087921 0.342264
472.000000 349.000000 0.477286 0.342264
501.000000 349.000000 0.568347 0.342264
507.000000 349.000000 0.587187 0.342264
295.000000 350.000000 -0.078501 0.345404
512.000000 350.000000 0.602887 0.345404
515.000000 350.000000 0.612307 0.345404
277.000000 351.000000 -0.135022 0.348544
483.000000 351.000000 0.511826 0.348544
500.000000 351.000000 0.565207 0.348544
506.000000 351.000000 0.584047 0.348544
22.000000 352.000000 -0.935731 0.351684
102.000000 352.000000 -0.684528 0.351684
292.000000 352.000000 -0.087921 0.351684
297.000000 352.000000 -0.072221 0.351684
521.000000 352.000000 0.631147 0.351684
523.000000 352.000000 0.637428 0.351684
528.000000 352.000000 0.653128 0.351684
566.000000 352.000000 0.772449 0.351684
512.000000 353.000000 0.602887 0.354824
530.000000 353.000000 0.659408 0.354824
534.000000 353.000000 0.671968 0.354824
103.000000 354.000000 -0.681388 0.357964
290.000000 354.000000 -0.094201 0.357964
454.000000 354.000000 0.420765 0.357964
539.000000 354.000000 0.687668 0.357964
544.000000 354.000000 0.703368 0.357964
10.000000 355.000000 -0.973412 0.361104
288.000000 355.000000 -0.100481 0.361104
474.000000 355.000000 0.483566 0.361104
524.000000 355.000000 0.640568 0.361104
550.000000 355.000000 0.722209 0.361104
7.000000 356.000000 -0.982832 0.364244
294.000000 356.000000 -0.081641 0.364244
528.000000 356.000000 0.653128 0.364244
531.000000 356.000000 0.662548 0.364244
534.000000 356.000000 0.671968 0.364244
538.000000 356.000000 0.684528 0.364244
559.000000 356.000000 0.750469 0.364244
565.000000 356.000000 0.769309 0.364244
103.000000 357.000000 -0.681388 0.367384
469.000000 357.000000 0.467866 0.367384
548.000000 357.000000 0.715928 0.367384
551.000000 357.000000 0.725349 0.367384
567.000000 357.000000 0.775589 0.367384
571.000000 357.000000 0.788149 0.367384
4.000000 358.000000 -0.992252 0.370524
164.000000 358.000000 -0.489846 0.370524
445.000000 358.000000 0.392505 0.370524
447.000000 358.000000 0.398785 0.370524
485.000000 358.000000 0.518106 0.370524
501.000000 358.000000 0.568347 0.370524
528.000000 358.000000 0.653128 0.370524
579.000000 358.000000 0.813270 0.370524
166.000000 359.000000 -0.483566 0.373664
194.000000 359.000000 -0.395645 0.373664
299.000000 359.000000 -0.065941 0.373664
483.000000 359.000000 0.511826 0.373664
522.000000 359.000000 0.634288 0.373664
536.000000 359.000000 0.678248 0.373664
544.000000 359.000000 0.703368 0.373664
565.000000 359.000000 0.769309 0.373664
497.000000 360.000000 0.555787 0.376804
531.000000 360.000000 0.662548 0.376804
568.000000 360.000000 0.778729 0.376804
169.000000 361.000000 -0.474146 0.379945
287.000000 361.000000 -0.103621 0.379945
365.000000 361.000000 0.141302 0.379945
516.000000 361.000000 0.615447 0.379945
580.000000 361.000000 0.816410 0.379945
290.000000 362.000000 -0.094201 0.383085
294.000000 362.000000 -0.081641 0.383085
514.000000 362.000000 0.609167 0.383085
536.000000 362.000000 0.678248 0.383085
512.000000 363.000000 0.602887 0.386225
539.000000 363.000000 0.687668 0.386225
545.000000 364.000000 0.706508 0.389365
567.000000 364.000000 0.775589 0.389365
170.000000 365.000000 -0.471006 0.392505
292.000000 365.000000 -0.087921 0.392505
296.000000 365.000000 -0.075361 0.392505
548.000000 365.000000 0.715928 0.392505
88.000000 366.000000 -0.728489 0.395645
280.000000 366.000000 -0.125601 0.395645
551.000000 366.000000 0.725349 0.395645
170.000000 367.000000 -0.471006 0.398785
181.000000 367.000000 -0.436465 0.398785
283.000000 368.000000 -0.116181 0.401925
285.000000 368.000000 -0.109901 0.401925
297.000000 368.000000 -0.072221 0.401925
545.000000 368.000000 0.706508 0.401925
548.000000 368.000000 0.715928 0.401925
553.000000 368.000000 0.731629 0.401925
89.000000 369.000000 -0.725349 0.405065
172.000000 369.000000 -0.464725 0.405065
289.000000 370.000000 -0.097341 0.408205
291.000000 370.000000 -0.091061 0.408205
558.000000 370.000000 0.747329 0.408205
564.000000 370.000000 0.766169 0.408205
270.000000 371.000000 -0.157002 0.411345
172.000000 372.000000 -0.464725 0.414485
290.000000 372.000000 -0.094201 0.414485
294.000000 372.000000 -0.081641 0.414485
270.000000 373.000000 -0.157002 0.417625
285.000000 373.000000 -0.109901 0.417625
145.000000 374.000000 -0.549506 0.420765
158.000000 374.000000 -0.508686 0.420765
183.000000 374.000000 -0.430185 0.420765
526.000000 374.000000 0.646848 0.420765
569.000000 374.000000 0.781869 0.420765
574.000000 374.000000 0.797569 0.420765
173.000000 375.000000 -0.461585 0.423905
290.000000 375.000000 -0.094201 0.423905
347.000000 376.000000 0.084781 0.427045
572.000000 376.000000 0.791289 0.427045
174.000000 377.000000 -0.458445 0.430185
342.000000 377.000000 0.069081 0.430185
359.000000 378.000000 0.122461 0.433325
438.000000 378.000000 0.370524 0.433325
574.000000 378.000000 0.797569 0.433325
154.000000 379.000000 -0.521246 0.436465
177.000000 379.000000 -0.449025 0.436465
179.000000 379.000000 -0.442745 0.436465
269.000000 379.000000 -0.160142 0.436465
287.000000 379.000000 -0.103621 0.436465
350.000000 379.000000 0.094201 0.436465
564.000000 379.000000 0.766169 0.436465
160.000000 380.000000 -0.502406 0.439605
172.000000 380.000000 -0.464725 0.439605
284.000000 380.000000 -0.113041 0.439605
269.000000 381.000000 -0.160142 0.442745
529.000000 381.000000 0.656268 0.442745
111.000000 382.000000 -0.656268 0.445885
147.000000 382.000000 -0.543226 0.445885
173.000000 382.000000 -0.461585 0.445885
326.000000 382.000000 0.018840 0.445885
353.000000 382.000000 0.103621 0.445885
99.000000 383.000000 -0.693948 0.449025
413.000000 383.000000 0.292023 0.449025
316.000000 384.000000 -0.012560 0.452165
112.000000 385.000000 -0.653128 0.455305
162.000000 385.000000 -0.496126 0.455305
295.000000 385.000000 -0.078501 0.455305
535.000000 385.000000 0.675108 0.455305
355.000000 386.000000 0.109901 0.458445
414.000000 386.000000 0.295163 0.458445
522.000000 386.000000 0.634288 0.458445
115.000000 389.000000 -0.643708 0.467866
286.000000 390.000000 -0.106761 0.471006
117.000000 391.000000 -0.637428 0.474146
283.000000 392.000000 -0.116181 0.477286
518.000000 392.000000 0.621727 0.477286
119.000000 395.000000 -0.631147 0.486706
160.000000 396.000000 -0.502406 0.489846
295.000000 396.000000 -0.078501 0.489846
314.000000 396.000000 -0.018840 0.489846
513.000000 396.000000 0.606027 0.489846
561.000000 396.000000 0.756749 0.489846
280.000000 397.000000 -0.125601 0.492986
23.000000 398.000000 -0.932591 0.496126
118.000000 398.000000 -0.634288 0.496126
160.000000 398.000000 -0.502406 0.496126
331.000000 399.000000 0.034540 0.499266
340.000000 399.000000 0.062801 0.499266
267.000000 400.000000 -0.166422 0.502406
279.000000 400.000000 -0.128742 0.502406
120.000000 401.000000 -0.628007 0.505546
274.000000 401.000000 -0.144442 0.505546
331.000000 401.000000 0.034540 0.505546
293.000000 402.000000 -0.084781 0.508686
336.000000 402.000000 0.050241 0.508686
274.000000 403.000000 -0.144442 0.511826
281.000000 403.000000 -0.122461 0.511826
331.000000 403.000000 0.034540 0.511826
120.000000 404.000000 -0.628007 0.514966
581.000000 404.000000 0.819550 0.514966
277.000000 405.000000 -0.135022 0.518106
119.000000 406.000000 -0.631147 0.521246
328.000000 406.000000 0.025120 0.521246
342.000000 406.000000 0.069081 0.521246
8.000000 407.000000 -0.979692 0.524386
101.000000 407.000000 -0.687668 0.524386
314.000000 407.000000 -0.018840 0.524386
317.000000 407.000000 -0.009420 0.524386
340.000000 407.000000 0.062801 0.524386
27.000000 408.000000 -0.920031 0.527526
262.000000 408.000000 -0.182122 0.527526
288.000000 408.000000 -0.100481 0.527526
333.000000 408.000000 0.040820 0.527526
577.000000 408.000000 0.806990 0.527526
262.000000 410.000000 -0.182122 0.533806
315.000000 410.000000 -0.015700 0.533806
412.000000 410.000000 0.288883 0.533806
414.000000 411.000000 0.295163 0.536946
28.000000 412.000000 -0.916891 0.540086
323.000000 412.000000 0.009420 0.540086
636.000000 412.000000 0.992252 0.540086
153.000000 413.000000 -0.524386 0.543226
339.000000 414.000000 0.059661 0.546366
412.000000 415.000000 0.288883 0.549506
261.000000 416.000000 -0.185262 0.552647
327.000000 416.000000 0.021980 0.552647
316.000000 417.000000 -0.012560 0.555787
337.000000 418.000000 0.053381 0.558927
105.000000 419.000000 -0.675108 0.562067
531.000000 419.000000 0.662548 0.562067
315.000000 420.000000 -0.015700 0.565207
260.000000 422.000000 -0.188402 0.571487
532.000000 422.000000 0.665688 0.571487
579.000000 422.000000 0.813270 0.571487
276.000000 423.000000 -0.138162 0.574627
279.000000 423.000000 -0.128742 0.574627
344.000000 423.000000 0.075361 0.574627
480.000000 423.000000 0.502406 0.574627
546.000000 423.000000 0.709648 0.574627
557.000000 423.000000 0.744189 0.574627
314.000000 424.000000 -0.018840 0.577767
327.000000 424.000000 0.021980 0.577767
280.000000 425.000000 -0.125601 0.580907
599.000000 425.000000 0.876070 0.580907
259.000000 428.000000 -0.191542 0.590327
281.000000 428.000000 -0.122461 0.590327
306.000000 428.000000 -0.043961 0.590327
521.000000 428.000000 0.631147 0.590327
114.000000 429.000000 -0.646848 0.593467
600.000000 429.000000 0.879210 0.593467
606.000000 430.000000 0.898051 0.596607
612.000000 430.000000 0.916891 0.596607
31.000000 431.000000 -0.907471 0.599747
291.000000 431.000000 -0.091061 0.599747
479.000000 431.000000 0.499266 0.599747
602.000000 431.000000 0.885490 0.599747
282.000000 432.000000 -0.119321 0.602887
611.000000 433.000000 0.913751 0.606027
617.000000 433.000000 0.932591 0.606027
508.000000 434.000000 0.590327 0.609167
620.000000 434.000000 0.942011 0.609167
258.000000 435.000000 -0.194682 0.612307
281.000000 435.000000 -0.122461 0.612307
336.000000 435.000000 0.050241 0.612307
358.000000 435.000000 0.119321 0.612307
528.000000 435.000000 0.653128 0.612307
626.000000 435.000000 0.960851 0.612307
314.000000 436.000000 -0.018840 0.615447
506.000000 436.000000 0.584047 0.615447
61.000000 438.000000 -0.813270 0.621727
233.000000 438.000000 -0.273183 0.621727
280.000000 439.000000 -0.125601 0.624867
286.000000 439.000000 -0.106761 0.624867
358.000000 439.000000 0.119321 0.624867
111.000000 440.000000 -0.656268 0.628007
350.000000 440.000000 0.094201 0.628007
306.000000 441.000000 -0.043961 0.631147
623.000000 441.000000 0.951431 0.631147
111.000000 442.000000 -0.656268 0.634288
338.000000 442.000000 0.056521 0.634288
363.000000 442.000000 0.135022 0.634288
573.000000 442.000000 0.794429 0.634288
360.000000 443.000000 0.125601 0.637428
512.000000 443.000000 0.602887 0.637428
528.000000 443.000000 0.653128 0.637428
554.000000 443.000000 0.734769 0.637428
567.000000 443.000000 0.775589 0.637428
580.000000 443.000000 0.816410 0.637428
594.000000 443.000000 0.860370 0.637428
282.000000 444.000000 -0.119321 0.640568
358.000000 444.000000 0.119321 0.640568
635.000000 444.000000 0.989112 0.640568
110.000000 445.000000 -0.659408 0.643708
556.000000 445.000000 0.741049 0.643708
587.000000 445.000000 0.838390 0.643708
380.000000 446.000000 0.188402 0.646848
581.000000 446.000000 0.819550 0.646848
37.000000 447.000000 -0.888631 0.649988
283.000000 447.000000 -0.116181 0.649988
331.000000 447.000000 0.034540 0.649988
350.000000 447.000000 0.094201 0.649988
392.000000 447.000000 0.226083 0.649988
604.000000 447.000000 0.891771 0.649988
256.000000 448.000000 -0.200962 0.653128
338.000000 449.000000 0.056521 0.656268
365.000000 449.000000 0.141302 0.656268
555.000000 449.000000 0.737909 0.656268
587.000000 449.000000 0.838390 0.656268
283.000000 450.000000 -0.116181 0.659408
285.000000 450.000000 -0.109901 0.659408
373.000000 450.000000 0.166422 0.659408
47.000000 451.000000 -0.857230 0.662548
331.000000 451.000000 0.034540 0.662548
617.000000 451.000000 0.932591 0.662548
146.000000 452.000000 -0.546366 0.665688
487.000000 452.000000 0.524386 0.665688
498.000000 452.000000 0.558927 0.665688
594.000000 452.000000 0.860370 0.665688
503.000000 453.000000 0.574627 0.668828
522.000000 453.000000 0.634288 0.668828
548.000000 453.000000 0.715928 0.668828
631.000000 453.000000 0.976552 0.668828
42.000000 454.000000 -0.872930 0.671968
255.000000 454.000000 -0.204102 0.671968
281.000000 454.000000 -0.122461 0.671968
410.000000 454.000000 0.282603 0.671968
533.000000 454.000000 0.668828 0.671968
541.000000 454.000000 0.693948 0.671968
555.000000 454.000000 0.737909 0.671968
626.000000 454.000000 0.960851 0.671968
545.000000 455.000000 0.706508 0.675108
120.000000 456.000000 -0.628007 0.678248
287.000000 456.000000 -0.103621 0.678248
370.000000 456.000000 0.157002 0.678248
404.000000 456.000000 0.263763 0.678248
551.000000 456.000000 0.725349 0.678248
573.000000 456.000000 0.794429 0.678248
577.000000 456.000000 0.806990 0.678248
594.000000 456.000000 0.860370 0.678248
601.000000 456.000000 0.882350 0.678248
333.000000 457.000000 0.040820 0.681388
508.000000 457.000000 0.590327 0.681388
267.000000 458.000000 -0.166422 0.684528
272.000000 458.000000 -0.150722 0.684528
505.000000 458.000000 0.580907 0.684528
255.000000 459.000000 -0.204102 0.687668
258.000000 459.000000 -0.194682 0.687668
346.000000 459.000000 0.081641 0.687668
537.000000 459.000000 0.681388 0.687668
584.000000 459.000000 0.828970 0.687668
278.000000 460.000000 -0.131882 0.690808
558.000000 460.000000 0.747329 0.690808
578.000000 460.000000 0.810130 0.690808
333.000000 461.000000 0.040820 0.693948
479.000000 461.000000 0.499266 0.693948
582.000000 461.000000 0.822690 0.693948
597.000000 461.000000 0.869790 0.693948
525.000000 462.000000 0.643708 0.697088
548.000000 462.000000 0.715928 0.697088
551.000000 462.000000 0.725349 0.697088
281.000000 463.000000 -0.122461 0.700228
513.000000 463.000000 0.606027 0.700228
580.000000 463.000000 0.816410 0.700228
630.000000 463.000000 0.973412 0.700228
28.000000 464.000000 -0.916891 0.703368
272.000000 464.000000 -0.150722 0.703368
278.000000 464.000000 -0.131882 0.703368
543.000000 464.000000 0.700228 0.703368
555.000000 464.000000 0.737909 0.703368
567.000000 464.000000 0.775589 0.703368
597.000000 464.000000 0.869790 0.703368
98.000000 465.000000 -0.697088 0.706508
540.000000 465.000000 0.690808 0.706508
519.000000 466.000000 0.624867 0.709648
542.000000 466.000000 0.697088 0.709648
621.000000 466.000000 0.945151 0.709648
533.000000 467.000000 0.668828 0.712788
554.000000 467.000000 0.734769 0.712788
279.000000 468.000000 -0.128742 0.715928
436.000000 468.000000 0.364244 0.715928
528.000000 468.000000 0.653128 0.715928
631.000000 468.000000 0.976552 0.715928
277.000000 469.000000 -0.135022 0.719069
566.000000 470.000000 0.772449 0.722209
579.000000 470.000000 0.813270 0.722209
590.000000 470.000000 0.847810 0.722209
600.000000 470.000000 0.879210 0.722209
636.000000 470.000000 0.992252 0.722209
524.000000 471.000000 0.640568 0.725349
556.000000 471.000000 0.741049 0.725349
571.000000 471.000000 0.788149 0.725349
595.000000 471.000000 0.863510 0.725349
620.000000 471.000000 0.942011 0.725349
519.000000 472.000000 0.624867 0.728489
582.000000 472.000000 0.822690 0.728489
606.000000 472.000000 0.898051 0.728489
636.000000 472.000000 0.992252 0.728489
93.000000 473.000000 -0.712788 0.731629
272.000000 473.000000 -0.150722 0.731629
279.000000 473.000000 -0.128742 0.731629
469.000000 473.000000 0.467866 0.731629
526.000000 473.000000 0.646848 0.731629
608.000000 473.000000 0.904331 0.731629
614.000000 473.000000 0.923171 0.731629
543.000000 474.000000 0.700228 0.734769
551.000000 474.000000 0.725349 0.734769
566.000000 474.000000 0.772449 0.734769
24.000000 475.000000 -0.929451 0.737909
94.000000 475.000000 -0.709648 0.737909
597.000000 475.000000 0.869790 0.737909
617.000000 475.000000 0.932591 0.737909
544.000000 476.000000 0.703368 0.741049
