633.000000 3.000000 0.982832 -0.744189
159.000000 4.000000 -0.505546 -0.741049
290.000000 4.000000 -0.094201 -0.741049
296.000000 4.000000 -0.075361 -0.741049
319.000000 4.000000 -0.003140 -0.741049
413.000000 4.000000 0.292023 -0.741049
451.000000 4.000000 0.411345 -0.741049
520.000000 4.000000 0.628007 -0.741049
534.000000 4.000000 0.671968 -0.741049
549.000000 4.000000 0.719069 -0.741049
473.000000 5.000000 0.480426 -0.737909
617.000000 5.000000 0.932591 -0.737909
178.000000 6.000000 -0.445885 -0.734769
510.000000 7.000000 0.596607 -0.731629
562.000000 8.000000 0.759889 -0.728489
177.000000 9.000000 -0.449025 -0.725349
337.000000 9.000000 0.053381 -0.725349
468.000000 9.000000 0.464725 -0.725349
182.000000 10.000000 -0.433325 -0.722209
551.000000 10.000000 0.725349 -0.722209
495.000000 11.000000 0.549506 -0.719069
584.000000 11.000000 0.828970 -0.719069
630.000000 11.000000 0.973412 -0.719069
179.000000 12.000000 -0.442745 -0.715928
506.000000 12.000000 0.584047 -0.715928
560.000000 12.000000 0.753609 -0.715928
181.000000 13.000000 -0.436465 -0.712788
183.000000 13.000000 -0.430185 -0.712788
462.000000 13.000000 0.445885 -0.712788
600.000000 13.000000 0.879210 -0.712788
185.000000 17.000000 -0.423905 -0.700228
266.000000 18.000000 -0.169562 -0.697088
357.000000 18.000000 0.116181 -0.697088
463.000000 18.000000 0.449025 -0.697088
622.000000 18.000000 0.948291 -0.697088
181.000000 19.000000 -0.436465 -0.693948
448.000000 19.000000 0.401925 -0.693948
471.000000 19.000000 0.474146 -0.693948
497.000000 19.000000 0.555787 -0.693948
186.000000 20.000000 -0.420765 -0.690808
429.000000 21.000000 0.342264 -0.687668
434.000000 21.000000 0.357964 -0.687668
591.000000 21.000000 0.850950 -0.687668
186.000000 22.000000 -0.420765 -0.684528
266.000000 22.000000 -0.169562 -0.684528
464.000000 22.000000 0.452165 -0.684528
506.000000 22.000000 0.584047 -0.684528
184.000000 24.000000 -0.427045 -0.678248
498.000000 24.000000 0.558927 -0.678248
187.000000 25.000000 -0.417625 -0.675108
295.000000 26.000000 -0.078501 -0.671968
297.000000 26.000000 -0.072221 -0.671968
430.000000 26.000000 0.345404 -0.671968
447.000000 26.000000 0.398785 -0.671968
579.000000 26.000000 0.813270 -0.671968
185.000000 27.000000 -0.423905 -0.668828
432.000000 27.000000 0.351684 -0.668828
436.000000 27.000000 0.364244 -0.668828
465.000000 27.000000 0.455305 -0.668828
474.000000 27.000000 0.483566 -0.668828
337.000000 28.000000 0.053381 -0.665688
469.000000 28.000000 0.467866 -0.665688
607.000000 28.000000 0.901191 -0.665688
189.000000 30.000000 -0.411345 -0.659408
511.000000 30.000000 0.599747 -0.659408
589.000000 30.000000 0.844670 -0.659408
435.000000 31.000000 0.361104 -0.656268
431.000000 32.000000 0.348544 -0.653128
566.000000 32.000000 0.772449 -0.653128
188.000000 33.000000 -0.414485 -0.649988
571.000000 33.000000 0.788149 -0.649988
616.000000 33.000000 0.929451 -0.649988
436.000000 34.000000 0.364244 -0.646848
345.000000 35.000000 0.078501 -0.643708
439.000000 35.000000 0.373664 -0.643708
264.000000 36.000000 -0.175842 -0.640568
432.000000 36.000000 0.351684 -0.640568
192.000000 37.000000 -0.401925 -0.637428
584.000000 37.000000 0.828970 -0.637428
194.000000 39.000000 -0.395645 -0.631147
623.000000 39.000000 0.951431 -0.631147
192.000000 42.000000 -0.401925 -0.621727
508.000000 43.000000 0.590327 -0.618587
566.000000 43.000000 0.772449 -0.618587
568.000000 43.000000 0.778729 -0.618587
195.000000 44.000000 -0.392505 -0.615447
250.000000 44.000000 -0.219803 -0.615447
502.000000 44.000000 0.571487 -0.615447
256.000000 45.000000 -0.200962 -0.612307
509.000000 45.000000 0.593467 -0.612307
462.000000 46.000000 0.445885 -0.609167
573.000000 46.000000 0.794429 -0.609167
198.000000 47.000000 -0.383085 -0.606027
504.000000 47.000000 0.577767 -0.606027
589.000000 47.000000 0.844670 -0.606027
264.000000 48.000000 -0.175842 -0.602887
508.000000 48.000000 0.590327 -0.602887
570.000000 48.000000 0.785009 -0.602887
199.000000 49.000000 -0.379945 -0.599747
474.000000 49.000000 0.483566 -0.599747
196.000000 50.000000 -0.389365 -0.596607
259.000000 50.000000 -0.191542 -0.596607
269.000000 51.000000 -0.160142 -0.593467
506.000000 51.000000 0.584047 -0.593467
266.000000 52.000000 -0.169562 -0.590327
372.000000 52.000000 0.163282 -0.590327
451.000000 52.000000 0.411345 -0.590327
504.000000 52.000000 0.577767 -0.590327
197.000000 53.000000 -0.386225 -0.587187
205.000000 53.000000 -0.361104 -0.587187
219.000000 53.000000 -0.317144 -0.587187
292.000000 53.000000 -0.087921 -0.587187
472.000000 53.000000 0.477286 -0.587187
634.000000 53.000000 0.985972 -0.587187
636.000000 53.000000 0.992252 -0.587187
197.000000 55.000000 -0.386225 -0.580907
478.000000 55.000000 0.496126 -0.580907
508.000000 55.000000 0.590327 -0.580907
354.000000 57.000000 0.106761 -0.574627
427.000000 57.000000 0.335984 -0.574627
505.000000 57.000000 0.580907 -0.574627
510.000000 57.000000 0.596607 -0.574627
624.000000 57.000000 0.954571 -0.574627
387.000000 58.000000 0.210382 -0.571487
474.000000 58.000000 0.483566 -0.571487
437.000000 59.000000 0.367384 -0.568347
441.000000 59.000000 0.379945 -0.568347
478.000000 59.000000 0.496126 -0.568347
511.000000 59.000000 0.599747 -0.568347
515.000000 60.000000 0.612307 -0.565207
473.000000 61.000000 0.480426 -0.562067
508.000000 61.000000 0.590327 -0.562067
438.000000 63.000000 0.370524 -0.555787
513.000000 63.000000 0.606027 -0.555787
480.000000 65.000000 0.502406 -0.549506
445.000000 66.000000 0.392505 -0.546366
184.000000 67.000000 -0.427045 -0.543226
273.000000 67.000000 -0.147582 -0.543226
480.000000 67.000000 0.502406 -0.543226
561.000000 67.000000 0.756749 -0.543226
421.000000 68.000000 0.317144 -0.540086
439.000000 68.000000 0.373664 -0.540086
443.000000 68.000000 0.386225 -0.540086
475.000000 68.000000 0.486706 -0.540086
577.000000 68.000000 0.806990 -0.540086
573.000000 69.000000 0.794429 -0.536946
444.000000 70.000000 0.389365 -0.533806
582.000000 71.000000 0.822690 -0.530666
201.000000 72.000000 -0.373664 -0.527526
274.000000 72.000000 -0.144442 -0.527526
440.000000 72.000000 0.376804 -0.527526
447.000000 72.000000 0.398785 -0.527526
577.000000 72.000000 0.806990 -0.527526
442.000000 73.000000 0.383085 -0.524386
566.000000 73.000000 0.772449 -0.524386
263.000000 74.000000 -0.178982 -0.521246
632.000000 74.000000 0.979692 -0.521246
201.000000 75.000000 -0.373664 -0.518106
258.000000 75.000000 -0.194682 -0.518106
320.000000 75.000000 -0.000000 -0.518106
410.000000 75.000000 0.282603 -0.518106
529.000000 75.000000 0.656268 -0.518106
575.000000 75.000000 0.800709 -0.518106
189.000000 76.000000 -0.411345 -0.514966
209.000000 76.000000 -0.348544 -0.514966
252.000000 76.000000 -0.213523 -0.514966
513.000000 76.000000 0.606027 -0.514966
515.000000 76.000000 0.612307 -0.514966
534.000000 76.000000 0.671968 -0.514966
247.000000 77.000000 -0.229223 -0.511826
308.000000 77.000000 -0.037680 -0.511826
579.000000 77.000000 0.813270 -0.511826
190.000000 78.000000 -0.408205 -0.508686
242.000000 78.000000 -0.244923 -0.508686
616.000000 78.000000 0.929451 -0.508686
236.000000 79.000000 -0.263763 -0.505546
203.000000 80.000000 -0.367384 -0.502406
231.000000 80.000000 -0.279463 -0.502406
576.000000 80.000000 0.803850 -0.502406
585.000000 80.000000 0.832110 -0.502406
226.000000 81.000000 -0.295163 -0.499266
220.000000 82.000000 -0.314004 -0.496126
580.000000 82.000000 0.816410 -0.496126
203.000000 83.000000 -0.367384 -0.492986
215.000000 83.000000 -0.329704 -0.492986
576.000000 84.000000 0.803850 -0.489846
478.000000 87.000000 0.496126 -0.480426
224.000000 89.000000 -0.301444 -0.474146
562.000000 89.000000 0.759889 -0.474146
273.000000 90.000000 -0.147582 -0.471006
576.000000 90.000000 0.803850 -0.471006
206.000000 91.000000 -0.357964 -0.467866
512.000000 91.000000 0.602887 -0.467866
521.000000 91.000000 0.631147 -0.467866
449.000000 92.000000 0.405065 -0.464725
452.000000 92.000000 0.414485 -0.464725
447.000000 93.000000 0.398785 -0.461585
480.000000 93.000000 0.502406 -0.461585
482.000000 93.000000 0.508686 -0.461585
588.000000 93.000000 0.841530 -0.461585
445.000000 94.000000 0.392505 -0.458445
590.000000 94.000000 0.847810 -0.458445
625.000000 94.000000 0.957711 -0.458445
207.000000 95.000000 -0.354824 -0.455305
277.000000 97.000000 -0.135022 -0.449025
480.000000 97.000000 0.502406 -0.449025
559.000000 97.000000 0.750469 -0.449025
287.000000 98.000000 -0.103621 -0.445885
362.000000 98.000000 0.131882 -0.445885
451.000000 98.000000 0.411345 -0.445885
483.000000 98.000000 0.511826 -0.445885
516.000000 98.000000 0.615447 -0.445885
554.000000 98.000000 0.734769 -0.445885
629.000000 98.000000 0.970271 -0.445885
208.000000 99.000000 -0.351684 -0.442745
217.000000 99.000000 -0.323424 -0.442745
517.000000 100.000000 0.618587 -0.439605
209.000000 101.000000 -0.348544 -0.436465
264.000000 101.000000 -0.175842 -0.436465
487.000000 101.000000 0.524386 -0.436465
288.000000 102.000000 -0.100481 -0.433325
453.000000 102.000000 0.417625 -0.433325
481.000000 102.000000 0.505546 -0.433325
188.000000 103.000000 -0.414485 -0.430185
208.000000 103.000000 -0.351684 -0.430185
512.000000 103.000000 0.602887 -0.430185
210.000000 104.000000 -0.345404 -0.427045
447.000000 104.000000 0.398785 -0.427045
190.000000 105.000000 -0.408205 -0.423905
278.000000 105.000000 -0.131882 -0.423905
451.000000 105.000000 0.411345 -0.423905
455.000000 105.000000 0.423905 -0.423905
484.000000 105.000000 0.514966 -0.423905
273.000000 106.000000 -0.147582 -0.420765
304.000000 106.000000 -0.050241 -0.420765
634.000000 106.000000 0.985972 -0.420765
210.000000 107.000000 -0.345404 -0.417625
268.000000 107.000000 -0.163282 -0.417625
491.000000 107.000000 0.536946 -0.417625
506.000000 107.000000 0.584047 -0.417625
598.000000 107.000000 0.872930 -0.417625
263.000000 108.000000 -0.178982 -0.414485
455.000000 109.000000 0.423905 -0.411345
582.000000 109.000000 0.822690 -0.411345
592.000000 109.000000 0.854090 -0.411345
253.000000 110.000000 -0.210382 -0.408205
194.000000 111.000000 -0.395645 -0.405065
211.000000 111.000000 -0.342264 -0.405065
248.000000 111.000000 -0.226083 -0.405065
243.000000 112.000000 -0.241783 -0.401925
449.000000 112.000000 0.405065 -0.401925
470.000000 112.000000 0.471006 -0.401925
568.000000 112.000000 0.778729 -0.401925
582.000000 112.000000 0.822690 -0.401925
196.000000 114.000000 -0.389365 -0.395645
212.000000 114.000000 -0.339124 -0.395645
448.000000 114.000000 0.401925 -0.395645
544.000000 114.000000 0.703368 -0.395645
567.000000 114.000000 0.775589 -0.395645
316.000000 115.000000 -0.012560 -0.392505
586.000000 115.000000 0.835250 -0.392505
593.000000 115.000000 0.857230 -0.392505
198.000000 117.000000 -0.383085 -0.386225
213.000000 117.000000 -0.335984 -0.386225
636.000000 117.000000 0.992252 -0.386225
516.000000 119.000000 0.615447 -0.379945
219.000000 120.000000 -0.317144 -0.376804
275.000000 120.000000 -0.141302 -0.376804
314.000000 120.000000 -0.018840 -0.376804
615.000000 120.000000 0.926311 -0.376804
558.000000 121.000000 0.747329 -0.373664
214.000000 122.000000 -0.332844 -0.370524
524.000000 122.000000 0.640568 -0.370524
538.000000 122.000000 0.684528 -0.370524
287.000000 123.000000 -0.103621 -0.367384
318.000000 123.000000 -0.006280 -0.367384
392.000000 123.000000 0.226083 -0.367384
441.000000 123.000000 0.379945 -0.367384
565.000000 123.000000 0.769309 -0.367384
215.000000 125.000000 -0.329704 -0.361104
492.000000 125.000000 0.540086 -0.361104
605.000000 125.000000 0.894911 -0.361104
633.000000 127.000000 0.982832 -0.354824
216.000000 130.000000 -0.326564 -0.345404
514.000000 130.000000 0.609167 -0.345404
560.000000 130.000000 0.753609 -0.345404
509.000000 131.000000 0.593467 -0.342264
589.000000 132.000000 0.844670 -0.339124
195.000000 133.000000 -0.392505 -0.335984
217.000000 133.000000 -0.323424 -0.335984
290.000000 135.000000 -0.094201 -0.329704
285.000000 136.000000 -0.109901 -0.326564
577.000000 136.000000 0.806990 -0.326564
627.000000 136.000000 0.963991 -0.326564
218.000000 137.000000 -0.320284 -0.323424
280.000000 137.000000 -0.125601 -0.323424
293.000000 137.000000 -0.084781 -0.323424
545.000000 137.000000 0.706508 -0.323424
591.000000 137.000000 0.850950 -0.323424
276.000000 138.000000 -0.138162 -0.320284
393.000000 138.000000 0.229223 -0.320284
219.000000 139.000000 -0.317144 -0.317144
291.000000 140.000000 -0.091061 -0.314004
310.000000 140.000000 -0.031400 -0.314004
369.000000 140.000000 0.153862 -0.314004
280.000000 141.000000 -0.125601 -0.310864
474.000000 141.000000 0.483566 -0.310864
614.000000 141.000000 0.923171 -0.310864
219.000000 142.000000 -0.317144 -0.307724
257.000000 142.000000 -0.197822 -0.307724
499.000000 142.000000 0.562067 -0.307724
610.000000 142.000000 0.910611 -0.307724
252.000000 143.000000 -0.213523 -0.304584
614.000000 143.000000 0.923171 -0.304584
220.000000 144.000000 -0.314004 -0.301444
247.000000 144.000000 -0.229223 -0.301444
266.000000 144.000000 -0.169562 -0.301444
618.000000 144.000000 0.935731 -0.301444
357.000000 145.000000 0.116181 -0.298304
566.000000 145.000000 0.772449 -0.298304
606.000000 145.000000 0.898051 -0.298304
502.000000 146.000000 0.571487 -0.295163
610.000000 146.000000 0.910611 -0.295163
617.000000 146.000000 0.932591 -0.295163
632.000000 146.000000 0.979692 -0.295163
220.000000 147.000000 -0.314004 -0.292023
233.000000 147.000000 -0.273183 -0.292023
252.000000 147.000000 -0.213523 -0.292023
293.000000 147.000000 -0.084781 -0.292023
510.000000 147.000000 0.596607 -0.292023
606.000000 147.000000 0.898051 -0.292023
198.000000 148.000000 -0.383085 -0.288883
328.000000 148.000000 0.025120 -0.288883
532.000000 148.000000 0.665688 -0.288883
602.000000 148.000000 0.885490 -0.288883
224.000000 149.000000 -0.301444 -0.285743
585.000000 149.000000 0.832110 -0.285743
598.000000 149.000000 0.872930 -0.285743
221.000000 150.000000 -0.310864 -0.282603
594.000000 150.000000 0.860370 -0.282603
614.000000 150.000000 0.923171 -0.282603
294.000000 151.000000 -0.081641 -0.279463
222.000000 152.000000 -0.307724 -0.276323
296.000000 152.000000 -0.075361 -0.276323
607.000000 152.000000 0.901191 -0.276323
552.000000 153.000000 0.728489 -0.273183
617.000000 153.000000 0.932591 -0.273183
200.000000 154.000000 -0.376804 -0.270043
223.000000 154.000000 -0.304584 -0.270043
633.000000 154.000000 0.982832 -0.270043
246.000000 155.000000 -0.232363 -0.266903
607.000000 155.000000 0.901191 -0.266903
629.000000 155.000000 0.970271 -0.266903
200.000000 156.000000 -0.376804 -0.263763
468.000000 156.000000 0.464725 -0.263763
624.000000 156.000000 0.954571 -0.263763
224.000000 157.000000 -0.301444 -0.260623
268.000000 157.000000 -0.163282 -0.260623
296.000000 157.000000 -0.075361 -0.260623
618.000000 157.000000 0.935731 -0.260623
620.000000 157.000000 0.942011 -0.260623
633.000000 157.000000 0.982832 -0.260623
206.000000 158.000000 -0.357964 -0.257483
298.000000 158.000000 -0.069081 -0.257483
613.000000 158.000000 0.920031 -0.257483
628.000000 158.000000 0.967131 -0.257483
378.000000 159.000000 0.182122 -0.254343
383.000000 159.000000 0.197822 -0.254343
623.000000 159.000000 0.951431 -0.254343
298.000000 160.000000 -0.069081 -0.251203
587.000000 160.000000 0.838390 -0.251203
617.000000 160.000000 0.932591 -0.251203
225.000000 161.000000 -0.298304 -0.248063
268.000000 161.000000 -0.163282 -0.248063
373.000000 161.000000 0.166422 -0.248063
378.000000 161.000000 0.182122 -0.248063
385.000000 161.000000 0.204102 -0.248063
581.000000 161.000000 0.819550 -0.248063
604.000000 161.000000 0.891771 -0.248063
369.000000 162.000000 0.153862 -0.244923
574.000000 162.000000 0.797569 -0.244923
203.000000 163.000000 -0.367384 -0.241783
225.000000 163.000000 -0.298304 -0.241783
237.000000 163.000000 -0.260623 -0.241783
297.000000 163.000000 -0.072221 -0.241783
345.000000 163.000000 0.078501 -0.241783
364.000000 163.000000 0.138162 -0.241783
498.000000 163.000000 0.558927 -0.241783
570.000000 163.000000 0.785009 -0.241783
572.000000 163.000000 0.791289 -0.241783
577.000000 163.000000 0.806990 -0.241783
597.000000 163.000000 0.869790 -0.241783
356.000000 164.000000 0.113041 -0.238643
360.000000 164.000000 0.125601 -0.238643
568.000000 164.000000 0.778729 -0.238643
591.000000 164.000000 0.850950 -0.238643
593.000000 164.000000 0.857230 -0.238643
235.000000 165.000000 -0.266903 -0.235503
298.000000 165.000000 -0.069081 -0.235503
386.000000 165.000000 0.207242 -0.235503
570.000000 165.000000 0.785009 -0.235503
589.000000 165.000000 0.844670 -0.235503
226.000000 166.000000 -0.295163 -0.232363
300.000000 166.000000 -0.062801 -0.232363
338.000000 166.000000 0.056521 -0.232363
351.000000 166.000000 0.097341 -0.232363
356.000000 166.000000 0.113041 -0.232363
561.000000 166.000000 0.756749 -0.232363
565.000000 166.000000 0.769309 -0.232363
585.000000 166.000000 0.832110 -0.232363
298.000000 167.000000 -0.069081 -0.229223
343.000000 167.000000 0.072221 -0.229223
559.000000 167.000000 0.750469 -0.229223
570.000000 167.000000 0.785009 -0.229223
581.000000 167.000000 0.819550 -0.229223
268.000000 168.000000 -0.163282 -0.226083
339.000000 168.000000 0.059661 -0.226083
533.000000 168.000000 0.668828 -0.226083
553.000000 168.000000 0.731629 -0.226083
555.000000 168.000000 0.737909 -0.226083
299.000000 169.000000 -0.065941 -0.222943
336.000000 169.000000 0.050241 -0.222943
343.000000 169.000000 0.072221 -0.222943
361.000000 169.000000 0.128742 -0.222943
442.000000 169.000000 0.383085 -0.222943
551.000000 169.000000 0.725349 -0.222943
562.000000 169.000000 0.759889 -0.222943
596.000000 169.000000 0.866650 -0.222943
598.000000 169.000000 0.872930 -0.222943
611.000000 169.000000 0.913751 -0.222943
630.000000 169.000000 0.973412 -0.222943
301.000000 170.000000 -0.059661 -0.219803
331.000000 170.000000 0.034540 -0.219803
333.000000 170.000000 0.040820 -0.219803
339.000000 170.000000 0.059661 -0.219803
376.000000 170.000000 0.175842 -0.219803
384.000000 170.000000 0.200962 -0.219803
397.000000 170.000000 0.241783 -0.219803
508.000000 170.000000 0.590327 -0.219803
514.000000 170.000000 0.609167 -0.219803
533.000000 170.000000 0.668828 -0.219803
545.000000 170.000000 0.706508 -0.219803
547.000000 170.000000 0.712788 -0.219803
568.000000 170.000000 0.778729 -0.219803
591.000000 170.000000 0.850950 -0.219803
594.000000 170.000000 0.860370 -0.219803
627.000000 170.000000 0.963991 -0.219803
218.000000 171.000000 -0.320284 -0.216663
227.000000 171.000000 -0.292023 -0.216663
299.000000 171.000000 -0.065941 -0.216663
316.000000 171.000000 -0.012560 -0.216663
327.000000 171.000000 0.021980 -0.216663
337.000000 171.000000 0.053381 -0.216663
372.000000 171.000000 0.163282 -0.216663
543.000000 171.000000 0.700228 -0.216663
562.000000 171.000000 0.759889 -0.216663
566.000000 171.000000 0.772449 -0.216663
320.000000 172.000000 -0.000000 -0.213523
322.000000 172.000000 0.006280 -0.213523
330.000000 172.000000 0.031400 -0.213523
335.000000 172.000000 0.047101 -0.213523
538.000000 172.000000 0.684528 -0.213523
558.000000 172.000000 0.747329 -0.213523
584.000000 172.000000 0.828970 -0.213523
630.000000 172.000000 0.973412 -0.213523
240.000000 173.000000 -0.251203 -0.210382
326.000000 173.000000 0.018840 -0.210382
385.000000 173.000000 0.204102 -0.210382
553.000000 173.000000 0.731629 -0.210382
580.000000 173.000000 0.816410 -0.210382
616.000000 173.000000 0.929451 -0.210382
228.000000 174.000000 -0.288883 -0.207242
246.000000 174.000000 -0.232363 -0.207242
249.000000 174.000000 -0.222943 -0.207242
255.000000 174.000000 -0.204102 -0.207242
300.000000 174.000000 -0.062801 -0.207242
302.000000 174.000000 -0.056521 -0.207242
304.000000 174.000000 -0.050241 -0.207242
312.000000 174.000000 -0.025120 -0.207242
359.000000 174.000000 0.122461 -0.207242
511.000000 174.000000 0.599747 -0.207242
627.000000 174.000000 0.963991 -0.207242
239.000000 175.000000 -0.254343 -0.204102
306.000000 175.000000 -0.043961 -0.204102
317.000000 175.000000 -0.009420 -0.204102
483.000000 175.000000 0.511826 -0.204102
526.000000 175.000000 0.646848 -0.204102
548.000000 175.000000 0.715928 -0.204102
575.000000 175.000000 0.800709 -0.204102
228.000000 176.000000 -0.288883 -0.200962
236.000000 176.000000 -0.263763 -0.200962
244.000000 176.000000 -0.238643 -0.200962
313.000000 176.000000 -0.021980 -0.200962
502.000000 176.000000 0.571487 -0.200962
522.000000 176.000000 0.634288 -0.200962
544.000000 176.000000 0.703368 -0.200962
546.000000 176.000000 0.709648 -0.200962
554.000000 176.000000 0.734769 -0.200962
249.000000 177.000000 -0.222943 -0.197822
251.000000 177.000000 -0.216663 -0.197822
264.000000 177.000000 -0.175842 -0.197822
309.000000 177.000000 -0.034540 -0.197822
336.000000 177.000000 0.050241 -0.197822
517.000000 177.000000 0.618587 -0.197822
540.000000 177.000000 0.690808 -0.197822
542.000000 177.000000 0.697088 -0.197822
564.000000 177.000000 0.766169 -0.197822
567.000000 177.000000 0.775589 -0.197822
592.000000 177.000000 0.854090 -0.197822
229.000000 178.000000 -0.285743 -0.194682
255.000000 178.000000 -0.204102 -0.194682
296.000000 178.000000 -0.075361 -0.194682
304.000000 178.000000 -0.050241 -0.194682
318.000000 178.000000 -0.006280 -0.194682
385.000000 178.000000 0.204102 -0.194682
492.000000 178.000000 0.540086 -0.194682
498.000000 178.000000 0.558927 -0.194682
514.000000 178.000000 0.609167 -0.194682
536.000000 178.000000 0.678248 -0.194682
298.000000 179.000000 -0.069081 -0.191542
300.000000 179.000000 -0.062801 -0.191542
510.000000 179.000000 0.596607 -0.191542
557.000000 179.000000 0.744189 -0.191542
233.000000 180.000000 -0.273183 -0.188402
243.000000 180.000000 -0.241783 -0.188402
256.000000 180.000000 -0.200962 -0.188402
336.000000 180.000000 0.050241 -0.188402
484.000000 180.000000 0.514966 -0.188402
491.000000 180.000000 0.536946 -0.188402
505.000000 180.000000 0.580907 -0.188402
258.000000 181.000000 -0.194682 -0.185262
291.000000 181.000000 -0.091061 -0.185262
302.000000 181.000000 -0.056521 -0.185262
386.000000 181.000000 0.207242 -0.185262
495.000000 181.000000 0.549506 -0.185262
502.000000 181.000000 0.571487 -0.185262
527.000000 181.000000 0.649988 -0.185262
533.000000 181.000000 0.668828 -0.185262
230.000000 182.000000 -0.282603 -0.182122
242.000000 182.000000 -0.244923 -0.182122
273.000000 182.000000 -0.147582 -0.182122
287.000000 182.000000 -0.103621 -0.182122
314.000000 182.000000 -0.018840 -0.182122
344.000000 182.000000 0.075361 -0.182122
389.000000 182.000000 0.216663 -0.182122
491.000000 182.000000 0.536946 -0.182122
523.000000 182.000000 0.637428 -0.182122
549.000000 182.000000 0.719069 -0.182122
590.000000 182.000000 0.847810 -0.182122
208.000000 183.000000 -0.351684 -0.178982
259.000000 183.000000 -0.191542 -0.178982
267.000000 183.000000 -0.166422 -0.178982
348.000000 183.000000 0.087921 -0.178982
351.000000 183.000000 0.097341 -0.178982
474.000000 183.000000 0.483566 -0.178982
486.000000 183.000000 0.521246 -0.178982
517.000000 183.000000 0.618587 -0.178982
243.000000 184.000000 -0.241783 -0.175842
246.000000 184.000000 -0.232363 -0.175842
262.000000 184.000000 -0.182122 -0.175842
279.000000 184.000000 -0.128742 -0.175842
283.000000 184.000000 -0.116181 -0.175842
288.000000 184.000000 -0.100481 -0.175842
335.000000 184.000000 0.047101 -0.175842
387.000000 184.000000 0.210382 -0.175842
483.000000 184.000000 0.511826 -0.175842
515.000000 184.000000 0.612307 -0.175842
525.000000 184.000000 0.643708 -0.175842
537.000000 184.000000 0.681388 -0.175842
540.000000 184.000000 0.690808 -0.175842
566.000000 184.000000 0.772449 -0.175842
616.000000 184.000000 0.929451 -0.175842
241.000000 185.000000 -0.248063 -0.172702
249.000000 185.000000 -0.222943 -0.172702
265.000000 185.000000 -0.172702 -0.172702
274.000000 185.000000 -0.144442 -0.172702
331.000000 185.000000 0.034540 -0.172702
509.000000 185.000000 0.593467 -0.172702
511.000000 185.000000 0.599747 -0.172702
602.000000 185.000000 0.885490 -0.172702
308.000000 186.000000 -0.037680 -0.169562
327.000000 186.000000 0.021980 -0.169562
505.000000 186.000000 0.580907 -0.169562
507.000000 186.000000 0.587187 -0.169562
531.000000 186.000000 0.662548 -0.169562
575.000000 186.000000 0.800709 -0.169562
617.000000 186.000000 0.932591 -0.169562
231.000000 187.000000 -0.279463 -0.166422
265.000000 187.000000 -0.172702 -0.166422
276.000000 187.000000 -0.138162 -0.166422
305.000000 187.000000 -0.047101 -0.166422
322.000000 187.000000 0.006280 -0.166422
324.000000 187.000000 0.012560 -0.166422
348.000000 187.000000 0.087921 -0.166422
353.000000 187.000000 0.103621 -0.166422
502.000000 187.000000 0.571487 -0.166422
261.000000 188.000000 -0.185262 -0.163282
284.000000 188.000000 -0.113041 -0.163282
286.000000 188.000000 -0.106761 -0.163282
319.000000 188.000000 -0.003140 -0.163282
330.000000 188.000000 0.031400 -0.163282
332.000000 188.000000 0.037680 -0.163282
336.000000 188.000000 0.050241 -0.163282
474.000000 188.000000 0.483566 -0.163282
549.000000 188.000000 0.719069 -0.163282
246.000000 189.000000 -0.232363 -0.160142
292.000000 189.000000 -0.087921 -0.160142
315.000000 189.000000 -0.015700 -0.160142
470.000000 189.000000 0.471006 -0.160142
602.000000 189.000000 0.885490 -0.160142
232.000000 190.000000 -0.276323 -0.157002
252.000000 190.000000 -0.213523 -0.157002
268.000000 190.000000 -0.163282 -0.157002
287.000000 190.000000 -0.103621 -0.157002
311.000000 190.000000 -0.028260 -0.157002
349.000000 190.000000 0.091061 -0.157002
417.000000 190.000000 0.304584 -0.157002
465.000000 190.000000 0.455305 -0.157002
518.000000 190.000000 0.621727 -0.157002
598.000000 190.000000 0.872930 -0.157002
307.000000 191.000000 -0.040820 -0.153862
313.000000 191.000000 -0.021980 -0.153862
316.000000 191.000000 -0.012560 -0.153862
318.000000 191.000000 -0.006280 -0.153862
391.000000 191.000000 0.222943 -0.153862
412.000000 191.000000 0.288883 -0.153862
463.000000 191.000000 0.449025 -0.153862
502.000000 191.000000 0.571487 -0.153862
510.000000 191.000000 0.596607 -0.153862
513.000000 191.000000 0.606027 -0.153862
236.000000 192.000000 -0.263763 -0.150722
257.000000 192.000000 -0.197822 -0.150722
284.000000 192.000000 -0.113041 -0.150722
303.000000 192.000000 -0.053381 -0.150722
347.000000 192.000000 0.084781 -0.150722
408.000000 192.000000 0.276323 -0.150722
458.000000 192.000000 0.433325 -0.150722
260.000000 193.000000 -0.188402 -0.147582
298.000000 193.000000 -0.069081 -0.147582
404.000000 193.000000 0.263763 -0.147582
413.000000 193.000000 0.292023 -0.147582
454.000000 193.000000 0.420765 -0.147582
478.000000 193.000000 0.496126 -0.147582
531.000000 193.000000 0.662548 -0.147582
558.000000 193.000000 0.747329 -0.147582
221.000000 194.000000 -0.310864 -0.144442
229.000000 194.000000 -0.285743 -0.144442
235.000000 194.000000 -0.266903 -0.144442
249.000000 194.000000 -0.222943 -0.144442
274.000000 194.000000 -0.144442 -0.144442
290.000000 194.000000 -0.094201 -0.144442
293.000000 194.000000 -0.084781 -0.144442
310.000000 194.000000 -0.031400 -0.144442
408.000000 194.000000 0.276323 -0.144442
450.000000 194.000000 0.408205 -0.144442
484.000000 194.000000 0.514966 -0.144442
546.000000 194.000000 0.709648 -0.144442
214.000000 195.000000 -0.332844 -0.141302
227.000000 195.000000 -0.292023 -0.141302
270.000000 195.000000 -0.157002 -0.141302
288.000000 195.000000 -0.100481 -0.141302
299.000000 195.000000 -0.065941 -0.141302
336.000000 195.000000 0.050241 -0.141302
345.000000 195.000000 0.078501 -0.141302
398.000000 195.000000 0.244923 -0.141302
404.000000 195.000000 0.263763 -0.141302
446.000000 195.000000 0.395645 -0.141302
471.000000 195.000000 0.474146 -0.141302
503.000000 195.000000 0.574627 -0.141302
542.000000 195.000000 0.697088 -0.141302
229.000000 196.000000 -0.285743 -0.138162
232.000000 196.000000 -0.276323 -0.138162
284.000000 196.000000 -0.113041 -0.138162
296.000000 196.000000 -0.075361 -0.138162
343.000000 196.000000 0.072221 -0.138162
351.000000 196.000000 0.097341 -0.138162
353.000000 196.000000 0.103621 -0.138162
442.000000 196.000000 0.383085 -0.138162
528.000000 196.000000 0.653128 -0.138162
538.000000 196.000000 0.684528 -0.138162
608.000000 196.000000 0.904331 -0.138162
614.000000 196.000000 0.923171 -0.138162
282.000000 197.000000 -0.119321 -0.135022
292.000000 197.000000 -0.087921 -0.135022
294.000000 197.000000 -0.081641 -0.135022
303.000000 197.000000 -0.053381 -0.135022
339.000000 197.000000 0.059661 -0.135022
405.000000 197.000000 0.266903 -0.135022
438.000000 197.000000 0.370524 -0.135022
447.000000 197.000000 0.398785 -0.135022
464.000000 197.000000 0.452165 -0.135022
471.000000 197.000000 0.474146 -0.135022
534.000000 197.000000 0.671968 -0.135022
208.000000 198.000000 -0.351684 -0.131882
222.000000 198.000000 -0.307724 -0.131882
277.000000 198.000000 -0.135022 -0.131882
284.000000 198.000000 -0.113041 -0.131882
311.000000 198.000000 -0.028260 -0.131882
313.000000 198.000000 -0.021980 -0.131882
319.000000 198.000000 -0.003140 -0.131882
333.000000 198.000000 0.040820 -0.131882
351.000000 198.000000 0.097341 -0.131882
391.000000 198.000000 0.222943 -0.131882
401.000000 198.000000 0.254343 -0.131882
416.000000 198.000000 0.301444 -0.131882
434.000000 198.000000 0.357964 -0.131882
458.000000 198.000000 0.433325 -0.131882
460.000000 198.000000 0.439605 -0.131882
604.000000 198.000000 0.891771 -0.131882
205.000000 199.000000 -0.361104 -0.128742
273.000000 199.000000 -0.147582 -0.128742
346.000000 199.000000 0.081641 -0.128742
430.000000 199.000000 0.345404 -0.128742
454.000000 199.000000 0.420765 -0.128742
456.000000 199.000000 0.427045 -0.128742
479.000000 199.000000 0.499266 -0.128742
505.000000 199.000000 0.580907 -0.128742
602.000000 199.000000 0.885490 -0.128742
201.000000 200.000000 -0.373664 -0.125601
239.000000 200.000000 -0.254343 -0.125601
246.000000 200.000000 -0.232363 -0.125601
295.000000 200.000000 -0.078501 -0.125601
427.000000 200.000000 0.335984 -0.125601
450.000000 200.000000 0.408205 -0.125601
582.000000 200.000000 0.822690 -0.125601
198.000000 201.000000 -0.383085 -0.122461
315.000000 201.000000 -0.015700 -0.122461
324.000000 201.000000 0.012560 -0.122461
347.000000 201.000000 0.084781 -0.122461
423.000000 201.000000 0.323424 -0.122461
447.000000 201.000000 0.398785 -0.122461
453.000000 201.000000 0.417625 -0.122461
455.000000 201.000000 0.423905 -0.122461
546.000000 201.000000 0.709648 -0.122461
578.000000 201.000000 0.810130 -0.122461
195.000000 202.000000 -0.392505 -0.119321
200.000000 202.000000 -0.376804 -0.119321
213.000000 202.000000 -0.335984 -0.119321
230.000000 202.000000 -0.282603 -0.119321
260.000000 202.000000 -0.188402 -0.119321
309.000000 202.000000 -0.034540 -0.119321
319.000000 202.000000 -0.003140 -0.119321
334.000000 202.000000 0.043961 -0.119321
418.000000 202.000000 0.307724 -0.119321
443.000000 202.000000 0.386225 -0.119321
450.000000 202.000000 0.408205 -0.119321
193.000000 203.000000 -0.398785 -0.116181
255.000000 203.000000 -0.204102 -0.116181
257.000000 203.000000 -0.197822 -0.116181
268.000000 203.000000 -0.163282 -0.116181
284.000000 203.000000 -0.113041 -0.116181
316.000000 203.000000 -0.012560 -0.116181
438.000000 203.000000 0.370524 -0.116181
446.000000 203.000000 0.395645 -0.116181
186.000000 204.000000 -0.420765 -0.113041
263.000000 204.000000 -0.178982 -0.113041
277.000000 204.000000 -0.135022 -0.113041
311.000000 204.000000 -0.028260 -0.113041
349.000000 204.000000 0.091061 -0.113041
391.000000 204.000000 0.222943 -0.113041
436.000000 204.000000 0.364244 -0.113041
463.000000 204.000000 0.449025 -0.113041
506.000000 204.000000 0.584047 -0.113041
585.000000 204.000000 0.832110 -0.113041
179.000000 205.000000 -0.442745 -0.109901
182.000000 205.000000 -0.433325 -0.109901
201.000000 205.000000 -0.373664 -0.109901
227.000000 205.000000 -0.292023 -0.109901
249.000000 205.000000 -0.222943 -0.109901
307.000000 205.000000 -0.040820 -0.109901
420.000000 205.000000 0.314004 -0.109901
430.000000 205.000000 0.345404 -0.109901
432.000000 205.000000 0.351684 -0.109901
440.000000 205.000000 0.376804 -0.109901
455.000000 205.000000 0.423905 -0.109901
459.000000 205.000000 0.436465 -0.109901
223.000000 206.000000 -0.304584 -0.106761
245.000000 206.000000 -0.235503 -0.106761
252.000000 206.000000 -0.213523 -0.106761
260.000000 206.000000 -0.188402 -0.106761
302.000000 206.000000 -0.056521 -0.106761
333.000000 206.000000 0.040820 -0.106761
335.000000 206.000000 0.047101 -0.106761
357.000000 206.000000 0.116181 -0.106761
405.000000 206.000000 0.266903 -0.106761
426.000000 206.000000 0.332844 -0.106761
428.000000 206.000000 0.339124 -0.106761
435.000000 206.000000 0.361104 -0.106761
457.000000 206.000000 0.430185 -0.106761
620.000000 206.000000 0.942011 -0.106761
173.000000 207.000000 -0.461585 -0.103621
210.000000 207.000000 -0.345404 -0.103621
219.000000 207.000000 -0.317144 -0.103621
240.000000 207.000000 -0.251203 -0.103621
298.000000 207.000000 -0.069081 -0.103621
353.000000 207.000000 0.103621 -0.103621
418.000000 207.000000 0.307724 -0.103621
422.000000 207.000000 0.320284 -0.103621
449.000000 207.000000 0.405065 -0.103621
451.000000 207.000000 0.411345 -0.103621
580.000000 207.000000 0.816410 -0.103621
600.000000 207.000000 0.879210 -0.103621
236.000000 208.000000 -0.263763 -0.100481
257.000000 208.000000 -0.197822 -0.100481
293.000000 208.000000 -0.084781 -0.100481
320.000000 208.000000 -0.000000 -0.100481
373.000000 208.000000 0.166422 -0.100481
377.000000 208.000000 0.178982 -0.100481
507.000000 208.000000 0.587187 -0.100481
551.000000 208.000000 0.725349 -0.100481
575.000000 208.000000 0.800709 -0.100481
172.000000 209.000000 -0.464725 -0.097341
184.000000 209.000000 -0.427045 -0.097341
202.000000 209.000000 -0.370524 -0.097341
231.000000 209.000000 -0.279463 -0.097341
336.000000 209.000000 0.050241 -0.097341
423.000000 209.000000 0.323424 -0.097341
425.000000 209.000000 0.329704 -0.097341
438.000000 209.000000 0.370524 -0.097341
441.000000 209.000000 0.379945 -0.097341
571.000000 209.000000 0.788149 -0.097341
610.000000 209.000000 0.910611 -0.097341
226.000000 210.000000 -0.295163 -0.094201
287.000000 210.000000 -0.103621 -0.094201
334.000000 210.000000 0.043961 -0.094201
358.000000 210.000000 0.119321 -0.094201
373.000000 210.000000 0.166422 -0.094201
393.000000 210.000000 0.229223 -0.094201
395.000000 210.000000 0.235503 -0.094201
593.000000 210.000000 0.857230 -0.094201
222.000000 211.000000 -0.307724 -0.091061
235.000000 211.000000 -0.266903 -0.091061
249.000000 211.000000 -0.222943 -0.091061
282.000000 211.000000 -0.119321 -0.091061
380.000000 211.000000 0.188402 -0.091061
389.000000 211.000000 0.216663 -0.091061
419.000000 211.000000 0.310864 -0.091061
432.000000 211.000000 0.351684 -0.091061
434.000000 211.000000 0.357964 -0.091061
453.000000 211.000000 0.417625 -0.091061
565.000000 211.000000 0.769309 -0.091061
601.000000 211.000000 0.882350 -0.091061
181.000000 212.000000 -0.436465 -0.087921
192.000000 212.000000 -0.401925 -0.087921
206.000000 212.000000 -0.357964 -0.087921
218.000000 212.000000 -0.320284 -0.087921
258.000000 212.000000 -0.194682 -0.087921
278.000000 212.000000 -0.131882 -0.087921
280.000000 212.000000 -0.125601 -0.087921
304.000000 212.000000 -0.050241 -0.087921
306.000000 212.000000 -0.043961 -0.087921
318.000000 212.000000 -0.006280 -0.087921
385.000000 212.000000 0.204102 -0.087921
393.000000 212.000000 0.229223 -0.087921
428.000000 212.000000 0.339124 -0.087921
175.000000 213.000000 -0.455305 -0.084781
232.000000 213.000000 -0.276323 -0.084781
241.000000 213.000000 -0.248063 -0.084781
274.000000 213.000000 -0.144442 -0.084781
337.000000 213.000000 0.053381 -0.084781
362.000000 213.000000 0.131882 -0.084781
381.000000 213.000000 0.191542 -0.084781
419.000000 213.000000 0.310864 -0.084781
453.000000 213.000000 0.417625 -0.084781
188.000000 214.000000 -0.414485 -0.081641
217.000000 214.000000 -0.323424 -0.081641
377.000000 214.000000 0.178982 -0.081641
397.000000 214.000000 0.241783 -0.081641
426.000000 214.000000 0.332844 -0.081641
470.000000 214.000000 0.471006 -0.081641
507.000000 214.000000 0.587187 -0.081641
517.000000 214.000000 0.618587 -0.081641
559.000000 214.000000 0.750469 -0.081641
588.000000 214.000000 0.841530 -0.081641
219.000000 215.000000 -0.317144 -0.078501
256.000000 215.000000 -0.200962 -0.078501
271.000000 215.000000 -0.153862 -0.078501
298.000000 215.000000 -0.069081 -0.078501
420.000000 215.000000 0.314004 -0.078501
440.000000 215.000000 0.376804 -0.078501
465.000000 215.000000 0.455305 -0.078501
238.000000 216.000000 -0.257483 -0.075361
283.000000 216.000000 -0.116181 -0.075361
309.000000 216.000000 -0.034540 -0.075361
355.000000 216.000000 0.109901 -0.075361
397.000000 216.000000 0.241783 -0.075361
456.000000 216.000000 0.427045 -0.075361
461.000000 216.000000 0.442745 -0.075361
582.000000 216.000000 0.822690 -0.075361
585.000000 216.000000 0.832110 -0.075361
175.000000 217.000000 -0.455305 -0.072221
232.000000 217.000000 -0.276323 -0.072221
258.000000 217.000000 -0.194682 -0.072221
279.000000 217.000000 -0.128742 -0.072221
292.000000 217.000000 -0.087921 -0.072221
294.000000 217.000000 -0.081641 -0.072221
336.000000 217.000000 0.050241 -0.072221
415.000000 217.000000 0.298304 -0.072221
420.000000 217.000000 0.314004 -0.072221
509.000000 217.000000 0.593467 -0.072221
570.000000 217.000000 0.785009 -0.072221
254.000000 218.000000 -0.207242 -0.069081
286.000000 218.000000 -0.106761 -0.069081
338.000000 218.000000 0.056521 -0.069081
360.000000 218.000000 0.125601 -0.069081
441.000000 218.000000 0.379945 -0.069081
473.000000 218.000000 0.480426 -0.069081
529.000000 218.000000 0.656268 -0.069081
578.000000 218.000000 0.810130 -0.069081
250.000000 219.000000 -0.219803 -0.065941
276.000000 219.000000 -0.138162 -0.065941
297.000000 219.000000 -0.072221 -0.065941
344.000000 219.000000 0.075361 -0.065941
433.000000 219.000000 0.354824 -0.065941
450.000000 219.000000 0.408205 -0.065941
246.000000 220.000000 -0.232363 -0.062801
254.000000 220.000000 -0.207242 -0.062801
274.000000 220.000000 -0.144442 -0.062801
290.000000 220.000000 -0.094201 -0.062801
325.000000 220.000000 0.015700 -0.062801
427.000000 220.000000 0.335984 -0.062801
446.000000 220.000000 0.395645 -0.062801
242.000000 221.000000 -0.244923 -0.059661
339.000000 221.000000 0.059661 -0.059661
397.000000 221.000000 0.241783 -0.059661
421.000000 221.000000 0.317144 -0.059661
474.000000 221.000000 0.483566 -0.059661
546.000000 221.000000 0.709648 -0.059661
238.000000 222.000000 -0.257483 -0.056521
270.000000 222.000000 -0.157002 -0.056521
337.000000 222.000000 0.053381 -0.056521
510.000000 222.000000 0.596607 -0.056521
571.000000 222.000000 0.788149 -0.056521
323.000000 223.000000 0.009420 -0.053381
442.000000 223.000000 0.383085 -0.053381
466.000000 223.000000 0.458445 -0.053381
228.000000 224.000000 -0.288883 -0.050241
230.000000 224.000000 -0.282603 -0.050241
293.000000 224.000000 -0.084781 -0.050241
297.000000 224.000000 -0.072221 -0.050241
307.000000 224.000000 -0.040820 -0.050241
318.000000 224.000000 -0.006280 -0.050241
337.000000 224.000000 0.053381 -0.050241
346.000000 224.000000 0.081641 -0.050241
458.000000 224.000000 0.433325 -0.050241
483.000000 224.000000 0.511826 -0.050241
488.000000 224.000000 0.527526 -0.050241
251.000000 225.000000 -0.216663 -0.047101
254.000000 225.000000 -0.207242 -0.047101
340.000000 225.000000 0.062801 -0.047101
422.000000 225.000000 0.320284 -0.047101
425.000000 225.000000 0.329704 -0.047101
442.000000 225.000000 0.383085 -0.047101
221.000000 226.000000 -0.310864 -0.043961
244.000000 226.000000 -0.238643 -0.043961
257.000000 226.000000 -0.197822 -0.043961
309.000000 226.000000 -0.034540 -0.043961
337.000000 226.000000 0.053381 -0.043961
397.000000 226.000000 0.241783 -0.043961
636.000000 226.000000 0.992252 -0.043961
242.000000 227.000000 -0.244923 -0.040820
273.000000 227.000000 -0.147582 -0.040820
303.000000 227.000000 -0.053381 -0.040820
323.000000 227.000000 0.009420 -0.040820
425.000000 227.000000 0.329704 -0.040820
510.000000 227.000000 0.596607 -0.040820
226.000000 228.000000 -0.295163 -0.037680
231.000000 228.000000 -0.279463 -0.037680
237.000000 228.000000 -0.260623 -0.037680
279.000000 228.000000 -0.128742 -0.037680
317.000000 228.000000 -0.009420 -0.037680
423.000000 228.000000 0.323424 -0.037680
628.000000 228.000000 0.967131 -0.037680
303.000000 229.000000 -0.053381 -0.034540
310.000000 229.000000 -0.031400 -0.034540
328.000000 229.000000 0.025120 -0.034540
361.000000 229.000000 0.128742 -0.034540
425.000000 229.000000 0.329704 -0.034540
444.000000 229.000000 0.389365 -0.034540
459.000000 229.000000 0.436465 -0.034540
474.000000 229.000000 0.483566 -0.034540
519.000000 229.000000 0.624867 -0.034540
226.000000 230.000000 -0.295163 -0.031400
275.000000 230.000000 -0.141302 -0.031400
288.000000 230.000000 -0.100481 -0.031400
298.000000 230.000000 -0.069081 -0.031400
306.000000 230.000000 -0.043961 -0.031400
338.000000 230.000000 0.056521 -0.031400
341.000000 230.000000 0.065941 -0.031400
347.000000 230.000000 0.084781 -0.031400
612.000000 230.000000 0.916891 -0.031400
621.000000 230.000000 0.945151 -0.031400
294.000000 231.000000 -0.081641 -0.028260
296.000000 231.000000 -0.075361 -0.028260
331.000000 231.000000 0.034540 -0.028260
364.000000 231.000000 0.138162 -0.028260
428.000000 231.000000 0.339124 -0.028260
436.000000 231.000000 0.364244 -0.028260
468.000000 231.000000 0.464725 -0.028260
512.000000 231.000000 0.602887 -0.028260
615.000000 231.000000 0.926311 -0.028260
226.000000 232.000000 -0.295163 -0.025120
271.000000 232.000000 -0.153862 -0.025120
282.000000 232.000000 -0.119321 -0.025120
308.000000 232.000000 -0.037680 -0.025120
323.000000 232.000000 0.009420 -0.025120
424.000000 232.000000 0.326564 -0.025120
465.000000 232.000000 0.455305 -0.025120
611.000000 232.000000 0.913751 -0.025120
243.000000 233.000000 -0.241783 -0.021980
331.000000 233.000000 0.034540 -0.021980
363.000000 233.000000 0.135022 -0.021980
401.000000 233.000000 0.254343 -0.021980
430.000000 233.000000 0.345404 -0.021980
240.000000 234.000000 -0.251203 -0.018840
290.000000 234.000000 -0.094201 -0.018840
292.000000 234.000000 -0.087921 -0.018840
299.000000 234.000000 -0.065941 -0.018840
309.000000 234.000000 -0.034540 -0.018840
313.000000 234.000000 -0.021980 -0.018840
319.000000 234.000000 -0.003140 -0.018840
342.000000 234.000000 0.069081 -0.018840
424.000000 234.000000 0.326564 -0.018840
457.000000 234.000000 0.430185 -0.018840
514.000000 234.000000 0.609167 -0.018840
238.000000 235.000000 -0.257483 -0.015700
295.000000 235.000000 -0.078501 -0.015700
302.000000 235.000000 -0.056521 -0.015700
428.000000 235.000000 0.339124 -0.015700
450.000000 235.000000 0.408205 -0.015700
452.000000 235.000000 0.414485 -0.015700
483.000000 235.000000 0.511826 -0.015700
245.000000 236.000000 -0.235503 -0.012560
309.000000 236.000000 -0.034540 -0.012560
425.000000 236.000000 0.329704 -0.012560
513.000000 236.000000 0.606027 -0.012560
269.000000 237.000000 -0.160142 -0.009420
271.000000 237.000000 -0.153862 -0.009420
303.000000 237.000000 -0.053381 -0.009420
313.000000 237.000000 -0.021980 -0.009420
505.000000 237.000000 0.580907 -0.009420
235.000000 238.000000 -0.266903 -0.006280
240.000000 238.000000 -0.251203 -0.006280
310.000000 238.000000 -0.031400 -0.006280
425.000000 238.000000 0.329704 -0.006280
261.000000 239.000000 -0.185262 -0.003140
279.000000 239.000000 -0.128742 -0.003140
307.000000 239.000000 -0.040820 -0.003140
428.000000 239.000000 0.339124 -0.003140
496.000000 239.000000 0.552647 -0.003140
499.000000 239.000000 0.562067 -0.003140
503.000000 239.000000 0.574627 -0.003140
245.000000 240.000000 -0.235503 0.000000
264.000000 240.000000 -0.175842 0.000000
270.000000 240.000000 -0.157002 0.000000
310.000000 240.000000 -0.031400 0.000000
356.000000 240.000000 0.113041 0.000000
258.000000 241.000000 -0.194682 0.003140
266.000000 241.000000 -0.169562 0.003140
272.000000 241.000000 -0.150722 0.003140
293.000000 241.000000 -0.084781 0.003140
322.000000 241.000000 0.006280 0.003140
426.000000 241.000000 0.332844 0.003140
494.000000 241.000000 0.546366 0.003140
576.000000 241.000000 0.803850 0.003140
219.000000 242.000000 -0.317144 0.006280
246.000000 242.000000 -0.232363 0.006280
264.000000 242.000000 -0.175842 0.006280
311.000000 242.000000 -0.028260 0.006280
360.000000 242.000000 0.125601 0.006280
403.000000 242.000000 0.260623 0.006280
410.000000 242.000000 0.282603 0.006280
429.000000 242.000000 0.342264 0.006280
477.000000 242.000000 0.492986 0.006280
487.000000 242.000000 0.524386 0.006280
578.000000 242.000000 0.810130 0.006280
243.000000 243.000000 -0.241783 0.009420
259.000000 243.000000 -0.191542 0.009420
269.000000 243.000000 -0.160142 0.009420
290.000000 243.000000 -0.094201 0.009420
293.000000 243.000000 -0.084781 0.009420
298.000000 243.000000 -0.069081 0.009420
301.000000 243.000000 -0.059661 0.009420
264.000000 244.000000 -0.175842 0.012560
311.000000 244.000000 -0.028260 0.012560
398.000000 244.000000 0.244923 0.012560
401.000000 244.000000 0.254343 0.012560
262.000000 245.000000 -0.182122 0.015700
328.000000 245.000000 0.025120 0.015700
427.000000 245.000000 0.335984 0.015700
449.000000 245.000000 0.405065 0.015700
474.000000 245.000000 0.483566 0.015700
571.000000 245.000000 0.788149 0.015700
260.000000 246.000000 -0.188402 0.018840
312.000000 246.000000 -0.025120 0.018840
230.000000 247.000000 -0.282603 0.021980
256.000000 247.000000 -0.200962 0.021980
285.000000 247.000000 -0.109901 0.021980
351.000000 247.000000 0.097341 0.021980
427.000000 247.000000 0.335984 0.021980
431.000000 247.000000 0.348544 0.021980
252.000000 248.000000 -0.213523 0.025120
312.000000 248.000000 -0.025120 0.025120
342.000000 248.000000 0.069081 0.025120
262.000000 249.000000 -0.182122 0.028260
269.000000 249.000000 -0.160142 0.028260
428.000000 249.000000 0.339124 0.028260
432.000000 249.000000 0.351684 0.028260
231.000000 250.000000 -0.279463 0.031400
254.000000 250.000000 -0.207242 0.031400
265.000000 250.000000 -0.172702 0.031400
267.000000 250.000000 -0.166422 0.031400
313.000000 250.000000 -0.021980 0.031400
405.000000 250.000000 0.266903 0.031400
466.000000 250.000000 0.458445 0.031400
288.000000 251.000000 -0.100481 0.034540
428.000000 251.000000 0.339124 0.034540
456.000000 251.000000 0.427045 0.034540
537.000000 251.000000 0.681388 0.034540
173.000000 252.000000 -0.461585 0.037680
264.000000 252.000000 -0.175842 0.037680
313.000000 252.000000 -0.021980 0.037680
352.000000 252.000000 0.100481 0.037680
409.000000 252.000000 0.279463 0.037680
296.000000 253.000000 -0.075361 0.040820
451.000000 253.000000 0.411345 0.040820
540.000000 253.000000 0.690808 0.040820
542.000000 253.000000 0.697088 0.040820
167.000000 254.000000 -0.480426 0.043961
220.000000 254.000000 -0.314004 0.043961
269.000000 254.000000 -0.160142 0.043961
277.000000 254.000000 -0.135022 0.043961
281.000000 254.000000 -0.122461 0.043961
314.000000 254.000000 -0.018840 0.043961
250.000000 255.000000 -0.219803 0.047101
263.000000 255.000000 -0.178982 0.047101
429.000000 255.000000 0.342264 0.047101
433.000000 255.000000 0.354824 0.047101
436.000000 255.000000 0.364244 0.047101
536.000000 255.000000 0.678248 0.047101
175.000000 256.000000 -0.455305 0.050241
276.000000 256.000000 -0.138162 0.050241
314.000000 256.000000 -0.018840 0.050241
326.000000 256.000000 0.018840 0.050241
233.000000 257.000000 -0.273183 0.053381
246.000000 257.000000 -0.232363 0.053381
296.000000 257.000000 -0.075361 0.053381
412.000000 257.000000 0.288883 0.053381
528.000000 257.000000 0.653128 0.053381
146.000000 258.000000 -0.546366 0.056521
148.000000 258.000000 -0.540086 0.056521
282.000000 258.000000 -0.119321 0.056521
354.000000 258.000000 0.106761 0.056521
427.000000 258.000000 0.335984 0.056521
432.000000 258.000000 0.351684 0.056521
524.000000 258.000000 0.640568 0.056521
163.000000 259.000000 -0.492986 0.059661
174.000000 259.000000 -0.458445 0.059661
185.000000 259.000000 -0.423905 0.059661
200.000000 259.000000 -0.376804 0.059661
315.000000 259.000000 -0.015700 0.059661
508.000000 259.000000 0.590327 0.059661
147.000000 260.000000 -0.543226 0.062801
160.000000 260.000000 -0.502406 0.062801
170.000000 260.000000 -0.471006 0.062801
194.000000 260.000000 -0.395645 0.062801
247.000000 260.000000 -0.229223 0.062801
264.000000 260.000000 -0.175842 0.062801
270.000000 260.000000 -0.157002 0.062801
345.000000 260.000000 0.078501 0.062801
402.000000 260.000000 0.257483 0.062801
505.000000 260.000000 0.580907 0.062801
511.000000 260.000000 0.599747 0.062801
156.000000 261.000000 -0.514966 0.065941
191.000000 261.000000 -0.405065 0.065941
241.000000 261.000000 -0.248063 0.065941
287.000000 261.000000 -0.103621 0.065941
337.000000 261.000000 0.053381 0.065941
398.000000 261.000000 0.244923 0.065941
514.000000 261.000000 0.609167 0.065941
152.000000 262.000000 -0.527526 0.069081
264.000000 262.000000 -0.175842 0.069081
267.000000 262.000000 -0.166422 0.069081
283.000000 262.000000 -0.116181 0.069081
324.000000 262.000000 0.012560 0.069081
405.000000 262.000000 0.266903 0.069081
147.000000 263.000000 -0.543226 0.072221
281.000000 263.000000 -0.122461 0.072221
327.000000 263.000000 0.021980 0.072221
391.000000 263.000000 0.222943 0.072221
411.000000 263.000000 0.285743 0.072221
414.000000 263.000000 0.295163 0.072221
501.000000 263.000000 0.568347 0.072221
508.000000 263.000000 0.590327 0.072221
150.000000 264.000000 -0.533806 0.075361
185.000000 264.000000 -0.423905 0.075361
241.000000 264.000000 -0.248063 0.075361
248.000000 264.000000 -0.226083 0.075361
264.000000 264.000000 -0.175842 0.075361
294.000000 264.000000 -0.081641 0.075361
315.000000 264.000000 -0.015700 0.075361
499.000000 264.000000 0.562067 0.075361
504.000000 264.000000 0.577767 0.075361
148.000000 265.000000 -0.540086 0.078501
297.000000 265.000000 -0.072221 0.078501
332.000000 265.000000 0.037680 0.078501
383.000000 265.000000 0.197822 0.078501
408.000000 265.000000 0.276323 0.078501
495.000000 265.000000 0.549506 0.078501
168.000000 266.000000 -0.477286 0.081641
178.000000 266.000000 -0.445885 0.081641
286.000000 266.000000 -0.106761 0.081641
327.000000 266.000000 0.021980 0.081641
364.000000 266.000000 0.138162 0.081641
380.000000 266.000000 0.188402 0.081641
565.000000 266.000000 0.769309 0.081641
588.000000 266.000000 0.841530 0.081641
186.000000 267.000000 -0.420765 0.084781
256.000000 267.000000 -0.200962 0.084781
283.000000 267.000000 -0.116181 0.084781
290.000000 267.000000 -0.094201 0.084781
292.000000 267.000000 -0.087921 0.084781
347.000000 267.000000 0.084781 0.084781
403.000000 267.000000 0.260623 0.084781
494.000000 267.000000 0.546366 0.084781
91.000000 268.000000 -0.719069 0.087921
168.000000 268.000000 -0.477286 0.087921
176.000000 268.000000 -0.452165 0.087921
279.000000 268.000000 -0.128742 0.087921
287.000000 268.000000 -0.103621 0.087921
374.000000 268.000000 0.169562 0.087921
88.000000 269.000000 -0.728489 0.091061
171.000000 269.000000 -0.467866 0.091061
248.000000 269.000000 -0.226083 0.091061
283.000000 269.000000 -0.116181 0.091061
487.000000 269.000000 0.524386 0.091061
70.000000 270.000000 -0.785009 0.094201
81.000000 270.000000 -0.750469 0.094201
336.000000 270.000000 0.050241 0.094201
343.000000 270.000000 0.072221 0.094201
76.000000 271.000000 -0.766169 0.097341
250.000000 271.000000 -0.219803 0.097341
481.000000 271.000000 0.505546 0.097341
573.000000 271.000000 0.794429 0.097341
149.000000 272.000000 -0.536946 0.100481
264.000000 272.000000 -0.175842 0.100481
272.000000 272.000000 -0.150722 0.100481
466.000000 272.000000 0.458445 0.100481
473.000000 272.000000 0.480426 0.100481
579.000000 272.000000 0.813270 0.100481
152.000000 273.000000 -0.527526 0.103621
254.000000 273.000000 -0.207242 0.103621
268.000000 273.000000 -0.163282 0.103621
275.000000 273.000000 -0.141302 0.103621
364.000000 273.000000 0.138162 0.103621
460.000000 273.000000 0.439605 0.103621
462.000000 273.000000 0.445885 0.103621
587.000000 273.000000 0.838390 0.103621
63.000000 274.000000 -0.806990 0.106761
67.000000 274.000000 -0.794429 0.106761
264.000000 274.000000 -0.175842 0.106761
271.000000 274.000000 -0.153862 0.106761
469.000000 274.000000 0.467866 0.106761
596.000000 274.000000 0.866650 0.106761
157.000000 275.000000 -0.511826 0.109901
267.000000 275.000000 -0.166422 0.109901
286.000000 275.000000 -0.106761 0.109901
337.000000 275.000000 0.053381 0.109901
358.000000 275.000000 0.119321 0.109901
604.000000 275.000000 0.891771 0.109901
58.000000 276.000000 -0.822690 0.113041
67.000000 276.000000 -0.794429 0.113041
90.000000 276.000000 -0.722209 0.113041
92.000000 276.000000 -0.715928 0.113041
155.000000 276.000000 -0.518106 0.113041
160.000000 276.000000 -0.502406 0.113041
250.000000 276.000000 -0.219803 0.113041
263.000000 276.000000 -0.178982 0.113041
452.000000 276.000000 0.414485 0.113041
456.000000 276.000000 0.427045 0.113041
462.000000 276.000000 0.445885 0.113041
610.000000 276.000000 0.910611 0.113041
612.000000 276.000000 0.916891 0.113041
53.000000 277.000000 -0.838390 0.116181
153.000000 277.000000 -0.524386 0.116181
176.000000 277.000000 -0.452165 0.116181
259.000000 277.000000 -0.191542 0.116181
619.000000 277.000000 0.938871 0.116181
49.000000 278.000000 -0.850950 0.119321
139.000000 278.000000 -0.568347 0.119321
149.000000 278.000000 -0.536946 0.119321
232.000000 278.000000 -0.276323 0.119321
451.000000 278.000000 0.411345 0.119321
456.000000 278.000000 0.427045 0.119321
627.000000 278.000000 0.963991 0.119321
73.000000 279.000000 -0.775589 0.122461
78.000000 279.000000 -0.759889 0.122461
80.000000 279.000000 -0.753609 0.122461
154.000000 279.000000 -0.521246 0.122461
440.000000 279.000000 0.376804 0.122461
443.000000 279.000000 0.386225 0.122461
635.000000 279.000000 0.989112 0.122461
38.000000 280.000000 -0.885490 0.125601
40.000000 280.000000 -0.879210 0.125601
159.000000 280.000000 -0.505546 0.125601
251.000000 280.000000 -0.216663 0.125601
256.000000 280.000000 -0.200962 0.125601
290.000000 280.000000 -0.094201 0.125601
323.000000 280.000000 0.009420 0.125601
351.000000 280.000000 0.097341 0.125601
128.000000 281.000000 -0.602887 0.128742
139.000000 281.000000 -0.568347 0.128742
279.000000 281.000000 -0.128742 0.128742
26.000000 282.000000 -0.923171 0.131882
72.000000 282.000000 -0.778729 0.131882
160.000000 282.000000 -0.502406 0.131882
331.000000 282.000000 0.034540 0.131882
363.000000 282.000000 0.135022 0.131882
34.000000 283.000000 -0.898051 0.135022
69.000000 283.000000 -0.788149 0.135022
75.000000 283.000000 -0.769309 0.135022
273.000000 283.000000 -0.147582 0.135022
286.000000 283.000000 -0.106761 0.135022
38.000000 284.000000 -0.885490 0.138162
119.000000 284.000000 -0.631147 0.138162
191.000000 284.000000 -0.405065 0.138162
253.000000 284.000000 -0.210382 0.138162
268.000000 284.000000 -0.163282 0.138162
327.000000 284.000000 0.021980 0.138162
351.000000 285.000000 0.097341 0.141302
362.000000 285.000000 0.131882 0.141302
34.000000 286.000000 -0.898051 0.144442
70.000000 286.000000 -0.785009 0.144442
116.000000 286.000000 -0.640568 0.144442
364.000000 286.000000 0.138162 0.144442
418.000000 286.000000 0.307724 0.144442
103.000000 287.000000 -0.681388 0.147582
108.000000 287.000000 -0.665688 0.147582
161.000000 287.000000 -0.499266 0.147582
253.000000 287.000000 -0.210382 0.147582
259.000000 287.000000 -0.191542 0.147582
281.000000 287.000000 -0.122461 0.147582
296.000000 287.000000 -0.075361 0.147582
346.000000 287.000000 0.081641 0.147582
410.000000 287.000000 0.282603 0.147582
313.000000 288.000000 -0.021980 0.150722
348.000000 288.000000 0.087921 0.150722
423.000000 288.000000 0.323424 0.150722
40.000000 289.000000 -0.879210 0.153862
100.000000 289.000000 -0.690808 0.153862
289.000000 289.000000 -0.097341 0.153862
311.000000 289.000000 -0.028260 0.153862
412.000000 289.000000 0.288883 0.153862
185.000000 290.000000 -0.423905 0.157002
261.000000 290.000000 -0.185262 0.157002
273.000000 290.000000 -0.147582 0.157002
304.000000 290.000000 -0.050241 0.157002
307.000000 290.000000 -0.040820 0.157002
409.000000 290.000000 0.279463 0.157002
35.000000 291.000000 -0.894911 0.160142
99.000000 291.000000 -0.693948 0.160142
115.000000 291.000000 -0.643708 0.160142
162.000000 291.000000 -0.496126 0.160142
174.000000 291.000000 -0.458445 0.160142
243.000000 291.000000 -0.241783 0.160142
259.000000 291.000000 -0.191542 0.160142
267.000000 291.000000 -0.166422 0.160142
310.000000 291.000000 -0.031400 0.160142
314.000000 291.000000 -0.018840 0.160142
356.000000 291.000000 0.113041 0.160142
157.000000 292.000000 -0.511826 0.163282
171.000000 292.000000 -0.467866 0.163282
255.000000 292.000000 -0.204102 0.163282
290.000000 292.000000 -0.094201 0.163282
307.000000 292.000000 -0.040820 0.163282
320.000000 292.000000 -0.000000 0.163282
324.000000 292.000000 0.012560 0.163282
363.000000 292.000000 0.135022 0.163282
373.000000 292.000000 0.166422 0.163282
376.000000 292.000000 0.175842 0.163282
408.000000 292.000000 0.276323 0.163282
412.000000 292.000000 0.288883 0.163282
633.000000 292.000000 0.982832 0.163282
79.000000 293.000000 -0.756749 0.166422
305.000000 293.000000 -0.047101 0.166422
404.000000 293.000000 0.263763 0.166422
244.000000 294.000000 -0.238643 0.169562
256.000000 294.000000 -0.200962 0.169562
288.000000 294.000000 -0.100481 0.169562
398.000000 294.000000 0.244923 0.169562
163.000000 295.000000 -0.492986 0.172702
626.000000 295.000000 0.960851 0.172702
306.000000 296.000000 -0.043961 0.175842
310.000000 296.000000 -0.031400 0.175842
368.000000 296.000000 0.150722 0.175842
622.000000 296.000000 0.948291 0.175842
241.000000 297.000000 -0.248063 0.178982
302.000000 297.000000 -0.056521 0.178982
373.000000 297.000000 0.166422 0.178982
385.000000 298.000000 0.204102 0.182122
39.000000 299.000000 -0.882350 0.185262
250.000000 299.000000 -0.219803 0.185262
282.000000 299.000000 -0.119321 0.185262
295.000000 300.000000 -0.078501 0.188402
80.000000 301.000000 -0.753609 0.191542
263.000000 301.000000 -0.178982 0.191542
386.000000 301.000000 0.207242 0.191542
606.000000 301.000000 0.898051 0.191542
75.000000 302.000000 -0.769309 0.194682
165.000000 302.000000 -0.486706 0.194682
282.000000 302.000000 -0.119321 0.194682
338.000000 302.000000 0.056521 0.194682
388.000000 302.000000 0.213523 0.194682
197.000000 303.000000 -0.386225 0.197822
285.000000 303.000000 -0.109901 0.197822
390.000000 303.000000 0.219803 0.197822
394.000000 305.000000 0.232363 0.204102
594.000000 305.000000 0.860370 0.204102
166.000000 306.000000 -0.483566 0.207242
246.000000 306.000000 -0.232363 0.207242
41.000000 307.000000 -0.876070 0.210382
233.000000 307.000000 -0.273183 0.210382
55.000000 308.000000 -0.832110 0.213523
578.000000 308.000000 0.810130 0.213523
585.000000 308.000000 0.832110 0.213523
44.000000 309.000000 -0.866650 0.216663
158.000000 309.000000 -0.508686 0.216663
580.000000 309.000000 0.816410 0.216663
58.000000 310.000000 -0.822690 0.219803
167.000000 310.000000 -0.480426 0.219803
190.000000 310.000000 -0.408205 0.219803
253.000000 310.000000 -0.210382 0.219803
256.000000 310.000000 -0.200962 0.219803
301.000000 310.000000 -0.059661 0.219803
310.000000 310.000000 -0.031400 0.219803
61.000000 312.000000 -0.813270 0.226083
251.000000 312.000000 -0.216663 0.226083
274.000000 312.000000 -0.144442 0.226083
289.000000 312.000000 -0.097341 0.226083
569.000000 312.000000 0.781869 0.226083
297.000000 313.000000 -0.072221 0.229223
45.000000 314.000000 -0.863510 0.232363
78.000000 314.000000 -0.759889 0.232363
168.000000 314.000000 -0.477286 0.232363
255.000000 315.000000 -0.204102 0.235503
560.000000 315.000000 0.753609 0.235503
79.000000 316.000000 -0.756749 0.238643
39.000000 317.000000 -0.882350 0.241783
289.000000 317.000000 -0.097341 0.241783
37.000000 318.000000 -0.888631 0.244923
167.000000 318.000000 -0.480426 0.244923
249.000000 318.000000 -0.222943 0.244923
296.000000 318.000000 -0.075361 0.244923
4.000000 319.000000 -0.992252 0.248063
34.000000 319.000000 -0.898051 0.248063
80.000000 319.000000 -0.753609 0.248063
160.000000 319.000000 -0.502406 0.248063
172.000000 319.000000 -0.464725 0.248063
279.000000 319.000000 -0.128742 0.248063
180.000000 320.000000 -0.439605 0.251203
248.000000 320.000000 -0.226083 0.251203
296.000000 320.000000 -0.075361 0.251203
254.000000 321.000000 -0.207242 0.254343
268.000000 321.000000 -0.163282 0.254343
278.000000 321.000000 -0.131882 0.254343
5.000000 322.000000 -0.989112 0.257483
81.000000 322.000000 -0.750469 0.257483
156.000000 322.000000 -0.514966 0.257483
228.000000 322.000000 -0.288883 0.257483
234.000000 322.000000 -0.270043 0.257483
249.000000 322.000000 -0.222943 0.257483
22.000000 323.000000 -0.935731 0.260623
24.000000 323.000000 -0.929451 0.260623
173.000000 323.000000 -0.461585 0.260623
256.000000 323.000000 -0.200962 0.260623
276.000000 323.000000 -0.138162 0.260623
535.000000 323.000000 0.675108 0.260623
166.000000 324.000000 -0.483566 0.263763
217.000000 324.000000 -0.323424 0.263763
247.000000 324.000000 -0.229223 0.263763
80.000000 325.000000 -0.753609 0.266903
369.000000 325.000000 0.153862 0.266903
13.000000 326.000000 -0.963991 0.270043
159.000000 326.000000 -0.505546 0.270043
273.000000 326.000000 -0.147582 0.270043
509.000000 327.000000 0.593467 0.273183
7.000000 328.000000 -0.982832 0.276323
75.000000 328.000000 -0.769309 0.276323
85.000000 328.000000 -0.737909 0.276323
5.000000 329.000000 -0.989112 0.279463
169.000000 329.000000 -0.474146 0.279463
69.000000 330.000000 -0.788149 0.282603
159.000000 330.000000 -0.505546 0.282603
190.000000 330.000000 -0.408205 0.282603
86.000000 331.000000 -0.734769 0.285743
258.000000 331.000000 -0.194682 0.285743
349.000000 331.000000 0.091061 0.285743
160.000000 332.000000 -0.502406 0.288883
164.000000 332.000000 -0.489846 0.288883
256.000000 332.000000 -0.200962 0.288883
508.000000 332.000000 0.590327 0.288883
155.000000 333.000000 -0.518106 0.292023
259.000000 334.000000 -0.191542 0.295163
504.000000 334.000000 0.577767 0.295163
86.000000 335.000000 -0.734769 0.298304
161.000000 335.000000 -0.499266 0.298304
163.000000 335.000000 -0.492986 0.298304
502.000000 335.000000 0.571487 0.298304
159.000000 336.000000 -0.505546 0.301444
82.000000 337.000000 -0.747329 0.304584
201.000000 337.000000 -0.373664 0.304584
80.000000 338.000000 -0.753609 0.307724
86.000000 338.000000 -0.734769 0.307724
150.000000 338.000000 -0.533806 0.307724
157.000000 338.000000 -0.511826 0.307724
84.000000 339.000000 -0.741049 0.310864
77.000000 340.000000 -0.763029 0.314004
81.000000 340.000000 -0.750469 0.314004
162.000000 341.000000 -0.496126 0.317144
253.000000 341.000000 -0.210382 0.317144
72.000000 343.000000 -0.778729 0.323424
163.000000 343.000000 -0.492986 0.323424
90.000000 344.000000 -0.722209 0.326564
252.000000 344.000000 -0.213523 0.326564
94.000000 345.000000 -0.709648 0.329704
165.000000 345.000000 -0.486706 0.329704
243.000000 345.000000 -0.241783 0.329704
302.000000 345.000000 -0.056521 0.329704
64.000000 346.000000 -0.803850 0.332844
70.000000 346.000000 -0.785009 0.332844
255.000000 346.000000 -0.204102 0.332844
155.000000 347.000000 -0.518106 0.335984
240.000000 347.000000 -0.251203 0.335984
94.000000 348.000000 -0.709648 0.339124
76.000000 349.000000 -0.766169 0.342264
155.000000 351.000000 -0.518106 0.348544
157.000000 352.000000 -0.511826 0.351684
239.000000 352.000000 -0.254343 0.351684
250.000000 352.000000 -0.219803 0.351684
480.000000 353.000000 0.502406 0.354824
50.000000 354.000000 -0.847810 0.357964
85.000000 354.000000 -0.737909 0.357964
97.000000 354.000000 -0.700228 0.357964
97.000000 357.000000 -0.700228 0.367384
262.000000 357.000000 -0.182122 0.367384
81.000000 358.000000 -0.750469 0.370524
247.000000 358.000000 -0.229223 0.370524
482.000000 358.000000 0.508686 0.370524
148.000000 359.000000 -0.540086 0.373664
247.000000 360.000000 -0.229223 0.376804
149.000000 361.000000 -0.536946 0.379945
485.000000 361.000000 0.518106 0.379945
632.000000 362.000000 0.979692 0.383085
17.000000 363.000000 -0.951431 0.386225
486.000000 363.000000 0.521246 0.386225
121.000000 364.000000 -0.624867 0.389365
491.000000 364.000000 0.536946 0.389365
564.000000 364.000000 0.766169 0.389365
636.000000 364.000000 0.992252 0.389365
20.000000 365.000000 -0.942011 0.392505
495.000000 365.000000 0.549506 0.392505
240.000000 367.000000 -0.251203 0.398785
497.000000 367.000000 0.555787 0.398785
22.000000 368.000000 -0.935731 0.401925
29.000000 368.000000 -0.913751 0.401925
244.000000 369.000000 -0.238643 0.405065
122.000000 370.000000 -0.621727 0.408205
250.000000 370.000000 -0.219803 0.408205
22.000000 371.000000 -0.935731 0.411345
138.000000 372.000000 -0.571487 0.414485
91.000000 373.000000 -0.719069 0.417625
20.000000 374.000000 -0.942011 0.420765
232.000000 374.000000 -0.276323 0.420765
254.000000 374.000000 -0.207242 0.420765
498.000000 374.000000 0.558927 0.420765
246.000000 375.000000 -0.232363 0.423905
250.000000 375.000000 -0.219803 0.423905
504.000000 375.000000 0.577767 0.423905
125.000000 376.000000 -0.612307 0.427045
494.000000 376.000000 0.546366 0.427045
249.000000 380.000000 -0.222943 0.439605
248.000000 382.000000 -0.226083 0.445885
83.000000 383.000000 -0.744189 0.449025
463.000000 384.000000 0.449025 0.452165
252.000000 385.000000 -0.213523 0.455305
81.000000 386.000000 -0.750469 0.458445
250.000000 386.000000 -0.219803 0.458445
244.000000 387.000000 -0.238643 0.461585
251.000000 388.000000 -0.216663 0.464725
311.000000 388.000000 -0.028260 0.464725
463.000000 388.000000 0.449025 0.464725
465.000000 388.000000 0.455305 0.464725
474.000000 388.000000 0.483566 0.464725
459.000000 389.000000 0.436465 0.467866
481.000000 389.000000 0.505546 0.467866
89.000000 390.000000 -0.725349 0.471006
242.000000 390.000000 -0.244923 0.471006
463.000000 390.000000 0.449025 0.471006
487.000000 390.000000 0.524386 0.471006
247.000000 391.000000 -0.229223 0.474146
481.000000 391.000000 0.505546 0.474146
522.000000 391.000000 0.634288 0.474146
530.000000 391.000000 0.659408 0.474146
337.000000 392.000000 0.053381 0.477286
484.000000 392.000000 0.514966 0.477286
491.000000 392.000000 0.536946 0.477286
494.000000 392.000000 0.546366 0.477286
90.000000 393.000000 -0.722209 0.480426
96.000000 393.000000 -0.703368 0.480426
241.000000 393.000000 -0.248063 0.480426
247.000000 393.000000 -0.229223 0.480426
456.000000 393.000000 0.427045 0.480426
502.000000 393.000000 0.571487 0.480426
251.000000 394.000000 -0.216663 0.483566
459.000000 394.000000 0.436465 0.483566
462.000000 394.000000 0.445885 0.483566
489.000000 394.000000 0.530666 0.483566
85.000000 395.000000 -0.737909 0.486706
244.000000 395.000000 -0.238643 0.486706
248.000000 395.000000 -0.226083 0.486706
478.000000 395.000000 0.496126 0.486706
506.000000 395.000000 0.584047 0.486706
508.000000 395.000000 0.590327 0.486706
542.000000 395.000000 0.697088 0.486706
54.000000 396.000000 -0.835250 0.489846
91.000000 396.000000 -0.719069 0.489846
106.000000 396.000000 -0.671968 0.489846
378.000000 396.000000 0.182122 0.489846
454.000000 396.000000 0.420765 0.489846
501.000000 396.000000 0.568347 0.489846
517.000000 396.000000 0.618587 0.489846
240.000000 397.000000 -0.251203 0.492986
245.000000 397.000000 -0.235503 0.492986
523.000000 397.000000 0.637428 0.492986
547.000000 397.000000 0.712788 0.492986
242.000000 398.000000 -0.244923 0.496126
454.000000 398.000000 0.420765 0.496126
492.000000 398.000000 0.540086 0.496126
525.000000 398.000000 0.643708 0.496126
251.000000 399.000000 -0.216663 0.499266
504.000000 399.000000 0.577767 0.499266
111.000000 400.000000 -0.656268 0.502406
340.000000 400.000000 0.062801 0.502406
493.000000 400.000000 0.543226 0.502406
517.000000 400.000000 0.618587 0.502406
523.000000 400.000000 0.637428 0.502406
532.000000 400.000000 0.665688 0.502406
85.000000 401.000000 -0.737909 0.505546
441.000000 401.000000 0.379945 0.505546
520.000000 401.000000 0.628007 0.505546
540.000000 401.000000 0.690808 0.505546
237.000000 402.000000 -0.260623 0.508686
243.000000 402.000000 -0.241783 0.508686
249.000000 402.000000 -0.222943 0.508686
516.000000 402.000000 0.615447 0.508686
518.000000 402.000000 0.621727 0.508686
536.000000 402.000000 0.678248 0.508686
29.000000 403.000000 -0.913751 0.511826
223.000000 403.000000 -0.304584 0.511826
225.000000 403.000000 -0.298304 0.511826
234.000000 403.000000 -0.270043 0.511826
341.000000 403.000000 0.065941 0.511826
523.000000 403.000000 0.637428 0.511826
526.000000 403.000000 0.646848 0.511826
92.000000 404.000000 -0.715928 0.514966
94.000000 404.000000 -0.709648 0.514966
238.000000 404.000000 -0.257483 0.514966
446.000000 404.000000 0.395645 0.514966
508.000000 404.000000 0.590327 0.514966
544.000000 404.000000 0.703368 0.514966
71.000000 405.000000 -0.781869 0.518106
243.000000 405.000000 -0.241783 0.518106
252.000000 405.000000 -0.213523 0.518106
344.000000 405.000000 0.075361 0.518106
482.000000 405.000000 0.508686 0.518106
538.000000 405.000000 0.684528 0.518106
548.000000 405.000000 0.715928 0.518106
558.000000 405.000000 0.747329 0.518106
30.000000 406.000000 -0.910611 0.521246
108.000000 406.000000 -0.665688 0.521246
237.000000 406.000000 -0.260623 0.521246
480.000000 406.000000 0.502406 0.521246
515.000000 406.000000 0.612307 0.521246
536.000000 406.000000 0.678248 0.521246
565.000000 406.000000 0.769309 0.521246
69.000000 407.000000 -0.788149 0.524386
94.000000 407.000000 -0.709648 0.524386
390.000000 407.000000 0.219803 0.524386
544.000000 407.000000 0.703368 0.524386
563.000000 407.000000 0.763029 0.524386
567.000000 407.000000 0.775589 0.524386
569.000000 407.000000 0.781869 0.524386
237.000000 408.000000 -0.260623 0.527526
245.000000 408.000000 -0.235503 0.527526
248.000000 408.000000 -0.226083 0.527526
449.000000 408.000000 0.405065 0.527526
533.000000 408.000000 0.668828 0.527526
66.000000 409.000000 -0.797569 0.530666
95.000000 409.000000 -0.706508 0.530666
311.000000 409.000000 -0.028260 0.530666
490.000000 409.000000 0.533806 0.530666
503.000000 409.000000 0.574627 0.530666
559.000000 409.000000 0.750469 0.530666
567.000000 409.000000 0.775589 0.530666
575.000000 409.000000 0.800709 0.530666
244.000000 410.000000 -0.238643 0.533806
250.000000 410.000000 -0.219803 0.533806
318.000000 410.000000 -0.006280 0.533806
459.000000 410.000000 0.436465 0.533806
557.000000 410.000000 0.744189 0.533806
580.000000 410.000000 0.816410 0.533806
585.000000 410.000000 0.832110 0.533806
102.000000 411.000000 -0.684528 0.536946
217.000000 411.000000 -0.323424 0.536946
499.000000 411.000000 0.562067 0.536946
501.000000 411.000000 0.568347 0.536946
567.000000 411.000000 0.775589 0.536946
237.000000 412.000000 -0.260623 0.540086
248.000000 412.000000 -0.226083 0.540086
459.000000 412.000000 0.436465 0.540086
467.000000 412.000000 0.461585 0.540086
564.000000 412.000000 0.766169 0.540086
569.000000 412.000000 0.781869 0.540086
575.000000 412.000000 0.800709 0.540086
582.000000 412.000000 0.822690 0.540086
99.000000 413.000000 -0.693948 0.543226
245.000000 413.000000 -0.235503 0.543226
452.000000 413.000000 0.414485 0.543226
470.000000 413.000000 0.471006 0.543226
472.000000 413.000000 0.477286 0.543226
522.000000 413.000000 0.634288 0.543226
552.000000 413.000000 0.728489 0.543226
561.000000 413.000000 0.756749 0.543226
587.000000 413.000000 0.838390 0.543226
597.000000 413.000000 0.869790 0.543226
457.000000 414.000000 0.430185 0.546366
582.000000 414.000000 0.822690 0.546366
590.000000 414.000000 0.847810 0.546366
44.000000 415.000000 -0.866650 0.549506
71.000000 415.000000 -0.781869 0.549506
88.000000 415.000000 -0.728489 0.549506
92.000000 415.000000 -0.715928 0.549506
216.000000 415.000000 -0.326564 0.549506
243.000000 415.000000 -0.241783 0.549506
324.000000 415.000000 0.012560 0.549506
463.000000 415.000000 0.449025 0.549506
476.000000 415.000000 0.489846 0.549506
519.000000 415.000000 0.624867 0.549506
554.000000 415.000000 0.734769 0.549506
573.000000 415.000000 0.794429 0.549506
579.000000 415.000000 0.813270 0.549506
249.000000 416.000000 -0.222943 0.552647
377.000000 416.000000 0.178982 0.552647
569.000000 416.000000 0.781869 0.552647
588.000000 416.000000 0.841530 0.552647
594.000000 416.000000 0.860370 0.552647
606.000000 416.000000 0.898051 0.552647
609.000000 416.000000 0.907471 0.552647
633.000000 416.000000 0.982832 0.552647
92.000000 417.000000 -0.715928 0.555787
216.000000 417.000000 -0.326564 0.555787
299.000000 417.000000 -0.065941 0.555787
473.000000 417.000000 0.480426 0.555787
615.000000 417.000000 0.926311 0.555787
618.000000 417.000000 0.935731 0.555787
289.000000 418.000000 -0.097341 0.558927
585.000000 418.000000 0.832110 0.558927
622.000000 418.000000 0.948291 0.558927
625.000000 418.000000 0.957711 0.558927
76.000000 419.000000 -0.766169 0.562067
242.000000 419.000000 -0.244923 0.562067
270.000000 419.000000 -0.157002 0.562067
456.000000 419.000000 0.427045 0.562067
468.000000 419.000000 0.464725 0.562067
488.000000 419.000000 0.527526 0.562067
531.000000 419.000000 0.662548 0.562067
546.000000 419.000000 0.709648 0.562067
583.000000 419.000000 0.825830 0.562067
618.000000 419.000000 0.935731 0.562067
268.000000 420.000000 -0.163282 0.565207
310.000000 420.000000 -0.031400 0.565207
575.000000 420.000000 0.800709 0.565207
298.000000 421.000000 -0.069081 0.568347
316.000000 421.000000 -0.012560 0.568347
497.000000 421.000000 0.555787 0.568347
542.000000 421.000000 0.697088 0.568347
624.000000 421.000000 0.954571 0.568347
236.000000 422.000000 -0.263763 0.571487
239.000000 422.000000 -0.254343 0.571487
580.000000 422.000000 0.816410 0.571487
74.000000 423.000000 -0.772449 0.574627
164.000000 423.000000 -0.489846 0.574627
311.000000 423.000000 -0.028260 0.574627
497.000000 423.000000 0.555787 0.574627
507.000000 423.000000 0.587187 0.574627
575.000000 423.000000 0.800709 0.574627
625.000000 423.000000 0.957711 0.574627
36.000000 424.000000 -0.891771 0.577767
46.000000 424.000000 -0.860370 0.577767
309.000000 424.000000 -0.034540 0.577767
436.000000 424.000000 0.364244 0.577767
552.000000 424.000000 0.728489 0.577767
579.000000 424.000000 0.813270 0.577767
594.000000 424.000000 0.860370 0.577767
635.000000 424.000000 0.989112 0.577767
400.000000 425.000000 0.251203 0.580907
440.000000 425.000000 0.376804 0.580907
568.000000 425.000000 0.778729 0.580907
626.000000 425.000000 0.960851 0.580907
580.000000 426.000000 0.816410 0.584047
112.000000 427.000000 -0.653128 0.587187
302.000000 427.000000 -0.056521 0.587187
331.000000 427.000000 0.034540 0.587187
517.000000 427.000000 0.618587 0.587187
565.000000 427.000000 0.769309 0.587187
635.000000 427.000000 0.989112 0.587187
213.000000 428.000000 -0.335984 0.590327
321.000000 428.000000 0.003140 0.590327
333.000000 429.000000 0.040820 0.593467
408.000000 429.000000 0.276323 0.593467
509.000000 429.000000 0.593467 0.593467
578.000000 429.000000 0.810130 0.593467
593.000000 429.000000 0.857230 0.593467
596.000000 429.000000 0.866650 0.593467
623.000000 429.000000 0.951431 0.593467
277.000000 430.000000 -0.135022 0.596607
290.000000 430.000000 -0.094201 0.596607
403.000000 430.000000 0.260623 0.596607
50.000000 431.000000 -0.847810 0.599747
286.000000 431.000000 -0.106761 0.599747
519.000000 431.000000 0.624867 0.599747
526.000000 431.000000 0.646848 0.599747
579.000000 431.000000 0.813270 0.599747
598.000000 431.000000 0.872930 0.599747
625.000000 431.000000 0.957711 0.599747
629.000000 431.000000 0.970271 0.599747
539.000000 432.000000 0.687668 0.602887
542.000000 432.000000 0.697088 0.602887
589.000000 432.000000 0.844670 0.602887
275.000000 433.000000 -0.141302 0.606027
324.000000 433.000000 0.012560 0.606027
545.000000 433.000000 0.706508 0.606027
391.000000 434.000000 0.222943 0.609167
460.000000 434.000000 0.439605 0.609167
492.000000 434.000000 0.540086 0.609167
549.000000 434.000000 0.719069 0.609167
594.000000 434.000000 0.860370 0.609167
624.000000 434.000000 0.954571 0.609167
631.000000 434.000000 0.976552 0.609167
635.000000 434.000000 0.989112 0.609167
39.000000 435.000000 -0.882350 0.612307
402.000000 435.000000 0.257483 0.612307
405.000000 435.000000 0.266903 0.612307
391.000000 436.000000 0.222943 0.615447
439.000000 436.000000 0.373664 0.615447
435.000000 437.000000 0.361104 0.618587
453.000000 437.000000 0.417625 0.618587
546.000000 437.000000 0.709648 0.618587
550.000000 437.000000 0.722209 0.618587
560.000000 437.000000 0.753609 0.618587
597.000000 437.000000 0.869790 0.618587
68.000000 438.000000 -0.791289 0.621727
287.000000 438.000000 -0.103621 0.621727
608.000000 438.000000 0.904331 0.621727
620.000000 438.000000 0.942011 0.621727
636.000000 438.000000 0.992252 0.621727
405.000000 439.000000 0.266903 0.624867
409.000000 439.000000 0.279463 0.624867
414.000000 439.000000 0.295163 0.624867
443.000000 439.000000 0.386225 0.624867
633.000000 440.000000 0.982832 0.628007
53.000000 441.000000 -0.838390 0.631147
69.000000 441.000000 -0.788149 0.631147
282.000000 441.000000 -0.119321 0.631147
621.000000 441.000000 0.945151 0.631147
623.000000 441.000000 0.951431 0.631147
232.000000 442.000000 -0.276323 0.634288
274.000000 442.000000 -0.144442 0.634288
304.000000 442.000000 -0.050241 0.634288
635.000000 442.000000 0.989112 0.634288
328.000000 443.000000 0.025120 0.637428
407.000000 443.000000 0.273183 0.637428
409.000000 443.000000 0.279463 0.637428
416.000000 443.000000 0.301444 0.637428
519.000000 443.000000 0.624867 0.637428
550.000000 443.000000 0.722209 0.637428
232.000000 444.000000 -0.276323 0.640568
433.000000 444.000000 0.354824 0.640568
502.000000 445.000000 0.571487 0.643708
506.000000 445.000000 0.584047 0.643708
209.000000 446.000000 -0.348544 0.646848
270.000000 446.000000 -0.157002 0.646848
272.000000 446.000000 -0.150722 0.646848
405.000000 446.000000 0.266903 0.646848
419.000000 446.000000 0.310864 0.646848
413.000000 447.000000 0.292023 0.649988
497.000000 447.000000 0.555787 0.649988
258.000000 448.000000 -0.194682 0.653128
308.000000 448.000000 -0.037680 0.653128
405.000000 448.000000 0.266903 0.653128
287.000000 449.000000 -0.103621 0.656268
529.000000 449.000000 0.656268 0.656268
62.000000 450.000000 -0.810130 0.659408
245.000000 450.000000 -0.235503 0.659408
260.000000 450.000000 -0.188402 0.659408
273.000000 450.000000 -0.147582 0.659408
300.000000 450.000000 -0.062801 0.659408
487.000000 450.000000 0.524386 0.659408
632.000000 450.000000 0.979692 0.659408
297.000000 451.000000 -0.072221 0.662548
420.000000 451.000000 0.314004 0.662548
514.000000 451.000000 0.609167 0.662548
547.000000 451.000000 0.712788 0.662548
635.000000 451.000000 0.989112 0.662548
56.000000 452.000000 -0.828970 0.665688
263.000000 452.000000 -0.178982 0.665688
272.000000 452.000000 -0.150722 0.665688
289.000000 452.000000 -0.097341 0.665688
410.000000 452.000000 0.282603 0.665688
415.000000 452.000000 0.298304 0.665688
483.000000 452.000000 0.511826 0.665688
281.000000 453.000000 -0.122461 0.668828
572.000000 453.000000 0.791289 0.668828
268.000000 454.000000 -0.163282 0.671968
283.000000 454.000000 -0.116181 0.671968
407.000000 454.000000 0.273183 0.671968
443.000000 454.000000 0.386225 0.671968
221.000000 455.000000 -0.310864 0.675108
271.000000 455.000000 -0.153862 0.675108
305.000000 455.000000 -0.047101 0.675108
345.000000 455.000000 0.078501 0.675108
417.000000 455.000000 0.304584 0.675108
500.000000 455.000000 0.565207 0.675108
573.000000 455.000000 0.794429 0.675108
207.000000 456.000000 -0.354824 0.678248
290.000000 456.000000 -0.094201 0.678248
375.000000 456.000000 0.172702 0.678248
548.000000 456.000000 0.715928 0.678248
210.000000 457.000000 -0.345404 0.681388
277.000000 457.000000 -0.135022 0.681388
287.000000 457.000000 -0.103621 0.681388
420.000000 457.000000 0.314004 0.681388
498.000000 457.000000 0.558927 0.681388
636.000000 457.000000 0.992252 0.681388
57.000000 458.000000 -0.825830 0.684528
177.000000 458.000000 -0.449025 0.684528
222.000000 458.000000 -0.307724 0.684528
246.000000 458.000000 -0.232363 0.684528
248.000000 458.000000 -0.226083 0.684528
260.000000 458.000000 -0.188402 0.684528
272.000000 458.000000 -0.150722 0.684528
408.000000 458.000000 0.276323 0.684528
485.000000 458.000000 0.518106 0.684528
558.000000 458.000000 0.747329 0.684528
576.000000 458.000000 0.803850 0.684528
224.000000 459.000000 -0.301444 0.687668
265.000000 459.000000 -0.172702 0.687668
327.000000 459.000000 0.021980 0.687668
448.000000 459.000000 0.401925 0.687668
519.000000 459.000000 0.624867 0.687668
580.000000 459.000000 0.816410 0.687668
55.000000 460.000000 -0.832110 0.690808
215.000000 460.000000 -0.329704 0.690808
226.000000 460.000000 -0.295163 0.690808
286.000000 460.000000 -0.106761 0.690808
303.000000 460.000000 -0.053381 0.690808
306.000000 460.000000 -0.043961 0.690808
404.000000 460.000000 0.263763 0.690808
463.000000 460.000000 0.449025 0.690808
569.000000 460.000000 0.781869 0.690808
573.000000 460.000000 0.794429 0.690808
207.000000 461.000000 -0.354824 0.693948
211.000000 461.000000 -0.342264 0.693948
275.000000 461.000000 -0.141302 0.693948
296.000000 461.000000 -0.075361 0.693948
345.000000 461.000000 0.078501 0.693948
412.000000 461.000000 0.288883 0.693948
438.000000 461.000000 0.370524 0.693948
460.000000 461.000000 0.439605 0.693948
502.000000 461.000000 0.571487 0.693948
549.000000 461.000000 0.719069 0.693948
582.000000 461.000000 0.822690 0.693948
56.000000 462.000000 -0.828970 0.697088
242.000000 462.000000 -0.244923 0.697088
272.000000 462.000000 -0.150722 0.697088
535.000000 462.000000 0.675108 0.697088
586.000000 462.000000 0.835250 0.697088
216.000000 463.000000 -0.326564 0.700228
225.000000 463.000000 -0.298304 0.700228
554.000000 463.000000 0.734769 0.700228
572.000000 463.000000 0.791289 0.700228
592.000000 463.000000 0.854090 0.700228
235.000000 464.000000 -0.266903 0.703368
282.000000 464.000000 -0.119321 0.703368
309.000000 464.000000 -0.034540 0.703368
417.000000 464.000000 0.304584 0.703368
531.000000 464.000000 0.662548 0.703368
557.000000 464.000000 0.744189 0.703368
248.000000 465.000000 -0.226083 0.706508
403.000000 465.000000 0.260623 0.706508
199.000000 466.000000 -0.379945 0.709648
219.000000 466.000000 -0.317144 0.709648
267.000000 466.000000 -0.166422 0.709648
275.000000 466.000000 -0.141302 0.709648
291.000000 466.000000 -0.091061 0.709648
294.000000 466.000000 -0.081641 0.709648
301.000000 466.000000 -0.059661 0.709648
498.000000 466.000000 0.558927 0.709648
584.000000 466.000000 0.828970 0.709648
244.000000 467.000000 -0.238643 0.712788
413.000000 467.000000 0.292023 0.712788
507.000000 467.000000 0.587187 0.712788
565.000000 467.000000 0.769309 0.712788
573.000000 467.000000 0.794429 0.712788
199.000000 468.000000 -0.379945 0.715928
285.000000 468.000000 -0.109901 0.715928
297.000000 468.000000 -0.072221 0.715928
309.000000 468.000000 -0.034540 0.715928
547.000000 468.000000 0.712788 0.715928
550.000000 468.000000 0.722209 0.715928
243.000000 469.000000 -0.241783 0.719069
295.000000 469.000000 -0.078501 0.719069
409.000000 469.000000 0.279463 0.719069
494.000000 469.000000 0.546366 0.719069
250.000000 470.000000 -0.219803 0.722209
254.000000 470.000000 -0.207242 0.722209
272.000000 470.000000 -0.150722 0.722209
498.000000 470.000000 0.558927 0.722209
540.000000 470.000000 0.690808 0.722209
259.000000 471.000000 -0.191542 0.725349
264.000000 471.000000 -0.175842 0.725349
280.000000 471.000000 -0.125601 0.725349
292.000000 471.000000 -0.087921 0.725349
310.000000 471.000000 -0.031400 0.725349
441.000000 471.000000 0.379945 0.725349
520.000000 471.000000 0.628007 0.725349
537.000000 471.000000 0.681388 0.725349
277.000000 472.000000 -0.135022 0.728489
306.000000 472.000000 -0.043961 0.728489
271.000000 473.000000 -0.153862 0.731629
293.000000 473.000000 -0.084781 0.731629
580.000000 473.000000 0.816410 0.731629
256.000000 474.000000 -0.200962 0.734769
290.000000 474.000000 -0.094201 0.734769
296.000000 474.000000 -0.075361 0.734769
426.000000 474.000000 0.332844 0.734769
470.000000 474.000000 0.471006 0.734769
482.000000 474.000000 0.508686 0.734769
583.000000 474.000000 0.825830 0.734769
227.000000 475.000000 -0.292023 0.737909
311.000000 475.000000 -0.028260 0.737909
466.000000 475.000000 0.458445 0.737909
488.000000 475.000000 0.527526 0.737909
491.000000 475.000000 0.536946 0.737909
578.000000 475.000000 0.810130 0.737909
608.000000 475.000000 0.904331 0.737909
134.000000 476.000000 -0.584047 0.741049
273.000000 476.000000 -0.147582 0.741049
276.000000 476.000000 -0.138162 0.741049
309.000000 476.000000 -0.034540 0.741049
459.000000 476.000000 0.436465 0.741049
494.000000 476.000000 0.546366 0.741049
519.000000 476.000000 0.624867 0.741049
592.000000 476.000000 0.854090 0.741049
