402.000000 3.000000 0.257483 -0.744189
436.000000 3.000000 0.364244 -0.744189
560.000000 3.000000 0.753609 -0.744189
179.000000 4.000000 -0.442745 -0.741049
415.000000 4.000000 0.298304 -0.741049
471.000000 4.000000 0.474146 -0.741049
500.000000 4.000000 0.565207 -0.741049
516.000000 4.000000 0.615447 -0.741049
431.000000 5.000000 0.348544 -0.737909
435.000000 5.000000 0.361104 -0.737909
465.000000 5.000000 0.455305 -0.737909
597.000000 5.000000 0.869790 -0.737909
467.000000 6.000000 0.461585 -0.734769
560.000000 6.000000 0.753609 -0.734769
433.000000 7.000000 0.354824 -0.731629
472.000000 7.000000 0.477286 -0.731629
612.000000 7.000000 0.916891 -0.731629
21.000000 8.000000 -0.938871 -0.728489
290.000000 8.000000 -0.094201 -0.728489
467.000000 8.000000 0.461585 -0.728489
505.000000 8.000000 0.580907 -0.728489
519.000000 8.000000 0.624867 -0.728489
432.000000 9.000000 0.351684 -0.725349
438.000000 9.000000 0.370524 -0.725349
446.000000 9.000000 0.395645 -0.725349
472.000000 9.000000 0.477286 -0.725349
413.000000 10.000000 0.292023 -0.722209
493.000000 10.000000 0.543226 -0.722209
500.000000 10.000000 0.565207 -0.722209
504.000000 10.000000 0.577767 -0.722209
277.000000 11.000000 -0.135022 -0.719069
611.000000 11.000000 0.913751 -0.719069
181.000000 12.000000 -0.436465 -0.715928
10.000000 14.000000 -0.973412 -0.709648
505.000000 14.000000 0.580907 -0.709648
602.000000 14.000000 0.885490 -0.709648
293.000000 15.000000 -0.084781 -0.706508
373.000000 15.000000 0.166422 -0.706508
441.000000 16.000000 0.379945 -0.703368
509.000000 17.000000 0.593467 -0.700228
551.000000 17.000000 0.725349 -0.700228
185.000000 19.000000 -0.423905 -0.693948
260.000000 19.000000 -0.188402 -0.693948
540.000000 19.000000 0.690808 -0.693948
588.000000 19.000000 0.841530 -0.693948
633.000000 19.000000 0.982832 -0.693948
315.000000 20.000000 -0.015700 -0.690808
191.000000 23.000000 -0.405065 -0.681388
215.000000 23.000000 -0.329704 -0.681388
347.000000 24.000000 0.084781 -0.678248
204.000000 25.000000 -0.364244 -0.675108
342.000000 25.000000 0.069081 -0.675108
634.000000 25.000000 0.985972 -0.675108
184.000000 27.000000 -0.427045 -0.668828
246.000000 27.000000 -0.232363 -0.668828
274.000000 27.000000 -0.144442 -0.668828
184.000000 29.000000 -0.427045 -0.662548
193.000000 29.000000 -0.398785 -0.662548
198.000000 29.000000 -0.383085 -0.662548
256.000000 29.000000 -0.200962 -0.662548
571.000000 29.000000 0.788149 -0.662548
204.000000 31.000000 -0.364244 -0.656268
221.000000 31.000000 -0.310864 -0.656268
601.000000 31.000000 0.882350 -0.656268
189.000000 32.000000 -0.411345 -0.653128
299.000000 32.000000 -0.065941 -0.653128
234.000000 33.000000 -0.270043 -0.649988
236.000000 33.000000 -0.263763 -0.649988
263.000000 33.000000 -0.178982 -0.649988
278.000000 33.000000 -0.131882 -0.649988
434.000000 33.000000 0.357964 -0.649988
438.000000 33.000000 0.370524 -0.649988
468.000000 33.000000 0.464725 -0.649988
500.000000 33.000000 0.565207 -0.649988
520.000000 33.000000 0.628007 -0.649988
468.000000 35.000000 0.464725 -0.643708
474.000000 35.000000 0.483566 -0.643708
192.000000 36.000000 -0.401925 -0.640568
629.000000 36.000000 0.970271 -0.640568
193.000000 38.000000 -0.398785 -0.634288
281.000000 38.000000 -0.122461 -0.634288
327.000000 38.000000 0.021980 -0.634288
437.000000 38.000000 0.367384 -0.634288
391.000000 39.000000 0.222943 -0.631147
563.000000 39.000000 0.763029 -0.631147
618.000000 39.000000 0.935731 -0.631147
344.000000 40.000000 0.075361 -0.628007
394.000000 40.000000 0.232363 -0.628007
435.000000 41.000000 0.361104 -0.624867
440.000000 41.000000 0.376804 -0.624867
563.000000 41.000000 0.763029 -0.624867
435.000000 43.000000 0.361104 -0.618587
438.000000 43.000000 0.370524 -0.618587
501.000000 43.000000 0.568347 -0.618587
457.000000 46.000000 0.430185 -0.609167
185.000000 47.000000 -0.423905 -0.606027
263.000000 47.000000 -0.178982 -0.606027
443.000000 47.000000 0.386225 -0.606027
566.000000 47.000000 0.772449 -0.606027
438.000000 48.000000 0.370524 -0.602887
488.000000 48.000000 0.527526 -0.602887
474.000000 49.000000 0.483566 -0.599747
186.000000 50.000000 -0.420765 -0.596607
184.000000 52.000000 -0.427045 -0.590327
582.000000 52.000000 0.822690 -0.590327
291.000000 53.000000 -0.091061 -0.587187
309.000000 53.000000 -0.034540 -0.587187
186.000000 54.000000 -0.420765 -0.584047
184.000000 55.000000 -0.427045 -0.580907
195.000000 55.000000 -0.392505 -0.580907
245.000000 55.000000 -0.235503 -0.580907
264.000000 55.000000 -0.175842 -0.580907
548.000000 55.000000 0.715928 -0.580907
253.000000 56.000000 -0.210382 -0.577767
272.000000 56.000000 -0.150722 -0.577767
520.000000 56.000000 0.628007 -0.577767
300.000000 57.000000 -0.062801 -0.574627
186.000000 58.000000 -0.420765 -0.571487
479.000000 58.000000 0.499266 -0.571487
514.000000 58.000000 0.609167 -0.571487
583.000000 58.000000 0.825830 -0.571487
268.000000 59.000000 -0.163282 -0.568347
629.000000 59.000000 0.970271 -0.568347
187.000000 60.000000 -0.417625 -0.565207
208.000000 60.000000 -0.351684 -0.565207
200.000000 61.000000 -0.376804 -0.562067
273.000000 61.000000 -0.147582 -0.562067
188.000000 63.000000 -0.414485 -0.555787
240.000000 63.000000 -0.251203 -0.555787
459.000000 63.000000 0.436465 -0.555787
231.000000 64.000000 -0.279463 -0.552647
207.000000 65.000000 -0.354824 -0.549506
188.000000 66.000000 -0.414485 -0.546366
565.000000 66.000000 0.769309 -0.546366
199.000000 68.000000 -0.379945 -0.540086
474.000000 68.000000 0.483566 -0.540086
476.000000 68.000000 0.489846 -0.540086
478.000000 68.000000 0.496126 -0.540086
491.000000 68.000000 0.536946 -0.540086
509.000000 68.000000 0.593467 -0.540086
188.000000 69.000000 -0.414485 -0.536946
274.000000 69.000000 -0.144442 -0.536946
505.000000 69.000000 0.580907 -0.536946
509.000000 70.000000 0.593467 -0.533806
474.000000 71.000000 0.483566 -0.530666
478.000000 71.000000 0.496126 -0.530666
511.000000 71.000000 0.599747 -0.530666
189.000000 72.000000 -0.411345 -0.527526
364.000000 72.000000 0.138162 -0.527526
438.000000 72.000000 0.370524 -0.527526
442.000000 72.000000 0.383085 -0.527526
509.000000 73.000000 0.593467 -0.524386
624.000000 73.000000 0.954571 -0.524386
476.000000 74.000000 0.489846 -0.521246
568.000000 74.000000 0.778729 -0.521246
189.000000 75.000000 -0.411345 -0.518106
472.000000 75.000000 0.477286 -0.518106
504.000000 75.000000 0.577767 -0.518106
474.000000 76.000000 0.483566 -0.514966
509.000000 76.000000 0.593467 -0.514966
275.000000 77.000000 -0.141302 -0.511826
441.000000 77.000000 0.379945 -0.511826
478.000000 77.000000 0.496126 -0.511826
258.000000 78.000000 -0.194682 -0.508686
356.000000 78.000000 0.113041 -0.508686
446.000000 78.000000 0.395645 -0.508686
510.000000 78.000000 0.596607 -0.508686
188.000000 79.000000 -0.414485 -0.505546
190.000000 79.000000 -0.408205 -0.505546
473.000000 79.000000 0.480426 -0.505546
491.000000 79.000000 0.536946 -0.505546
445.000000 80.000000 0.392505 -0.502406
496.000000 80.000000 0.552647 -0.502406
506.000000 80.000000 0.584047 -0.502406
439.000000 81.000000 0.373664 -0.499266
190.000000 82.000000 -0.408205 -0.496126
217.000000 82.000000 -0.323424 -0.496126
442.000000 82.000000 0.383085 -0.496126
568.000000 82.000000 0.778729 -0.496126
570.000000 83.000000 0.785009 -0.492986
475.000000 84.000000 0.486706 -0.489846
511.000000 84.000000 0.599747 -0.489846
611.000000 84.000000 0.913751 -0.489846
473.000000 85.000000 0.480426 -0.486706
479.000000 85.000000 0.499266 -0.486706
506.000000 85.000000 0.584047 -0.486706
618.000000 85.000000 0.935731 -0.486706
445.000000 86.000000 0.392505 -0.483566
463.000000 86.000000 0.449025 -0.483566
625.000000 86.000000 0.957711 -0.483566
441.000000 87.000000 0.379945 -0.480426
592.000000 87.000000 0.854090 -0.480426
171.000000 88.000000 -0.467866 -0.477286
187.000000 88.000000 -0.417625 -0.477286
445.000000 88.000000 0.392505 -0.477286
191.000000 89.000000 -0.405065 -0.474146
290.000000 89.000000 -0.094201 -0.474146
191.000000 91.000000 -0.405065 -0.467866
190.000000 93.000000 -0.408205 -0.461585
277.000000 93.000000 -0.135022 -0.461585
256.000000 95.000000 -0.200962 -0.455305
192.000000 96.000000 -0.401925 -0.452165
198.000000 97.000000 -0.383085 -0.449025
191.000000 99.000000 -0.405065 -0.442745
573.000000 99.000000 0.794429 -0.442745
161.000000 102.000000 -0.499266 -0.433325
193.000000 102.000000 -0.398785 -0.433325
437.000000 102.000000 0.367384 -0.433325
571.000000 102.000000 0.788149 -0.433325
612.000000 102.000000 0.916891 -0.433325
633.000000 102.000000 0.982832 -0.433325
198.000000 103.000000 -0.383085 -0.430185
193.000000 104.000000 -0.398785 -0.427045
260.000000 104.000000 -0.188402 -0.427045
423.000000 104.000000 0.323424 -0.427045
568.000000 104.000000 0.778729 -0.427045
244.000000 105.000000 -0.238643 -0.423905
426.000000 105.000000 0.332844 -0.423905
476.000000 105.000000 0.489846 -0.423905
615.000000 106.000000 0.926311 -0.420765
272.000000 107.000000 -0.150722 -0.417625
507.000000 107.000000 0.587187 -0.417625
279.000000 108.000000 -0.128742 -0.414485
569.000000 109.000000 0.781869 -0.411345
442.000000 110.000000 0.383085 -0.408205
448.000000 110.000000 0.401925 -0.408205
542.000000 110.000000 0.697088 -0.408205
623.000000 110.000000 0.951431 -0.408205
194.000000 111.000000 -0.395645 -0.405065
597.000000 112.000000 0.869790 -0.401925
478.000000 113.000000 0.496126 -0.398785
567.000000 113.000000 0.775589 -0.398785
273.000000 114.000000 -0.147582 -0.395645
195.000000 115.000000 -0.392505 -0.392505
445.000000 115.000000 0.392505 -0.392505
476.000000 115.000000 0.489846 -0.392505
628.000000 115.000000 0.967131 -0.392505
280.000000 116.000000 -0.125601 -0.389365
482.000000 116.000000 0.508686 -0.389365
551.000000 116.000000 0.725349 -0.389365
570.000000 117.000000 0.785009 -0.386225
573.000000 117.000000 0.794429 -0.386225
195.000000 118.000000 -0.392505 -0.383085
387.000000 118.000000 0.210382 -0.383085
448.000000 118.000000 0.401925 -0.383085
450.000000 118.000000 0.408205 -0.383085
479.000000 118.000000 0.499266 -0.383085
508.000000 118.000000 0.590327 -0.383085
573.000000 119.000000 0.794429 -0.379945
164.000000 120.000000 -0.489846 -0.376804
254.000000 120.000000 -0.207242 -0.376804
274.000000 120.000000 -0.144442 -0.376804
443.000000 120.000000 0.386225 -0.376804
447.000000 120.000000 0.398785 -0.376804
592.000000 120.000000 0.854090 -0.376804
630.000000 120.000000 0.973412 -0.376804
189.000000 121.000000 -0.411345 -0.373664
196.000000 122.000000 -0.389365 -0.370524
482.000000 122.000000 0.508686 -0.370524
328.000000 123.000000 0.025120 -0.367384
518.000000 123.000000 0.621727 -0.367384
274.000000 124.000000 -0.144442 -0.364244
450.000000 125.000000 0.408205 -0.361104
477.000000 125.000000 0.492986 -0.361104
487.000000 125.000000 0.524386 -0.361104
554.000000 125.000000 0.734769 -0.361104
624.000000 125.000000 0.954571 -0.361104
635.000000 125.000000 0.989112 -0.361104
196.000000 126.000000 -0.389365 -0.357964
445.000000 126.000000 0.392505 -0.357964
249.000000 127.000000 -0.222943 -0.354824
341.000000 127.000000 0.065941 -0.354824
600.000000 127.000000 0.879210 -0.354824
168.000000 128.000000 -0.477286 -0.351684
257.000000 128.000000 -0.197822 -0.351684
493.000000 128.000000 0.543226 -0.351684
537.000000 128.000000 0.681388 -0.351684
591.000000 128.000000 0.850950 -0.351684
265.000000 129.000000 -0.172702 -0.348544
488.000000 129.000000 0.527526 -0.348544
528.000000 129.000000 0.653128 -0.348544
197.000000 130.000000 -0.386225 -0.345404
247.000000 130.000000 -0.229223 -0.345404
552.000000 130.000000 0.728489 -0.345404
625.000000 130.000000 0.957711 -0.345404
195.000000 131.000000 -0.392505 -0.342264
230.000000 131.000000 -0.282603 -0.342264
275.000000 131.000000 -0.141302 -0.342264
212.000000 132.000000 -0.339124 -0.339124
172.000000 133.000000 -0.464725 -0.335984
197.000000 133.000000 -0.386225 -0.335984
282.000000 133.000000 -0.119321 -0.335984
250.000000 134.000000 -0.219803 -0.332844
278.000000 134.000000 -0.131882 -0.332844
464.000000 134.000000 0.452165 -0.332844
556.000000 134.000000 0.741049 -0.332844
234.000000 135.000000 -0.270043 -0.329704
632.000000 135.000000 0.979692 -0.329704
175.000000 137.000000 -0.455305 -0.323424
276.000000 137.000000 -0.138162 -0.323424
278.000000 137.000000 -0.131882 -0.323424
376.000000 137.000000 0.175842 -0.323424
510.000000 137.000000 0.596607 -0.323424
628.000000 138.000000 0.967131 -0.320284
306.000000 139.000000 -0.043961 -0.317144
546.000000 139.000000 0.709648 -0.317144
619.000000 139.000000 0.938871 -0.317144
198.000000 140.000000 -0.383085 -0.314004
276.000000 140.000000 -0.138162 -0.314004
556.000000 141.000000 0.741049 -0.310864
630.000000 141.000000 0.973412 -0.310864
601.000000 142.000000 0.882350 -0.307724
269.000000 143.000000 -0.160142 -0.304584
278.000000 143.000000 -0.131882 -0.304584
469.000000 143.000000 0.467866 -0.304584
606.000000 144.000000 0.898051 -0.301444
633.000000 144.000000 0.982832 -0.301444
263.000000 145.000000 -0.178982 -0.298304
281.000000 145.000000 -0.122461 -0.298304
572.000000 145.000000 0.791289 -0.298304
277.000000 146.000000 -0.135022 -0.295163
199.000000 147.000000 -0.379945 -0.292023
247.000000 147.000000 -0.229223 -0.292023
320.000000 147.000000 -0.000000 -0.292023
619.000000 148.000000 0.938871 -0.288883
635.000000 148.000000 0.989112 -0.288883
246.000000 149.000000 -0.232363 -0.285743
507.000000 149.000000 0.587187 -0.285743
565.000000 149.000000 0.769309 -0.285743
603.000000 149.000000 0.888631 -0.285743
632.000000 149.000000 0.979692 -0.285743
212.000000 150.000000 -0.339124 -0.282603
280.000000 150.000000 -0.125601 -0.282603
210.000000 152.000000 -0.345404 -0.276323
248.000000 152.000000 -0.226083 -0.276323
278.000000 152.000000 -0.131882 -0.276323
323.000000 152.000000 0.009420 -0.276323
312.000000 153.000000 -0.025120 -0.273183
498.000000 153.000000 0.558927 -0.273183
278.000000 154.000000 -0.131882 -0.270043
578.000000 154.000000 0.810130 -0.270043
595.000000 154.000000 0.863510 -0.270043
200.000000 155.000000 -0.376804 -0.266903
321.000000 155.000000 0.003140 -0.266903
280.000000 156.000000 -0.125601 -0.263763
333.000000 156.000000 0.040820 -0.263763
565.000000 156.000000 0.769309 -0.263763
375.000000 157.000000 0.172702 -0.260623
281.000000 158.000000 -0.122461 -0.257483
357.000000 158.000000 0.116181 -0.257483
362.000000 158.000000 0.131882 -0.257483
371.000000 158.000000 0.160142 -0.257483
467.000000 158.000000 0.461585 -0.257483
327.000000 159.000000 0.021980 -0.254343
349.000000 159.000000 0.091061 -0.254343
376.000000 159.000000 0.175842 -0.254343
379.000000 159.000000 0.185262 -0.254343
504.000000 159.000000 0.577767 -0.254343
207.000000 160.000000 -0.354824 -0.251203
279.000000 160.000000 -0.128742 -0.251203
364.000000 160.000000 0.138162 -0.251203
297.000000 161.000000 -0.072221 -0.248063
321.000000 161.000000 0.003140 -0.248063
326.000000 161.000000 0.018840 -0.248063
352.000000 161.000000 0.100481 -0.248063
354.000000 161.000000 0.106761 -0.248063
171.000000 162.000000 -0.467866 -0.244923
281.000000 162.000000 -0.122461 -0.244923
293.000000 162.000000 -0.084781 -0.244923
318.000000 162.000000 -0.006280 -0.244923
336.000000 162.000000 0.050241 -0.244923
340.000000 162.000000 0.062801 -0.244923
346.000000 162.000000 0.081641 -0.244923
221.000000 163.000000 -0.310864 -0.241783
267.000000 163.000000 -0.166422 -0.241783
284.000000 163.000000 -0.113041 -0.241783
302.000000 163.000000 -0.056521 -0.241783
309.000000 163.000000 -0.034540 -0.241783
327.000000 163.000000 0.021980 -0.241783
330.000000 163.000000 0.031400 -0.241783
356.000000 163.000000 0.113041 -0.241783
210.000000 164.000000 -0.345404 -0.238643
218.000000 164.000000 -0.320284 -0.238643
293.000000 164.000000 -0.084781 -0.238643
316.000000 164.000000 -0.012560 -0.238643
351.000000 164.000000 0.097341 -0.238643
248.000000 165.000000 -0.226083 -0.235503
250.000000 165.000000 -0.219803 -0.235503
279.000000 165.000000 -0.128742 -0.235503
288.000000 165.000000 -0.100481 -0.235503
304.000000 165.000000 -0.050241 -0.235503
319.000000 165.000000 -0.003140 -0.235503
202.000000 166.000000 -0.370524 -0.232363
230.000000 166.000000 -0.282603 -0.232363
233.000000 166.000000 -0.273183 -0.232363
292.000000 166.000000 -0.087921 -0.232363
300.000000 166.000000 -0.062801 -0.232363
225.000000 167.000000 -0.298304 -0.229223
277.000000 167.000000 -0.135022 -0.229223
280.000000 167.000000 -0.125601 -0.229223
373.000000 167.000000 0.166422 -0.229223
202.000000 168.000000 -0.370524 -0.226083
204.000000 168.000000 -0.364244 -0.226083
255.000000 168.000000 -0.204102 -0.226083
264.000000 168.000000 -0.175842 -0.226083
267.000000 168.000000 -0.166422 -0.226083
209.000000 169.000000 -0.348544 -0.222943
228.000000 169.000000 -0.288883 -0.222943
258.000000 169.000000 -0.194682 -0.222943
289.000000 169.000000 -0.097341 -0.222943
338.000000 169.000000 0.056521 -0.222943
351.000000 169.000000 0.097341 -0.222943
195.000000 170.000000 -0.392505 -0.219803
204.000000 170.000000 -0.364244 -0.219803
244.000000 170.000000 -0.238643 -0.219803
333.000000 170.000000 0.040820 -0.219803
360.000000 170.000000 0.125601 -0.219803
362.000000 170.000000 0.131882 -0.219803
169.000000 171.000000 -0.474146 -0.216663
172.000000 171.000000 -0.464725 -0.216663
186.000000 171.000000 -0.420765 -0.216663
192.000000 171.000000 -0.401925 -0.216663
312.000000 171.000000 -0.025120 -0.216663
347.000000 171.000000 0.084781 -0.216663
174.000000 172.000000 -0.458445 -0.213523
220.000000 172.000000 -0.314004 -0.213523
226.000000 172.000000 -0.295163 -0.213523
257.000000 172.000000 -0.197822 -0.213523
261.000000 172.000000 -0.185262 -0.213523
264.000000 172.000000 -0.175842 -0.213523
276.000000 172.000000 -0.138162 -0.213523
321.000000 172.000000 0.003140 -0.213523
336.000000 172.000000 0.050241 -0.213523
169.000000 173.000000 -0.474146 -0.210382
209.000000 173.000000 -0.348544 -0.210382
233.000000 173.000000 -0.273183 -0.210382
244.000000 173.000000 -0.238643 -0.210382
247.000000 173.000000 -0.229223 -0.210382
304.000000 173.000000 -0.050241 -0.210382
402.000000 173.000000 0.257483 -0.210382
167.000000 174.000000 -0.480426 -0.207242
179.000000 174.000000 -0.442745 -0.207242
181.000000 174.000000 -0.436465 -0.207242
184.000000 174.000000 -0.427045 -0.207242
213.000000 174.000000 -0.335984 -0.207242
223.000000 174.000000 -0.304584 -0.207242
313.000000 174.000000 -0.021980 -0.207242
317.000000 174.000000 -0.009420 -0.207242
606.000000 174.000000 0.898051 -0.207242
610.000000 174.000000 0.910611 -0.207242
157.000000 175.000000 -0.511826 -0.204102
160.000000 175.000000 -0.502406 -0.204102
191.000000 175.000000 -0.405065 -0.204102
257.000000 175.000000 -0.197822 -0.204102
261.000000 175.000000 -0.185262 -0.204102
515.000000 175.000000 0.612307 -0.204102
530.000000 175.000000 0.659408 -0.204102
569.000000 175.000000 0.781869 -0.204102
621.000000 175.000000 0.945151 -0.204102
628.000000 175.000000 0.967131 -0.204102
145.000000 176.000000 -0.549506 -0.200962
148.000000 176.000000 -0.540086 -0.200962
154.000000 176.000000 -0.521246 -0.200962
162.000000 176.000000 -0.496126 -0.200962
198.000000 176.000000 -0.383085 -0.200962
209.000000 176.000000 -0.348544 -0.200962
290.000000 176.000000 -0.094201 -0.200962
337.000000 176.000000 0.053381 -0.200962
356.000000 176.000000 0.113041 -0.200962
477.000000 176.000000 0.492986 -0.200962
575.000000 176.000000 0.800709 -0.200962
137.000000 177.000000 -0.574627 -0.197822
141.000000 177.000000 -0.562067 -0.197822
150.000000 177.000000 -0.533806 -0.197822
177.000000 177.000000 -0.449025 -0.197822
226.000000 177.000000 -0.295163 -0.197822
239.000000 177.000000 -0.254343 -0.197822
257.000000 177.000000 -0.197822 -0.197822
276.000000 177.000000 -0.138162 -0.197822
522.000000 177.000000 0.634288 -0.197822
560.000000 177.000000 0.753609 -0.197822
124.000000 178.000000 -0.615447 -0.194682
129.000000 178.000000 -0.599747 -0.194682
154.000000 178.000000 -0.521246 -0.194682
183.000000 178.000000 -0.430185 -0.194682
187.000000 178.000000 -0.417625 -0.194682
260.000000 178.000000 -0.188402 -0.194682
329.000000 178.000000 0.028260 -0.194682
377.000000 178.000000 0.178982 -0.194682
619.000000 178.000000 0.938871 -0.194682
113.000000 179.000000 -0.649988 -0.191542
131.000000 179.000000 -0.593467 -0.191542
161.000000 179.000000 -0.499266 -0.191542
173.000000 179.000000 -0.461585 -0.191542
180.000000 179.000000 -0.439605 -0.191542
223.000000 179.000000 -0.304584 -0.191542
246.000000 179.000000 -0.232363 -0.191542
319.000000 179.000000 -0.003140 -0.191542
338.000000 179.000000 0.056521 -0.191542
541.000000 179.000000 0.693948 -0.191542
623.000000 179.000000 0.951431 -0.191542
122.000000 180.000000 -0.621727 -0.188402
134.000000 180.000000 -0.584047 -0.188402
139.000000 180.000000 -0.568347 -0.188402
183.000000 180.000000 -0.430185 -0.188402
205.000000 180.000000 -0.361104 -0.188402
252.000000 180.000000 -0.213523 -0.188402
268.000000 180.000000 -0.163282 -0.188402
306.000000 180.000000 -0.043961 -0.188402
334.000000 180.000000 0.043961 -0.188402
614.000000 180.000000 0.923171 -0.188402
191.000000 181.000000 -0.405065 -0.185262
232.000000 181.000000 -0.276323 -0.185262
241.000000 181.000000 -0.248063 -0.185262
297.000000 181.000000 -0.072221 -0.185262
300.000000 181.000000 -0.062801 -0.185262
551.000000 181.000000 0.725349 -0.185262
150.000000 182.000000 -0.533806 -0.182122
199.000000 182.000000 -0.379945 -0.182122
288.000000 182.000000 -0.100481 -0.182122
377.000000 182.000000 0.178982 -0.182122
121.000000 183.000000 -0.624867 -0.178982
168.000000 183.000000 -0.477286 -0.178982
218.000000 183.000000 -0.320284 -0.178982
234.000000 183.000000 -0.270043 -0.178982
236.000000 183.000000 -0.263763 -0.178982
277.000000 183.000000 -0.135022 -0.178982
315.000000 183.000000 -0.015700 -0.178982
319.000000 183.000000 -0.003140 -0.178982
112.000000 184.000000 -0.653128 -0.175842
116.000000 184.000000 -0.640568 -0.175842
154.000000 184.000000 -0.521246 -0.175842
188.000000 184.000000 -0.414485 -0.175842
202.000000 184.000000 -0.370524 -0.175842
206.000000 184.000000 -0.357964 -0.175842
208.000000 184.000000 -0.351684 -0.175842
263.000000 184.000000 -0.178982 -0.175842
197.000000 185.000000 -0.386225 -0.172702
256.000000 185.000000 -0.200962 -0.172702
288.000000 185.000000 -0.100481 -0.172702
290.000000 185.000000 -0.094201 -0.172702
294.000000 185.000000 -0.081641 -0.172702
333.000000 185.000000 0.040820 -0.172702
378.000000 185.000000 0.182122 -0.172702
130.000000 186.000000 -0.596607 -0.169562
149.000000 186.000000 -0.536946 -0.169562
246.000000 186.000000 -0.232363 -0.169562
253.000000 186.000000 -0.210382 -0.169562
284.000000 186.000000 -0.113041 -0.169562
338.000000 186.000000 0.056521 -0.169562
115.000000 187.000000 -0.643708 -0.166422
172.000000 187.000000 -0.464725 -0.166422
174.000000 187.000000 -0.458445 -0.166422
207.000000 187.000000 -0.354824 -0.166422
210.000000 187.000000 -0.345404 -0.166422
212.000000 187.000000 -0.339124 -0.166422
235.000000 187.000000 -0.266903 -0.166422
255.000000 187.000000 -0.204102 -0.166422
259.000000 187.000000 -0.191542 -0.166422
270.000000 187.000000 -0.157002 -0.166422
286.000000 187.000000 -0.106761 -0.166422
297.000000 187.000000 -0.072221 -0.166422
310.000000 187.000000 -0.031400 -0.166422
381.000000 187.000000 0.191542 -0.166422
620.000000 187.000000 0.942011 -0.166422
626.000000 187.000000 0.960851 -0.166422
150.000000 188.000000 -0.533806 -0.163282
162.000000 188.000000 -0.496126 -0.163282
222.000000 188.000000 -0.307724 -0.163282
225.000000 188.000000 -0.298304 -0.163282
252.000000 188.000000 -0.213523 -0.163282
288.000000 188.000000 -0.100481 -0.163282
301.000000 188.000000 -0.059661 -0.163282
334.000000 188.000000 0.043961 -0.163282
379.000000 188.000000 0.185262 -0.163282
589.000000 188.000000 0.844670 -0.163282
631.000000 188.000000 0.976552 -0.163282
134.000000 189.000000 -0.584047 -0.160142
214.000000 189.000000 -0.332844 -0.160142
216.000000 189.000000 -0.326564 -0.160142
235.000000 189.000000 -0.266903 -0.160142
262.000000 189.000000 -0.182122 -0.160142
575.000000 189.000000 0.800709 -0.160142
577.000000 189.000000 0.806990 -0.160142
623.000000 189.000000 0.951431 -0.160142
124.000000 190.000000 -0.615447 -0.157002
140.000000 190.000000 -0.565207 -0.157002
205.000000 190.000000 -0.361104 -0.157002
208.000000 190.000000 -0.351684 -0.157002
232.000000 190.000000 -0.276323 -0.157002
241.000000 190.000000 -0.248063 -0.157002
244.000000 190.000000 -0.238643 -0.157002
278.000000 190.000000 -0.131882 -0.157002
437.000000 190.000000 0.367384 -0.157002
560.000000 190.000000 0.753609 -0.157002
128.000000 191.000000 -0.602887 -0.153862
188.000000 191.000000 -0.414485 -0.153862
194.000000 191.000000 -0.395645 -0.153862
226.000000 191.000000 -0.295163 -0.153862
236.000000 191.000000 -0.263763 -0.153862
255.000000 191.000000 -0.204102 -0.153862
269.000000 191.000000 -0.160142 -0.153862
320.000000 191.000000 -0.000000 -0.153862
331.000000 191.000000 0.034540 -0.153862
180.000000 192.000000 -0.439605 -0.150722
215.000000 192.000000 -0.329704 -0.150722
630.000000 192.000000 0.973412 -0.150722
170.000000 193.000000 -0.471006 -0.147582
201.000000 193.000000 -0.373664 -0.147582
211.000000 193.000000 -0.342264 -0.147582
245.000000 193.000000 -0.235503 -0.147582
379.000000 193.000000 0.185262 -0.147582
475.000000 193.000000 0.486706 -0.147582
622.000000 193.000000 0.948291 -0.147582
194.000000 194.000000 -0.395645 -0.144442
205.000000 194.000000 -0.361104 -0.144442
220.000000 194.000000 -0.314004 -0.144442
258.000000 194.000000 -0.194682 -0.144442
306.000000 194.000000 -0.043961 -0.144442
308.000000 194.000000 -0.037680 -0.144442
317.000000 194.000000 -0.009420 -0.144442
574.000000 194.000000 0.797569 -0.144442
576.000000 194.000000 0.803850 -0.144442
225.000000 195.000000 -0.298304 -0.141302
298.000000 195.000000 -0.069081 -0.141302
315.000000 195.000000 -0.015700 -0.141302
320.000000 195.000000 -0.000000 -0.141302
564.000000 195.000000 0.766169 -0.141302
629.000000 195.000000 0.970271 -0.141302
168.000000 196.000000 -0.477286 -0.138162
188.000000 196.000000 -0.414485 -0.138162
192.000000 196.000000 -0.401925 -0.138162
210.000000 196.000000 -0.345404 -0.138162
285.000000 196.000000 -0.109901 -0.138162
311.000000 196.000000 -0.028260 -0.138162
555.000000 196.000000 0.737909 -0.138162
126.000000 197.000000 -0.609167 -0.135022
221.000000 197.000000 -0.310864 -0.135022
299.000000 197.000000 -0.065941 -0.135022
302.000000 197.000000 -0.056521 -0.135022
336.000000 197.000000 0.050241 -0.135022
382.000000 197.000000 0.194682 -0.135022
593.000000 197.000000 0.857230 -0.135022
200.000000 198.000000 -0.376804 -0.131882
225.000000 198.000000 -0.298304 -0.131882
268.000000 198.000000 -0.163282 -0.131882
293.000000 198.000000 -0.084781 -0.131882
484.000000 198.000000 0.514966 -0.131882
550.000000 198.000000 0.722209 -0.131882
561.000000 198.000000 0.756749 -0.131882
584.000000 198.000000 0.828970 -0.131882
231.000000 199.000000 -0.279463 -0.128742
260.000000 199.000000 -0.188402 -0.128742
283.000000 199.000000 -0.116181 -0.128742
338.000000 199.000000 0.056521 -0.128742
379.000000 199.000000 0.185262 -0.128742
489.000000 199.000000 0.530666 -0.128742
492.000000 199.000000 0.540086 -0.128742
542.000000 199.000000 0.697088 -0.128742
594.000000 199.000000 0.860370 -0.128742
598.000000 199.000000 0.872930 -0.128742
202.000000 200.000000 -0.370524 -0.125601
221.000000 200.000000 -0.310864 -0.125601
237.000000 200.000000 -0.260623 -0.125601
248.000000 200.000000 -0.226083 -0.125601
271.000000 200.000000 -0.153862 -0.125601
315.000000 200.000000 -0.015700 -0.125601
320.000000 200.000000 -0.000000 -0.125601
322.000000 200.000000 0.006280 -0.125601
330.000000 200.000000 0.031400 -0.125601
401.000000 200.000000 0.254343 -0.125601
407.000000 200.000000 0.273183 -0.125601
472.000000 200.000000 0.477286 -0.125601
501.000000 200.000000 0.568347 -0.125601
534.000000 200.000000 0.671968 -0.125601
585.000000 200.000000 0.832110 -0.125601
612.000000 200.000000 0.916891 -0.125601
188.000000 201.000000 -0.414485 -0.122461
195.000000 201.000000 -0.392505 -0.122461
260.000000 201.000000 -0.188402 -0.122461
305.000000 201.000000 -0.047101 -0.122461
393.000000 201.000000 0.229223 -0.122461
526.000000 201.000000 0.646848 -0.122461
548.000000 201.000000 0.715928 -0.122461
230.000000 202.000000 -0.282603 -0.119321
255.000000 202.000000 -0.204102 -0.119321
314.000000 202.000000 -0.018840 -0.119321
400.000000 202.000000 0.251203 -0.119321
407.000000 202.000000 0.273183 -0.119321
519.000000 202.000000 0.624867 -0.119321
550.000000 202.000000 0.722209 -0.119321
600.000000 202.000000 0.879210 -0.119321
621.000000 202.000000 0.945151 -0.119321
631.000000 202.000000 0.976552 -0.119321
197.000000 203.000000 -0.386225 -0.116181
219.000000 203.000000 -0.317144 -0.116181
221.000000 203.000000 -0.310864 -0.116181
245.000000 203.000000 -0.235503 -0.116181
320.000000 203.000000 -0.000000 -0.116181
380.000000 203.000000 0.188402 -0.116181
395.000000 203.000000 0.235503 -0.116181
414.000000 203.000000 0.295163 -0.116181
511.000000 203.000000 0.599747 -0.116181
545.000000 203.000000 0.706508 -0.116181
563.000000 203.000000 0.763029 -0.116181
592.000000 203.000000 0.854090 -0.116181
209.000000 204.000000 -0.348544 -0.113041
236.000000 204.000000 -0.263763 -0.113041
313.000000 204.000000 -0.021980 -0.113041
336.000000 204.000000 0.050241 -0.113041
410.000000 204.000000 0.282603 -0.113041
503.000000 204.000000 0.574627 -0.113041
537.000000 204.000000 0.681388 -0.113041
539.000000 204.000000 0.687668 -0.113041
555.000000 204.000000 0.737909 -0.113041
586.000000 204.000000 0.835250 -0.113041
200.000000 205.000000 -0.376804 -0.109901
228.000000 205.000000 -0.288883 -0.109901
400.000000 205.000000 0.251203 -0.109901
529.000000 205.000000 0.656268 -0.109901
531.000000 205.000000 0.662548 -0.109901
545.000000 205.000000 0.706508 -0.109901
547.000000 205.000000 0.712788 -0.109901
191.000000 206.000000 -0.405065 -0.106761
218.000000 206.000000 -0.320284 -0.106761
380.000000 206.000000 0.188402 -0.106761
383.000000 206.000000 0.197822 -0.106761
391.000000 206.000000 0.222943 -0.106761
502.000000 206.000000 0.571487 -0.106761
521.000000 206.000000 0.631147 -0.106761
523.000000 206.000000 0.637428 -0.106761
569.000000 206.000000 0.781869 -0.106761
576.000000 206.000000 0.803850 -0.106761
209.000000 207.000000 -0.348544 -0.103621
260.000000 207.000000 -0.188402 -0.103621
316.000000 207.000000 -0.012560 -0.103621
385.000000 207.000000 0.204102 -0.103621
514.000000 207.000000 0.609167 -0.103621
529.000000 207.000000 0.656268 -0.103621
532.000000 207.000000 0.665688 -0.103621
199.000000 208.000000 -0.379945 -0.100481
205.000000 208.000000 -0.361104 -0.100481
285.000000 208.000000 -0.109901 -0.100481
300.000000 208.000000 -0.062801 -0.100481
471.000000 208.000000 0.474146 -0.100481
507.000000 208.000000 0.587187 -0.100481
563.000000 208.000000 0.763029 -0.100481
187.000000 209.000000 -0.417625 -0.097341
215.000000 209.000000 -0.329704 -0.097341
259.000000 209.000000 -0.191542 -0.097341
267.000000 209.000000 -0.166422 -0.097341
463.000000 209.000000 0.449025 -0.097341
515.000000 209.000000 0.612307 -0.097341
518.000000 209.000000 0.621727 -0.097341
548.000000 209.000000 0.715928 -0.097341
554.000000 209.000000 0.734769 -0.097341
556.000000 209.000000 0.741049 -0.097341
583.000000 209.000000 0.825830 -0.097341
176.000000 210.000000 -0.452165 -0.094201
179.000000 210.000000 -0.442745 -0.094201
256.000000 210.000000 -0.200962 -0.094201
455.000000 210.000000 0.423905 -0.094201
507.000000 210.000000 0.587187 -0.094201
510.000000 210.000000 0.596607 -0.094201
273.000000 211.000000 -0.147582 -0.091061
278.000000 211.000000 -0.131882 -0.091061
280.000000 211.000000 -0.125601 -0.091061
539.000000 211.000000 0.687668 -0.091061
587.000000 211.000000 0.838390 -0.091061
191.000000 212.000000 -0.405065 -0.087921
282.000000 212.000000 -0.119321 -0.087921
303.000000 212.000000 -0.053381 -0.087921
409.000000 212.000000 0.279463 -0.087921
439.000000 212.000000 0.373664 -0.087921
475.000000 212.000000 0.486706 -0.087921
477.000000 212.000000 0.492986 -0.087921
522.000000 212.000000 0.634288 -0.087921
526.000000 212.000000 0.646848 -0.087921
534.000000 212.000000 0.671968 -0.087921
173.000000 213.000000 -0.461585 -0.084781
218.000000 213.000000 -0.320284 -0.084781
239.000000 213.000000 -0.254343 -0.084781
241.000000 213.000000 -0.248063 -0.084781
284.000000 213.000000 -0.113041 -0.084781
294.000000 213.000000 -0.081641 -0.084781
314.000000 213.000000 -0.018840 -0.084781
381.000000 213.000000 0.191542 -0.084781
431.000000 213.000000 0.348544 -0.084781
467.000000 213.000000 0.461585 -0.084781
629.000000 213.000000 0.970271 -0.084781
185.000000 214.000000 -0.423905 -0.081641
192.000000 214.000000 -0.401925 -0.081641
194.000000 214.000000 -0.395645 -0.081641
286.000000 214.000000 -0.106761 -0.081641
342.000000 214.000000 0.069081 -0.081641
362.000000 214.000000 0.131882 -0.081641
364.000000 214.000000 0.138162 -0.081641
423.000000 214.000000 0.323424 -0.081641
460.000000 214.000000 0.439605 -0.081641
478.000000 214.000000 0.496126 -0.081641
480.000000 214.000000 0.502406 -0.081641
520.000000 214.000000 0.628007 -0.081641
182.000000 215.000000 -0.433325 -0.078501
244.000000 215.000000 -0.238643 -0.078501
279.000000 215.000000 -0.128742 -0.078501
383.000000 215.000000 0.197822 -0.078501
415.000000 215.000000 0.298304 -0.078501
451.000000 215.000000 0.411345 -0.078501
453.000000 215.000000 0.417625 -0.078501
469.000000 215.000000 0.467866 -0.078501
472.000000 215.000000 0.477286 -0.078501
484.000000 215.000000 0.514966 -0.078501
509.000000 215.000000 0.593467 -0.078501
177.000000 216.000000 -0.449025 -0.075361
190.000000 216.000000 -0.408205 -0.075361
194.000000 216.000000 -0.395645 -0.075361
216.000000 216.000000 -0.326564 -0.075361
260.000000 216.000000 -0.188402 -0.075361
317.000000 216.000000 -0.009420 -0.075361
409.000000 216.000000 0.279463 -0.075361
444.000000 216.000000 0.389365 -0.075361
459.000000 216.000000 0.436465 -0.075361
464.000000 216.000000 0.452165 -0.075361
555.000000 216.000000 0.737909 -0.075361
588.000000 216.000000 0.841530 -0.075361
167.000000 217.000000 -0.480426 -0.072221
198.000000 217.000000 -0.383085 -0.072221
204.000000 217.000000 -0.364244 -0.072221
207.000000 217.000000 -0.354824 -0.072221
226.000000 217.000000 -0.295163 -0.072221
315.000000 217.000000 -0.015700 -0.072221
393.000000 217.000000 0.229223 -0.072221
411.000000 217.000000 0.285743 -0.072221
436.000000 217.000000 0.364244 -0.072221
438.000000 217.000000 0.370524 -0.072221
451.000000 217.000000 0.411345 -0.072221
453.000000 217.000000 0.417625 -0.072221
456.000000 217.000000 0.427045 -0.072221
502.000000 217.000000 0.571487 -0.072221
545.000000 217.000000 0.706508 -0.072221
581.000000 217.000000 0.819550 -0.072221
612.000000 217.000000 0.916891 -0.072221
241.000000 218.000000 -0.248063 -0.069081
273.000000 218.000000 -0.147582 -0.069081
285.000000 218.000000 -0.109901 -0.069081
388.000000 218.000000 0.213523 -0.069081
428.000000 218.000000 0.339124 -0.069081
430.000000 218.000000 0.345404 -0.069081
442.000000 218.000000 0.383085 -0.069081
448.000000 218.000000 0.401925 -0.069081
575.000000 218.000000 0.800709 -0.069081
209.000000 219.000000 -0.348544 -0.065941
287.000000 219.000000 -0.103621 -0.065941
324.000000 219.000000 0.012560 -0.065941
329.000000 219.000000 0.028260 -0.065941
332.000000 219.000000 0.037680 -0.065941
376.000000 219.000000 0.175842 -0.065941
384.000000 219.000000 0.200962 -0.065941
420.000000 219.000000 0.314004 -0.065941
422.000000 219.000000 0.320284 -0.065941
437.000000 219.000000 0.367384 -0.065941
440.000000 219.000000 0.376804 -0.065941
474.000000 219.000000 0.483566 -0.065941
479.000000 219.000000 0.499266 -0.065941
583.000000 219.000000 0.825830 -0.065941
271.000000 220.000000 -0.153862 -0.062801
315.000000 220.000000 -0.015700 -0.062801
369.000000 220.000000 0.153862 -0.062801
413.000000 220.000000 0.292023 -0.062801
430.000000 220.000000 0.345404 -0.062801
460.000000 220.000000 0.439605 -0.062801
561.000000 220.000000 0.756749 -0.062801
606.000000 220.000000 0.898051 -0.062801
619.000000 220.000000 0.938871 -0.062801
201.000000 221.000000 -0.373664 -0.059661
273.000000 221.000000 -0.147582 -0.059661
325.000000 221.000000 0.015700 -0.059661
361.000000 221.000000 0.128742 -0.059661
421.000000 221.000000 0.317144 -0.059661
423.000000 221.000000 0.323424 -0.059661
425.000000 221.000000 0.329704 -0.059661
553.000000 221.000000 0.731629 -0.059661
597.000000 221.000000 0.869790 -0.059661
284.000000 222.000000 -0.113041 -0.056521
303.000000 222.000000 -0.053381 -0.056521
306.000000 222.000000 -0.043961 -0.056521
318.000000 222.000000 -0.006280 -0.056521
353.000000 222.000000 0.103621 -0.056521
410.000000 222.000000 0.282603 -0.056521
418.000000 222.000000 0.307724 -0.056521
452.000000 222.000000 0.414485 -0.056521
460.000000 222.000000 0.439605 -0.056521
527.000000 222.000000 0.649988 -0.056521
546.000000 222.000000 0.709648 -0.056521
198.000000 223.000000 -0.383085 -0.053381
344.000000 223.000000 0.075361 -0.053381
382.000000 223.000000 0.194682 -0.053381
385.000000 223.000000 0.204102 -0.053381
449.000000 223.000000 0.405065 -0.053381
540.000000 223.000000 0.690808 -0.053381
635.000000 223.000000 0.989112 -0.053381
281.000000 224.000000 -0.122461 -0.050241
302.000000 224.000000 -0.056521 -0.050241
304.000000 224.000000 -0.050241 -0.050241
338.000000 224.000000 0.056521 -0.050241
437.000000 224.000000 0.367384 -0.050241
443.000000 224.000000 0.386225 -0.050241
533.000000 224.000000 0.668828 -0.050241
574.000000 224.000000 0.797569 -0.050241
243.000000 225.000000 -0.241783 -0.047101
266.000000 225.000000 -0.169562 -0.047101
271.000000 225.000000 -0.153862 -0.047101
295.000000 225.000000 -0.078501 -0.047101
318.000000 225.000000 -0.006280 -0.047101
410.000000 225.000000 0.282603 -0.047101
412.000000 225.000000 0.288883 -0.047101
285.000000 226.000000 -0.109901 -0.043961
289.000000 226.000000 -0.097341 -0.043961
419.000000 226.000000 0.310864 -0.043961
427.000000 226.000000 0.335984 -0.043961
520.000000 226.000000 0.628007 -0.043961
210.000000 227.000000 -0.345404 -0.040820
250.000000 227.000000 -0.219803 -0.040820
277.000000 227.000000 -0.135022 -0.040820
422.000000 227.000000 0.320284 -0.040820
481.000000 227.000000 0.505546 -0.040820
512.000000 227.000000 0.602887 -0.040820
607.000000 227.000000 0.901191 -0.040820
624.000000 227.000000 0.954571 -0.040820
283.000000 228.000000 -0.116181 -0.037680
285.000000 228.000000 -0.109901 -0.037680
314.000000 228.000000 -0.018840 -0.037680
325.000000 228.000000 0.015700 -0.037680
505.000000 228.000000 0.580907 -0.037680
195.000000 229.000000 -0.392505 -0.034540
260.000000 229.000000 -0.188402 -0.034540
278.000000 229.000000 -0.131882 -0.034540
293.000000 229.000000 -0.084781 -0.034540
459.000000 229.000000 0.436465 -0.034540
555.000000 229.000000 0.737909 -0.034540
618.000000 229.000000 0.935731 -0.034540
188.000000 230.000000 -0.414485 -0.031400
242.000000 230.000000 -0.244923 -0.031400
264.000000 230.000000 -0.175842 -0.031400
286.000000 230.000000 -0.106761 -0.031400
298.000000 230.000000 -0.069081 -0.031400
453.000000 230.000000 0.417625 -0.031400
211.000000 231.000000 -0.342264 -0.028260
246.000000 231.000000 -0.232363 -0.028260
276.000000 231.000000 -0.138162 -0.028260
311.000000 231.000000 -0.028260 -0.028260
319.000000 231.000000 -0.003140 -0.028260
268.000000 232.000000 -0.163282 -0.025120
284.000000 232.000000 -0.113041 -0.025120
339.000000 232.000000 0.059661 -0.025120
433.000000 232.000000 0.354824 -0.025120
437.000000 232.000000 0.367384 -0.025120
197.000000 233.000000 -0.386225 -0.021980
280.000000 233.000000 -0.125601 -0.021980
334.000000 233.000000 0.043961 -0.021980
411.000000 233.000000 0.285743 -0.021980
211.000000 234.000000 -0.342264 -0.018840
259.000000 234.000000 -0.191542 -0.018840
269.000000 234.000000 -0.160142 -0.018840
285.000000 234.000000 -0.109901 -0.018840
319.000000 234.000000 -0.003140 -0.018840
433.000000 234.000000 0.354824 -0.018840
463.000000 234.000000 0.449025 -0.018840
578.000000 234.000000 0.810130 -0.018840
607.000000 234.000000 0.901191 -0.018840
229.000000 235.000000 -0.285743 -0.015700
237.000000 235.000000 -0.260623 -0.015700
262.000000 235.000000 -0.182122 -0.015700
267.000000 235.000000 -0.166422 -0.015700
282.000000 235.000000 -0.119321 -0.015700
291.000000 235.000000 -0.091061 -0.015700
308.000000 235.000000 -0.037680 -0.015700
327.000000 235.000000 0.021980 -0.015700
417.000000 235.000000 0.304584 -0.015700
456.000000 235.000000 0.427045 -0.015700
601.000000 235.000000 0.882350 -0.015700
109.000000 236.000000 -0.662548 -0.012560
260.000000 236.000000 -0.188402 -0.012560
269.000000 236.000000 -0.160142 -0.012560
276.000000 236.000000 -0.138162 -0.012560
294.000000 236.000000 -0.081641 -0.012560
298.000000 236.000000 -0.069081 -0.012560
96.000000 237.000000 -0.703368 -0.009420
98.000000 237.000000 -0.697088 -0.009420
105.000000 237.000000 -0.675108 -0.009420
189.000000 237.000000 -0.411345 -0.009420
207.000000 237.000000 -0.354824 -0.009420
221.000000 237.000000 -0.310864 -0.009420
229.000000 237.000000 -0.285743 -0.009420
233.000000 237.000000 -0.273183 -0.009420
282.000000 237.000000 -0.119321 -0.009420
287.000000 237.000000 -0.103621 -0.009420
302.000000 237.000000 -0.056521 -0.009420
442.000000 237.000000 0.383085 -0.009420
90.000000 238.000000 -0.722209 -0.006280
107.000000 238.000000 -0.668828 -0.006280
200.000000 238.000000 -0.376804 -0.006280
205.000000 238.000000 -0.361104 -0.006280
209.000000 238.000000 -0.348544 -0.006280
216.000000 238.000000 -0.326564 -0.006280
226.000000 238.000000 -0.295163 -0.006280
238.000000 238.000000 -0.257483 -0.006280
253.000000 238.000000 -0.210382 -0.006280
268.000000 238.000000 -0.163282 -0.006280
276.000000 238.000000 -0.138162 -0.006280
346.000000 238.000000 0.081641 -0.006280
504.000000 238.000000 0.577767 -0.006280
596.000000 238.000000 0.866650 -0.006280
631.000000 238.000000 0.976552 -0.006280
66.000000 239.000000 -0.797569 -0.003140
245.000000 239.000000 -0.235503 -0.003140
302.000000 239.000000 -0.056521 -0.003140
412.000000 239.000000 0.288883 -0.003140
429.000000 239.000000 0.342264 -0.003140
227.000000 240.000000 -0.292023 0.000000
255.000000 240.000000 -0.204102 0.000000
276.000000 240.000000 -0.138162 0.000000
282.000000 240.000000 -0.119321 0.000000
539.000000 240.000000 0.687668 0.000000
576.000000 240.000000 0.803850 0.000000
601.000000 240.000000 0.882350 0.000000
109.000000 241.000000 -0.662548 0.003140
198.000000 241.000000 -0.383085 0.003140
232.000000 241.000000 -0.276323 0.003140
263.000000 241.000000 -0.178982 0.003140
327.000000 241.000000 0.021980 0.003140
392.000000 241.000000 0.226083 0.003140
414.000000 241.000000 0.295163 0.003140
522.000000 241.000000 0.634288 0.003140
534.000000 241.000000 0.671968 0.003140
69.000000 242.000000 -0.788149 0.006280
320.000000 242.000000 -0.000000 0.006280
412.000000 242.000000 0.288883 0.006280
570.000000 242.000000 0.785009 0.006280
605.000000 242.000000 0.894911 0.006280
189.000000 243.000000 -0.411345 0.009420
205.000000 243.000000 -0.361104 0.009420
236.000000 243.000000 -0.263763 0.009420
274.000000 243.000000 -0.144442 0.009420
303.000000 243.000000 -0.053381 0.009420
325.000000 243.000000 0.015700 0.009420
433.000000 243.000000 0.354824 0.009420
467.000000 243.000000 0.461585 0.009420
522.000000 243.000000 0.634288 0.009420
559.000000 243.000000 0.750469 0.009420
565.000000 243.000000 0.769309 0.009420
607.000000 243.000000 0.901191 0.009420
108.000000 244.000000 -0.665688 0.012560
223.000000 244.000000 -0.304584 0.012560
229.000000 244.000000 -0.285743 0.012560
261.000000 244.000000 -0.185262 0.012560
264.000000 244.000000 -0.175842 0.012560
283.000000 244.000000 -0.116181 0.012560
311.000000 244.000000 -0.028260 0.012560
515.000000 244.000000 0.612307 0.012560
67.000000 245.000000 -0.794429 0.015700
182.000000 245.000000 -0.433325 0.015700
215.000000 245.000000 -0.329704 0.015700
248.000000 245.000000 -0.226083 0.015700
270.000000 245.000000 -0.157002 0.015700
451.000000 245.000000 0.411345 0.015700
206.000000 246.000000 -0.357964 0.018840
259.000000 246.000000 -0.191542 0.018840
309.000000 246.000000 -0.034540 0.018840
413.000000 246.000000 0.292023 0.018840
69.000000 247.000000 -0.788149 0.021980
72.000000 247.000000 -0.778729 0.021980
152.000000 247.000000 -0.527526 0.021980
163.000000 247.000000 -0.492986 0.021980
171.000000 247.000000 -0.467866 0.021980
199.000000 247.000000 -0.379945 0.021980
219.000000 247.000000 -0.317144 0.021980
236.000000 247.000000 -0.263763 0.021980
341.000000 247.000000 0.065941 0.021980
436.000000 247.000000 0.364244 0.021980
601.000000 247.000000 0.882350 0.021980
606.000000 247.000000 0.898051 0.021980
142.000000 248.000000 -0.558927 0.025120
229.000000 248.000000 -0.285743 0.025120
253.000000 248.000000 -0.210382 0.025120
451.000000 248.000000 0.411345 0.025120
477.000000 248.000000 0.492986 0.025120
594.000000 248.000000 0.860370 0.025120
596.000000 248.000000 0.866650 0.025120
598.000000 248.000000 0.872930 0.025120
132.000000 249.000000 -0.590327 0.028260
134.000000 249.000000 -0.584047 0.028260
209.000000 249.000000 -0.348544 0.028260
234.000000 249.000000 -0.270043 0.028260
250.000000 249.000000 -0.219803 0.028260
388.000000 249.000000 0.213523 0.028260
413.000000 249.000000 0.292023 0.028260
560.000000 249.000000 0.753609 0.028260
588.000000 249.000000 0.841530 0.028260
126.000000 250.000000 -0.609167 0.031400
190.000000 250.000000 -0.408205 0.031400
296.000000 250.000000 -0.075361 0.031400
304.000000 250.000000 -0.050241 0.031400
469.000000 250.000000 0.467866 0.031400
542.000000 250.000000 0.697088 0.031400
584.000000 250.000000 0.828970 0.031400
257.000000 251.000000 -0.197822 0.034540
284.000000 251.000000 -0.113041 0.034540
467.000000 251.000000 0.461585 0.034540
581.000000 251.000000 0.819550 0.034540
307.000000 252.000000 -0.040820 0.037680
385.000000 252.000000 0.204102 0.037680
574.000000 252.000000 0.797569 0.037680
119.000000 253.000000 -0.631147 0.040820
214.000000 253.000000 -0.332844 0.040820
249.000000 253.000000 -0.222943 0.040820
336.000000 253.000000 0.050241 0.040820
457.000000 253.000000 0.430185 0.040820
555.000000 253.000000 0.737909 0.040820
200.000000 254.000000 -0.376804 0.043961
229.000000 254.000000 -0.285743 0.043961
236.000000 254.000000 -0.263763 0.043961
245.000000 254.000000 -0.235503 0.043961
448.000000 254.000000 0.401925 0.043961
451.000000 254.000000 0.411345 0.043961
453.000000 254.000000 0.417625 0.043961
111.000000 255.000000 -0.656268 0.047101
418.000000 255.000000 0.307724 0.047101
442.000000 255.000000 0.383085 0.047101
444.000000 255.000000 0.389365 0.047101
518.000000 255.000000 0.621727 0.047101
329.000000 256.000000 0.028260 0.050241
435.000000 256.000000 0.361104 0.050241
414.000000 257.000000 0.295163 0.053381
452.000000 257.000000 0.414485 0.053381
71.000000 258.000000 -0.781869 0.056521
191.000000 258.000000 -0.405065 0.056521
200.000000 258.000000 -0.376804 0.056521
389.000000 258.000000 0.216663 0.056521
469.000000 258.000000 0.467866 0.056521
506.000000 258.000000 0.584047 0.056521
184.000000 259.000000 -0.427045 0.059661
236.000000 259.000000 -0.263763 0.059661
387.000000 259.000000 0.210382 0.059661
72.000000 260.000000 -0.778729 0.062801
82.000000 260.000000 -0.747329 0.062801
201.000000 260.000000 -0.373664 0.062801
229.000000 260.000000 -0.285743 0.062801
285.000000 260.000000 -0.109901 0.062801
414.000000 260.000000 0.295163 0.062801
452.000000 260.000000 0.414485 0.062801
191.000000 261.000000 -0.405065 0.065941
277.000000 261.000000 -0.135022 0.065941
318.000000 261.000000 -0.006280 0.065941
329.000000 261.000000 0.028260 0.065941
422.000000 261.000000 0.320284 0.065941
63.000000 262.000000 -0.806990 0.069081
71.000000 262.000000 -0.781869 0.069081
185.000000 262.000000 -0.423905 0.069081
159.000000 263.000000 -0.505546 0.072221
236.000000 263.000000 -0.263763 0.072221
255.000000 263.000000 -0.204102 0.072221
305.000000 263.000000 -0.047101 0.072221
507.000000 263.000000 0.587187 0.072221
509.000000 263.000000 0.593467 0.072221
70.000000 264.000000 -0.785009 0.075361
72.000000 264.000000 -0.778729 0.075361
80.000000 264.000000 -0.753609 0.075361
248.000000 264.000000 -0.226083 0.075361
388.000000 264.000000 0.213523 0.075361
505.000000 264.000000 0.580907 0.075361
42.000000 265.000000 -0.872930 0.078501
59.000000 265.000000 -0.819550 0.078501
66.000000 265.000000 -0.797569 0.078501
176.000000 265.000000 -0.452165 0.078501
229.000000 265.000000 -0.285743 0.078501
286.000000 265.000000 -0.106761 0.078501
401.000000 265.000000 0.254343 0.078501
489.000000 265.000000 0.530666 0.078501
36.000000 266.000000 -0.891771 0.081641
71.000000 266.000000 -0.781869 0.081641
240.000000 266.000000 -0.251203 0.081641
313.000000 266.000000 -0.021980 0.081641
419.000000 266.000000 0.310864 0.081641
485.000000 266.000000 0.518106 0.081641
494.000000 266.000000 0.546366 0.081641
29.000000 267.000000 -0.913751 0.084781
54.000000 267.000000 -0.835250 0.084781
68.000000 267.000000 -0.791289 0.084781
415.000000 267.000000 0.298304 0.084781
471.000000 267.000000 0.474146 0.084781
488.000000 267.000000 0.527526 0.084781
23.000000 268.000000 -0.932591 0.087921
43.000000 268.000000 -0.869790 0.087921
48.000000 268.000000 -0.854090 0.087921
300.000000 268.000000 -0.062801 0.087921
330.000000 268.000000 0.031400 0.087921
468.000000 268.000000 0.464725 0.087921
473.000000 268.000000 0.480426 0.087921
17.000000 269.000000 -0.951431 0.091061
214.000000 269.000000 -0.332844 0.091061
319.000000 269.000000 -0.003140 0.091061
10.000000 270.000000 -0.973412 0.094201
36.000000 270.000000 -0.891771 0.094201
38.000000 270.000000 -0.885490 0.094201
419.000000 270.000000 0.310864 0.094201
465.000000 270.000000 0.455305 0.094201
632.000000 270.000000 0.979692 0.094201
4.000000 271.000000 -0.992252 0.097341
29.000000 271.000000 -0.913751 0.097341
227.000000 271.000000 -0.292023 0.097341
235.000000 271.000000 -0.266903 0.097341
245.000000 271.000000 -0.235503 0.097341
314.000000 271.000000 -0.018840 0.097341
406.000000 271.000000 0.270043 0.097341
476.000000 271.000000 0.489846 0.097341
628.000000 271.000000 0.967131 0.097341
25.000000 272.000000 -0.926311 0.100481
121.000000 272.000000 -0.624867 0.100481
222.000000 272.000000 -0.307724 0.100481
388.000000 272.000000 0.213523 0.100481
443.000000 272.000000 0.386225 0.100481
630.000000 272.000000 0.973412 0.100481
634.000000 272.000000 0.985972 0.100481
104.000000 273.000000 -0.678248 0.103621
309.000000 273.000000 -0.034540 0.103621
315.000000 273.000000 -0.015700 0.103621
13.000000 274.000000 -0.963991 0.106761
20.000000 274.000000 -0.942011 0.106761
231.000000 274.000000 -0.279463 0.106761
297.000000 274.000000 -0.072221 0.106761
369.000000 274.000000 0.153862 0.106761
8.000000 275.000000 -0.979692 0.109901
307.000000 275.000000 -0.040820 0.109901
320.000000 275.000000 -0.000000 0.109901
416.000000 275.000000 0.301444 0.109901
419.000000 275.000000 0.310864 0.109901
423.000000 275.000000 0.323424 0.109901
4.000000 276.000000 -0.992252 0.113041
183.000000 276.000000 -0.430185 0.113041
215.000000 276.000000 -0.329704 0.113041
616.000000 276.000000 0.929451 0.113041
316.000000 277.000000 -0.012560 0.116181
387.000000 277.000000 0.210382 0.116181
389.000000 277.000000 0.216663 0.116181
391.000000 277.000000 0.222943 0.116181
417.000000 277.000000 0.304584 0.116181
318.000000 278.000000 -0.006280 0.119321
382.000000 278.000000 0.194682 0.119321
588.000000 278.000000 0.841530 0.119321
106.000000 279.000000 -0.671968 0.122461
251.000000 279.000000 -0.216663 0.122461
322.000000 279.000000 0.006280 0.122461
414.000000 279.000000 0.295163 0.122461
417.000000 279.000000 0.304584 0.122461
590.000000 279.000000 0.847810 0.122461
85.000000 280.000000 -0.737909 0.125601
185.000000 280.000000 -0.423905 0.125601
298.000000 280.000000 -0.069081 0.125601
369.000000 280.000000 0.153862 0.125601
389.000000 280.000000 0.216663 0.125601
586.000000 280.000000 0.835250 0.125601
175.000000 282.000000 -0.455305 0.131882
252.000000 282.000000 -0.213523 0.131882
317.000000 282.000000 -0.009420 0.131882
395.000000 282.000000 0.235503 0.131882
399.000000 282.000000 0.248063 0.131882
78.000000 283.000000 -0.759889 0.135022
354.000000 283.000000 0.106761 0.135022
583.000000 283.000000 0.825830 0.135022
211.000000 284.000000 -0.342264 0.138162
392.000000 284.000000 0.226083 0.138162
204.000000 285.000000 -0.364244 0.141302
384.000000 285.000000 0.200962 0.141302
545.000000 285.000000 0.706508 0.141302
547.000000 285.000000 0.712788 0.141302
234.000000 286.000000 -0.270043 0.144442
306.000000 286.000000 -0.043961 0.144442
321.000000 286.000000 0.003140 0.144442
340.000000 286.000000 0.062801 0.144442
382.000000 286.000000 0.194682 0.144442
388.000000 286.000000 0.213523 0.144442
228.000000 287.000000 -0.288883 0.147582
323.000000 287.000000 0.009420 0.147582
250.000000 288.000000 -0.219803 0.150722
333.000000 288.000000 0.040820 0.150722
341.000000 288.000000 0.065941 0.150722
551.000000 288.000000 0.725349 0.150722
203.000000 289.000000 -0.367384 0.153862
290.000000 289.000000 -0.094201 0.153862
71.000000 290.000000 -0.781869 0.157002
82.000000 290.000000 -0.747329 0.157002
189.000000 290.000000 -0.411345 0.157002
540.000000 290.000000 0.690808 0.157002
547.000000 290.000000 0.712788 0.157002
205.000000 291.000000 -0.361104 0.160142
513.000000 291.000000 0.606027 0.160142
535.000000 291.000000 0.675108 0.160142
105.000000 292.000000 -0.675108 0.163282
223.000000 292.000000 -0.304584 0.163282
245.000000 292.000000 -0.235503 0.163282
306.000000 292.000000 -0.043961 0.163282
71.000000 293.000000 -0.781869 0.166422
140.000000 293.000000 -0.565207 0.166422
298.000000 293.000000 -0.069081 0.166422
315.000000 293.000000 -0.015700 0.166422
530.000000 293.000000 0.659408 0.166422
49.000000 294.000000 -0.850950 0.169562
197.000000 294.000000 -0.386225 0.169562
213.000000 294.000000 -0.335984 0.169562
215.000000 294.000000 -0.329704 0.169562
232.000000 294.000000 -0.276323 0.169562
250.000000 294.000000 -0.219803 0.169562
263.000000 294.000000 -0.178982 0.169562
294.000000 294.000000 -0.081641 0.169562
504.000000 294.000000 0.577767 0.169562
218.000000 295.000000 -0.320284 0.172702
226.000000 295.000000 -0.295163 0.172702
502.000000 295.000000 0.571487 0.172702
515.000000 295.000000 0.612307 0.172702
521.000000 295.000000 0.631147 0.172702
181.000000 296.000000 -0.436465 0.175842
316.000000 296.000000 -0.012560 0.175842
322.000000 296.000000 0.006280 0.175842
499.000000 296.000000 0.562067 0.175842
510.000000 296.000000 0.596607 0.175842
524.000000 296.000000 0.640568 0.175842
198.000000 297.000000 -0.383085 0.178982
206.000000 297.000000 -0.357964 0.178982
320.000000 297.000000 -0.000000 0.178982
336.000000 297.000000 0.050241 0.178982
505.000000 297.000000 0.580907 0.178982
86.000000 298.000000 -0.734769 0.182122
252.000000 298.000000 -0.213523 0.182122
269.000000 298.000000 -0.160142 0.182122
278.000000 298.000000 -0.131882 0.182122
307.000000 298.000000 -0.040820 0.182122
326.000000 298.000000 0.018840 0.182122
344.000000 298.000000 0.075361 0.182122
500.000000 298.000000 0.565207 0.182122
272.000000 299.000000 -0.150722 0.185262
494.000000 299.000000 0.546366 0.185262
552.000000 299.000000 0.728489 0.185262
108.000000 300.000000 -0.665688 0.188402
198.000000 300.000000 -0.383085 0.188402
247.000000 300.000000 -0.229223 0.188402
251.000000 300.000000 -0.216663 0.188402
274.000000 300.000000 -0.144442 0.188402
469.000000 300.000000 0.467866 0.188402
489.000000 300.000000 0.530666 0.188402
209.000000 301.000000 -0.348544 0.191542
272.000000 301.000000 -0.150722 0.191542
279.000000 301.000000 -0.128742 0.191542
342.000000 301.000000 0.069081 0.191542
464.000000 301.000000 0.452165 0.191542
485.000000 301.000000 0.518106 0.191542
82.000000 302.000000 -0.747329 0.194682
289.000000 302.000000 -0.097341 0.194682
318.000000 302.000000 -0.006280 0.194682
458.000000 302.000000 0.433325 0.194682
479.000000 302.000000 0.499266 0.194682
208.000000 303.000000 -0.351684 0.197822
287.000000 303.000000 -0.103621 0.197822
280.000000 304.000000 -0.125601 0.200962
290.000000 304.000000 -0.094201 0.200962
325.000000 304.000000 0.015700 0.200962
339.000000 304.000000 0.059661 0.200962
575.000000 304.000000 0.800709 0.200962
217.000000 305.000000 -0.323424 0.204102
243.000000 305.000000 -0.241783 0.204102
269.000000 305.000000 -0.160142 0.204102
446.000000 305.000000 0.395645 0.204102
451.000000 305.000000 0.411345 0.204102
249.000000 306.000000 -0.222943 0.207242
283.000000 306.000000 -0.116181 0.207242
429.000000 306.000000 0.342264 0.207242
434.000000 306.000000 0.357964 0.207242
69.000000 307.000000 -0.788149 0.210382
216.000000 307.000000 -0.326564 0.210382
264.000000 307.000000 -0.175842 0.210382
446.000000 307.000000 0.395645 0.210382
451.000000 307.000000 0.411345 0.210382
454.000000 307.000000 0.420765 0.210382
336.000000 309.000000 0.050241 0.216663
589.000000 309.000000 0.844670 0.216663
256.000000 310.000000 -0.200962 0.219803
442.000000 310.000000 0.383085 0.219803
141.000000 311.000000 -0.562067 0.222943
279.000000 311.000000 -0.128742 0.222943
434.000000 311.000000 0.357964 0.222943
437.000000 311.000000 0.367384 0.222943
83.000000 312.000000 -0.744189 0.226083
245.000000 312.000000 -0.235503 0.226083
313.000000 312.000000 -0.021980 0.226083
403.000000 312.000000 0.260623 0.226083
406.000000 312.000000 0.270043 0.226083
429.000000 312.000000 0.342264 0.226083
100.000000 313.000000 -0.690808 0.229223
192.000000 313.000000 -0.401925 0.229223
397.000000 313.000000 0.241783 0.229223
79.000000 314.000000 -0.756749 0.232363
423.000000 314.000000 0.323424 0.232363
395.000000 315.000000 0.235503 0.235503
418.000000 315.000000 0.307724 0.235503
343.000000 316.000000 0.072221 0.238643
413.000000 316.000000 0.292023 0.238643
182.000000 317.000000 -0.433325 0.241783
207.000000 317.000000 -0.354824 0.241783
254.000000 317.000000 -0.207242 0.241783
287.000000 317.000000 -0.103621 0.241783
407.000000 317.000000 0.273183 0.241783
282.000000 318.000000 -0.119321 0.244923
401.000000 318.000000 0.254343 0.244923
610.000000 318.000000 0.910611 0.244923
204.000000 319.000000 -0.364244 0.248063
311.000000 319.000000 -0.028260 0.248063
322.000000 319.000000 0.006280 0.248063
347.000000 319.000000 0.084781 0.248063
396.000000 319.000000 0.238643 0.248063
613.000000 319.000000 0.920031 0.248063
615.000000 319.000000 0.926311 0.248063
120.000000 320.000000 -0.628007 0.251203
147.000000 320.000000 -0.543226 0.251203
172.000000 320.000000 -0.464725 0.251203
189.000000 320.000000 -0.411345 0.251203
305.000000 320.000000 -0.047101 0.251203
314.000000 321.000000 -0.018840 0.254343
360.000000 321.000000 0.125601 0.254343
88.000000 322.000000 -0.728489 0.257483
106.000000 322.000000 -0.671968 0.257483
246.000000 322.000000 -0.232363 0.257483
312.000000 322.000000 -0.025120 0.257483
366.000000 322.000000 0.144442 0.257483
112.000000 323.000000 -0.653128 0.260623
124.000000 323.000000 -0.615447 0.260623
208.000000 323.000000 -0.351684 0.260623
363.000000 323.000000 0.135022 0.260623
65.000000 324.000000 -0.800709 0.263763
204.000000 324.000000 -0.364244 0.263763
260.000000 324.000000 -0.188402 0.263763
636.000000 324.000000 0.992252 0.263763
192.000000 325.000000 -0.401925 0.266903
244.000000 325.000000 -0.238643 0.266903
65.000000 327.000000 -0.800709 0.273183
202.000000 327.000000 -0.370524 0.273183
258.000000 328.000000 -0.194682 0.276323
76.000000 329.000000 -0.766169 0.279463
174.000000 329.000000 -0.458445 0.279463
201.000000 329.000000 -0.373664 0.279463
231.000000 329.000000 -0.279463 0.279463
493.000000 329.000000 0.543226 0.279463
172.000000 330.000000 -0.464725 0.282603
188.000000 330.000000 -0.414485 0.282603
368.000000 330.000000 0.150722 0.282603
66.000000 331.000000 -0.797569 0.285743
182.000000 331.000000 -0.433325 0.285743
370.000000 331.000000 0.157002 0.285743
112.000000 332.000000 -0.653128 0.288883
175.000000 332.000000 -0.455305 0.288883
199.000000 332.000000 -0.379945 0.288883
69.000000 333.000000 -0.788149 0.292023
189.000000 333.000000 -0.411345 0.292023
243.000000 333.000000 -0.241783 0.292023
373.000000 333.000000 0.166422 0.292023
62.000000 334.000000 -0.810130 0.295163
67.000000 334.000000 -0.794429 0.295163
166.000000 334.000000 -0.483566 0.295163
65.000000 335.000000 -0.800709 0.298304
163.000000 335.000000 -0.492986 0.298304
205.000000 335.000000 -0.361104 0.298304
209.000000 335.000000 -0.348544 0.298304
228.000000 335.000000 -0.288883 0.298304
63.000000 336.000000 -0.806990 0.301444
195.000000 336.000000 -0.392505 0.301444
377.000000 336.000000 0.178982 0.301444
55.000000 337.000000 -0.832110 0.304584
61.000000 337.000000 -0.813270 0.304584
150.000000 337.000000 -0.533806 0.304584
199.000000 337.000000 -0.379945 0.304584
59.000000 338.000000 -0.819550 0.307724
250.000000 339.000000 -0.219803 0.310864
382.000000 339.000000 0.194682 0.310864
63.000000 340.000000 -0.806990 0.314004
132.000000 340.000000 -0.590327 0.314004
223.000000 340.000000 -0.304584 0.314004
58.000000 342.000000 -0.822690 0.320284
89.000000 342.000000 -0.725349 0.320284
119.000000 342.000000 -0.631147 0.320284
55.000000 343.000000 -0.832110 0.323424
135.000000 343.000000 -0.580907 0.323424
57.000000 346.000000 -0.825830 0.332844
64.000000 346.000000 -0.803850 0.332844
216.000000 346.000000 -0.326564 0.332844
46.000000 347.000000 -0.860370 0.335984
191.000000 347.000000 -0.405065 0.335984
67.000000 350.000000 -0.794429 0.345404
196.000000 350.000000 -0.389365 0.345404
198.000000 350.000000 -0.383085 0.345404
200.000000 350.000000 -0.376804 0.345404
63.000000 352.000000 -0.806990 0.351684
59.000000 353.000000 -0.819550 0.354824
195.000000 353.000000 -0.392505 0.354824
66.000000 354.000000 -0.797569 0.357964
60.000000 355.000000 -0.816410 0.361104
195.000000 355.000000 -0.392505 0.361104
30.000000 357.000000 -0.910611 0.367384
57.000000 357.000000 -0.825830 0.367384
193.000000 357.000000 -0.398785 0.367384
195.000000 358.000000 -0.392505 0.370524
57.000000 360.000000 -0.825830 0.376804
65.000000 360.000000 -0.800709 0.376804
49.000000 362.000000 -0.850950 0.383085
29.000000 363.000000 -0.913751 0.386225
61.000000 363.000000 -0.813270 0.386225
15.000000 364.000000 -0.957711 0.389365
19.000000 364.000000 -0.945151 0.389365
50.000000 364.000000 -0.847810 0.389365
188.000000 364.000000 -0.414485 0.389365
12.000000 365.000000 -0.967131 0.392505
338.000000 365.000000 0.056521 0.392505
54.000000 366.000000 -0.835250 0.395645
187.000000 366.000000 -0.417625 0.395645
9.000000 367.000000 -0.976552 0.398785
185.000000 369.000000 -0.423905 0.405065
9.000000 370.000000 -0.976552 0.408205
34.000000 370.000000 -0.898051 0.408205
36.000000 370.000000 -0.891771 0.408205
7.000000 371.000000 -0.982832 0.411345
561.000000 371.000000 0.756749 0.411345
633.000000 371.000000 0.982832 0.411345
183.000000 372.000000 -0.430185 0.414485
306.000000 372.000000 -0.043961 0.414485
14.000000 374.000000 -0.960851 0.420765
35.000000 374.000000 -0.894911 0.420765
163.000000 374.000000 -0.492986 0.420765
566.000000 374.000000 0.772449 0.420765
626.000000 374.000000 0.960851 0.420765
44.000000 375.000000 -0.866650 0.423905
14.000000 376.000000 -0.960851 0.427045
288.000000 376.000000 -0.100481 0.427045
464.000000 376.000000 0.452165 0.427045
30.000000 377.000000 -0.910611 0.430185
18.000000 378.000000 -0.948291 0.433325
279.000000 378.000000 -0.128742 0.433325
34.000000 379.000000 -0.898051 0.436465
274.000000 379.000000 -0.144442 0.436465
603.000000 380.000000 0.888631 0.439605
16.000000 382.000000 -0.954571 0.445885
177.000000 382.000000 -0.449025 0.445885
587.000000 382.000000 0.838390 0.445885
9.000000 383.000000 -0.976552 0.449025
13.000000 384.000000 -0.963991 0.452165
247.000000 384.000000 -0.229223 0.452165
136.000000 385.000000 -0.577767 0.455305
139.000000 385.000000 -0.568347 0.455305
242.000000 386.000000 -0.244923 0.458445
174.000000 387.000000 -0.458445 0.461585
233.000000 388.000000 -0.273183 0.464725
617.000000 389.000000 0.932591 0.467866
9.000000 390.000000 -0.976552 0.471006
224.000000 390.000000 -0.301444 0.471006
171.000000 391.000000 -0.467866 0.474146
610.000000 391.000000 0.910611 0.474146
215.000000 392.000000 -0.329704 0.477286
4.000000 393.000000 -0.992252 0.480426
200.000000 393.000000 -0.376804 0.480426
522.000000 394.000000 0.634288 0.483566
168.000000 396.000000 -0.477286 0.489846
192.000000 396.000000 -0.401925 0.489846
554.000000 396.000000 0.734769 0.489846
8.000000 397.000000 -0.979692 0.492986
13.000000 398.000000 -0.963991 0.496126
177.000000 398.000000 -0.449025 0.496126
290.000000 398.000000 -0.094201 0.496126
553.000000 398.000000 0.731629 0.496126
555.000000 399.000000 0.737909 0.499266
165.000000 400.000000 -0.486706 0.502406
298.000000 401.000000 -0.069081 0.505546
519.000000 401.000000 0.624867 0.505546
169.000000 402.000000 -0.474146 0.508686
586.000000 402.000000 0.835250 0.508686
288.000000 403.000000 -0.100481 0.511826
563.000000 404.000000 0.763029 0.514966
557.000000 407.000000 0.744189 0.524386
555.000000 408.000000 0.737909 0.527526
431.000000 410.000000 0.348544 0.533806
522.000000 410.000000 0.634288 0.533806
200.000000 411.000000 -0.376804 0.536946
218.000000 411.000000 -0.320284 0.536946
319.000000 412.000000 -0.003140 0.540086
157.000000 414.000000 -0.511826 0.546366
139.000000 416.000000 -0.568347 0.552647
141.000000 416.000000 -0.562067 0.552647
155.000000 417.000000 -0.518106 0.555787
165.000000 418.000000 -0.486706 0.558927
313.000000 418.000000 -0.021980 0.558927
156.000000 422.000000 -0.514966 0.571487
159.000000 424.000000 -0.505546 0.577767
154.000000 426.000000 -0.521246 0.584047
158.000000 426.000000 -0.508686 0.584047
153.000000 428.000000 -0.524386 0.590327
168.000000 428.000000 -0.477286 0.590327
430.000000 428.000000 0.345404 0.590327
158.000000 430.000000 -0.508686 0.596607
160.000000 431.000000 -0.502406 0.599747
519.000000 432.000000 0.624867 0.602887
159.000000 433.000000 -0.505546 0.606027
163.000000 433.000000 -0.492986 0.606027
165.000000 434.000000 -0.486706 0.609167
162.000000 435.000000 -0.496126 0.612307
235.000000 435.000000 -0.266903 0.612307
519.000000 435.000000 0.624867 0.612307
150.000000 436.000000 -0.533806 0.615447
155.000000 436.000000 -0.518106 0.615447
157.000000 437.000000 -0.511826 0.618587
239.000000 437.000000 -0.254343 0.618587
361.000000 437.000000 0.128742 0.618587
436.000000 437.000000 0.364244 0.618587
160.000000 438.000000 -0.502406 0.621727
148.000000 439.000000 -0.540086 0.624867
364.000000 439.000000 0.138162 0.624867
150.000000 440.000000 -0.533806 0.628007
152.000000 440.000000 -0.527526 0.628007
154.000000 441.000000 -0.521246 0.631147
157.000000 441.000000 -0.511826 0.631147
334.000000 441.000000 0.043961 0.631147
151.000000 442.000000 -0.530666 0.634288
504.000000 442.000000 0.577767 0.634288
180.000000 443.000000 -0.439605 0.637428
286.000000 443.000000 -0.106761 0.637428
299.000000 443.000000 -0.065941 0.637428
520.000000 443.000000 0.628007 0.637428
159.000000 444.000000 -0.505546 0.640568
466.000000 444.000000 0.458445 0.640568
522.000000 444.000000 0.634288 0.640568
157.000000 445.000000 -0.511826 0.643708
177.000000 445.000000 -0.449025 0.643708
210.000000 445.000000 -0.345404 0.643708
216.000000 445.000000 -0.326564 0.643708
300.000000 445.000000 -0.062801 0.643708
361.000000 445.000000 0.128742 0.643708
421.000000 445.000000 0.317144 0.643708
161.000000 446.000000 -0.499266 0.646848
167.000000 447.000000 -0.480426 0.649988
517.000000 447.000000 0.618587 0.649988
523.000000 447.000000 0.637428 0.649988
158.000000 448.000000 -0.508686 0.653128
330.000000 448.000000 0.031400 0.653128
148.000000 449.000000 -0.540086 0.656268
163.000000 449.000000 -0.492986 0.656268
165.000000 450.000000 -0.486706 0.659408
525.000000 450.000000 0.643708 0.659408
153.000000 451.000000 -0.524386 0.662548
159.000000 451.000000 -0.505546 0.662548
148.000000 452.000000 -0.540086 0.665688
161.000000 452.000000 -0.499266 0.665688
243.000000 452.000000 -0.241783 0.665688
453.000000 452.000000 0.417625 0.665688
526.000000 452.000000 0.646848 0.665688
475.000000 453.000000 0.486706 0.668828
361.000000 454.000000 0.128742 0.671968
498.000000 454.000000 0.558927 0.671968
527.000000 454.000000 0.649988 0.671968
442.000000 455.000000 0.383085 0.675108
473.000000 455.000000 0.480426 0.675108
139.000000 456.000000 -0.568347 0.678248
204.000000 456.000000 -0.364244 0.678248
236.000000 456.000000 -0.263763 0.678248
499.000000 456.000000 0.562067 0.678248
523.000000 456.000000 0.637428 0.678248
528.000000 456.000000 0.653128 0.678248
157.000000 457.000000 -0.511826 0.681388
159.000000 458.000000 -0.505546 0.684528
153.000000 460.000000 -0.524386 0.690808
528.000000 460.000000 0.653128 0.690808
375.000000 461.000000 0.172702 0.693948
479.000000 461.000000 0.499266 0.693948
210.000000 462.000000 -0.345404 0.697088
436.000000 462.000000 0.364244 0.697088
380.000000 463.000000 0.188402 0.700228
413.000000 463.000000 0.292023 0.700228
465.000000 463.000000 0.455305 0.700228
517.000000 463.000000 0.618587 0.700228
143.000000 464.000000 -0.555787 0.703368
149.000000 464.000000 -0.536946 0.703368
157.000000 464.000000 -0.511826 0.703368
172.000000 464.000000 -0.464725 0.703368
203.000000 464.000000 -0.367384 0.703368
468.000000 464.000000 0.464725 0.703368
495.000000 464.000000 0.549506 0.703368
211.000000 465.000000 -0.342264 0.706508
477.000000 465.000000 0.492986 0.706508
481.000000 465.000000 0.505546 0.706508
511.000000 465.000000 0.599747 0.706508
134.000000 466.000000 -0.584047 0.709648
156.000000 466.000000 -0.514966 0.709648
485.000000 466.000000 0.518106 0.709648
507.000000 466.000000 0.587187 0.709648
634.000000 466.000000 0.985972 0.709648
440.000000 467.000000 0.376804 0.712788
444.000000 467.000000 0.389365 0.712788
461.000000 468.000000 0.442745 0.715928
22.000000 469.000000 -0.935731 0.719069
418.000000 469.000000 0.307724 0.719069
501.000000 469.000000 0.568347 0.719069
65.000000 470.000000 -0.800709 0.722209
385.000000 470.000000 0.204102 0.722209
511.000000 470.000000 0.599747 0.722209
525.000000 470.000000 0.643708 0.722209
571.000000 470.000000 0.788149 0.722209
22.000000 471.000000 -0.935731 0.725349
165.000000 471.000000 -0.486706 0.725349
193.000000 471.000000 -0.398785 0.725349
408.000000 471.000000 0.276323 0.725349
309.000000 472.000000 -0.034540 0.728489
180.000000 473.000000 -0.439605 0.731629
191.000000 473.000000 -0.405065 0.731629
404.000000 473.000000 0.263763 0.731629
542.000000 473.000000 0.697088 0.731629
556.000000 473.000000 0.741049 0.731629
81.000000 474.000000 -0.750469 0.734769
142.000000 474.000000 -0.558927 0.734769
309.000000 474.000000 -0.034540 0.734769
495.000000 474.000000 0.549506 0.734769
560.000000 474.000000 0.753609 0.734769
322.000000 475.000000 0.006280 0.737909
393.000000 475.000000 0.229223 0.737909
433.000000 475.000000 0.354824 0.737909
563.000000 475.000000 0.763029 0.737909
169.000000 476.000000 -0.474146 0.741049
221.000000 476.000000 -0.310864 0.741049
247.000000 476.000000 -0.229223 0.741049
292.000000 476.000000 -0.087921 0.741049
553.000000 476.000000 0.731629 0.741049
556.000000 476.000000 0.741049 0.741049
