437.000000 3.000000 0.367384 -0.744189
510.000000 3.000000 0.596607 -0.744189
472.000000 4.000000 0.477286 -0.741049
479.000000 4.000000 0.499266 -0.741049
438.000000 5.000000 0.370524 -0.737909
441.000000 5.000000 0.379945 -0.737909
444.000000 5.000000 0.389365 -0.737909
573.000000 5.000000 0.794429 -0.737909
600.000000 5.000000 0.879210 -0.737909
181.000000 6.000000 -0.436465 -0.734769
184.000000 6.000000 -0.427045 -0.734769
479.000000 6.000000 0.499266 -0.734769
509.000000 6.000000 0.593467 -0.734769
552.000000 6.000000 0.728489 -0.734769
556.000000 6.000000 0.741049 -0.734769
472.000000 7.000000 0.477286 -0.731629
443.000000 8.000000 0.386225 -0.728489
438.000000 9.000000 0.370524 -0.725349
475.000000 9.000000 0.486706 -0.725349
508.000000 9.000000 0.590327 -0.725349
528.000000 9.000000 0.653128 -0.725349
624.000000 9.000000 0.954571 -0.725349
636.000000 9.000000 0.992252 -0.725349
185.000000 11.000000 -0.423905 -0.719069
445.000000 11.000000 0.392505 -0.719069
488.000000 11.000000 0.527526 -0.719069
510.000000 11.000000 0.596607 -0.719069
276.000000 12.000000 -0.138162 -0.715928
583.000000 12.000000 0.825830 -0.715928
294.000000 13.000000 -0.081641 -0.712788
459.000000 13.000000 0.436465 -0.712788
474.000000 13.000000 0.483566 -0.712788
479.000000 13.000000 0.499266 -0.712788
486.000000 13.000000 0.521246 -0.712788
568.000000 13.000000 0.778729 -0.712788
184.000000 14.000000 -0.427045 -0.709648
221.000000 14.000000 -0.310864 -0.709648
511.000000 14.000000 0.599747 -0.709648
201.000000 15.000000 -0.373664 -0.706508
263.000000 15.000000 -0.178982 -0.706508
297.000000 15.000000 -0.072221 -0.706508
299.000000 15.000000 -0.065941 -0.706508
376.000000 15.000000 0.175842 -0.706508
506.000000 15.000000 0.584047 -0.706508
185.000000 16.000000 -0.423905 -0.703368
194.000000 18.000000 -0.395645 -0.697088
219.000000 19.000000 -0.317144 -0.693948
253.000000 19.000000 -0.210382 -0.693948
622.000000 19.000000 0.948291 -0.693948
225.000000 20.000000 -0.298304 -0.690808
229.000000 20.000000 -0.285743 -0.690808
233.000000 20.000000 -0.273183 -0.690808
366.000000 21.000000 0.144442 -0.687668
187.000000 22.000000 -0.417625 -0.684528
472.000000 22.000000 0.477286 -0.684528
206.000000 23.000000 -0.357964 -0.681388
352.000000 23.000000 0.100481 -0.681388
590.000000 23.000000 0.847810 -0.681388
246.000000 24.000000 -0.232363 -0.678248
204.000000 28.000000 -0.364244 -0.665688
264.000000 29.000000 -0.175842 -0.662548
296.000000 31.000000 -0.075361 -0.656268
634.000000 31.000000 0.985972 -0.656268
231.000000 33.000000 -0.279463 -0.649988
270.000000 33.000000 -0.157002 -0.649988
436.000000 34.000000 0.364244 -0.646848
527.000000 34.000000 0.649988 -0.646848
440.000000 35.000000 0.376804 -0.643708
445.000000 35.000000 0.392505 -0.643708
436.000000 36.000000 0.364244 -0.640568
455.000000 36.000000 0.423905 -0.640568
474.000000 36.000000 0.483566 -0.640568
495.000000 36.000000 0.549506 -0.640568
568.000000 36.000000 0.778729 -0.640568
160.000000 37.000000 -0.502406 -0.637428
189.000000 37.000000 -0.411345 -0.637428
198.000000 37.000000 -0.383085 -0.637428
344.000000 37.000000 0.075361 -0.637428
369.000000 37.000000 0.153862 -0.637428
423.000000 37.000000 0.323424 -0.637428
517.000000 37.000000 0.618587 -0.637428
561.000000 37.000000 0.756749 -0.637428
479.000000 38.000000 0.499266 -0.634288
483.000000 38.000000 0.511826 -0.634288
407.000000 39.000000 0.273183 -0.631147
186.000000 40.000000 -0.420765 -0.628007
443.000000 40.000000 0.386225 -0.628007
603.000000 42.000000 0.888631 -0.621727
256.000000 43.000000 -0.200962 -0.618587
294.000000 43.000000 -0.081641 -0.618587
567.000000 43.000000 0.775589 -0.618587
274.000000 44.000000 -0.144442 -0.615447
238.000000 45.000000 -0.257483 -0.612307
338.000000 45.000000 0.056521 -0.612307
444.000000 45.000000 0.389365 -0.612307
187.000000 46.000000 -0.417625 -0.609167
445.000000 47.000000 0.392505 -0.606027
507.000000 47.000000 0.587187 -0.606027
569.000000 47.000000 0.781869 -0.606027
185.000000 49.000000 -0.423905 -0.599747
187.000000 49.000000 -0.417625 -0.599747
200.000000 49.000000 -0.376804 -0.599747
441.000000 49.000000 0.379945 -0.599747
195.000000 50.000000 -0.392505 -0.596607
475.000000 51.000000 0.486706 -0.593467
188.000000 52.000000 -0.414485 -0.590327
532.000000 53.000000 0.665688 -0.587187
559.000000 53.000000 0.750469 -0.587187
323.000000 54.000000 0.009420 -0.584047
469.000000 54.000000 0.467866 -0.584047
500.000000 54.000000 0.565207 -0.584047
209.000000 55.000000 -0.348544 -0.580907
212.000000 55.000000 -0.339124 -0.580907
188.000000 56.000000 -0.414485 -0.577767
246.000000 56.000000 -0.232363 -0.577767
271.000000 56.000000 -0.153862 -0.577767
570.000000 56.000000 0.785009 -0.577767
550.000000 57.000000 0.722209 -0.574627
189.000000 58.000000 -0.411345 -0.571487
513.000000 59.000000 0.606027 -0.568347
188.000000 60.000000 -0.414485 -0.565207
578.000000 60.000000 0.810130 -0.565207
222.000000 61.000000 -0.307724 -0.562067
253.000000 61.000000 -0.210382 -0.562067
533.000000 61.000000 0.668828 -0.562067
614.000000 61.000000 0.923171 -0.562067
188.000000 62.000000 -0.414485 -0.558927
194.000000 62.000000 -0.395645 -0.558927
344.000000 62.000000 0.075361 -0.558927
547.000000 62.000000 0.712788 -0.558927
198.000000 63.000000 -0.383085 -0.555787
422.000000 64.000000 0.320284 -0.552647
187.000000 65.000000 -0.417625 -0.549506
189.000000 65.000000 -0.411345 -0.549506
192.000000 65.000000 -0.401925 -0.549506
276.000000 65.000000 -0.138162 -0.549506
294.000000 65.000000 -0.081641 -0.549506
513.000000 65.000000 0.606027 -0.549506
553.000000 65.000000 0.731629 -0.549506
189.000000 68.000000 -0.411345 -0.540086
276.000000 68.000000 -0.138162 -0.540086
591.000000 68.000000 0.850950 -0.540086
187.000000 69.000000 -0.417625 -0.536946
421.000000 69.000000 0.317144 -0.536946
189.000000 72.000000 -0.411345 -0.527526
510.000000 73.000000 0.596607 -0.524386
210.000000 74.000000 -0.345404 -0.521246
478.000000 74.000000 0.496126 -0.521246
190.000000 75.000000 -0.408205 -0.518106
349.000000 75.000000 0.091061 -0.518106
449.000000 75.000000 0.405065 -0.518106
483.000000 75.000000 0.511826 -0.518106
515.000000 75.000000 0.612307 -0.518106
570.000000 75.000000 0.785009 -0.518106
277.000000 76.000000 -0.135022 -0.514966
512.000000 76.000000 0.602887 -0.514966
574.000000 76.000000 0.797569 -0.514966
443.000000 77.000000 0.386225 -0.511826
561.000000 77.000000 0.756749 -0.511826
190.000000 78.000000 -0.408205 -0.508686
203.000000 78.000000 -0.367384 -0.508686
446.000000 78.000000 0.395645 -0.508686
481.000000 78.000000 0.505546 -0.508686
484.000000 78.000000 0.514966 -0.508686
541.000000 78.000000 0.693948 -0.508686
277.000000 79.000000 -0.135022 -0.505546
447.000000 80.000000 0.398785 -0.502406
477.000000 80.000000 0.492986 -0.502406
481.000000 80.000000 0.505546 -0.502406
509.000000 80.000000 0.593467 -0.502406
190.000000 81.000000 -0.408205 -0.499266
512.000000 81.000000 0.602887 -0.499266
444.000000 82.000000 0.389365 -0.496126
447.000000 82.000000 0.398785 -0.496126
191.000000 83.000000 -0.405065 -0.492986
449.000000 83.000000 0.405065 -0.492986
483.000000 83.000000 0.511826 -0.492986
514.000000 83.000000 0.609167 -0.492986
527.000000 83.000000 0.649988 -0.492986
571.000000 83.000000 0.788149 -0.492986
262.000000 84.000000 -0.182122 -0.489846
477.000000 84.000000 0.492986 -0.489846
585.000000 84.000000 0.832110 -0.489846
390.000000 85.000000 0.219803 -0.486706
444.000000 85.000000 0.389365 -0.486706
446.000000 85.000000 0.395645 -0.486706
526.000000 85.000000 0.646848 -0.486706
620.000000 85.000000 0.942011 -0.486706
189.000000 86.000000 -0.411345 -0.483566
216.000000 86.000000 -0.326564 -0.483566
294.000000 86.000000 -0.081641 -0.483566
481.000000 86.000000 0.505546 -0.483566
511.000000 86.000000 0.599747 -0.483566
571.000000 86.000000 0.788149 -0.483566
191.000000 87.000000 -0.405065 -0.480426
212.000000 87.000000 -0.339124 -0.480426
278.000000 87.000000 -0.131882 -0.480426
219.000000 88.000000 -0.317144 -0.477286
633.000000 88.000000 0.982832 -0.477286
451.000000 89.000000 0.411345 -0.474146
480.000000 89.000000 0.502406 -0.474146
484.000000 90.000000 0.514966 -0.471006
512.000000 90.000000 0.602887 -0.471006
517.000000 90.000000 0.618587 -0.471006
575.000000 90.000000 0.800709 -0.471006
276.000000 91.000000 -0.138162 -0.467866
444.000000 91.000000 0.389365 -0.467866
479.000000 91.000000 0.499266 -0.467866
572.000000 91.000000 0.791289 -0.467866
157.000000 92.000000 -0.511826 -0.464725
192.000000 92.000000 -0.401925 -0.464725
609.000000 92.000000 0.907471 -0.464725
577.000000 93.000000 0.806990 -0.461585
192.000000 95.000000 -0.401925 -0.455305
225.000000 95.000000 -0.298304 -0.455305
586.000000 95.000000 0.835250 -0.455305
316.000000 97.000000 -0.012560 -0.449025
279.000000 98.000000 -0.128742 -0.445885
620.000000 99.000000 0.942011 -0.442745
192.000000 100.000000 -0.401925 -0.439605
161.000000 101.000000 -0.499266 -0.436465
437.000000 101.000000 0.367384 -0.436465
193.000000 104.000000 -0.398785 -0.427045
636.000000 104.000000 0.992252 -0.427045
193.000000 107.000000 -0.398785 -0.417625
431.000000 107.000000 0.348544 -0.417625
564.000000 107.000000 0.766169 -0.417625
280.000000 108.000000 -0.125601 -0.414485
597.000000 108.000000 0.869790 -0.414485
269.000000 109.000000 -0.160142 -0.411345
448.000000 110.000000 0.401925 -0.408205
614.000000 110.000000 0.923171 -0.408205
629.000000 110.000000 0.970271 -0.408205
159.000000 111.000000 -0.505546 -0.405065
452.000000 111.000000 0.414485 -0.405065
479.000000 111.000000 0.499266 -0.405065
511.000000 111.000000 0.599747 -0.405065
187.000000 112.000000 -0.417625 -0.401925
573.000000 112.000000 0.794429 -0.401925
576.000000 112.000000 0.803850 -0.401925
194.000000 113.000000 -0.395645 -0.398785
620.000000 113.000000 0.942011 -0.398785
623.000000 113.000000 0.951431 -0.398785
448.000000 114.000000 0.401925 -0.395645
452.000000 114.000000 0.414485 -0.395645
187.000000 115.000000 -0.417625 -0.392505
575.000000 115.000000 0.800709 -0.392505
274.000000 116.000000 -0.144442 -0.389365
477.000000 116.000000 0.492986 -0.389365
512.000000 116.000000 0.602887 -0.389365
573.000000 116.000000 0.794429 -0.389365
194.000000 117.000000 -0.395645 -0.386225
449.000000 117.000000 0.405065 -0.386225
451.000000 117.000000 0.411345 -0.386225
160.000000 119.000000 -0.502406 -0.379945
163.000000 119.000000 -0.492986 -0.379945
446.000000 119.000000 0.395645 -0.379945
450.000000 119.000000 0.408205 -0.379945
482.000000 119.000000 0.508686 -0.379945
575.000000 119.000000 0.800709 -0.379945
194.000000 120.000000 -0.395645 -0.376804
274.000000 121.000000 -0.144442 -0.373664
319.000000 121.000000 -0.003140 -0.373664
450.000000 121.000000 0.408205 -0.373664
480.000000 121.000000 0.502406 -0.373664
447.000000 122.000000 0.398785 -0.370524
453.000000 122.000000 0.417625 -0.370524
573.000000 122.000000 0.794429 -0.370524
577.000000 122.000000 0.806990 -0.370524
166.000000 123.000000 -0.483566 -0.367384
195.000000 123.000000 -0.392505 -0.367384
523.000000 123.000000 0.637428 -0.367384
193.000000 124.000000 -0.398785 -0.364244
268.000000 124.000000 -0.163282 -0.364244
450.000000 124.000000 0.408205 -0.364244
577.000000 124.000000 0.806990 -0.364244
480.000000 125.000000 0.502406 -0.361104
195.000000 126.000000 -0.392505 -0.357964
427.000000 126.000000 0.335984 -0.357964
484.000000 126.000000 0.514966 -0.357964
574.000000 126.000000 0.797569 -0.357964
577.000000 126.000000 0.806990 -0.357964
169.000000 127.000000 -0.474146 -0.354824
234.000000 127.000000 -0.270043 -0.354824
239.000000 127.000000 -0.254343 -0.354824
422.000000 127.000000 0.320284 -0.354824
512.000000 127.000000 0.602887 -0.354824
482.000000 128.000000 0.508686 -0.351684
486.000000 128.000000 0.521246 -0.351684
574.000000 128.000000 0.797569 -0.351684
577.000000 128.000000 0.806990 -0.351684
454.000000 129.000000 0.420765 -0.348544
196.000000 130.000000 -0.389365 -0.345404
266.000000 130.000000 -0.169562 -0.345404
448.000000 130.000000 0.401925 -0.345404
250.000000 131.000000 -0.219803 -0.342264
282.000000 131.000000 -0.119321 -0.342264
503.000000 131.000000 0.574627 -0.342264
275.000000 132.000000 -0.141302 -0.339124
607.000000 132.000000 0.901191 -0.339124
609.000000 132.000000 0.907471 -0.339124
265.000000 133.000000 -0.172702 -0.335984
282.000000 133.000000 -0.119321 -0.335984
381.000000 133.000000 0.191542 -0.335984
581.000000 133.000000 0.819550 -0.335984
271.000000 134.000000 -0.153862 -0.332844
278.000000 134.000000 -0.131882 -0.332844
282.000000 135.000000 -0.119321 -0.329704
196.000000 136.000000 -0.389365 -0.326564
215.000000 137.000000 -0.329704 -0.323424
279.000000 137.000000 -0.128742 -0.323424
492.000000 137.000000 0.540086 -0.323424
360.000000 138.000000 0.125601 -0.320284
178.000000 139.000000 -0.445885 -0.317144
297.000000 139.000000 -0.072221 -0.317144
503.000000 140.000000 0.574627 -0.314004
197.000000 141.000000 -0.386225 -0.310864
276.000000 141.000000 -0.138162 -0.310864
224.000000 142.000000 -0.301444 -0.307724
320.000000 142.000000 -0.000000 -0.307724
580.000000 142.000000 0.816410 -0.307724
197.000000 145.000000 -0.386225 -0.298304
246.000000 145.000000 -0.232363 -0.298304
279.000000 146.000000 -0.128742 -0.295163
500.000000 146.000000 0.565207 -0.295163
277.000000 147.000000 -0.135022 -0.292023
605.000000 147.000000 0.894911 -0.292023
197.000000 148.000000 -0.386225 -0.288883
386.000000 148.000000 0.207242 -0.288883
547.000000 148.000000 0.712788 -0.288883
578.000000 148.000000 0.810130 -0.288883
308.000000 149.000000 -0.037680 -0.285743
465.000000 149.000000 0.455305 -0.285743
504.000000 149.000000 0.577767 -0.285743
247.000000 151.000000 -0.229223 -0.279463
539.000000 151.000000 0.687668 -0.279463
610.000000 151.000000 0.910611 -0.279463
632.000000 151.000000 0.979692 -0.279463
277.000000 152.000000 -0.135022 -0.276323
279.000000 152.000000 -0.128742 -0.276323
165.000000 153.000000 -0.486706 -0.273183
209.000000 153.000000 -0.348544 -0.273183
321.000000 153.000000 0.003140 -0.273183
334.000000 154.000000 0.043961 -0.270043
547.000000 154.000000 0.712788 -0.270043
575.000000 154.000000 0.800709 -0.270043
198.000000 155.000000 -0.383085 -0.266903
300.000000 155.000000 -0.062801 -0.266903
319.000000 155.000000 -0.003140 -0.266903
321.000000 156.000000 0.003140 -0.263763
367.000000 156.000000 0.147582 -0.263763
371.000000 156.000000 0.160142 -0.263763
373.000000 156.000000 0.166422 -0.263763
575.000000 156.000000 0.800709 -0.263763
596.000000 156.000000 0.866650 -0.263763
606.000000 156.000000 0.898051 -0.263763
614.000000 156.000000 0.923171 -0.263763
236.000000 157.000000 -0.263763 -0.260623
280.000000 157.000000 -0.125601 -0.260623
296.000000 157.000000 -0.075361 -0.260623
369.000000 157.000000 0.153862 -0.260623
380.000000 157.000000 0.188402 -0.260623
451.000000 157.000000 0.411345 -0.260623
555.000000 157.000000 0.737909 -0.260623
620.000000 157.000000 0.942011 -0.260623
198.000000 158.000000 -0.383085 -0.257483
214.000000 158.000000 -0.332844 -0.257483
291.000000 158.000000 -0.091061 -0.257483
326.000000 158.000000 0.018840 -0.257483
329.000000 158.000000 0.028260 -0.257483
346.000000 158.000000 0.081641 -0.257483
377.000000 158.000000 0.178982 -0.257483
569.000000 158.000000 0.781869 -0.257483
578.000000 158.000000 0.810130 -0.257483
615.000000 158.000000 0.926311 -0.257483
617.000000 158.000000 0.932591 -0.257483
632.000000 158.000000 0.979692 -0.257483
246.000000 159.000000 -0.232363 -0.254343
278.000000 159.000000 -0.131882 -0.254343
300.000000 159.000000 -0.062801 -0.254343
303.000000 159.000000 -0.053381 -0.254343
308.000000 159.000000 -0.037680 -0.254343
319.000000 159.000000 -0.003140 -0.254343
355.000000 159.000000 0.109901 -0.254343
362.000000 159.000000 0.131882 -0.254343
382.000000 159.000000 0.194682 -0.254343
566.000000 159.000000 0.772449 -0.254343
208.000000 160.000000 -0.351684 -0.251203
210.000000 160.000000 -0.345404 -0.251203
218.000000 160.000000 -0.320284 -0.251203
280.000000 160.000000 -0.125601 -0.251203
282.000000 160.000000 -0.119321 -0.251203
321.000000 160.000000 0.003140 -0.251203
327.000000 160.000000 0.021980 -0.251203
330.000000 160.000000 0.031400 -0.251203
337.000000 160.000000 0.053381 -0.251203
205.000000 161.000000 -0.361104 -0.248063
223.000000 161.000000 -0.304584 -0.248063
255.000000 161.000000 -0.204102 -0.248063
257.000000 161.000000 -0.197822 -0.248063
307.000000 161.000000 -0.040820 -0.248063
371.000000 161.000000 0.160142 -0.248063
549.000000 161.000000 0.719069 -0.248063
576.000000 161.000000 0.803850 -0.248063
199.000000 162.000000 -0.379945 -0.244923
228.000000 162.000000 -0.288883 -0.244923
263.000000 162.000000 -0.178982 -0.244923
281.000000 162.000000 -0.122461 -0.244923
284.000000 162.000000 -0.113041 -0.244923
289.000000 162.000000 -0.097341 -0.244923
299.000000 162.000000 -0.065941 -0.244923
304.000000 162.000000 -0.050241 -0.244923
162.000000 163.000000 -0.496126 -0.241783
169.000000 163.000000 -0.474146 -0.241783
181.000000 163.000000 -0.436465 -0.241783
187.000000 163.000000 -0.417625 -0.241783
261.000000 163.000000 -0.185262 -0.241783
316.000000 163.000000 -0.012560 -0.241783
336.000000 163.000000 0.050241 -0.241783
352.000000 163.000000 0.100481 -0.241783
576.000000 163.000000 0.803850 -0.241783
239.000000 164.000000 -0.254343 -0.238643
256.000000 164.000000 -0.200962 -0.238643
628.000000 164.000000 0.967131 -0.238643
214.000000 165.000000 -0.332844 -0.235503
293.000000 165.000000 -0.084781 -0.235503
137.000000 166.000000 -0.574627 -0.232363
158.000000 166.000000 -0.508686 -0.232363
176.000000 166.000000 -0.452165 -0.232363
179.000000 166.000000 -0.442745 -0.232363
191.000000 166.000000 -0.405065 -0.232363
225.000000 166.000000 -0.298304 -0.232363
258.000000 166.000000 -0.194682 -0.232363
276.000000 166.000000 -0.138162 -0.232363
449.000000 166.000000 0.405065 -0.232363
133.000000 167.000000 -0.587187 -0.229223
152.000000 167.000000 -0.527526 -0.229223
154.000000 167.000000 -0.521246 -0.229223
168.000000 167.000000 -0.477286 -0.229223
172.000000 167.000000 -0.464725 -0.229223
183.000000 167.000000 -0.430185 -0.229223
202.000000 167.000000 -0.370524 -0.229223
206.000000 167.000000 -0.357964 -0.229223
240.000000 167.000000 -0.251203 -0.229223
270.000000 167.000000 -0.157002 -0.229223
294.000000 167.000000 -0.081641 -0.229223
352.000000 167.000000 0.100481 -0.229223
99.000000 168.000000 -0.693948 -0.226083
101.000000 168.000000 -0.687668 -0.226083
108.000000 168.000000 -0.665688 -0.226083
112.000000 168.000000 -0.653128 -0.226083
144.000000 168.000000 -0.552647 -0.226083
162.000000 168.000000 -0.496126 -0.226083
217.000000 168.000000 -0.323424 -0.226083
222.000000 168.000000 -0.307724 -0.226083
242.000000 168.000000 -0.244923 -0.226083
253.000000 168.000000 -0.210382 -0.226083
376.000000 168.000000 0.175842 -0.226083
122.000000 169.000000 -0.621727 -0.222943
167.000000 169.000000 -0.480426 -0.222943
206.000000 169.000000 -0.357964 -0.222943
209.000000 169.000000 -0.348544 -0.222943
239.000000 169.000000 -0.254343 -0.222943
256.000000 169.000000 -0.200962 -0.222943
278.000000 169.000000 -0.131882 -0.222943
363.000000 169.000000 0.135022 -0.222943
97.000000 170.000000 -0.700228 -0.219803
100.000000 170.000000 -0.690808 -0.219803
151.000000 170.000000 -0.530666 -0.219803
179.000000 170.000000 -0.442745 -0.219803
252.000000 170.000000 -0.213523 -0.219803
321.000000 170.000000 0.003140 -0.219803
378.000000 170.000000 0.182122 -0.219803
106.000000 171.000000 -0.671968 -0.216663
149.000000 171.000000 -0.536946 -0.216663
167.000000 171.000000 -0.480426 -0.216663
191.000000 171.000000 -0.405065 -0.216663
217.000000 171.000000 -0.323424 -0.216663
235.000000 171.000000 -0.266903 -0.216663
288.000000 171.000000 -0.100481 -0.216663
290.000000 171.000000 -0.094201 -0.216663
109.000000 172.000000 -0.662548 -0.213523
124.000000 172.000000 -0.615447 -0.213523
126.000000 172.000000 -0.609167 -0.213523
197.000000 172.000000 -0.386225 -0.213523
221.000000 172.000000 -0.310864 -0.213523
253.000000 172.000000 -0.210382 -0.213523
320.000000 172.000000 -0.000000 -0.213523
139.000000 173.000000 -0.568347 -0.210382
166.000000 173.000000 -0.483566 -0.210382
179.000000 173.000000 -0.442745 -0.210382
183.000000 173.000000 -0.430185 -0.210382
205.000000 173.000000 -0.361104 -0.210382
229.000000 173.000000 -0.285743 -0.210382
232.000000 173.000000 -0.276323 -0.210382
257.000000 173.000000 -0.197822 -0.210382
283.000000 173.000000 -0.116181 -0.210382
399.000000 173.000000 0.248063 -0.210382
102.000000 174.000000 -0.684528 -0.207242
159.000000 174.000000 -0.505546 -0.207242
305.000000 174.000000 -0.047101 -0.207242
338.000000 174.000000 0.056521 -0.207242
379.000000 174.000000 0.185262 -0.207242
143.000000 175.000000 -0.555787 -0.204102
217.000000 175.000000 -0.323424 -0.204102
244.000000 175.000000 -0.238643 -0.204102
408.000000 175.000000 0.276323 -0.204102
117.000000 176.000000 -0.637428 -0.200962
191.000000 176.000000 -0.405065 -0.200962
326.000000 176.000000 0.018840 -0.200962
330.000000 176.000000 0.031400 -0.200962
334.000000 176.000000 0.043961 -0.200962
102.000000 177.000000 -0.684528 -0.197822
138.000000 177.000000 -0.571487 -0.197822
148.000000 177.000000 -0.540086 -0.197822
166.000000 177.000000 -0.483566 -0.197822
176.000000 177.000000 -0.452165 -0.197822
202.000000 177.000000 -0.370524 -0.197822
277.000000 177.000000 -0.135022 -0.197822
304.000000 177.000000 -0.050241 -0.197822
309.000000 177.000000 -0.034540 -0.197822
332.000000 177.000000 0.037680 -0.197822
627.000000 177.000000 0.963991 -0.197822
152.000000 178.000000 -0.527526 -0.194682
185.000000 178.000000 -0.423905 -0.194682
205.000000 178.000000 -0.361104 -0.194682
231.000000 178.000000 -0.279463 -0.194682
291.000000 178.000000 -0.091061 -0.194682
296.000000 178.000000 -0.075361 -0.194682
298.000000 178.000000 -0.069081 -0.194682
334.000000 178.000000 0.043961 -0.194682
122.000000 179.000000 -0.621727 -0.191542
126.000000 179.000000 -0.609167 -0.191542
160.000000 179.000000 -0.502406 -0.191542
166.000000 179.000000 -0.483566 -0.191542
203.000000 179.000000 -0.367384 -0.191542
272.000000 179.000000 -0.150722 -0.191542
278.000000 179.000000 -0.131882 -0.191542
110.000000 180.000000 -0.659408 -0.188402
116.000000 180.000000 -0.640568 -0.188402
146.000000 180.000000 -0.546366 -0.188402
229.000000 180.000000 -0.285743 -0.188402
253.000000 180.000000 -0.210382 -0.188402
310.000000 180.000000 -0.031400 -0.188402
378.000000 180.000000 0.182122 -0.188402
532.000000 180.000000 0.665688 -0.188402
119.000000 181.000000 -0.631147 -0.185262
125.000000 181.000000 -0.612307 -0.185262
203.000000 181.000000 -0.367384 -0.185262
206.000000 181.000000 -0.357964 -0.185262
238.000000 181.000000 -0.257483 -0.185262
249.000000 181.000000 -0.222943 -0.185262
306.000000 181.000000 -0.043961 -0.185262
339.000000 181.000000 0.059661 -0.185262
448.000000 181.000000 0.401925 -0.185262
515.000000 181.000000 0.612307 -0.185262
546.000000 181.000000 0.709648 -0.185262
601.000000 181.000000 0.882350 -0.185262
107.000000 182.000000 -0.668828 -0.182122
179.000000 182.000000 -0.442745 -0.182122
215.000000 182.000000 -0.329704 -0.182122
222.000000 182.000000 -0.307724 -0.182122
283.000000 182.000000 -0.116181 -0.182122
289.000000 182.000000 -0.097341 -0.182122
333.000000 182.000000 0.040820 -0.182122
347.000000 182.000000 0.084781 -0.182122
523.000000 182.000000 0.637428 -0.182122
203.000000 183.000000 -0.367384 -0.178982
209.000000 183.000000 -0.348544 -0.178982
229.000000 183.000000 -0.285743 -0.178982
251.000000 183.000000 -0.216663 -0.178982
272.000000 183.000000 -0.150722 -0.178982
413.000000 183.000000 0.292023 -0.178982
578.000000 183.000000 0.810130 -0.178982
185.000000 184.000000 -0.423905 -0.175842
192.000000 184.000000 -0.401925 -0.175842
254.000000 184.000000 -0.207242 -0.175842
285.000000 184.000000 -0.109901 -0.175842
339.000000 184.000000 0.059661 -0.175842
159.000000 185.000000 -0.505546 -0.172702
163.000000 185.000000 -0.492986 -0.172702
226.000000 185.000000 -0.295163 -0.172702
229.000000 185.000000 -0.285743 -0.172702
236.000000 185.000000 -0.263763 -0.172702
300.000000 185.000000 -0.062801 -0.172702
380.000000 185.000000 0.188402 -0.172702
624.000000 185.000000 0.954571 -0.172702
214.000000 186.000000 -0.332844 -0.169562
219.000000 186.000000 -0.317144 -0.169562
240.000000 186.000000 -0.251203 -0.169562
250.000000 186.000000 -0.219803 -0.169562
275.000000 186.000000 -0.141302 -0.169562
158.000000 187.000000 -0.508686 -0.166422
200.000000 187.000000 -0.376804 -0.166422
211.000000 187.000000 -0.342264 -0.166422
222.000000 187.000000 -0.307724 -0.166422
308.000000 187.000000 -0.037680 -0.166422
383.000000 187.000000 0.197822 -0.166422
571.000000 187.000000 0.788149 -0.166422
288.000000 188.000000 -0.100481 -0.163282
319.000000 188.000000 -0.003140 -0.163282
334.000000 188.000000 0.043961 -0.163282
370.000000 188.000000 0.157002 -0.163282
454.000000 188.000000 0.420765 -0.163282
174.000000 189.000000 -0.458445 -0.160142
177.000000 189.000000 -0.449025 -0.160142
179.000000 189.000000 -0.442745 -0.160142
223.000000 189.000000 -0.304584 -0.160142
239.000000 189.000000 -0.254343 -0.160142
594.000000 189.000000 0.860370 -0.160142
631.000000 189.000000 0.976552 -0.160142
160.000000 190.000000 -0.502406 -0.157002
200.000000 190.000000 -0.376804 -0.157002
214.000000 190.000000 -0.332844 -0.157002
253.000000 190.000000 -0.210382 -0.157002
317.000000 190.000000 -0.009420 -0.157002
331.000000 190.000000 0.034540 -0.157002
398.000000 190.000000 0.244923 -0.157002
436.000000 190.000000 0.364244 -0.157002
615.000000 190.000000 0.926311 -0.157002
202.000000 191.000000 -0.370524 -0.153862
312.000000 191.000000 -0.025120 -0.153862
606.000000 191.000000 0.898051 -0.153862
159.000000 192.000000 -0.505546 -0.150722
218.000000 192.000000 -0.320284 -0.150722
239.000000 192.000000 -0.254343 -0.150722
304.000000 192.000000 -0.050241 -0.150722
574.000000 192.000000 0.797569 -0.150722
282.000000 193.000000 -0.119321 -0.147582
289.000000 193.000000 -0.097341 -0.147582
313.000000 193.000000 -0.021980 -0.147582
320.000000 193.000000 -0.000000 -0.147582
324.000000 193.000000 0.012560 -0.147582
194.000000 194.000000 -0.395645 -0.144442
239.000000 194.000000 -0.254343 -0.144442
271.000000 194.000000 -0.153862 -0.144442
273.000000 194.000000 -0.147582 -0.144442
310.000000 194.000000 -0.031400 -0.144442
382.000000 194.000000 0.194682 -0.144442
178.000000 195.000000 -0.445885 -0.141302
180.000000 195.000000 -0.439605 -0.141302
226.000000 195.000000 -0.295163 -0.141302
231.000000 195.000000 -0.279463 -0.141302
247.000000 195.000000 -0.229223 -0.141302
257.000000 195.000000 -0.197822 -0.141302
292.000000 195.000000 -0.087921 -0.141302
298.000000 195.000000 -0.069081 -0.141302
242.000000 196.000000 -0.244923 -0.138162
253.000000 196.000000 -0.210382 -0.138162
284.000000 196.000000 -0.113041 -0.138162
295.000000 196.000000 -0.078501 -0.138162
188.000000 197.000000 -0.414485 -0.135022
198.000000 197.000000 -0.383085 -0.135022
201.000000 197.000000 -0.373664 -0.135022
226.000000 197.000000 -0.295163 -0.135022
251.000000 197.000000 -0.216663 -0.135022
259.000000 197.000000 -0.191542 -0.135022
262.000000 197.000000 -0.182122 -0.135022
382.000000 197.000000 0.194682 -0.135022
582.000000 197.000000 0.822690 -0.135022
628.000000 197.000000 0.967131 -0.135022
183.000000 198.000000 -0.430185 -0.131882
206.000000 198.000000 -0.357964 -0.131882
211.000000 198.000000 -0.342264 -0.131882
329.000000 198.000000 0.028260 -0.131882
335.000000 198.000000 0.047101 -0.131882
338.000000 198.000000 0.056521 -0.131882
186.000000 199.000000 -0.420765 -0.128742
196.000000 199.000000 -0.389365 -0.128742
237.000000 199.000000 -0.260623 -0.128742
287.000000 199.000000 -0.103621 -0.128742
410.000000 199.000000 0.282603 -0.128742
591.000000 199.000000 0.850950 -0.128742
180.000000 200.000000 -0.439605 -0.125601
220.000000 200.000000 -0.314004 -0.125601
223.000000 200.000000 -0.304584 -0.125601
231.000000 200.000000 -0.279463 -0.125601
319.000000 200.000000 -0.003140 -0.125601
210.000000 201.000000 -0.345404 -0.122461
384.000000 201.000000 0.200962 -0.122461
550.000000 201.000000 0.722209 -0.122461
555.000000 201.000000 0.737909 -0.122461
194.000000 202.000000 -0.395645 -0.119321
197.000000 202.000000 -0.386225 -0.119321
207.000000 202.000000 -0.354824 -0.119321
402.000000 202.000000 0.257483 -0.119321
411.000000 202.000000 0.285743 -0.119321
498.000000 202.000000 0.558927 -0.119321
173.000000 203.000000 -0.461585 -0.116181
176.000000 203.000000 -0.452165 -0.116181
305.000000 203.000000 -0.047101 -0.116181
390.000000 203.000000 0.219803 -0.116181
392.000000 203.000000 0.226083 -0.116181
488.000000 203.000000 0.527526 -0.116181
541.000000 203.000000 0.693948 -0.116181
572.000000 203.000000 0.791289 -0.116181
629.000000 203.000000 0.970271 -0.116181
631.000000 203.000000 0.976552 -0.116181
161.000000 204.000000 -0.499266 -0.113041
319.000000 204.000000 -0.003140 -0.113041
406.000000 204.000000 0.270043 -0.113041
480.000000 204.000000 0.502406 -0.113041
498.000000 204.000000 0.558927 -0.113041
504.000000 204.000000 0.577767 -0.113041
559.000000 204.000000 0.750469 -0.113041
224.000000 205.000000 -0.301444 -0.109901
289.000000 205.000000 -0.097341 -0.109901
397.000000 205.000000 0.241783 -0.109901
409.000000 205.000000 0.279463 -0.109901
475.000000 205.000000 0.486706 -0.109901
485.000000 205.000000 0.518106 -0.109901
514.000000 205.000000 0.609167 -0.109901
213.000000 206.000000 -0.335984 -0.106761
259.000000 206.000000 -0.191542 -0.106761
299.000000 206.000000 -0.065941 -0.106761
341.000000 206.000000 0.065941 -0.106761
381.000000 206.000000 0.191542 -0.106761
502.000000 206.000000 0.571487 -0.106761
568.000000 206.000000 0.778729 -0.106761
570.000000 206.000000 0.785009 -0.106761
599.000000 206.000000 0.876070 -0.106761
603.000000 206.000000 0.888631 -0.106761
629.000000 206.000000 0.970271 -0.106761
312.000000 207.000000 -0.025120 -0.103621
402.000000 207.000000 0.257483 -0.103621
491.000000 207.000000 0.536946 -0.103621
550.000000 207.000000 0.722209 -0.103621
582.000000 207.000000 0.822690 -0.103621
590.000000 207.000000 0.847810 -0.103621
593.000000 207.000000 0.857230 -0.103621
167.000000 208.000000 -0.480426 -0.100481
175.000000 208.000000 -0.455305 -0.100481
182.000000 208.000000 -0.433325 -0.100481
263.000000 208.000000 -0.178982 -0.100481
270.000000 208.000000 -0.157002 -0.100481
280.000000 208.000000 -0.125601 -0.100481
341.000000 208.000000 0.065941 -0.100481
481.000000 208.000000 0.505546 -0.100481
506.000000 208.000000 0.584047 -0.100481
540.000000 208.000000 0.690808 -0.100481
566.000000 208.000000 0.772449 -0.100481
578.000000 208.000000 0.810130 -0.100481
600.000000 208.000000 0.879210 -0.100481
603.000000 208.000000 0.888631 -0.100481
248.000000 209.000000 -0.226083 -0.097341
255.000000 209.000000 -0.204102 -0.097341
276.000000 209.000000 -0.138162 -0.097341
315.000000 209.000000 -0.015700 -0.097341
383.000000 209.000000 0.197822 -0.097341
389.000000 209.000000 0.216663 -0.097341
592.000000 209.000000 0.854090 -0.097341
166.000000 210.000000 -0.483566 -0.094201
206.000000 210.000000 -0.357964 -0.094201
242.000000 210.000000 -0.244923 -0.094201
312.000000 210.000000 -0.025120 -0.094201
340.000000 210.000000 0.062801 -0.094201
385.000000 210.000000 0.204102 -0.094201
475.000000 210.000000 0.486706 -0.094201
517.000000 210.000000 0.618587 -0.094201
546.000000 210.000000 0.709648 -0.094201
557.000000 210.000000 0.744189 -0.094201
581.000000 210.000000 0.819550 -0.094201
189.000000 211.000000 -0.411345 -0.091061
237.000000 211.000000 -0.260623 -0.091061
281.000000 211.000000 -0.122461 -0.091061
291.000000 211.000000 -0.091061 -0.091061
332.000000 211.000000 0.037680 -0.091061
336.000000 211.000000 0.050241 -0.091061
550.000000 211.000000 0.722209 -0.091061
573.000000 211.000000 0.794429 -0.091061
609.000000 211.000000 0.907471 -0.091061
623.000000 211.000000 0.951431 -0.091061
210.000000 212.000000 -0.345404 -0.087921
212.000000 212.000000 -0.339124 -0.087921
312.000000 212.000000 -0.025120 -0.087921
535.000000 212.000000 0.675108 -0.087921
540.000000 212.000000 0.690808 -0.087921
561.000000 212.000000 0.756749 -0.087921
192.000000 213.000000 -0.401925 -0.084781
199.000000 213.000000 -0.379945 -0.084781
204.000000 213.000000 -0.364244 -0.084781
221.000000 213.000000 -0.310864 -0.084781
240.000000 213.000000 -0.251203 -0.084781
330.000000 213.000000 0.031400 -0.084781
425.000000 213.000000 0.329704 -0.084781
508.000000 213.000000 0.590327 -0.084781
524.000000 213.000000 0.640568 -0.084781
528.000000 213.000000 0.653128 -0.084781
549.000000 213.000000 0.719069 -0.084781
587.000000 213.000000 0.838390 -0.084781
594.000000 213.000000 0.860370 -0.084781
602.000000 213.000000 0.885490 -0.084781
248.000000 214.000000 -0.226083 -0.081641
473.000000 214.000000 0.480426 -0.081641
513.000000 214.000000 0.606027 -0.081641
516.000000 214.000000 0.615447 -0.081641
539.000000 214.000000 0.687668 -0.081641
186.000000 215.000000 -0.420765 -0.078501
362.000000 215.000000 0.131882 -0.078501
364.000000 215.000000 0.138162 -0.078501
410.000000 215.000000 0.282603 -0.078501
412.000000 215.000000 0.288883 -0.078501
462.000000 215.000000 0.445885 -0.078501
507.000000 215.000000 0.587187 -0.078501
509.000000 215.000000 0.593467 -0.078501
572.000000 215.000000 0.791289 -0.078501
582.000000 215.000000 0.822690 -0.078501
451.000000 216.000000 0.411345 -0.075361
516.000000 216.000000 0.615447 -0.075361
520.000000 216.000000 0.628007 -0.075361
564.000000 216.000000 0.766169 -0.075361
186.000000 217.000000 -0.420765 -0.072221
204.000000 217.000000 -0.364244 -0.072221
315.000000 217.000000 -0.015700 -0.072221
384.000000 217.000000 0.200962 -0.072221
411.000000 217.000000 0.285743 -0.072221
439.000000 217.000000 0.373664 -0.072221
481.000000 217.000000 0.505546 -0.072221
483.000000 217.000000 0.511826 -0.072221
509.000000 217.000000 0.593467 -0.072221
552.000000 217.000000 0.728489 -0.072221
237.000000 218.000000 -0.260623 -0.069081
268.000000 218.000000 -0.163282 -0.069081
282.000000 218.000000 -0.119321 -0.069081
427.000000 218.000000 0.335984 -0.069081
470.000000 218.000000 0.471006 -0.069081
474.000000 218.000000 0.483566 -0.069081
542.000000 218.000000 0.697088 -0.069081
186.000000 219.000000 -0.420765 -0.065941
297.000000 219.000000 -0.072221 -0.065941
331.000000 219.000000 0.034540 -0.065941
417.000000 219.000000 0.304584 -0.065941
459.000000 219.000000 0.436465 -0.065941
464.000000 219.000000 0.452165 -0.065941
485.000000 219.000000 0.518106 -0.065941
273.000000 220.000000 -0.147582 -0.062801
411.000000 220.000000 0.285743 -0.062801
449.000000 220.000000 0.405065 -0.062801
452.000000 220.000000 0.414485 -0.062801
471.000000 220.000000 0.474146 -0.062801
475.000000 220.000000 0.486706 -0.062801
478.000000 220.000000 0.496126 -0.062801
533.000000 220.000000 0.668828 -0.062801
597.000000 220.000000 0.869790 -0.062801
599.000000 220.000000 0.876070 -0.062801
602.000000 220.000000 0.885490 -0.062801
242.000000 221.000000 -0.244923 -0.059661
270.000000 221.000000 -0.157002 -0.059661
335.000000 221.000000 0.047101 -0.059661
372.000000 221.000000 0.163282 -0.059661
374.000000 221.000000 0.169562 -0.059661
381.000000 221.000000 0.191542 -0.059661
385.000000 221.000000 0.204102 -0.059661
438.000000 221.000000 0.370524 -0.059661
459.000000 221.000000 0.436465 -0.059661
463.000000 221.000000 0.449025 -0.059661
467.000000 221.000000 0.461585 -0.059661
512.000000 221.000000 0.602887 -0.059661
521.000000 221.000000 0.631147 -0.059661
591.000000 221.000000 0.850950 -0.059661
122.000000 222.000000 -0.621727 -0.056521
157.000000 222.000000 -0.511826 -0.056521
180.000000 222.000000 -0.439605 -0.056521
185.000000 222.000000 -0.423905 -0.056521
281.000000 222.000000 -0.122461 -0.056521
316.000000 222.000000 -0.012560 -0.056521
323.000000 222.000000 0.009420 -0.056521
364.000000 222.000000 0.138162 -0.056521
426.000000 222.000000 0.332844 -0.056521
431.000000 222.000000 0.348544 -0.056521
448.000000 222.000000 0.401925 -0.056521
451.000000 222.000000 0.411345 -0.056521
455.000000 222.000000 0.423905 -0.056521
239.000000 223.000000 -0.254343 -0.053381
244.000000 223.000000 -0.238643 -0.053381
278.000000 223.000000 -0.131882 -0.053381
286.000000 223.000000 -0.106761 -0.053381
353.000000 223.000000 0.103621 -0.053381
413.000000 223.000000 0.292023 -0.053381
416.000000 223.000000 0.301444 -0.053381
419.000000 223.000000 0.310864 -0.053381
421.000000 223.000000 0.317144 -0.053381
444.000000 223.000000 0.389365 -0.053381
497.000000 223.000000 0.555787 -0.053381
507.000000 223.000000 0.587187 -0.053381
570.000000 223.000000 0.785009 -0.053381
205.000000 224.000000 -0.361104 -0.050241
299.000000 224.000000 -0.065941 -0.050241
311.000000 224.000000 -0.028260 -0.050241
428.000000 224.000000 0.339124 -0.050241
482.000000 224.000000 0.508686 -0.050241
560.000000 224.000000 0.753609 -0.050241
623.000000 224.000000 0.951431 -0.050241
187.000000 225.000000 -0.417625 -0.047101
268.000000 225.000000 -0.163282 -0.047101
279.000000 225.000000 -0.128742 -0.047101
281.000000 225.000000 -0.122461 -0.047101
424.000000 225.000000 0.326564 -0.047101
468.000000 225.000000 0.464725 -0.047101
477.000000 225.000000 0.492986 -0.047101
601.000000 225.000000 0.882350 -0.047101
178.000000 226.000000 -0.445885 -0.043961
246.000000 226.000000 -0.232363 -0.043961
283.000000 226.000000 -0.116181 -0.043961
286.000000 226.000000 -0.106761 -0.043961
290.000000 226.000000 -0.094201 -0.043961
316.000000 226.000000 -0.012560 -0.043961
387.000000 226.000000 0.210382 -0.043961
412.000000 226.000000 0.288883 -0.043961
417.000000 226.000000 0.304584 -0.043961
437.000000 226.000000 0.367384 -0.043961
460.000000 226.000000 0.439605 -0.043961
473.000000 226.000000 0.480426 -0.043961
168.000000 227.000000 -0.477286 -0.040820
205.000000 227.000000 -0.361104 -0.040820
308.000000 227.000000 -0.037680 -0.040820
313.000000 227.000000 -0.021980 -0.040820
337.000000 227.000000 0.053381 -0.040820
421.000000 227.000000 0.317144 -0.040820
450.000000 227.000000 0.408205 -0.040820
79.000000 228.000000 -0.756749 -0.037680
93.000000 228.000000 -0.712788 -0.037680
145.000000 228.000000 -0.549506 -0.037680
237.000000 228.000000 -0.260623 -0.037680
274.000000 228.000000 -0.144442 -0.037680
279.000000 228.000000 -0.128742 -0.037680
286.000000 228.000000 -0.106761 -0.037680
316.000000 228.000000 -0.012560 -0.037680
323.000000 228.000000 0.009420 -0.037680
383.000000 228.000000 0.197822 -0.037680
443.000000 228.000000 0.386225 -0.037680
526.000000 228.000000 0.646848 -0.037680
606.000000 228.000000 0.898051 -0.037680
625.000000 228.000000 0.957711 -0.037680
627.000000 228.000000 0.963991 -0.037680
84.000000 229.000000 -0.741049 -0.034540
241.000000 229.000000 -0.248063 -0.034540
248.000000 229.000000 -0.226083 -0.034540
256.000000 229.000000 -0.200962 -0.034540
283.000000 229.000000 -0.116181 -0.034540
609.000000 229.000000 0.907471 -0.034540
620.000000 229.000000 0.942011 -0.034540
46.000000 230.000000 -0.860370 -0.031400
75.000000 230.000000 -0.769309 -0.031400
181.000000 230.000000 -0.436465 -0.031400
235.000000 230.000000 -0.266903 -0.031400
274.000000 230.000000 -0.144442 -0.031400
279.000000 230.000000 -0.128742 -0.031400
290.000000 230.000000 -0.094201 -0.031400
419.000000 230.000000 0.310864 -0.031400
429.000000 230.000000 0.342264 -0.031400
432.000000 230.000000 0.351684 -0.031400
439.000000 230.000000 0.373664 -0.031400
486.000000 230.000000 0.521246 -0.031400
551.000000 230.000000 0.725349 -0.031400
553.000000 230.000000 0.731629 -0.031400
555.000000 230.000000 0.737909 -0.031400
628.000000 230.000000 0.967131 -0.031400
54.000000 231.000000 -0.835250 -0.028260
81.000000 231.000000 -0.750469 -0.028260
93.000000 231.000000 -0.712788 -0.028260
128.000000 231.000000 -0.602887 -0.028260
166.000000 231.000000 -0.483566 -0.028260
265.000000 231.000000 -0.172702 -0.028260
270.000000 231.000000 -0.157002 -0.028260
385.000000 231.000000 0.204102 -0.028260
412.000000 231.000000 0.288883 -0.028260
422.000000 231.000000 0.320284 -0.028260
495.000000 231.000000 0.549506 -0.028260
532.000000 231.000000 0.665688 -0.028260
546.000000 231.000000 0.709648 -0.028260
606.000000 231.000000 0.898051 -0.028260
332.000000 232.000000 0.037680 -0.025120
389.000000 232.000000 0.216663 -0.025120
50.000000 233.000000 -0.847810 -0.021980
255.000000 233.000000 -0.204102 -0.021980
325.000000 233.000000 0.015700 -0.021980
384.000000 233.000000 0.200962 -0.021980
529.000000 233.000000 0.656268 -0.021980
605.000000 233.000000 0.894911 -0.021980
94.000000 234.000000 -0.709648 -0.018840
188.000000 234.000000 -0.414485 -0.018840
228.000000 234.000000 -0.288883 -0.018840
232.000000 234.000000 -0.276323 -0.018840
261.000000 234.000000 -0.185262 -0.018840
283.000000 234.000000 -0.116181 -0.018840
312.000000 234.000000 -0.025120 -0.018840
317.000000 234.000000 -0.009420 -0.018840
465.000000 234.000000 0.455305 -0.018840
485.000000 234.000000 0.518106 -0.018840
50.000000 235.000000 -0.847810 -0.015700
170.000000 235.000000 -0.471006 -0.015700
176.000000 235.000000 -0.452165 -0.015700
190.000000 235.000000 -0.408205 -0.015700
224.000000 235.000000 -0.301444 -0.015700
256.000000 235.000000 -0.200962 -0.015700
286.000000 235.000000 -0.106761 -0.015700
288.000000 235.000000 -0.100481 -0.015700
291.000000 235.000000 -0.091061 -0.015700
324.000000 235.000000 0.012560 -0.015700
349.000000 235.000000 0.091061 -0.015700
435.000000 235.000000 0.361104 -0.015700
456.000000 235.000000 0.427045 -0.015700
509.000000 235.000000 0.593467 -0.015700
188.000000 236.000000 -0.414485 -0.012560
201.000000 236.000000 -0.373664 -0.012560
221.000000 236.000000 -0.310864 -0.012560
261.000000 236.000000 -0.185262 -0.012560
279.000000 236.000000 -0.128742 -0.012560
282.000000 236.000000 -0.119321 -0.012560
305.000000 236.000000 -0.047101 -0.012560
338.000000 236.000000 0.056521 -0.012560
448.000000 236.000000 0.401925 -0.012560
485.000000 236.000000 0.518106 -0.012560
47.000000 237.000000 -0.857230 -0.009420
93.000000 237.000000 -0.712788 -0.009420
166.000000 237.000000 -0.483566 -0.009420
196.000000 237.000000 -0.389365 -0.009420
230.000000 237.000000 -0.282603 -0.009420
250.000000 237.000000 -0.219803 -0.009420
275.000000 237.000000 -0.141302 -0.009420
322.000000 237.000000 0.006280 -0.009420
389.000000 237.000000 0.216663 -0.009420
435.000000 237.000000 0.361104 -0.009420
439.000000 237.000000 0.373664 -0.009420
508.000000 237.000000 0.590327 -0.009420
604.000000 237.000000 0.891771 -0.009420
631.000000 237.000000 0.976552 -0.009420
198.000000 238.000000 -0.383085 -0.006280
222.000000 238.000000 -0.307724 -0.006280
239.000000 238.000000 -0.254343 -0.006280
269.000000 238.000000 -0.160142 -0.006280
272.000000 238.000000 -0.150722 -0.006280
307.000000 238.000000 -0.040820 -0.006280
413.000000 238.000000 0.292023 -0.006280
429.000000 238.000000 0.342264 -0.006280
526.000000 238.000000 0.646848 -0.006280
568.000000 238.000000 0.778729 -0.006280
49.000000 239.000000 -0.850950 -0.003140
227.000000 239.000000 -0.292023 -0.003140
229.000000 239.000000 -0.285743 -0.003140
234.000000 239.000000 -0.270043 -0.003140
279.000000 239.000000 -0.128742 -0.003140
419.000000 239.000000 0.310864 -0.003140
423.000000 239.000000 0.323424 -0.003140
468.000000 239.000000 0.464725 -0.003140
631.000000 239.000000 0.976552 -0.003140
170.000000 240.000000 -0.471006 0.000000
186.000000 240.000000 -0.420765 0.000000
221.000000 240.000000 -0.310864 0.000000
272.000000 240.000000 -0.150722 0.000000
291.000000 240.000000 -0.091061 0.000000
342.000000 240.000000 0.069081 0.000000
344.000000 240.000000 0.075361 0.000000
462.000000 240.000000 0.445885 0.000000
148.000000 241.000000 -0.540086 0.003140
224.000000 241.000000 -0.301444 0.003140
243.000000 241.000000 -0.241783 0.003140
138.000000 242.000000 -0.571487 0.006280
221.000000 242.000000 -0.310864 0.006280
279.000000 242.000000 -0.128742 0.006280
440.000000 242.000000 0.376804 0.006280
443.000000 242.000000 0.386225 0.006280
52.000000 243.000000 -0.841530 0.009420
124.000000 243.000000 -0.615447 0.009420
174.000000 243.000000 -0.458445 0.009420
189.000000 243.000000 -0.411345 0.009420
276.000000 243.000000 -0.138162 0.009420
315.000000 243.000000 -0.015700 0.009420
413.000000 243.000000 0.292023 0.009420
418.000000 243.000000 0.307724 0.009420
432.000000 243.000000 0.351684 0.009420
518.000000 243.000000 0.621727 0.009420
111.000000 244.000000 -0.656268 0.012560
113.000000 244.000000 -0.649988 0.012560
257.000000 244.000000 -0.197822 0.012560
260.000000 244.000000 -0.188402 0.012560
307.000000 244.000000 -0.040820 0.012560
313.000000 244.000000 -0.021980 0.012560
428.000000 244.000000 0.339124 0.012560
583.000000 244.000000 0.825830 0.012560
213.000000 245.000000 -0.335984 0.015700
254.000000 245.000000 -0.207242 0.015700
265.000000 245.000000 -0.172702 0.015700
298.000000 245.000000 -0.069081 0.015700
418.000000 245.000000 0.307724 0.015700
579.000000 245.000000 0.813270 0.015700
591.000000 245.000000 0.850950 0.015700
611.000000 245.000000 0.913751 0.015700
633.000000 245.000000 0.982832 0.015700
104.000000 246.000000 -0.678248 0.018840
224.000000 246.000000 -0.301444 0.018840
245.000000 246.000000 -0.235503 0.018840
305.000000 246.000000 -0.047101 0.018840
518.000000 246.000000 0.621727 0.018840
568.000000 246.000000 0.778729 0.018840
605.000000 246.000000 0.894911 0.018840
624.000000 246.000000 0.954571 0.018840
231.000000 247.000000 -0.279463 0.021980
280.000000 247.000000 -0.125601 0.021980
299.000000 247.000000 -0.065941 0.021980
323.000000 247.000000 0.009420 0.021980
435.000000 247.000000 0.361104 0.021980
453.000000 247.000000 0.417625 0.021980
562.000000 247.000000 0.759889 0.021980
616.000000 247.000000 0.929451 0.021980
103.000000 248.000000 -0.681388 0.025120
226.000000 248.000000 -0.295163 0.025120
389.000000 248.000000 0.216663 0.025120
414.000000 248.000000 0.295163 0.025120
532.000000 248.000000 0.665688 0.025120
547.000000 248.000000 0.712788 0.025120
555.000000 248.000000 0.737909 0.025120
300.000000 249.000000 -0.062801 0.028260
436.000000 249.000000 0.364244 0.028260
471.000000 249.000000 0.474146 0.028260
539.000000 249.000000 0.687668 0.028260
541.000000 249.000000 0.693948 0.028260
543.000000 249.000000 0.700228 0.028260
101.000000 250.000000 -0.687668 0.031400
208.000000 250.000000 -0.351684 0.031400
280.000000 250.000000 -0.125601 0.031400
302.000000 250.000000 -0.056521 0.031400
307.000000 250.000000 -0.040820 0.031400
312.000000 250.000000 -0.025120 0.031400
323.000000 250.000000 0.009420 0.031400
582.000000 250.000000 0.822690 0.031400
103.000000 251.000000 -0.681388 0.034540
105.000000 251.000000 -0.675108 0.034540
244.000000 251.000000 -0.238643 0.034540
292.000000 251.000000 -0.087921 0.034540
300.000000 251.000000 -0.062801 0.034540
512.000000 251.000000 0.602887 0.034540
527.000000 251.000000 0.649988 0.034540
559.000000 251.000000 0.750469 0.034540
576.000000 251.000000 0.803850 0.034540
615.000000 251.000000 0.926311 0.034540
51.000000 252.000000 -0.844670 0.037680
54.000000 252.000000 -0.835250 0.037680
88.000000 252.000000 -0.728489 0.037680
157.000000 252.000000 -0.511826 0.037680
224.000000 252.000000 -0.301444 0.037680
232.000000 252.000000 -0.276323 0.037680
367.000000 252.000000 0.147582 0.037680
422.000000 252.000000 0.320284 0.037680
436.000000 252.000000 0.364244 0.037680
486.000000 252.000000 0.521246 0.037680
503.000000 252.000000 0.574627 0.037680
562.000000 252.000000 0.759889 0.037680
564.000000 252.000000 0.766169 0.037680
569.000000 252.000000 0.781869 0.037680
185.000000 253.000000 -0.423905 0.040820
240.000000 253.000000 -0.251203 0.040820
302.000000 253.000000 -0.056521 0.040820
414.000000 253.000000 0.295163 0.040820
494.000000 253.000000 0.546366 0.040820
509.000000 253.000000 0.593467 0.040820
511.000000 253.000000 0.599747 0.040820
627.000000 253.000000 0.963991 0.040820
62.000000 254.000000 -0.810130 0.043961
120.000000 254.000000 -0.628007 0.043961
253.000000 254.000000 -0.210382 0.043961
280.000000 254.000000 -0.125601 0.043961
285.000000 254.000000 -0.109901 0.043961
326.000000 254.000000 0.018840 0.043961
374.000000 254.000000 0.169562 0.043961
547.000000 254.000000 0.712788 0.043961
37.000000 255.000000 -0.888631 0.047101
334.000000 255.000000 0.043961 0.047101
338.000000 255.000000 0.056521 0.047101
414.000000 255.000000 0.295163 0.047101
436.000000 255.000000 0.364244 0.047101
605.000000 255.000000 0.894911 0.047101
633.000000 255.000000 0.982832 0.047101
25.000000 256.000000 -0.926311 0.050241
137.000000 256.000000 -0.574627 0.050241
172.000000 256.000000 -0.464725 0.050241
308.000000 256.000000 -0.037680 0.050241
345.000000 256.000000 0.078501 0.050241
19.000000 257.000000 -0.945151 0.053381
48.000000 257.000000 -0.854090 0.053381
105.000000 257.000000 -0.675108 0.053381
609.000000 257.000000 0.907471 0.053381
9.000000 258.000000 -0.976552 0.056521
41.000000 258.000000 -0.876070 0.056521
314.000000 258.000000 -0.018840 0.056521
326.000000 258.000000 0.018840 0.056521
457.000000 258.000000 0.430185 0.056521
613.000000 258.000000 0.920031 0.056521
35.000000 259.000000 -0.894911 0.059661
48.000000 259.000000 -0.854090 0.059661
64.000000 259.000000 -0.803850 0.059661
224.000000 259.000000 -0.301444 0.059661
231.000000 259.000000 -0.279463 0.059661
302.000000 259.000000 -0.056521 0.059661
417.000000 259.000000 0.304584 0.059661
434.000000 259.000000 0.357964 0.059661
461.000000 259.000000 0.442745 0.059661
23.000000 260.000000 -0.932591 0.062801
40.000000 260.000000 -0.879210 0.062801
43.000000 260.000000 -0.869790 0.062801
45.000000 260.000000 -0.863510 0.062801
101.000000 260.000000 -0.687668 0.062801
453.000000 260.000000 0.417625 0.062801
455.000000 260.000000 0.423905 0.062801
591.000000 260.000000 0.850950 0.062801
15.000000 261.000000 -0.957711 0.065941
182.000000 261.000000 -0.433325 0.065941
281.000000 261.000000 -0.122461 0.065941
441.000000 261.000000 0.379945 0.065941
445.000000 261.000000 0.392505 0.065941
466.000000 261.000000 0.458445 0.065941
551.000000 261.000000 0.725349 0.065941
587.000000 261.000000 0.838390 0.065941
9.000000 262.000000 -0.976552 0.069081
87.000000 262.000000 -0.731629 0.069081
389.000000 262.000000 0.216663 0.069081
415.000000 262.000000 0.298304 0.069081
565.000000 262.000000 0.769309 0.069081
242.000000 263.000000 -0.244923 0.072221
249.000000 263.000000 -0.222943 0.072221
326.000000 263.000000 0.018840 0.072221
454.000000 263.000000 0.420765 0.072221
580.000000 263.000000 0.816410 0.072221
184.000000 264.000000 -0.427045 0.075361
223.000000 264.000000 -0.304584 0.075361
58.000000 265.000000 -0.822690 0.078501
296.000000 265.000000 -0.075361 0.078501
97.000000 266.000000 -0.700228 0.081641
335.000000 266.000000 0.047101 0.081641
437.000000 266.000000 0.367384 0.081641
454.000000 266.000000 0.420765 0.081641
424.000000 267.000000 0.326564 0.084781
519.000000 267.000000 0.624867 0.084781
190.000000 268.000000 -0.408205 0.087921
315.000000 268.000000 -0.015700 0.087921
391.000000 268.000000 0.222943 0.087921
415.000000 268.000000 0.298304 0.087921
259.000000 269.000000 -0.191542 0.091061
332.000000 269.000000 0.037680 0.091061
510.000000 269.000000 0.596607 0.091061
93.000000 270.000000 -0.712788 0.094201
262.000000 270.000000 -0.182122 0.094201
304.000000 270.000000 -0.050241 0.094201
387.000000 270.000000 0.210382 0.094201
327.000000 271.000000 0.021980 0.097341
395.000000 271.000000 0.235503 0.097341
428.000000 271.000000 0.339124 0.097341
511.000000 271.000000 0.599747 0.097341
101.000000 272.000000 -0.687668 0.100481
509.000000 272.000000 0.593467 0.100481
190.000000 273.000000 -0.408205 0.103621
204.000000 273.000000 -0.364244 0.103621
208.000000 273.000000 -0.351684 0.103621
312.000000 273.000000 -0.025120 0.103621
493.000000 273.000000 0.543226 0.103621
66.000000 274.000000 -0.797569 0.106761
94.000000 274.000000 -0.709648 0.106761
139.000000 274.000000 -0.568347 0.106761
216.000000 274.000000 -0.326564 0.106761
420.000000 274.000000 0.314004 0.106761
488.000000 274.000000 0.527526 0.106761
496.000000 274.000000 0.552647 0.106761
498.000000 274.000000 0.558927 0.106761
84.000000 275.000000 -0.741049 0.109901
293.000000 275.000000 -0.084781 0.109901
416.000000 275.000000 0.301444 0.109901
473.000000 275.000000 0.480426 0.109901
476.000000 275.000000 0.489846 0.109901
478.000000 275.000000 0.496126 0.109901
492.000000 275.000000 0.540086 0.109901
160.000000 276.000000 -0.502406 0.113041
248.000000 276.000000 -0.226083 0.113041
302.000000 276.000000 -0.056521 0.113041
330.000000 276.000000 0.031400 0.113041
470.000000 276.000000 0.471006 0.113041
57.000000 277.000000 -0.825830 0.116181
76.000000 277.000000 -0.766169 0.116181
467.000000 277.000000 0.461585 0.116181
52.000000 278.000000 -0.841530 0.119321
175.000000 278.000000 -0.455305 0.119321
192.000000 278.000000 -0.401925 0.119321
213.000000 278.000000 -0.335984 0.119321
215.000000 278.000000 -0.329704 0.119321
48.000000 279.000000 -0.854090 0.122461
203.000000 279.000000 -0.367384 0.122461
235.000000 279.000000 -0.266903 0.122461
369.000000 279.000000 0.153862 0.122461
415.000000 279.000000 0.298304 0.122461
43.000000 280.000000 -0.869790 0.125601
94.000000 280.000000 -0.709648 0.125601
246.000000 280.000000 -0.232363 0.125601
77.000000 281.000000 -0.763029 0.128742
317.000000 281.000000 -0.009420 0.128742
419.000000 281.000000 0.310864 0.128742
49.000000 282.000000 -0.850950 0.131882
60.000000 282.000000 -0.816410 0.131882
187.000000 282.000000 -0.417625 0.131882
246.000000 282.000000 -0.232363 0.131882
283.000000 282.000000 -0.116181 0.131882
294.000000 282.000000 -0.081641 0.131882
385.000000 282.000000 0.204102 0.131882
388.000000 282.000000 0.213523 0.131882
455.000000 282.000000 0.423905 0.131882
377.000000 283.000000 0.178982 0.135022
380.000000 283.000000 0.188402 0.135022
417.000000 283.000000 0.304584 0.135022
44.000000 284.000000 -0.866650 0.138162
84.000000 284.000000 -0.741049 0.138162
193.000000 284.000000 -0.398785 0.138162
311.000000 284.000000 -0.028260 0.138162
371.000000 284.000000 0.160142 0.138162
39.000000 285.000000 -0.882350 0.141302
48.000000 285.000000 -0.854090 0.141302
105.000000 285.000000 -0.675108 0.141302
233.000000 285.000000 -0.273183 0.141302
363.000000 285.000000 0.135022 0.141302
389.000000 285.000000 0.216663 0.141302
414.000000 285.000000 0.295163 0.141302
417.000000 285.000000 0.304584 0.141302
439.000000 285.000000 0.373664 0.141302
224.000000 286.000000 -0.301444 0.144442
356.000000 286.000000 0.113041 0.144442
38.000000 287.000000 -0.885490 0.147582
168.000000 287.000000 -0.477286 0.147582
243.000000 287.000000 -0.241783 0.147582
348.000000 287.000000 0.087921 0.147582
350.000000 287.000000 0.094201 0.147582
45.000000 288.000000 -0.863510 0.150722
284.000000 288.000000 -0.113041 0.150722
393.000000 288.000000 0.229223 0.150722
395.000000 288.000000 0.235503 0.150722
79.000000 289.000000 -0.756749 0.153862
317.000000 289.000000 -0.009420 0.153862
329.000000 289.000000 0.028260 0.153862
337.000000 289.000000 0.053381 0.153862
37.000000 290.000000 -0.888631 0.157002
39.000000 290.000000 -0.882350 0.157002
194.000000 290.000000 -0.395645 0.157002
285.000000 290.000000 -0.109901 0.157002
327.000000 290.000000 0.021980 0.157002
391.000000 290.000000 0.222943 0.157002
405.000000 290.000000 0.266903 0.157002
598.000000 290.000000 0.872930 0.157002
76.000000 291.000000 -0.766169 0.160142
295.000000 291.000000 -0.078501 0.160142
190.000000 292.000000 -0.408205 0.163282
315.000000 292.000000 -0.015700 0.163282
329.000000 292.000000 0.028260 0.163282
597.000000 292.000000 0.869790 0.163282
601.000000 292.000000 0.882350 0.163282
166.000000 293.000000 -0.483566 0.166422
204.000000 293.000000 -0.364244 0.166422
208.000000 293.000000 -0.351684 0.166422
243.000000 293.000000 -0.241783 0.166422
277.000000 293.000000 -0.135022 0.166422
80.000000 294.000000 -0.753609 0.169562
224.000000 294.000000 -0.301444 0.169562
303.000000 294.000000 -0.053381 0.169562
612.000000 294.000000 0.916891 0.169562
217.000000 295.000000 -0.323424 0.172702
244.000000 295.000000 -0.238643 0.172702
73.000000 296.000000 -0.775589 0.175842
104.000000 296.000000 -0.678248 0.175842
205.000000 296.000000 -0.361104 0.175842
259.000000 296.000000 -0.191542 0.175842
290.000000 296.000000 -0.094201 0.175842
70.000000 297.000000 -0.785009 0.178982
249.000000 297.000000 -0.222943 0.178982
283.000000 297.000000 -0.116181 0.178982
269.000000 298.000000 -0.160142 0.182122
277.000000 298.000000 -0.135022 0.182122
320.000000 298.000000 -0.000000 0.182122
133.000000 299.000000 -0.587187 0.185262
311.000000 299.000000 -0.028260 0.185262
560.000000 299.000000 0.753609 0.185262
78.000000 300.000000 -0.759889 0.188402
95.000000 300.000000 -0.706508 0.188402
109.000000 300.000000 -0.662548 0.188402
204.000000 300.000000 -0.364244 0.188402
243.000000 300.000000 -0.241783 0.188402
263.000000 300.000000 -0.178982 0.188402
271.000000 300.000000 -0.153862 0.188402
317.000000 300.000000 -0.009420 0.188402
125.000000 301.000000 -0.612307 0.191542
215.000000 301.000000 -0.329704 0.191542
520.000000 301.000000 0.628007 0.191542
554.000000 301.000000 0.734769 0.191542
70.000000 302.000000 -0.785009 0.194682
247.000000 302.000000 -0.229223 0.194682
304.000000 302.000000 -0.050241 0.194682
327.000000 302.000000 0.021980 0.194682
333.000000 302.000000 0.040820 0.194682
197.000000 303.000000 -0.386225 0.197822
272.000000 303.000000 -0.150722 0.197822
539.000000 303.000000 0.687668 0.197822
44.000000 304.000000 -0.866650 0.200962
107.000000 304.000000 -0.668828 0.200962
263.000000 304.000000 -0.178982 0.200962
265.000000 304.000000 -0.172702 0.200962
275.000000 304.000000 -0.141302 0.200962
283.000000 304.000000 -0.116181 0.200962
511.000000 304.000000 0.599747 0.200962
95.000000 305.000000 -0.706508 0.204102
168.000000 305.000000 -0.477286 0.204102
316.000000 305.000000 -0.012560 0.204102
329.000000 305.000000 0.028260 0.204102
83.000000 306.000000 -0.744189 0.207242
280.000000 306.000000 -0.125601 0.207242
284.000000 306.000000 -0.113041 0.207242
298.000000 306.000000 -0.069081 0.207242
338.000000 306.000000 0.056521 0.207242
505.000000 306.000000 0.580907 0.207242
521.000000 306.000000 0.631147 0.207242
237.000000 307.000000 -0.260623 0.210382
242.000000 307.000000 -0.244923 0.210382
273.000000 307.000000 -0.147582 0.210382
532.000000 307.000000 0.665688 0.210382
125.000000 308.000000 -0.612307 0.213523
247.000000 308.000000 -0.229223 0.213523
277.000000 308.000000 -0.135022 0.213523
509.000000 308.000000 0.593467 0.213523
178.000000 309.000000 -0.445885 0.216663
335.000000 309.000000 0.047101 0.216663
475.000000 309.000000 0.486706 0.216663
243.000000 310.000000 -0.241783 0.219803
498.000000 310.000000 0.558927 0.219803
22.000000 311.000000 -0.935731 0.222943
236.000000 311.000000 -0.263763 0.222943
492.000000 311.000000 0.540086 0.222943
248.000000 312.000000 -0.226083 0.226083
485.000000 312.000000 0.518106 0.226083
198.000000 313.000000 -0.383085 0.229223
478.000000 313.000000 0.496126 0.229223
480.000000 313.000000 0.502406 0.229223
583.000000 313.000000 0.825830 0.229223
271.000000 314.000000 -0.153862 0.232363
476.000000 314.000000 0.489846 0.232363
470.000000 315.000000 0.471006 0.235503
308.000000 316.000000 -0.037680 0.238643
436.000000 316.000000 0.364244 0.238643
449.000000 316.000000 0.405065 0.238643
111.000000 317.000000 -0.656268 0.241783
326.000000 317.000000 0.018840 0.241783
454.000000 317.000000 0.420765 0.241783
93.000000 319.000000 -0.712788 0.248063
448.000000 319.000000 0.401925 0.248063
83.000000 320.000000 -0.744189 0.251203
111.000000 320.000000 -0.656268 0.251203
191.000000 320.000000 -0.405065 0.251203
403.000000 320.000000 0.260623 0.251203
406.000000 320.000000 0.270043 0.251203
443.000000 320.000000 0.386225 0.251203
275.000000 321.000000 -0.141302 0.254343
319.000000 321.000000 -0.003140 0.254343
397.000000 321.000000 0.241783 0.254343
38.000000 322.000000 -0.885490 0.257483
79.000000 322.000000 -0.756749 0.257483
87.000000 322.000000 -0.731629 0.257483
104.000000 322.000000 -0.678248 0.257483
236.000000 322.000000 -0.263763 0.257483
279.000000 322.000000 -0.128742 0.257483
339.000000 322.000000 0.059661 0.257483
431.000000 322.000000 0.348544 0.257483
118.000000 323.000000 -0.634288 0.260623
134.000000 323.000000 -0.584047 0.260623
212.000000 323.000000 -0.339124 0.260623
305.000000 323.000000 -0.047101 0.260623
398.000000 323.000000 0.244923 0.260623
425.000000 323.000000 0.329704 0.260623
37.000000 324.000000 -0.888631 0.263763
189.000000 324.000000 -0.411345 0.263763
192.000000 324.000000 -0.401925 0.263763
300.000000 324.000000 -0.062801 0.263763
317.000000 324.000000 -0.009420 0.263763
341.000000 324.000000 0.065941 0.263763
356.000000 324.000000 0.113041 0.263763
561.000000 324.000000 0.756749 0.263763
605.000000 324.000000 0.894911 0.263763
39.000000 325.000000 -0.882350 0.266903
79.000000 325.000000 -0.756749 0.266903
135.000000 325.000000 -0.580907 0.266903
158.000000 325.000000 -0.508686 0.266903
298.000000 325.000000 -0.069081 0.266903
403.000000 325.000000 0.260623 0.266903
413.000000 325.000000 0.292023 0.266903
168.000000 326.000000 -0.477286 0.270043
308.000000 326.000000 -0.037680 0.270043
36.000000 327.000000 -0.891771 0.273183
192.000000 327.000000 -0.401925 0.273183
200.000000 327.000000 -0.376804 0.273183
397.000000 327.000000 0.241783 0.273183
403.000000 327.000000 0.260623 0.273183
25.000000 328.000000 -0.926311 0.276323
97.000000 328.000000 -0.700228 0.276323
235.000000 328.000000 -0.266903 0.276323
401.000000 328.000000 0.254343 0.276323
250.000000 329.000000 -0.219803 0.279463
363.000000 329.000000 0.135022 0.279463
129.000000 330.000000 -0.599747 0.282603
158.000000 330.000000 -0.508686 0.282603
188.000000 330.000000 -0.414485 0.282603
263.000000 330.000000 -0.178982 0.282603
298.000000 330.000000 -0.069081 0.282603
382.000000 330.000000 0.194682 0.282603
38.000000 331.000000 -0.885490 0.285743
125.000000 331.000000 -0.612307 0.285743
177.000000 331.000000 -0.449025 0.285743
248.000000 331.000000 -0.226083 0.285743
361.000000 331.000000 0.128742 0.285743
173.000000 332.000000 -0.461585 0.288883
166.000000 333.000000 -0.483566 0.292023
187.000000 333.000000 -0.417625 0.292023
32.000000 334.000000 -0.904331 0.295163
37.000000 334.000000 -0.888631 0.295163
87.000000 334.000000 -0.731629 0.295163
159.000000 334.000000 -0.505546 0.295163
35.000000 335.000000 -0.894911 0.298304
534.000000 335.000000 0.671968 0.298304
630.000000 335.000000 0.973412 0.298304
28.000000 336.000000 -0.916891 0.301444
33.000000 336.000000 -0.901191 0.301444
236.000000 336.000000 -0.263763 0.301444
634.000000 336.000000 0.985972 0.301444
30.000000 337.000000 -0.910611 0.304584
218.000000 337.000000 -0.320284 0.304584
229.000000 337.000000 -0.285743 0.304584
242.000000 337.000000 -0.244923 0.304584
28.000000 338.000000 -0.916891 0.307724
37.000000 338.000000 -0.888631 0.307724
246.000000 338.000000 -0.232363 0.307724
366.000000 338.000000 0.144442 0.307724
33.000000 339.000000 -0.901191 0.310864
35.000000 339.000000 -0.894911 0.310864
123.000000 339.000000 -0.618587 0.310864
179.000000 339.000000 -0.442745 0.310864
240.000000 339.000000 -0.251203 0.310864
77.000000 340.000000 -0.763029 0.314004
67.000000 341.000000 -0.794429 0.317144
369.000000 341.000000 0.153862 0.317144
371.000000 342.000000 0.160142 0.320284
33.000000 343.000000 -0.901191 0.323424
501.000000 343.000000 0.568347 0.323424
616.000000 343.000000 0.929451 0.323424
23.000000 344.000000 -0.932591 0.326564
40.000000 344.000000 -0.879210 0.326564
238.000000 344.000000 -0.257483 0.326564
374.000000 344.000000 0.169562 0.326564
31.000000 345.000000 -0.907471 0.329704
27.000000 346.000000 -0.920031 0.332844
34.000000 346.000000 -0.898051 0.332844
78.000000 346.000000 -0.759889 0.332844
377.000000 347.000000 0.178982 0.335984
13.000000 348.000000 -0.963991 0.339124
41.000000 348.000000 -0.876070 0.339124
34.000000 349.000000 -0.898051 0.342264
61.000000 349.000000 -0.813270 0.342264
164.000000 350.000000 -0.489846 0.345404
382.000000 350.000000 0.194682 0.345404
174.000000 353.000000 -0.458445 0.354824
29.000000 354.000000 -0.913751 0.357964
32.000000 354.000000 -0.904331 0.357964
37.000000 354.000000 -0.888631 0.357964
182.000000 354.000000 -0.433325 0.357964
16.000000 355.000000 -0.954571 0.361104
35.000000 355.000000 -0.894911 0.361104
179.000000 356.000000 -0.442745 0.364244
26.000000 358.000000 -0.923171 0.370524
40.000000 358.000000 -0.879210 0.370524
18.000000 359.000000 -0.948291 0.373664
178.000000 359.000000 -0.445885 0.373664
27.000000 360.000000 -0.920031 0.376804
37.000000 360.000000 -0.888631 0.376804
21.000000 361.000000 -0.938871 0.379945
176.000000 361.000000 -0.452165 0.379945
16.000000 362.000000 -0.954571 0.383085
34.000000 362.000000 -0.898051 0.383085
176.000000 363.000000 -0.452165 0.386225
497.000000 363.000000 0.555787 0.386225
19.000000 365.000000 -0.945151 0.392505
30.000000 365.000000 -0.910611 0.392505
174.000000 365.000000 -0.458445 0.392505
22.000000 367.000000 -0.935731 0.398785
170.000000 369.000000 -0.471006 0.405065
532.000000 369.000000 0.665688 0.405065
169.000000 371.000000 -0.474146 0.411345
364.000000 372.000000 0.138162 0.414485
359.000000 373.000000 0.122461 0.417625
13.000000 374.000000 -0.963991 0.420765
354.000000 374.000000 0.106761 0.420765
165.000000 376.000000 -0.486706 0.427045
168.000000 376.000000 -0.477286 0.427045
149.000000 380.000000 -0.536946 0.439605
144.000000 381.000000 -0.552647 0.442745
146.000000 381.000000 -0.546366 0.442745
138.000000 383.000000 -0.571487 0.449025
244.000000 385.000000 -0.238643 0.455305
298.000000 385.000000 -0.069081 0.455305
612.000000 387.000000 0.916891 0.461585
629.000000 388.000000 0.970271 0.464725
277.000000 389.000000 -0.135022 0.467866
267.000000 391.000000 -0.166422 0.474146
262.000000 392.000000 -0.182122 0.477286
518.000000 392.000000 0.621727 0.477286
107.000000 393.000000 -0.668828 0.480426
257.000000 393.000000 -0.197822 0.480426
574.000000 393.000000 0.797569 0.480426
110.000000 394.000000 -0.659408 0.483566
206.000000 394.000000 -0.357964 0.483566
252.000000 394.000000 -0.213523 0.483566
247.000000 395.000000 -0.229223 0.486706
584.000000 395.000000 0.828970 0.486706
475.000000 397.000000 0.486706 0.492986
149.000000 398.000000 -0.536946 0.496126
231.000000 398.000000 -0.279463 0.496126
226.000000 399.000000 -0.295163 0.499266
216.000000 401.000000 -0.326564 0.505546
211.000000 402.000000 -0.342264 0.508686
542.000000 402.000000 0.697088 0.508686
145.000000 403.000000 -0.549506 0.511826
206.000000 403.000000 -0.357964 0.511826
201.000000 404.000000 -0.373664 0.514966
196.000000 405.000000 -0.389365 0.518106
529.000000 405.000000 0.656268 0.518106
177.000000 406.000000 -0.449025 0.521246
29.000000 407.000000 -0.913751 0.524386
180.000000 407.000000 -0.439605 0.524386
631.000000 408.000000 0.976552 0.527526
140.000000 409.000000 -0.565207 0.530666
621.000000 409.000000 0.945151 0.530666
636.000000 409.000000 0.992252 0.530666
223.000000 410.000000 -0.304584 0.533806
541.000000 410.000000 0.693948 0.533806
616.000000 410.000000 0.929451 0.533806
151.000000 411.000000 -0.530666 0.536946
211.000000 411.000000 -0.342264 0.536946
535.000000 411.000000 0.675108 0.536946
575.000000 411.000000 0.800709 0.536946
138.000000 412.000000 -0.571487 0.540086
623.000000 412.000000 0.951431 0.540086
312.000000 413.000000 -0.025120 0.543226
608.000000 414.000000 0.904331 0.546366
602.000000 415.000000 0.885490 0.549506
84.000000 416.000000 -0.741049 0.552647
139.000000 416.000000 -0.568347 0.552647
278.000000 416.000000 -0.131882 0.552647
596.000000 418.000000 0.866650 0.558927
569.000000 419.000000 0.781869 0.562067
589.000000 419.000000 0.844670 0.562067
284.000000 420.000000 -0.113041 0.565207
225.000000 421.000000 -0.298304 0.568347
275.000000 422.000000 -0.141302 0.571487
277.000000 422.000000 -0.135022 0.571487
543.000000 422.000000 0.700228 0.571487
331.000000 423.000000 0.034540 0.574627
473.000000 423.000000 0.480426 0.574627
28.000000 425.000000 -0.916891 0.580907
243.000000 426.000000 -0.241783 0.584047
539.000000 426.000000 0.687668 0.584047
554.000000 426.000000 0.734769 0.584047
581.000000 427.000000 0.819550 0.587187
633.000000 427.000000 0.982832 0.587187
370.000000 428.000000 0.157002 0.590327
576.000000 428.000000 0.803850 0.590327
583.000000 428.000000 0.825830 0.590327
196.000000 429.000000 -0.389365 0.593467
233.000000 429.000000 -0.273183 0.593467
428.000000 429.000000 0.339124 0.593467
493.000000 429.000000 0.543226 0.593467
580.000000 429.000000 0.816410 0.593467
119.000000 430.000000 -0.631147 0.596607
249.000000 430.000000 -0.222943 0.596607
582.000000 430.000000 0.822690 0.596607
584.000000 431.000000 0.828970 0.599747
125.000000 432.000000 -0.612307 0.602887
212.000000 432.000000 -0.339124 0.602887
536.000000 432.000000 0.678248 0.602887
108.000000 433.000000 -0.665688 0.606027
241.000000 433.000000 -0.248063 0.606027
105.000000 434.000000 -0.675108 0.609167
120.000000 434.000000 -0.628007 0.609167
589.000000 434.000000 0.844670 0.609167
123.000000 435.000000 -0.618587 0.612307
310.000000 435.000000 -0.031400 0.612307
608.000000 435.000000 0.904331 0.612307
589.000000 437.000000 0.844670 0.618587
594.000000 437.000000 0.860370 0.618587
122.000000 439.000000 -0.621727 0.624867
553.000000 439.000000 0.731629 0.624867
545.000000 440.000000 0.706508 0.628007
590.000000 440.000000 0.847810 0.628007
123.000000 441.000000 -0.618587 0.631147
588.000000 441.000000 0.841530 0.631147
127.000000 442.000000 -0.606027 0.634288
303.000000 444.000000 -0.053381 0.640568
546.000000 444.000000 0.709648 0.640568
583.000000 444.000000 0.825830 0.640568
124.000000 446.000000 -0.615447 0.646848
376.000000 446.000000 0.175842 0.646848
390.000000 447.000000 0.219803 0.649988
580.000000 447.000000 0.816410 0.649988
137.000000 448.000000 -0.574627 0.653128
463.000000 448.000000 0.449025 0.653128
583.000000 448.000000 0.825830 0.653128
118.000000 449.000000 -0.634288 0.656268
125.000000 450.000000 -0.612307 0.659408
135.000000 451.000000 -0.580907 0.662548
576.000000 451.000000 0.803850 0.662548
579.000000 452.000000 0.813270 0.665688
134.000000 453.000000 -0.584047 0.668828
224.000000 454.000000 -0.301444 0.671968
125.000000 455.000000 -0.612307 0.675108
130.000000 455.000000 -0.596607 0.675108
503.000000 455.000000 0.574627 0.675108
132.000000 456.000000 -0.590327 0.678248
135.000000 456.000000 -0.580907 0.678248
157.000000 456.000000 -0.511826 0.678248
114.000000 458.000000 -0.646848 0.684528
120.000000 458.000000 -0.628007 0.684528
132.000000 459.000000 -0.590327 0.687668
141.000000 459.000000 -0.562067 0.687668
437.000000 459.000000 0.367384 0.687668
123.000000 460.000000 -0.618587 0.690808
440.000000 460.000000 0.376804 0.690808
544.000000 461.000000 0.703368 0.693948
125.000000 462.000000 -0.612307 0.697088
146.000000 462.000000 -0.546366 0.697088
202.000000 462.000000 -0.370524 0.697088
437.000000 462.000000 0.367384 0.697088
523.000000 462.000000 0.637428 0.697088
217.000000 463.000000 -0.323424 0.700228
350.000000 463.000000 0.094201 0.700228
121.000000 464.000000 -0.624867 0.703368
147.000000 464.000000 -0.543226 0.703368
156.000000 464.000000 -0.514966 0.703368
120.000000 466.000000 -0.628007 0.709648
142.000000 466.000000 -0.558927 0.709648
596.000000 466.000000 0.866650 0.709648
393.000000 467.000000 0.229223 0.712788
409.000000 467.000000 0.279463 0.712788
438.000000 467.000000 0.370524 0.712788
441.000000 467.000000 0.379945 0.712788
507.000000 467.000000 0.587187 0.712788
600.000000 467.000000 0.879210 0.712788
119.000000 468.000000 -0.631147 0.715928
192.000000 468.000000 -0.401925 0.715928
218.000000 468.000000 -0.320284 0.715928
323.000000 468.000000 0.009420 0.715928
406.000000 468.000000 0.270043 0.715928
131.000000 469.000000 -0.593467 0.719069
183.000000 469.000000 -0.430185 0.719069
232.000000 469.000000 -0.276323 0.719069
77.000000 470.000000 -0.763029 0.722209
123.000000 470.000000 -0.618587 0.722209
199.000000 470.000000 -0.379945 0.722209
302.000000 470.000000 -0.056521 0.722209
359.000000 470.000000 0.122461 0.722209
368.000000 470.000000 0.150722 0.722209
132.000000 471.000000 -0.590327 0.725349
154.000000 471.000000 -0.521246 0.725349
318.000000 471.000000 -0.006280 0.725349
322.000000 471.000000 0.006280 0.725349
363.000000 471.000000 0.135022 0.725349
145.000000 472.000000 -0.549506 0.728489
182.000000 472.000000 -0.433325 0.728489
226.000000 472.000000 -0.295163 0.728489
269.000000 472.000000 -0.160142 0.728489
455.000000 472.000000 0.423905 0.728489
30.000000 473.000000 -0.910611 0.731629
105.000000 473.000000 -0.675108 0.731629
133.000000 473.000000 -0.587187 0.731629
261.000000 473.000000 -0.185262 0.731629
326.000000 473.000000 0.018840 0.731629
362.000000 473.000000 0.131882 0.731629
378.000000 473.000000 0.182122 0.731629
270.000000 474.000000 -0.157002 0.734769
426.000000 474.000000 0.332844 0.734769
452.000000 474.000000 0.414485 0.734769
74.000000 475.000000 -0.772449 0.737909
126.000000 475.000000 -0.609167 0.737909
178.000000 475.000000 -0.445885 0.737909
195.000000 475.000000 -0.392505 0.737909
135.000000 476.000000 -0.580907 0.741049
209.000000 476.000000 -0.348544 0.741049
286.000000 476.000000 -0.106761 0.741049
326.000000 476.000000 0.018840 0.741049
387.000000 476.000000 0.210382 0.741049
402.000000 476.000000 0.257483 0.741049
525.000000 476.000000 0.643708 0.741049
