487.000000 3.000000 0.524386 -0.744189
492.000000 4.000000 0.540086 -0.741049
522.000000 4.000000 0.634288 -0.741049
609.000000 4.000000 0.907471 -0.741049
315.000000 5.000000 -0.015700 -0.737909
459.000000 5.000000 0.436465 -0.737909
569.000000 5.000000 0.781869 -0.737909
575.000000 5.000000 0.800709 -0.737909
592.000000 5.000000 0.854090 -0.737909
271.000000 7.000000 -0.153862 -0.731629
297.000000 7.000000 -0.072221 -0.731629
455.000000 7.000000 0.423905 -0.731629
487.000000 7.000000 0.524386 -0.731629
200.000000 8.000000 -0.376804 -0.728489
492.000000 8.000000 0.540086 -0.728489
455.000000 9.000000 0.423905 -0.725349
231.000000 10.000000 -0.279463 -0.722209
459.000000 10.000000 0.436465 -0.722209
473.000000 10.000000 0.480426 -0.722209
493.000000 10.000000 0.543226 -0.722209
495.000000 10.000000 0.549506 -0.722209
522.000000 10.000000 0.634288 -0.722209
635.000000 11.000000 0.989112 -0.719069
454.000000 12.000000 0.420765 -0.715928
460.000000 12.000000 0.439605 -0.715928
603.000000 12.000000 0.888631 -0.715928
253.000000 13.000000 -0.210382 -0.712788
526.000000 13.000000 0.646848 -0.712788
274.000000 14.000000 -0.144442 -0.709648
292.000000 15.000000 -0.087921 -0.706508
489.000000 15.000000 0.530666 -0.706508
522.000000 15.000000 0.634288 -0.706508
275.000000 16.000000 -0.141302 -0.703368
494.000000 16.000000 0.546366 -0.703368
170.000000 17.000000 -0.471006 -0.700228
525.000000 17.000000 0.643708 -0.700228
265.000000 18.000000 -0.172702 -0.697088
275.000000 18.000000 -0.141302 -0.697088
378.000000 19.000000 0.182122 -0.693948
522.000000 19.000000 0.634288 -0.693948
274.000000 20.000000 -0.144442 -0.690808
527.000000 20.000000 0.649988 -0.690808
584.000000 20.000000 0.828970 -0.690808
557.000000 22.000000 0.744189 -0.684528
584.000000 22.000000 0.828970 -0.684528
594.000000 22.000000 0.860370 -0.684528
521.000000 23.000000 0.631147 -0.681388
201.000000 24.000000 -0.373664 -0.678248
315.000000 24.000000 -0.015700 -0.678248
492.000000 25.000000 0.540086 -0.675108
530.000000 25.000000 0.659408 -0.675108
617.000000 25.000000 0.932591 -0.675108
507.000000 28.000000 0.587187 -0.665688
583.000000 29.000000 0.825830 -0.662548
382.000000 30.000000 0.194682 -0.659408
443.000000 30.000000 0.386225 -0.659408
222.000000 32.000000 -0.307724 -0.653128
524.000000 33.000000 0.640568 -0.649988
200.000000 34.000000 -0.376804 -0.646848
342.000000 34.000000 0.069081 -0.646848
453.000000 34.000000 0.417625 -0.646848
192.000000 36.000000 -0.401925 -0.640568
255.000000 36.000000 -0.204102 -0.640568
453.000000 36.000000 0.417625 -0.640568
459.000000 36.000000 0.436465 -0.640568
436.000000 37.000000 0.364244 -0.637428
457.000000 37.000000 0.430185 -0.637428
531.000000 37.000000 0.662548 -0.637428
191.000000 38.000000 -0.405065 -0.634288
472.000000 38.000000 0.477286 -0.634288
507.000000 38.000000 0.587187 -0.634288
192.000000 41.000000 -0.401925 -0.624867
306.000000 42.000000 -0.043961 -0.621727
520.000000 42.000000 0.628007 -0.621727
196.000000 43.000000 -0.389365 -0.618587
208.000000 43.000000 -0.351684 -0.618587
538.000000 43.000000 0.684528 -0.618587
617.000000 43.000000 0.932591 -0.618587
201.000000 44.000000 -0.373664 -0.615447
608.000000 44.000000 0.904331 -0.615447
193.000000 45.000000 -0.398785 -0.612307
219.000000 45.000000 -0.317144 -0.612307
231.000000 45.000000 -0.279463 -0.612307
632.000000 45.000000 0.979692 -0.612307
460.000000 46.000000 0.439605 -0.609167
488.000000 46.000000 0.527526 -0.609167
539.000000 46.000000 0.687668 -0.609167
606.000000 46.000000 0.898051 -0.609167
242.000000 47.000000 -0.244923 -0.606027
347.000000 47.000000 0.084781 -0.606027
405.000000 47.000000 0.266903 -0.606027
426.000000 47.000000 0.332844 -0.606027
192.000000 48.000000 -0.401925 -0.602887
254.000000 48.000000 -0.207242 -0.602887
298.000000 48.000000 -0.069081 -0.602887
457.000000 48.000000 0.430185 -0.602887
282.000000 49.000000 -0.119321 -0.599747
310.000000 49.000000 -0.031400 -0.599747
493.000000 49.000000 0.543226 -0.599747
533.000000 49.000000 0.668828 -0.599747
556.000000 49.000000 0.741049 -0.599747
277.000000 51.000000 -0.135022 -0.593467
460.000000 52.000000 0.439605 -0.590327
488.000000 52.000000 0.527526 -0.590327
522.000000 52.000000 0.634288 -0.590327
194.000000 53.000000 -0.395645 -0.587187
456.000000 53.000000 0.427045 -0.587187
493.000000 53.000000 0.543226 -0.587187
442.000000 54.000000 0.383085 -0.584047
192.000000 56.000000 -0.401925 -0.577767
208.000000 56.000000 -0.351684 -0.577767
593.000000 56.000000 0.857230 -0.577767
227.000000 57.000000 -0.292023 -0.574627
584.000000 57.000000 0.828970 -0.574627
634.000000 57.000000 0.985972 -0.574627
533.000000 58.000000 0.668828 -0.571487
584.000000 59.000000 0.828970 -0.568347
238.000000 61.000000 -0.257483 -0.562067
193.000000 62.000000 -0.398785 -0.558927
516.000000 63.000000 0.615447 -0.555787
539.000000 63.000000 0.687668 -0.555787
169.000000 64.000000 -0.474146 -0.552647
207.000000 64.000000 -0.354824 -0.552647
618.000000 64.000000 0.935731 -0.552647
199.000000 67.000000 -0.379945 -0.543226
571.000000 69.000000 0.788149 -0.536946
207.000000 70.000000 -0.354824 -0.533806
438.000000 70.000000 0.370524 -0.533806
585.000000 70.000000 0.832110 -0.533806
607.000000 70.000000 0.901191 -0.533806
172.000000 71.000000 -0.464725 -0.530666
271.000000 71.000000 -0.153862 -0.530666
507.000000 71.000000 0.587187 -0.530666
493.000000 72.000000 0.543226 -0.527526
173.000000 73.000000 -0.461585 -0.524386
265.000000 73.000000 -0.172702 -0.524386
315.000000 73.000000 -0.015700 -0.524386
466.000000 73.000000 0.458445 -0.524386
489.000000 73.000000 0.530666 -0.524386
196.000000 74.000000 -0.389365 -0.521246
202.000000 74.000000 -0.370524 -0.521246
277.000000 74.000000 -0.135022 -0.521246
154.000000 75.000000 -0.521246 -0.518106
454.000000 75.000000 0.420765 -0.518106
193.000000 76.000000 -0.398785 -0.514966
283.000000 76.000000 -0.116181 -0.514966
626.000000 77.000000 0.960851 -0.511826
194.000000 78.000000 -0.395645 -0.508686
458.000000 78.000000 0.433325 -0.508686
460.000000 78.000000 0.439605 -0.508686
495.000000 78.000000 0.549506 -0.508686
259.000000 79.000000 -0.191542 -0.505546
428.000000 79.000000 0.339124 -0.505546
501.000000 79.000000 0.568347 -0.505546
491.000000 80.000000 0.536946 -0.502406
495.000000 80.000000 0.549506 -0.502406
198.000000 81.000000 -0.383085 -0.499266
458.000000 81.000000 0.433325 -0.499266
194.000000 82.000000 -0.395645 -0.496126
214.000000 82.000000 -0.332844 -0.496126
454.000000 82.000000 0.420765 -0.496126
524.000000 83.000000 0.640568 -0.492986
527.000000 83.000000 0.649988 -0.492986
245.000000 84.000000 -0.235503 -0.489846
495.000000 84.000000 0.549506 -0.489846
261.000000 85.000000 -0.185262 -0.486706
491.000000 85.000000 0.536946 -0.486706
526.000000 85.000000 0.646848 -0.486706
584.000000 85.000000 0.828970 -0.486706
587.000000 85.000000 0.838390 -0.486706
632.000000 85.000000 0.979692 -0.486706
201.000000 86.000000 -0.373664 -0.483566
568.000000 87.000000 0.778729 -0.480426
584.000000 87.000000 0.828970 -0.480426
276.000000 88.000000 -0.138162 -0.477286
455.000000 88.000000 0.423905 -0.477286
457.000000 88.000000 0.430185 -0.477286
489.000000 88.000000 0.530666 -0.477286
524.000000 88.000000 0.640568 -0.477286
201.000000 89.000000 -0.373664 -0.474146
526.000000 89.000000 0.646848 -0.474146
495.000000 90.000000 0.549506 -0.471006
489.000000 91.000000 0.530666 -0.467866
491.000000 91.000000 0.536946 -0.467866
256.000000 92.000000 -0.200962 -0.464725
524.000000 92.000000 0.640568 -0.464725
548.000000 92.000000 0.715928 -0.464725
461.000000 93.000000 0.442745 -0.461585
470.000000 93.000000 0.471006 -0.461585
155.000000 94.000000 -0.518106 -0.458445
491.000000 94.000000 0.536946 -0.458445
526.000000 94.000000 0.646848 -0.458445
490.000000 96.000000 0.533806 -0.452165
495.000000 96.000000 0.549506 -0.452165
473.000000 97.000000 0.480426 -0.449025
528.000000 97.000000 0.653128 -0.449025
540.000000 97.000000 0.690808 -0.449025
583.000000 97.000000 0.825830 -0.449025
195.000000 98.000000 -0.392505 -0.445885
205.000000 98.000000 -0.361104 -0.445885
523.000000 98.000000 0.637428 -0.445885
586.000000 99.000000 0.835250 -0.442745
195.000000 100.000000 -0.392505 -0.439605
284.000000 100.000000 -0.113041 -0.439605
526.000000 100.000000 0.646848 -0.439605
260.000000 101.000000 -0.188402 -0.436465
403.000000 101.000000 0.260623 -0.436465
588.000000 101.000000 0.841530 -0.436465
612.000000 102.000000 0.916891 -0.433325
159.000000 103.000000 -0.505546 -0.430185
195.000000 103.000000 -0.392505 -0.430185
219.000000 103.000000 -0.317144 -0.430185
315.000000 103.000000 -0.015700 -0.430185
155.000000 104.000000 -0.518106 -0.427045
160.000000 105.000000 -0.502406 -0.423905
564.000000 106.000000 0.766169 -0.420765
163.000000 109.000000 -0.492986 -0.411345
277.000000 109.000000 -0.135022 -0.411345
190.000000 110.000000 -0.408205 -0.408205
196.000000 110.000000 -0.389365 -0.408205
463.000000 111.000000 0.449025 -0.405065
165.000000 112.000000 -0.486706 -0.401925
251.000000 112.000000 -0.216663 -0.401925
281.000000 112.000000 -0.122461 -0.401925
316.000000 112.000000 -0.012560 -0.401925
458.000000 112.000000 0.433325 -0.401925
623.000000 112.000000 0.951431 -0.401925
338.000000 113.000000 0.056521 -0.398785
192.000000 114.000000 -0.401925 -0.395645
195.000000 114.000000 -0.392505 -0.395645
457.000000 114.000000 0.430185 -0.395645
167.000000 115.000000 -0.480426 -0.392505
459.000000 115.000000 0.436465 -0.392505
194.000000 117.000000 -0.395645 -0.386225
196.000000 117.000000 -0.389365 -0.386225
281.000000 117.000000 -0.122461 -0.386225
352.000000 118.000000 0.100481 -0.383085
457.000000 118.000000 0.430185 -0.383085
461.000000 118.000000 0.442745 -0.383085
579.000000 118.000000 0.813270 -0.383085
194.000000 119.000000 -0.395645 -0.379945
206.000000 119.000000 -0.357964 -0.379945
309.000000 119.000000 -0.034540 -0.379945
455.000000 119.000000 0.423905 -0.379945
196.000000 120.000000 -0.389365 -0.376804
231.000000 120.000000 -0.279463 -0.376804
452.000000 120.000000 0.414485 -0.376804
492.000000 120.000000 0.540086 -0.376804
557.000000 120.000000 0.744189 -0.376804
258.000000 121.000000 -0.194682 -0.373664
458.000000 121.000000 0.433325 -0.373664
463.000000 122.000000 0.449025 -0.370524
524.000000 122.000000 0.640568 -0.370524
197.000000 123.000000 -0.386225 -0.367384
459.000000 124.000000 0.436465 -0.364244
490.000000 124.000000 0.533806 -0.364244
510.000000 124.000000 0.596607 -0.364244
584.000000 124.000000 0.828970 -0.364244
588.000000 124.000000 0.841530 -0.364244
248.000000 125.000000 -0.226083 -0.361104
269.000000 125.000000 -0.160142 -0.361104
278.000000 125.000000 -0.131882 -0.361104
285.000000 125.000000 -0.109901 -0.361104
501.000000 125.000000 0.568347 -0.361104
196.000000 126.000000 -0.389365 -0.357964
434.000000 126.000000 0.357964 -0.357964
175.000000 127.000000 -0.455305 -0.354824
268.000000 127.000000 -0.163282 -0.354824
461.000000 127.000000 0.442745 -0.354824
587.000000 127.000000 0.838390 -0.354824
598.000000 127.000000 0.872930 -0.354824
606.000000 127.000000 0.898051 -0.354824
274.000000 128.000000 -0.144442 -0.351684
455.000000 128.000000 0.423905 -0.351684
495.000000 128.000000 0.549506 -0.351684
458.000000 129.000000 0.433325 -0.348544
356.000000 130.000000 0.113041 -0.345404
492.000000 130.000000 0.540086 -0.345404
585.000000 130.000000 0.832110 -0.345404
460.000000 131.000000 0.439605 -0.342264
587.000000 131.000000 0.838390 -0.342264
222.000000 132.000000 -0.307724 -0.339124
276.000000 133.000000 -0.138162 -0.335984
229.000000 134.000000 -0.285743 -0.332844
462.000000 134.000000 0.445885 -0.332844
588.000000 134.000000 0.841530 -0.332844
192.000000 135.000000 -0.401925 -0.329704
278.000000 135.000000 -0.131882 -0.329704
457.000000 135.000000 0.430185 -0.329704
492.000000 135.000000 0.540086 -0.329704
522.000000 135.000000 0.634288 -0.329704
608.000000 135.000000 0.904331 -0.329704
219.000000 136.000000 -0.317144 -0.326564
585.000000 136.000000 0.832110 -0.326564
588.000000 136.000000 0.841530 -0.326564
233.000000 137.000000 -0.273183 -0.323424
298.000000 137.000000 -0.069081 -0.323424
306.000000 137.000000 -0.043961 -0.323424
588.000000 138.000000 0.841530 -0.320284
230.000000 139.000000 -0.282603 -0.317144
207.000000 140.000000 -0.354824 -0.314004
248.000000 140.000000 -0.226083 -0.314004
585.000000 140.000000 0.832110 -0.314004
588.000000 140.000000 0.841530 -0.314004
159.000000 141.000000 -0.505546 -0.310864
197.000000 141.000000 -0.386225 -0.310864
279.000000 141.000000 -0.128742 -0.310864
566.000000 141.000000 0.772449 -0.310864
213.000000 142.000000 -0.335984 -0.307724
281.000000 142.000000 -0.122461 -0.307724
338.000000 142.000000 0.056521 -0.307724
530.000000 142.000000 0.659408 -0.307724
342.000000 143.000000 0.069081 -0.304584
463.000000 143.000000 0.449025 -0.304584
471.000000 143.000000 0.474146 -0.304584
515.000000 143.000000 0.612307 -0.304584
197.000000 144.000000 -0.386225 -0.301444
324.000000 144.000000 0.012560 -0.301444
452.000000 144.000000 0.414485 -0.301444
579.000000 144.000000 0.813270 -0.301444
157.000000 145.000000 -0.511826 -0.298304
248.000000 145.000000 -0.226083 -0.298304
197.000000 146.000000 -0.386225 -0.295163
339.000000 146.000000 0.059661 -0.295163
552.000000 146.000000 0.728489 -0.295163
101.000000 147.000000 -0.687668 -0.292023
106.000000 147.000000 -0.671968 -0.292023
114.000000 147.000000 -0.646848 -0.292023
119.000000 147.000000 -0.631147 -0.292023
155.000000 147.000000 -0.518106 -0.292023
185.000000 147.000000 -0.423905 -0.292023
189.000000 147.000000 -0.411345 -0.292023
209.000000 147.000000 -0.348544 -0.292023
250.000000 147.000000 -0.219803 -0.292023
306.000000 147.000000 -0.043961 -0.292023
76.000000 148.000000 -0.766169 -0.288883
86.000000 148.000000 -0.734769 -0.288883
199.000000 148.000000 -0.379945 -0.288883
246.000000 148.000000 -0.232363 -0.288883
279.000000 148.000000 -0.128742 -0.288883
298.000000 148.000000 -0.069081 -0.288883
82.000000 149.000000 -0.747329 -0.285743
109.000000 149.000000 -0.662548 -0.285743
128.000000 149.000000 -0.602887 -0.285743
135.000000 149.000000 -0.580907 -0.285743
145.000000 149.000000 -0.549506 -0.285743
165.000000 149.000000 -0.486706 -0.285743
190.000000 149.000000 -0.408205 -0.285743
211.000000 149.000000 -0.342264 -0.285743
223.000000 149.000000 -0.304584 -0.285743
284.000000 149.000000 -0.113041 -0.285743
293.000000 149.000000 -0.084781 -0.285743
300.000000 149.000000 -0.062801 -0.285743
423.000000 149.000000 0.323424 -0.285743
626.000000 149.000000 0.960851 -0.285743
76.000000 150.000000 -0.766169 -0.282603
87.000000 150.000000 -0.731629 -0.282603
139.000000 150.000000 -0.568347 -0.282603
168.000000 150.000000 -0.477286 -0.282603
249.000000 150.000000 -0.222943 -0.282603
261.000000 150.000000 -0.185262 -0.282603
271.000000 150.000000 -0.153862 -0.282603
314.000000 150.000000 -0.018840 -0.282603
368.000000 150.000000 0.150722 -0.282603
483.000000 150.000000 0.511826 -0.282603
543.000000 150.000000 0.700228 -0.282603
104.000000 151.000000 -0.678248 -0.279463
123.000000 151.000000 -0.618587 -0.279463
133.000000 151.000000 -0.587187 -0.279463
150.000000 151.000000 -0.533806 -0.279463
195.000000 151.000000 -0.392505 -0.279463
199.000000 151.000000 -0.379945 -0.279463
304.000000 151.000000 -0.050241 -0.279463
311.000000 151.000000 -0.028260 -0.279463
316.000000 151.000000 -0.012560 -0.279463
321.000000 151.000000 0.003140 -0.279463
325.000000 151.000000 0.015700 -0.279463
332.000000 151.000000 0.037680 -0.279463
77.000000 152.000000 -0.763029 -0.276323
90.000000 152.000000 -0.722209 -0.276323
137.000000 152.000000 -0.574627 -0.276323
172.000000 152.000000 -0.464725 -0.276323
219.000000 152.000000 -0.317144 -0.276323
244.000000 152.000000 -0.238643 -0.276323
252.000000 152.000000 -0.213523 -0.276323
256.000000 152.000000 -0.200962 -0.276323
260.000000 152.000000 -0.188402 -0.276323
338.000000 152.000000 0.056521 -0.276323
346.000000 152.000000 0.081641 -0.276323
382.000000 152.000000 0.194682 -0.276323
387.000000 152.000000 0.210382 -0.276323
615.000000 152.000000 0.926311 -0.276323
82.000000 153.000000 -0.747329 -0.273183
88.000000 153.000000 -0.728489 -0.273183
106.000000 153.000000 -0.671968 -0.273183
120.000000 153.000000 -0.628007 -0.273183
122.000000 153.000000 -0.621727 -0.273183
125.000000 153.000000 -0.612307 -0.273183
210.000000 153.000000 -0.345404 -0.273183
215.000000 153.000000 -0.329704 -0.273183
235.000000 153.000000 -0.266903 -0.273183
275.000000 153.000000 -0.141302 -0.273183
299.000000 153.000000 -0.065941 -0.273183
312.000000 153.000000 -0.025120 -0.273183
314.000000 153.000000 -0.018840 -0.273183
332.000000 153.000000 0.037680 -0.273183
342.000000 153.000000 0.069081 -0.273183
90.000000 154.000000 -0.722209 -0.270043
108.000000 154.000000 -0.665688 -0.270043
155.000000 154.000000 -0.518106 -0.270043
165.000000 154.000000 -0.486706 -0.270043
168.000000 154.000000 -0.477286 -0.270043
174.000000 154.000000 -0.458445 -0.270043
195.000000 154.000000 -0.392505 -0.270043
347.000000 154.000000 0.084781 -0.270043
354.000000 154.000000 0.106761 -0.270043
360.000000 154.000000 0.125601 -0.270043
364.000000 154.000000 0.138162 -0.270043
371.000000 154.000000 0.160142 -0.270043
137.000000 155.000000 -0.574627 -0.266903
197.000000 155.000000 -0.386225 -0.266903
210.000000 155.000000 -0.345404 -0.266903
216.000000 155.000000 -0.326564 -0.266903
220.000000 155.000000 -0.314004 -0.266903
236.000000 155.000000 -0.263763 -0.266903
238.000000 155.000000 -0.257483 -0.266903
247.000000 155.000000 -0.229223 -0.266903
250.000000 155.000000 -0.219803 -0.266903
252.000000 155.000000 -0.213523 -0.266903
358.000000 155.000000 0.119321 -0.266903
103.000000 156.000000 -0.681388 -0.263763
112.000000 156.000000 -0.653128 -0.263763
181.000000 156.000000 -0.436465 -0.263763
277.000000 156.000000 -0.135022 -0.263763
390.000000 156.000000 0.219803 -0.263763
81.000000 157.000000 -0.750469 -0.260623
88.000000 157.000000 -0.728489 -0.260623
91.000000 157.000000 -0.719069 -0.260623
99.000000 157.000000 -0.693948 -0.260623
127.000000 157.000000 -0.606027 -0.260623
154.000000 157.000000 -0.521246 -0.260623
632.000000 157.000000 0.979692 -0.260623
85.000000 158.000000 -0.737909 -0.257483
146.000000 158.000000 -0.546366 -0.257483
172.000000 158.000000 -0.464725 -0.257483
179.000000 158.000000 -0.442745 -0.257483
189.000000 158.000000 -0.411345 -0.257483
288.000000 158.000000 -0.100481 -0.257483
358.000000 158.000000 0.119321 -0.257483
372.000000 158.000000 0.163282 -0.257483
168.000000 159.000000 -0.477286 -0.254343
215.000000 159.000000 -0.329704 -0.254343
231.000000 159.000000 -0.279463 -0.254343
249.000000 159.000000 -0.222943 -0.254343
255.000000 159.000000 -0.204102 -0.254343
329.000000 159.000000 0.028260 -0.254343
449.000000 159.000000 0.405065 -0.254343
95.000000 160.000000 -0.706508 -0.251203
118.000000 160.000000 -0.634288 -0.251203
275.000000 160.000000 -0.141302 -0.251203
324.000000 160.000000 0.012560 -0.251203
621.000000 160.000000 0.945151 -0.251203
632.000000 160.000000 0.979692 -0.251203
85.000000 161.000000 -0.737909 -0.248063
91.000000 161.000000 -0.719069 -0.248063
98.000000 161.000000 -0.697088 -0.248063
103.000000 161.000000 -0.681388 -0.248063
108.000000 161.000000 -0.665688 -0.248063
138.000000 161.000000 -0.571487 -0.248063
144.000000 161.000000 -0.552647 -0.248063
149.000000 161.000000 -0.536946 -0.248063
154.000000 161.000000 -0.521246 -0.248063
159.000000 161.000000 -0.505546 -0.248063
182.000000 161.000000 -0.433325 -0.248063
211.000000 161.000000 -0.342264 -0.248063
223.000000 161.000000 -0.304584 -0.248063
250.000000 161.000000 -0.219803 -0.248063
562.000000 161.000000 0.759889 -0.248063
123.000000 162.000000 -0.618587 -0.244923
177.000000 162.000000 -0.449025 -0.244923
187.000000 162.000000 -0.417625 -0.244923
229.000000 162.000000 -0.285743 -0.244923
253.000000 162.000000 -0.210382 -0.244923
358.000000 162.000000 0.119321 -0.244923
390.000000 162.000000 0.219803 -0.244923
603.000000 162.000000 0.888631 -0.244923
107.000000 163.000000 -0.668828 -0.241783
114.000000 163.000000 -0.646848 -0.241783
116.000000 163.000000 -0.640568 -0.241783
126.000000 163.000000 -0.609167 -0.241783
136.000000 163.000000 -0.577767 -0.241783
190.000000 163.000000 -0.408205 -0.241783
192.000000 163.000000 -0.401925 -0.241783
201.000000 163.000000 -0.373664 -0.241783
288.000000 163.000000 -0.100481 -0.241783
303.000000 163.000000 -0.053381 -0.241783
324.000000 163.000000 0.012560 -0.241783
383.000000 163.000000 0.197822 -0.241783
226.000000 164.000000 -0.295163 -0.238643
241.000000 164.000000 -0.248063 -0.238643
244.000000 164.000000 -0.238643 -0.238643
335.000000 164.000000 0.047101 -0.238643
341.000000 164.000000 0.065941 -0.238643
584.000000 164.000000 0.828970 -0.238643
186.000000 165.000000 -0.420765 -0.235503
353.000000 165.000000 0.103621 -0.235503
375.000000 165.000000 0.172702 -0.235503
379.000000 165.000000 0.185262 -0.235503
384.000000 165.000000 0.200962 -0.235503
493.000000 165.000000 0.543226 -0.235503
156.000000 166.000000 -0.514966 -0.232363
194.000000 166.000000 -0.395645 -0.232363
223.000000 166.000000 -0.304584 -0.232363
250.000000 166.000000 -0.219803 -0.232363
346.000000 166.000000 0.081641 -0.232363
584.000000 166.000000 0.828970 -0.232363
191.000000 167.000000 -0.405065 -0.229223
301.000000 167.000000 -0.059661 -0.229223
429.000000 167.000000 0.342264 -0.229223
466.000000 167.000000 0.458445 -0.229223
571.000000 167.000000 0.788149 -0.229223
635.000000 167.000000 0.989112 -0.229223
197.000000 168.000000 -0.386225 -0.226083
263.000000 168.000000 -0.178982 -0.226083
618.000000 168.000000 0.935731 -0.226083
269.000000 169.000000 -0.160142 -0.222943
283.000000 169.000000 -0.116181 -0.222943
323.000000 169.000000 0.009420 -0.222943
387.000000 169.000000 0.210382 -0.222943
406.000000 169.000000 0.270043 -0.222943
525.000000 169.000000 0.643708 -0.222943
145.000000 170.000000 -0.549506 -0.219803
148.000000 170.000000 -0.540086 -0.219803
161.000000 170.000000 -0.499266 -0.219803
164.000000 170.000000 -0.489846 -0.219803
170.000000 170.000000 -0.471006 -0.219803
174.000000 170.000000 -0.458445 -0.219803
176.000000 170.000000 -0.452165 -0.219803
178.000000 170.000000 -0.445885 -0.219803
191.000000 170.000000 -0.405065 -0.219803
195.000000 170.000000 -0.392505 -0.219803
220.000000 170.000000 -0.314004 -0.219803
237.000000 170.000000 -0.260623 -0.219803
250.000000 170.000000 -0.219803 -0.219803
258.000000 170.000000 -0.194682 -0.219803
265.000000 170.000000 -0.172702 -0.219803
295.000000 170.000000 -0.078501 -0.219803
307.000000 170.000000 -0.040820 -0.219803
489.000000 170.000000 0.530666 -0.219803
541.000000 170.000000 0.693948 -0.219803
585.000000 170.000000 0.832110 -0.219803
244.000000 171.000000 -0.238643 -0.216663
335.000000 171.000000 0.047101 -0.216663
616.000000 172.000000 0.929451 -0.213523
223.000000 173.000000 -0.304584 -0.210382
247.000000 173.000000 -0.229223 -0.210382
338.000000 173.000000 0.056521 -0.210382
191.000000 174.000000 -0.405065 -0.207242
207.000000 174.000000 -0.354824 -0.207242
209.000000 174.000000 -0.348544 -0.207242
212.000000 174.000000 -0.339124 -0.207242
220.000000 174.000000 -0.314004 -0.207242
239.000000 174.000000 -0.254343 -0.207242
284.000000 174.000000 -0.113041 -0.207242
165.000000 175.000000 -0.486706 -0.204102
172.000000 175.000000 -0.464725 -0.204102
179.000000 175.000000 -0.442745 -0.204102
194.000000 175.000000 -0.395645 -0.204102
215.000000 175.000000 -0.329704 -0.204102
230.000000 175.000000 -0.282603 -0.204102
236.000000 175.000000 -0.263763 -0.204102
243.000000 175.000000 -0.241783 -0.204102
255.000000 175.000000 -0.204102 -0.204102
261.000000 175.000000 -0.185262 -0.204102
264.000000 175.000000 -0.175842 -0.204102
269.000000 175.000000 -0.160142 -0.204102
334.000000 175.000000 0.043961 -0.204102
457.000000 175.000000 0.430185 -0.204102
188.000000 176.000000 -0.414485 -0.200962
205.000000 176.000000 -0.361104 -0.200962
250.000000 176.000000 -0.219803 -0.200962
594.000000 176.000000 0.860370 -0.200962
175.000000 177.000000 -0.455305 -0.197822
273.000000 177.000000 -0.147582 -0.197822
295.000000 177.000000 -0.078501 -0.197822
336.000000 177.000000 0.050241 -0.197822
343.000000 177.000000 0.072221 -0.197822
567.000000 177.000000 0.775589 -0.197822
193.000000 178.000000 -0.398785 -0.194682
211.000000 178.000000 -0.342264 -0.194682
234.000000 178.000000 -0.270043 -0.194682
246.000000 178.000000 -0.232363 -0.194682
251.000000 178.000000 -0.216663 -0.194682
284.000000 178.000000 -0.113041 -0.194682
175.000000 179.000000 -0.455305 -0.191542
218.000000 179.000000 -0.320284 -0.191542
238.000000 179.000000 -0.257483 -0.191542
262.000000 179.000000 -0.182122 -0.191542
295.000000 179.000000 -0.078501 -0.191542
300.000000 179.000000 -0.062801 -0.191542
386.000000 179.000000 0.207242 -0.191542
343.000000 180.000000 0.072221 -0.188402
355.000000 180.000000 0.109901 -0.188402
491.000000 180.000000 0.536946 -0.188402
610.000000 180.000000 0.910611 -0.188402
210.000000 181.000000 -0.345404 -0.185262
249.000000 181.000000 -0.222943 -0.185262
287.000000 181.000000 -0.103621 -0.185262
168.000000 182.000000 -0.477286 -0.182122
184.000000 182.000000 -0.427045 -0.182122
246.000000 182.000000 -0.232363 -0.182122
580.000000 182.000000 0.816410 -0.182122
321.000000 183.000000 0.003140 -0.178982
337.000000 183.000000 0.053381 -0.178982
387.000000 183.000000 0.210382 -0.178982
206.000000 184.000000 -0.357964 -0.175842
334.000000 184.000000 0.043961 -0.175842
342.000000 184.000000 0.069081 -0.175842
165.000000 185.000000 -0.486706 -0.172702
177.000000 185.000000 -0.449025 -0.172702
187.000000 185.000000 -0.417625 -0.172702
192.000000 185.000000 -0.401925 -0.172702
204.000000 185.000000 -0.364244 -0.172702
214.000000 185.000000 -0.332844 -0.172702
218.000000 185.000000 -0.320284 -0.172702
224.000000 185.000000 -0.301444 -0.172702
229.000000 185.000000 -0.285743 -0.172702
233.000000 185.000000 -0.273183 -0.172702
253.000000 185.000000 -0.210382 -0.172702
318.000000 185.000000 -0.006280 -0.172702
484.000000 185.000000 0.514966 -0.172702
607.000000 185.000000 0.901191 -0.172702
237.000000 186.000000 -0.260623 -0.169562
242.000000 186.000000 -0.244923 -0.169562
281.000000 186.000000 -0.122461 -0.169562
294.000000 186.000000 -0.081641 -0.169562
307.000000 186.000000 -0.040820 -0.169562
313.000000 186.000000 -0.021980 -0.169562
388.000000 186.000000 0.213523 -0.169562
402.000000 186.000000 0.257483 -0.169562
175.000000 187.000000 -0.455305 -0.166422
179.000000 187.000000 -0.442745 -0.166422
181.000000 187.000000 -0.436465 -0.166422
195.000000 187.000000 -0.392505 -0.166422
202.000000 187.000000 -0.370524 -0.166422
208.000000 187.000000 -0.351684 -0.166422
213.000000 187.000000 -0.335984 -0.166422
228.000000 187.000000 -0.288883 -0.166422
248.000000 187.000000 -0.226083 -0.166422
332.000000 187.000000 0.037680 -0.166422
342.000000 187.000000 0.069081 -0.166422
295.000000 188.000000 -0.078501 -0.163282
631.000000 188.000000 0.976552 -0.163282
246.000000 189.000000 -0.232363 -0.160142
251.000000 189.000000 -0.216663 -0.160142
292.000000 189.000000 -0.087921 -0.160142
300.000000 189.000000 -0.062801 -0.160142
306.000000 189.000000 -0.043961 -0.160142
320.000000 189.000000 -0.000000 -0.160142
324.000000 189.000000 0.012560 -0.160142
333.000000 189.000000 0.040820 -0.160142
338.000000 189.000000 0.056521 -0.160142
609.000000 189.000000 0.907471 -0.160142
146.000000 190.000000 -0.546366 -0.157002
153.000000 190.000000 -0.524386 -0.157002
199.000000 190.000000 -0.379945 -0.157002
202.000000 190.000000 -0.370524 -0.157002
212.000000 190.000000 -0.339124 -0.157002
238.000000 190.000000 -0.257483 -0.157002
556.000000 190.000000 0.741049 -0.157002
248.000000 191.000000 -0.226083 -0.153862
297.000000 191.000000 -0.072221 -0.153862
478.000000 191.000000 0.496126 -0.153862
612.000000 191.000000 0.916891 -0.153862
214.000000 192.000000 -0.332844 -0.150722
292.000000 192.000000 -0.087921 -0.150722
327.000000 192.000000 0.021980 -0.150722
419.000000 192.000000 0.310864 -0.150722
626.000000 192.000000 0.960851 -0.150722
146.000000 193.000000 -0.546366 -0.147582
164.000000 193.000000 -0.489846 -0.147582
203.000000 193.000000 -0.367384 -0.147582
297.000000 193.000000 -0.072221 -0.147582
306.000000 193.000000 -0.043961 -0.147582
531.000000 193.000000 0.662548 -0.147582
178.000000 194.000000 -0.445885 -0.144442
286.000000 194.000000 -0.106761 -0.144442
288.000000 194.000000 -0.100481 -0.144442
322.000000 194.000000 0.006280 -0.144442
331.000000 194.000000 0.034540 -0.144442
153.000000 195.000000 -0.524386 -0.141302
155.000000 195.000000 -0.518106 -0.141302
185.000000 195.000000 -0.423905 -0.141302
260.000000 195.000000 -0.188402 -0.141302
281.000000 195.000000 -0.122461 -0.141302
161.000000 196.000000 -0.499266 -0.138162
295.000000 196.000000 -0.078501 -0.138162
341.000000 196.000000 0.065941 -0.138162
584.000000 196.000000 0.828970 -0.138162
151.000000 197.000000 -0.530666 -0.135022
167.000000 197.000000 -0.480426 -0.135022
172.000000 197.000000 -0.464725 -0.135022
300.000000 197.000000 -0.062801 -0.135022
428.000000 197.000000 0.339124 -0.135022
151.000000 199.000000 -0.530666 -0.128742
172.000000 199.000000 -0.464725 -0.128742
194.000000 199.000000 -0.395645 -0.128742
250.000000 199.000000 -0.219803 -0.128742
414.000000 199.000000 0.295163 -0.128742
634.000000 199.000000 0.985972 -0.128742
338.000000 200.000000 0.056521 -0.125601
177.000000 201.000000 -0.449025 -0.122461
251.000000 201.000000 -0.216663 -0.122461
255.000000 201.000000 -0.204102 -0.122461
285.000000 202.000000 -0.109901 -0.119321
287.000000 202.000000 -0.103621 -0.119321
289.000000 202.000000 -0.097341 -0.119321
294.000000 202.000000 -0.081641 -0.119321
306.000000 202.000000 -0.043961 -0.119321
338.000000 202.000000 0.056521 -0.119321
169.000000 203.000000 -0.474146 -0.116181
185.000000 203.000000 -0.423905 -0.116181
188.000000 203.000000 -0.414485 -0.116181
195.000000 203.000000 -0.392505 -0.116181
234.000000 203.000000 -0.270043 -0.116181
248.000000 203.000000 -0.226083 -0.116181
258.000000 203.000000 -0.194682 -0.116181
274.000000 203.000000 -0.144442 -0.116181
280.000000 203.000000 -0.125601 -0.116181
315.000000 203.000000 -0.015700 -0.116181
193.000000 204.000000 -0.398785 -0.113041
206.000000 204.000000 -0.357964 -0.113041
217.000000 204.000000 -0.323424 -0.113041
238.000000 204.000000 -0.257483 -0.113041
386.000000 204.000000 0.207242 -0.113041
398.000000 204.000000 0.244923 -0.113041
537.000000 204.000000 0.681388 -0.113041
629.000000 204.000000 0.970271 -0.113041
200.000000 205.000000 -0.376804 -0.109901
315.000000 205.000000 -0.015700 -0.109901
604.000000 205.000000 0.891771 -0.109901
613.000000 205.000000 0.920031 -0.109901
170.000000 206.000000 -0.471006 -0.106761
242.000000 206.000000 -0.244923 -0.106761
269.000000 206.000000 -0.160142 -0.106761
281.000000 206.000000 -0.122461 -0.106761
283.000000 206.000000 -0.116181 -0.106761
521.000000 206.000000 0.631147 -0.106761
571.000000 206.000000 0.788149 -0.106761
590.000000 206.000000 0.847810 -0.106761
275.000000 207.000000 -0.141302 -0.103621
279.000000 207.000000 -0.128742 -0.103621
312.000000 207.000000 -0.025120 -0.103621
338.000000 207.000000 0.056521 -0.103621
403.000000 207.000000 0.260623 -0.103621
417.000000 207.000000 0.304584 -0.103621
303.000000 208.000000 -0.053381 -0.100481
156.000000 209.000000 -0.514966 -0.097341
174.000000 209.000000 -0.458445 -0.097341
237.000000 209.000000 -0.260623 -0.097341
290.000000 209.000000 -0.094201 -0.097341
391.000000 209.000000 0.222943 -0.097341
404.000000 209.000000 0.263763 -0.097341
409.000000 209.000000 0.279463 -0.097341
422.000000 209.000000 0.320284 -0.097341
523.000000 209.000000 0.637428 -0.097341
525.000000 209.000000 0.643708 -0.097341
608.000000 209.000000 0.904331 -0.097341
312.000000 210.000000 -0.025120 -0.094201
396.000000 210.000000 0.238643 -0.094201
498.000000 210.000000 0.558927 -0.094201
245.000000 211.000000 -0.235503 -0.091061
274.000000 211.000000 -0.144442 -0.091061
486.000000 211.000000 0.521246 -0.091061
545.000000 211.000000 0.706508 -0.091061
556.000000 211.000000 0.741049 -0.091061
54.000000 212.000000 -0.835250 -0.087921
254.000000 212.000000 -0.207242 -0.087921
315.000000 212.000000 -0.015700 -0.087921
391.000000 212.000000 0.222943 -0.087921
418.000000 212.000000 0.307724 -0.087921
495.000000 212.000000 0.549506 -0.087921
512.000000 212.000000 0.602887 -0.087921
541.000000 212.000000 0.693948 -0.087921
16.000000 213.000000 -0.954571 -0.084781
278.000000 213.000000 -0.131882 -0.084781
326.000000 213.000000 0.018840 -0.084781
72.000000 214.000000 -0.778729 -0.081641
234.000000 214.000000 -0.270043 -0.081641
451.000000 214.000000 0.411345 -0.081641
507.000000 214.000000 0.587187 -0.081641
523.000000 214.000000 0.637428 -0.081641
119.000000 215.000000 -0.631147 -0.078501
292.000000 215.000000 -0.087921 -0.078501
296.000000 215.000000 -0.075361 -0.078501
315.000000 215.000000 -0.015700 -0.078501
367.000000 215.000000 0.147582 -0.078501
369.000000 215.000000 0.153862 -0.078501
389.000000 215.000000 0.216663 -0.078501
502.000000 215.000000 0.571487 -0.078501
559.000000 215.000000 0.750469 -0.078501
580.000000 215.000000 0.816410 -0.078501
586.000000 215.000000 0.835250 -0.078501
594.000000 215.000000 0.860370 -0.078501
20.000000 216.000000 -0.942011 -0.075361
174.000000 216.000000 -0.458445 -0.075361
257.000000 216.000000 -0.197822 -0.075361
259.000000 216.000000 -0.191542 -0.075361
266.000000 216.000000 -0.169562 -0.075361
278.000000 216.000000 -0.131882 -0.075361
575.000000 216.000000 0.800709 -0.075361
70.000000 217.000000 -0.785009 -0.072221
326.000000 217.000000 0.018840 -0.072221
343.000000 217.000000 0.072221 -0.072221
535.000000 217.000000 0.675108 -0.072221
620.000000 217.000000 0.942011 -0.072221
106.000000 218.000000 -0.671968 -0.069081
159.000000 218.000000 -0.505546 -0.069081
186.000000 218.000000 -0.420765 -0.069081
313.000000 218.000000 -0.021980 -0.069081
332.000000 218.000000 0.037680 -0.069081
390.000000 218.000000 0.219803 -0.069081
530.000000 218.000000 0.659408 -0.069081
582.000000 218.000000 0.822690 -0.069081
587.000000 218.000000 0.838390 -0.069081
41.000000 219.000000 -0.876070 -0.065941
241.000000 219.000000 -0.248063 -0.065941
268.000000 219.000000 -0.163282 -0.065941
272.000000 219.000000 -0.150722 -0.065941
418.000000 219.000000 0.307724 -0.065941
16.000000 220.000000 -0.954571 -0.062801
72.000000 220.000000 -0.778729 -0.062801
153.000000 220.000000 -0.524386 -0.062801
236.000000 220.000000 -0.263763 -0.062801
279.000000 220.000000 -0.128742 -0.062801
323.000000 220.000000 0.009420 -0.062801
576.000000 220.000000 0.803850 -0.062801
581.000000 220.000000 0.819550 -0.062801
586.000000 220.000000 0.835250 -0.062801
607.000000 220.000000 0.901191 -0.062801
619.000000 220.000000 0.938871 -0.062801
260.000000 221.000000 -0.188402 -0.059661
276.000000 221.000000 -0.138162 -0.059661
297.000000 221.000000 -0.072221 -0.059661
591.000000 221.000000 0.850950 -0.059661
18.000000 222.000000 -0.948291 -0.056521
70.000000 222.000000 -0.785009 -0.056521
164.000000 222.000000 -0.489846 -0.056521
274.000000 222.000000 -0.144442 -0.056521
316.000000 222.000000 -0.012560 -0.056521
385.000000 222.000000 0.204102 -0.056521
555.000000 222.000000 0.737909 -0.056521
564.000000 222.000000 0.766169 -0.056521
569.000000 222.000000 0.781869 -0.056521
573.000000 222.000000 0.794429 -0.056521
618.000000 222.000000 0.935731 -0.056521
622.000000 222.000000 0.948291 -0.056521
629.000000 222.000000 0.970271 -0.056521
201.000000 223.000000 -0.373664 -0.053381
243.000000 223.000000 -0.241783 -0.053381
261.000000 223.000000 -0.185262 -0.053381
265.000000 223.000000 -0.172702 -0.053381
276.000000 223.000000 -0.138162 -0.053381
289.000000 223.000000 -0.097341 -0.053381
356.000000 223.000000 0.113041 -0.053381
359.000000 223.000000 0.122461 -0.053381
418.000000 223.000000 0.307724 -0.053381
527.000000 223.000000 0.649988 -0.053381
544.000000 223.000000 0.703368 -0.053381
557.000000 223.000000 0.744189 -0.053381
596.000000 223.000000 0.866650 -0.053381
21.000000 224.000000 -0.938871 -0.050241
233.000000 224.000000 -0.273183 -0.050241
237.000000 224.000000 -0.260623 -0.050241
281.000000 224.000000 -0.122461 -0.050241
284.000000 224.000000 -0.113041 -0.050241
391.000000 224.000000 0.222943 -0.050241
521.000000 224.000000 0.631147 -0.050241
568.000000 224.000000 0.778729 -0.050241
572.000000 224.000000 0.791289 -0.050241
577.000000 224.000000 0.806990 -0.050241
154.000000 225.000000 -0.521246 -0.047101
466.000000 225.000000 0.458445 -0.047101
475.000000 225.000000 0.486706 -0.047101
492.000000 225.000000 0.540086 -0.047101
532.000000 225.000000 0.665688 -0.047101
540.000000 225.000000 0.690808 -0.047101
231.000000 226.000000 -0.279463 -0.043961
238.000000 226.000000 -0.257483 -0.043961
254.000000 226.000000 -0.207242 -0.043961
280.000000 226.000000 -0.125601 -0.043961
312.000000 226.000000 -0.025120 -0.043961
445.000000 226.000000 0.392505 -0.043961
450.000000 226.000000 0.408205 -0.043961
464.000000 226.000000 0.452165 -0.043961
523.000000 226.000000 0.637428 -0.043961
529.000000 226.000000 0.656268 -0.043961
258.000000 227.000000 -0.194682 -0.040820
272.000000 227.000000 -0.150722 -0.040820
278.000000 227.000000 -0.131882 -0.040820
298.000000 227.000000 -0.069081 -0.040820
310.000000 227.000000 -0.031400 -0.040820
421.000000 227.000000 0.317144 -0.040820
439.000000 227.000000 0.373664 -0.040820
460.000000 227.000000 0.439605 -0.040820
466.000000 227.000000 0.458445 -0.040820
625.000000 227.000000 0.957711 -0.040820
154.000000 228.000000 -0.521246 -0.037680
219.000000 228.000000 -0.317144 -0.037680
313.000000 228.000000 -0.021980 -0.037680
336.000000 228.000000 0.050241 -0.037680
450.000000 228.000000 0.408205 -0.037680
453.000000 228.000000 0.417625 -0.037680
473.000000 228.000000 0.480426 -0.037680
482.000000 228.000000 0.508686 -0.037680
585.000000 228.000000 0.832110 -0.037680
608.000000 228.000000 0.904331 -0.037680
80.000000 229.000000 -0.753609 -0.034540
179.000000 229.000000 -0.442745 -0.034540
181.000000 229.000000 -0.436465 -0.034540
201.000000 229.000000 -0.373664 -0.034540
253.000000 229.000000 -0.210382 -0.034540
260.000000 229.000000 -0.188402 -0.034540
263.000000 229.000000 -0.178982 -0.034540
271.000000 229.000000 -0.153862 -0.034540
280.000000 229.000000 -0.125601 -0.034540
288.000000 229.000000 -0.100481 -0.034540
431.000000 229.000000 0.348544 -0.034540
443.000000 229.000000 0.386225 -0.034540
445.000000 229.000000 0.392505 -0.034540
544.000000 229.000000 0.703368 -0.034540
558.000000 229.000000 0.747329 -0.034540
583.000000 229.000000 0.825830 -0.034540
196.000000 230.000000 -0.389365 -0.031400
282.000000 230.000000 -0.119321 -0.031400
424.000000 230.000000 0.326564 -0.031400
426.000000 230.000000 0.332844 -0.031400
533.000000 230.000000 0.668828 -0.031400
556.000000 230.000000 0.741049 -0.031400
581.000000 230.000000 0.819550 -0.031400
154.000000 231.000000 -0.521246 -0.028260
161.000000 231.000000 -0.499266 -0.028260
217.000000 231.000000 -0.323424 -0.028260
220.000000 231.000000 -0.314004 -0.028260
228.000000 231.000000 -0.288883 -0.028260
265.000000 231.000000 -0.172702 -0.028260
278.000000 231.000000 -0.131882 -0.028260
495.000000 231.000000 0.549506 -0.028260
536.000000 231.000000 0.678248 -0.028260
538.000000 231.000000 0.684528 -0.028260
81.000000 232.000000 -0.750469 -0.025120
84.000000 232.000000 -0.741049 -0.025120
188.000000 232.000000 -0.414485 -0.025120
224.000000 232.000000 -0.301444 -0.025120
259.000000 232.000000 -0.191542 -0.025120
273.000000 232.000000 -0.147582 -0.025120
281.000000 232.000000 -0.122461 -0.025120
476.000000 232.000000 0.489846 -0.025120
491.000000 232.000000 0.536946 -0.025120
521.000000 232.000000 0.631147 -0.025120
175.000000 233.000000 -0.455305 -0.021980
193.000000 233.000000 -0.398785 -0.021980
222.000000 233.000000 -0.307724 -0.021980
254.000000 233.000000 -0.207242 -0.021980
267.000000 233.000000 -0.166422 -0.021980
271.000000 233.000000 -0.153862 -0.021980
316.000000 233.000000 -0.012560 -0.021980
443.000000 233.000000 0.386225 -0.021980
466.000000 233.000000 0.458445 -0.021980
479.000000 233.000000 0.499266 -0.021980
116.000000 234.000000 -0.640568 -0.018840
172.000000 234.000000 -0.464725 -0.018840
217.000000 234.000000 -0.323424 -0.018840
226.000000 234.000000 -0.295163 -0.018840
258.000000 234.000000 -0.194682 -0.018840
449.000000 234.000000 0.405065 -0.018840
451.000000 234.000000 0.411345 -0.018840
473.000000 234.000000 0.480426 -0.018840
28.000000 235.000000 -0.916891 -0.015700
175.000000 235.000000 -0.455305 -0.015700
233.000000 235.000000 -0.273183 -0.015700
270.000000 235.000000 -0.157002 -0.015700
288.000000 235.000000 -0.100481 -0.015700
423.000000 235.000000 0.323424 -0.015700
455.000000 235.000000 0.423905 -0.015700
608.000000 235.000000 0.904331 -0.015700
621.000000 235.000000 0.945151 -0.015700
72.000000 236.000000 -0.778729 -0.012560
79.000000 236.000000 -0.756749 -0.012560
262.000000 236.000000 -0.182122 -0.012560
266.000000 236.000000 -0.169562 -0.012560
419.000000 236.000000 0.310864 -0.012560
430.000000 236.000000 0.345404 -0.012560
435.000000 236.000000 0.361104 -0.012560
499.000000 236.000000 0.562067 -0.012560
21.000000 237.000000 -0.938871 -0.009420
220.000000 237.000000 -0.314004 -0.009420
227.000000 237.000000 -0.292023 -0.009420
297.000000 237.000000 -0.072221 -0.009420
487.000000 237.000000 0.524386 -0.009420
564.000000 237.000000 0.766169 -0.009420
576.000000 237.000000 0.803850 -0.009420
56.000000 238.000000 -0.828970 -0.006280
80.000000 238.000000 -0.753609 -0.006280
114.000000 238.000000 -0.646848 -0.006280
216.000000 238.000000 -0.326564 -0.006280
270.000000 238.000000 -0.157002 -0.006280
291.000000 238.000000 -0.091061 -0.006280
324.000000 238.000000 0.012560 -0.006280
549.000000 238.000000 0.719069 -0.006280
53.000000 239.000000 -0.838390 -0.003140
70.000000 239.000000 -0.785009 -0.003140
109.000000 239.000000 -0.662548 -0.003140
137.000000 239.000000 -0.574627 -0.003140
141.000000 239.000000 -0.562067 -0.003140
191.000000 239.000000 -0.405065 -0.003140
280.000000 239.000000 -0.125601 -0.003140
397.000000 239.000000 0.241783 -0.003140
146.000000 240.000000 -0.546366 0.000000
255.000000 240.000000 -0.204102 0.000000
257.000000 240.000000 -0.197822 0.000000
614.000000 240.000000 0.923171 0.000000
616.000000 240.000000 0.929451 0.000000
62.000000 241.000000 -0.810130 0.003140
164.000000 241.000000 -0.489846 0.003140
208.000000 241.000000 -0.351684 0.003140
239.000000 241.000000 -0.254343 0.003140
267.000000 241.000000 -0.166422 0.003140
297.000000 241.000000 -0.072221 0.003140
310.000000 241.000000 -0.031400 0.003140
321.000000 241.000000 0.003140 0.003140
419.000000 241.000000 0.310864 0.003140
491.000000 241.000000 0.536946 0.003140
493.000000 241.000000 0.543226 0.003140
575.000000 241.000000 0.800709 0.003140
593.000000 241.000000 0.857230 0.003140
596.000000 241.000000 0.866650 0.003140
219.000000 242.000000 -0.317144 0.006280
253.000000 242.000000 -0.210382 0.006280
273.000000 242.000000 -0.147582 0.006280
348.000000 242.000000 0.087921 0.006280
583.000000 242.000000 0.825830 0.006280
635.000000 242.000000 0.989112 0.006280
31.000000 243.000000 -0.907471 0.009420
60.000000 243.000000 -0.816410 0.009420
77.000000 243.000000 -0.763029 0.009420
227.000000 243.000000 -0.292023 0.009420
250.000000 243.000000 -0.219803 0.009420
256.000000 243.000000 -0.200962 0.009420
296.000000 243.000000 -0.075361 0.009420
336.000000 243.000000 0.050241 0.009420
418.000000 243.000000 0.307724 0.009420
420.000000 243.000000 0.314004 0.009420
443.000000 243.000000 0.386225 0.009420
12.000000 244.000000 -0.967131 0.012560
73.000000 244.000000 -0.775589 0.012560
202.000000 244.000000 -0.370524 0.012560
259.000000 244.000000 -0.191542 0.012560
276.000000 244.000000 -0.138162 0.012560
433.000000 244.000000 0.354824 0.012560
436.000000 244.000000 0.364244 0.012560
4.000000 245.000000 -0.992252 0.015700
296.000000 245.000000 -0.075361 0.015700
310.000000 245.000000 -0.031400 0.015700
345.000000 245.000000 0.078501 0.015700
424.000000 245.000000 0.326564 0.015700
520.000000 245.000000 0.628007 0.015700
526.000000 245.000000 0.646848 0.015700
571.000000 245.000000 0.788149 0.015700
94.000000 246.000000 -0.709648 0.018840
117.000000 246.000000 -0.637428 0.018840
50.000000 247.000000 -0.847810 0.021980
54.000000 247.000000 -0.835250 0.021980
297.000000 247.000000 -0.072221 0.021980
311.000000 247.000000 -0.028260 0.021980
319.000000 247.000000 -0.003140 0.021980
348.000000 247.000000 0.087921 0.021980
392.000000 247.000000 0.226083 0.021980
443.000000 247.000000 0.386225 0.021980
461.000000 247.000000 0.442745 0.021980
478.000000 247.000000 0.496126 0.021980
634.000000 247.000000 0.985972 0.021980
126.000000 248.000000 -0.609167 0.025120
150.000000 248.000000 -0.533806 0.025120
468.000000 248.000000 0.464725 0.025120
471.000000 248.000000 0.474146 0.025120
474.000000 248.000000 0.483566 0.025120
520.000000 248.000000 0.628007 0.025120
82.000000 249.000000 -0.747329 0.028260
163.000000 249.000000 -0.492986 0.028260
165.000000 249.000000 -0.486706 0.028260
219.000000 249.000000 -0.317144 0.028260
227.000000 249.000000 -0.292023 0.028260
297.000000 249.000000 -0.072221 0.028260
335.000000 249.000000 0.047101 0.028260
424.000000 249.000000 0.326564 0.028260
453.000000 249.000000 0.417625 0.028260
225.000000 250.000000 -0.298304 0.031400
241.000000 250.000000 -0.248063 0.031400
221.000000 251.000000 -0.310864 0.034540
235.000000 251.000000 -0.266903 0.034540
248.000000 251.000000 -0.226083 0.034540
297.000000 251.000000 -0.072221 0.034540
421.000000 251.000000 0.317144 0.034540
61.000000 252.000000 -0.813270 0.037680
419.000000 252.000000 0.310864 0.037680
518.000000 252.000000 0.621727 0.037680
293.000000 253.000000 -0.084781 0.040820
297.000000 253.000000 -0.072221 0.040820
334.000000 253.000000 0.043961 0.040820
468.000000 253.000000 0.464725 0.040820
218.000000 255.000000 -0.320284 0.047101
277.000000 255.000000 -0.135022 0.047101
306.000000 255.000000 -0.043961 0.047101
325.000000 255.000000 0.015700 0.047101
442.000000 255.000000 0.383085 0.047101
55.000000 256.000000 -0.832110 0.050241
81.000000 256.000000 -0.750469 0.050241
225.000000 256.000000 -0.298304 0.050241
333.000000 256.000000 0.040820 0.050241
461.000000 256.000000 0.442745 0.050241
218.000000 257.000000 -0.320284 0.053381
221.000000 257.000000 -0.310864 0.053381
303.000000 257.000000 -0.053381 0.053381
271.000000 258.000000 -0.153862 0.056521
294.000000 258.000000 -0.081641 0.056521
389.000000 258.000000 0.216663 0.056521
420.000000 258.000000 0.314004 0.056521
471.000000 258.000000 0.474146 0.056521
479.000000 258.000000 0.499266 0.056521
585.000000 258.000000 0.832110 0.056521
598.000000 259.000000 0.872930 0.059661
325.000000 260.000000 0.015700 0.062801
445.000000 260.000000 0.392505 0.062801
68.000000 261.000000 -0.791289 0.065941
81.000000 261.000000 -0.750469 0.065941
217.000000 261.000000 -0.323424 0.065941
225.000000 261.000000 -0.298304 0.065941
237.000000 261.000000 -0.260623 0.065941
277.000000 261.000000 -0.135022 0.065941
430.000000 261.000000 0.345404 0.065941
443.000000 261.000000 0.386225 0.065941
20.000000 262.000000 -0.942011 0.069081
212.000000 262.000000 -0.339124 0.069081
285.000000 262.000000 -0.109901 0.069081
295.000000 262.000000 -0.078501 0.069081
381.000000 262.000000 0.191542 0.069081
556.000000 262.000000 0.741049 0.069081
621.000000 262.000000 0.945151 0.069081
625.000000 262.000000 0.957711 0.069081
46.000000 263.000000 -0.860370 0.072221
420.000000 263.000000 0.314004 0.072221
545.000000 263.000000 0.706508 0.072221
114.000000 264.000000 -0.646848 0.075361
150.000000 264.000000 -0.533806 0.075361
271.000000 264.000000 -0.153862 0.075361
277.000000 264.000000 -0.135022 0.075361
324.000000 264.000000 0.012560 0.075361
350.000000 264.000000 0.094201 0.075361
398.000000 264.000000 0.244923 0.075361
443.000000 264.000000 0.386225 0.075361
559.000000 264.000000 0.750469 0.075361
22.000000 265.000000 -0.935731 0.078501
425.000000 265.000000 0.329704 0.078501
574.000000 265.000000 0.797569 0.078501
616.000000 265.000000 0.929451 0.078501
631.000000 265.000000 0.976552 0.078501
17.000000 266.000000 -0.951431 0.081641
77.000000 266.000000 -0.763029 0.081641
213.000000 266.000000 -0.335984 0.081641
238.000000 266.000000 -0.257483 0.081641
260.000000 266.000000 -0.188402 0.081641
267.000000 266.000000 -0.166422 0.081641
297.000000 266.000000 -0.072221 0.081641
307.000000 266.000000 -0.040820 0.081641
532.000000 266.000000 0.665688 0.081641
628.000000 266.000000 0.967131 0.081641
6.000000 267.000000 -0.985972 0.084781
8.000000 267.000000 -0.979692 0.084781
443.000000 267.000000 0.386225 0.084781
501.000000 267.000000 0.568347 0.084781
42.000000 268.000000 -0.872930 0.087921
156.000000 268.000000 -0.514966 0.087921
188.000000 268.000000 -0.414485 0.087921
472.000000 268.000000 0.477286 0.087921
580.000000 268.000000 0.816410 0.087921
217.000000 269.000000 -0.323424 0.091061
451.000000 269.000000 0.411345 0.091061
455.000000 269.000000 0.423905 0.091061
460.000000 269.000000 0.439605 0.091061
463.000000 269.000000 0.449025 0.091061
108.000000 270.000000 -0.665688 0.094201
292.000000 270.000000 -0.087921 0.094201
470.000000 270.000000 0.471006 0.094201
57.000000 271.000000 -0.825830 0.097341
80.000000 271.000000 -0.753609 0.097341
188.000000 271.000000 -0.414485 0.097341
210.000000 271.000000 -0.345404 0.097341
215.000000 271.000000 -0.329704 0.097341
217.000000 271.000000 -0.323424 0.097341
275.000000 271.000000 -0.141302 0.097341
312.000000 271.000000 -0.025120 0.097341
5.000000 272.000000 -0.989112 0.100481
334.000000 272.000000 0.043961 0.100481
443.000000 272.000000 0.386225 0.100481
621.000000 272.000000 0.945151 0.100481
73.000000 273.000000 -0.775589 0.103621
325.000000 273.000000 0.015700 0.103621
557.000000 273.000000 0.744189 0.103621
429.000000 274.000000 0.342264 0.106761
443.000000 274.000000 0.386225 0.106761
206.000000 275.000000 -0.357964 0.109901
298.000000 275.000000 -0.069081 0.109901
306.000000 275.000000 -0.043961 0.109901
621.000000 275.000000 0.945151 0.109901
333.000000 276.000000 0.040820 0.113041
627.000000 276.000000 0.963991 0.113041
42.000000 277.000000 -0.872930 0.116181
238.000000 277.000000 -0.257483 0.116181
289.000000 277.000000 -0.097341 0.116181
604.000000 277.000000 0.891771 0.116181
114.000000 278.000000 -0.646848 0.119321
240.000000 278.000000 -0.251203 0.119321
336.000000 278.000000 0.050241 0.119321
508.000000 279.000000 0.590327 0.122461
595.000000 279.000000 0.863510 0.122461
607.000000 279.000000 0.901191 0.122461
419.000000 280.000000 0.310864 0.125601
421.000000 280.000000 0.317144 0.125601
433.000000 280.000000 0.354824 0.125601
239.000000 281.000000 -0.254343 0.128742
293.000000 281.000000 -0.084781 0.128742
539.000000 281.000000 0.687668 0.128742
216.000000 282.000000 -0.326564 0.131882
390.000000 282.000000 0.219803 0.131882
466.000000 282.000000 0.458445 0.131882
172.000000 283.000000 -0.464725 0.135022
205.000000 283.000000 -0.361104 0.135022
227.000000 283.000000 -0.292023 0.135022
278.000000 283.000000 -0.131882 0.135022
289.000000 283.000000 -0.097341 0.135022
151.000000 284.000000 -0.530666 0.138162
157.000000 284.000000 -0.511826 0.138162
370.000000 284.000000 0.157002 0.138162
420.000000 284.000000 0.314004 0.138162
522.000000 284.000000 0.634288 0.138162
392.000000 285.000000 0.226083 0.141302
505.000000 285.000000 0.580907 0.141302
519.000000 285.000000 0.624867 0.141302
482.000000 286.000000 0.508686 0.144442
486.000000 286.000000 0.521246 0.144442
498.000000 286.000000 0.558927 0.144442
510.000000 286.000000 0.596607 0.144442
336.000000 287.000000 0.050241 0.147582
417.000000 287.000000 0.304584 0.147582
479.000000 287.000000 0.499266 0.147582
45.000000 288.000000 -0.863510 0.150722
57.000000 288.000000 -0.825830 0.150722
147.000000 288.000000 -0.543226 0.150722
178.000000 288.000000 -0.445885 0.150722
375.000000 288.000000 0.172702 0.150722
408.000000 288.000000 0.276323 0.150722
443.000000 288.000000 0.386225 0.150722
473.000000 288.000000 0.480426 0.150722
65.000000 289.000000 -0.800709 0.153862
184.000000 289.000000 -0.427045 0.153862
191.000000 289.000000 -0.405065 0.153862
239.000000 289.000000 -0.254343 0.153862
301.000000 289.000000 -0.059661 0.153862
387.000000 289.000000 0.210382 0.153862
389.000000 289.000000 0.216663 0.153862
391.000000 289.000000 0.222943 0.153862
3.000000 290.000000 -0.995392 0.157002
201.000000 290.000000 -0.373664 0.157002
311.000000 290.000000 -0.028260 0.157002
329.000000 290.000000 0.028260 0.157002
420.000000 290.000000 0.314004 0.157002
423.000000 290.000000 0.323424 0.157002
192.000000 291.000000 -0.401925 0.160142
229.000000 291.000000 -0.285743 0.160142
299.000000 291.000000 -0.065941 0.160142
364.000000 291.000000 0.138162 0.160142
369.000000 291.000000 0.153862 0.160142
223.000000 292.000000 -0.304584 0.163282
312.000000 292.000000 -0.025120 0.163282
393.000000 292.000000 0.229223 0.163282
423.000000 292.000000 0.323424 0.163282
463.000000 292.000000 0.449025 0.163282
62.000000 293.000000 -0.810130 0.166422
151.000000 293.000000 -0.530666 0.166422
295.000000 293.000000 -0.078501 0.166422
342.000000 293.000000 0.069081 0.166422
350.000000 293.000000 0.094201 0.166422
387.000000 293.000000 0.210382 0.166422
418.000000 293.000000 0.307724 0.166422
137.000000 294.000000 -0.574627 0.169562
188.000000 294.000000 -0.414485 0.169562
191.000000 294.000000 -0.405065 0.169562
314.000000 294.000000 -0.018840 0.169562
329.000000 294.000000 0.028260 0.169562
334.000000 294.000000 0.043961 0.169562
36.000000 295.000000 -0.891771 0.172702
354.000000 295.000000 0.106761 0.172702
445.000000 295.000000 0.392505 0.172702
173.000000 296.000000 -0.461585 0.175842
199.000000 296.000000 -0.379945 0.175842
238.000000 296.000000 -0.257483 0.175842
250.000000 296.000000 -0.219803 0.175842
397.000000 296.000000 0.241783 0.175842
402.000000 296.000000 0.257483 0.175842
194.000000 297.000000 -0.395645 0.178982
240.000000 297.000000 -0.251203 0.178982
326.000000 297.000000 0.018840 0.178982
44.000000 298.000000 -0.866650 0.182122
66.000000 298.000000 -0.797569 0.182122
184.000000 298.000000 -0.427045 0.182122
255.000000 298.000000 -0.204102 0.182122
301.000000 298.000000 -0.059661 0.182122
394.000000 298.000000 0.232363 0.182122
387.000000 299.000000 0.210382 0.185262
234.000000 301.000000 -0.270043 0.191542
301.000000 301.000000 -0.059661 0.191542
54.000000 302.000000 -0.835250 0.194682
97.000000 302.000000 -0.700228 0.194682
256.000000 302.000000 -0.200962 0.194682
262.000000 302.000000 -0.182122 0.194682
293.000000 302.000000 -0.084781 0.194682
306.000000 302.000000 -0.043961 0.194682
326.000000 302.000000 0.018840 0.194682
69.000000 303.000000 -0.788149 0.197822
142.000000 303.000000 -0.558927 0.197822
315.000000 303.000000 -0.015700 0.197822
257.000000 304.000000 -0.197822 0.200962
264.000000 304.000000 -0.175842 0.200962
310.000000 304.000000 -0.031400 0.200962
148.000000 305.000000 -0.540086 0.204102
260.000000 305.000000 -0.188402 0.204102
364.000000 305.000000 0.138162 0.204102
38.000000 306.000000 -0.885490 0.207242
73.000000 306.000000 -0.775589 0.207242
228.000000 306.000000 -0.288883 0.207242
237.000000 306.000000 -0.260623 0.207242
277.000000 306.000000 -0.135022 0.207242
44.000000 307.000000 -0.866650 0.210382
152.000000 307.000000 -0.527526 0.210382
232.000000 307.000000 -0.276323 0.210382
240.000000 307.000000 -0.251203 0.210382
328.000000 307.000000 0.025120 0.210382
62.000000 308.000000 -0.810130 0.213523
253.000000 308.000000 -0.210382 0.213523
278.000000 308.000000 -0.131882 0.213523
76.000000 309.000000 -0.766169 0.216663
266.000000 309.000000 -0.169562 0.216663
276.000000 309.000000 -0.138162 0.216663
298.000000 309.000000 -0.069081 0.216663
306.000000 309.000000 -0.043961 0.216663
319.000000 309.000000 -0.003140 0.216663
331.000000 309.000000 0.034540 0.216663
146.000000 310.000000 -0.546366 0.219803
248.000000 310.000000 -0.226083 0.219803
622.000000 310.000000 0.948291 0.219803
240.000000 311.000000 -0.251203 0.222943
259.000000 311.000000 -0.191542 0.222943
266.000000 311.000000 -0.169562 0.222943
268.000000 311.000000 -0.163282 0.222943
275.000000 311.000000 -0.141302 0.222943
59.000000 312.000000 -0.819550 0.226083
71.000000 312.000000 -0.781869 0.226083
320.000000 312.000000 -0.000000 0.226083
330.000000 312.000000 0.031400 0.226083
626.000000 312.000000 0.960851 0.226083
89.000000 313.000000 -0.725349 0.229223
135.000000 313.000000 -0.580907 0.229223
210.000000 313.000000 -0.345404 0.229223
236.000000 313.000000 -0.263763 0.229223
249.000000 313.000000 -0.222943 0.229223
622.000000 313.000000 0.948291 0.229223
30.000000 314.000000 -0.910611 0.232363
242.000000 314.000000 -0.244923 0.232363
331.000000 315.000000 0.034540 0.235503
614.000000 315.000000 0.923171 0.235503
72.000000 316.000000 -0.778729 0.238643
196.000000 316.000000 -0.389365 0.238643
606.000000 316.000000 0.898051 0.238643
57.000000 317.000000 -0.825830 0.241783
114.000000 317.000000 -0.646848 0.241783
66.000000 318.000000 -0.797569 0.244923
582.000000 318.000000 0.822690 0.244923
538.000000 319.000000 0.684528 0.248063
173.000000 320.000000 -0.461585 0.251203
577.000000 320.000000 0.806990 0.251203
13.000000 321.000000 -0.963991 0.254343
526.000000 321.000000 0.646848 0.254343
77.000000 322.000000 -0.763029 0.257483
278.000000 322.000000 -0.131882 0.257483
292.000000 322.000000 -0.087921 0.257483
160.000000 323.000000 -0.502406 0.260623
527.000000 323.000000 0.649988 0.260623
531.000000 323.000000 0.662548 0.260623
544.000000 323.000000 0.703368 0.260623
549.000000 323.000000 0.719069 0.260623
524.000000 324.000000 0.640568 0.263763
538.000000 324.000000 0.684528 0.263763
253.000000 325.000000 -0.210382 0.266903
271.000000 325.000000 -0.153862 0.266903
488.000000 325.000000 0.527526 0.266903
548.000000 325.000000 0.715928 0.266903
4.000000 326.000000 -0.992252 0.270043
184.000000 326.000000 -0.427045 0.270043
265.000000 326.000000 -0.172702 0.270043
478.000000 326.000000 0.496126 0.270043
523.000000 326.000000 0.637428 0.270043
545.000000 326.000000 0.706508 0.270043
223.000000 327.000000 -0.304584 0.273183
515.000000 327.000000 0.612307 0.273183
237.000000 328.000000 -0.260623 0.276323
313.000000 328.000000 -0.021980 0.276323
461.000000 328.000000 0.442745 0.276323
507.000000 328.000000 0.587187 0.276323
551.000000 328.000000 0.725349 0.276323
20.000000 329.000000 -0.942011 0.279463
570.000000 329.000000 0.785009 0.279463
134.000000 330.000000 -0.584047 0.282603
240.000000 330.000000 -0.251203 0.282603
293.000000 330.000000 -0.084781 0.282603
298.000000 330.000000 -0.069081 0.282603
446.000000 330.000000 0.395645 0.282603
448.000000 330.000000 0.401925 0.282603
492.000000 330.000000 0.540086 0.282603
494.000000 330.000000 0.546366 0.282603
221.000000 331.000000 -0.310864 0.285743
291.000000 331.000000 -0.091061 0.285743
335.000000 331.000000 0.047101 0.285743
343.000000 331.000000 0.072221 0.285743
543.000000 331.000000 0.700228 0.285743
561.000000 331.000000 0.756749 0.285743
55.000000 332.000000 -0.832110 0.288883
163.000000 332.000000 -0.492986 0.288883
268.000000 332.000000 -0.163282 0.288883
311.000000 332.000000 -0.028260 0.288883
460.000000 332.000000 0.439605 0.288883
478.000000 332.000000 0.496126 0.288883
152.000000 333.000000 -0.527526 0.292023
466.000000 333.000000 0.458445 0.292023
36.000000 334.000000 -0.891771 0.295163
140.000000 334.000000 -0.565207 0.295163
178.000000 334.000000 -0.445885 0.295163
204.000000 334.000000 -0.364244 0.295163
407.000000 334.000000 0.273183 0.295163
412.000000 334.000000 0.288883 0.295163
460.000000 334.000000 0.439605 0.295163
570.000000 334.000000 0.785009 0.295163
25.000000 335.000000 -0.926311 0.298304
355.000000 335.000000 0.109901 0.298304
457.000000 335.000000 0.430185 0.298304
235.000000 336.000000 -0.266903 0.301444
402.000000 336.000000 0.257483 0.301444
557.000000 336.000000 0.744189 0.301444
40.000000 337.000000 -0.879210 0.304584
82.000000 337.000000 -0.747329 0.304584
21.000000 338.000000 -0.938871 0.307724
32.000000 338.000000 -0.904331 0.307724
102.000000 338.000000 -0.684528 0.307724
68.000000 339.000000 -0.791289 0.310864
402.000000 339.000000 0.257483 0.310864
390.000000 340.000000 0.219803 0.314004
405.000000 340.000000 0.266903 0.314004
408.000000 340.000000 0.276323 0.314004
402.000000 341.000000 0.257483 0.317144
363.000000 342.000000 0.135022 0.320284
154.000000 343.000000 -0.521246 0.323424
171.000000 343.000000 -0.467866 0.323424
360.000000 343.000000 0.125601 0.323424
405.000000 343.000000 0.266903 0.323424
16.000000 347.000000 -0.954571 0.335984
94.000000 347.000000 -0.709648 0.335984
589.000000 348.000000 0.844670 0.339124
191.000000 349.000000 -0.405065 0.342264
155.000000 350.000000 -0.518106 0.345404
221.000000 350.000000 -0.310864 0.345404
593.000000 350.000000 0.857230 0.345404
87.000000 352.000000 -0.731629 0.351684
57.000000 354.000000 -0.825830 0.357964
133.000000 355.000000 -0.587187 0.361104
142.000000 355.000000 -0.558927 0.361104
150.000000 356.000000 -0.533806 0.364244
372.000000 357.000000 0.163282 0.367384
145.000000 359.000000 -0.549506 0.373664
169.000000 359.000000 -0.474146 0.373664
373.000000 359.000000 0.166422 0.373664
157.000000 360.000000 -0.511826 0.376804
561.000000 360.000000 0.756749 0.376804
145.000000 361.000000 -0.549506 0.379945
153.000000 361.000000 -0.524386 0.379945
16.000000 363.000000 -0.954571 0.386225
378.000000 363.000000 0.182122 0.386225
150.000000 364.000000 -0.533806 0.389365
489.000000 364.000000 0.530666 0.389365
531.000000 365.000000 0.662548 0.392505
382.000000 367.000000 0.194682 0.398785
37.000000 368.000000 -0.888631 0.401925
527.000000 368.000000 0.649988 0.401925
520.000000 369.000000 0.628007 0.405065
515.000000 370.000000 0.612307 0.408205
137.000000 371.000000 -0.574627 0.411345
174.000000 371.000000 -0.458445 0.411345
387.000000 371.000000 0.210382 0.411345
143.000000 373.000000 -0.555787 0.417625
141.000000 377.000000 -0.562067 0.430185
137.000000 379.000000 -0.574627 0.436465
136.000000 381.000000 -0.577767 0.442745
431.000000 382.000000 0.348544 0.445885
132.000000 386.000000 -0.590327 0.458445
233.000000 387.000000 -0.273183 0.461585
236.000000 387.000000 -0.263763 0.461585
130.000000 388.000000 -0.596607 0.464725
499.000000 390.000000 0.562067 0.471006
125.000000 392.000000 -0.612307 0.477286
108.000000 393.000000 -0.665688 0.480426
385.000000 393.000000 0.204102 0.480426
103.000000 394.000000 -0.681388 0.483566
373.000000 394.000000 0.166422 0.483566
524.000000 395.000000 0.640568 0.486706
95.000000 396.000000 -0.706508 0.489846
366.000000 396.000000 0.144442 0.489846
360.000000 397.000000 0.125601 0.492986
545.000000 397.000000 0.706508 0.492986
348.000000 398.000000 0.087921 0.496126
354.000000 398.000000 0.106761 0.496126
542.000000 398.000000 0.697088 0.496126
479.000000 399.000000 0.499266 0.499266
149.000000 400.000000 -0.536946 0.502406
477.000000 402.000000 0.492986 0.508686
323.000000 403.000000 0.009420 0.511826
220.000000 404.000000 -0.314004 0.514966
316.000000 404.000000 -0.012560 0.514966
310.000000 405.000000 -0.031400 0.518106
567.000000 405.000000 0.775589 0.518106
577.000000 406.000000 0.806990 0.521246
111.000000 407.000000 -0.656268 0.524386
114.000000 407.000000 -0.646848 0.524386
298.000000 407.000000 -0.069081 0.524386
55.000000 408.000000 -0.832110 0.527526
60.000000 408.000000 -0.816410 0.527526
285.000000 409.000000 -0.109901 0.530666
267.000000 411.000000 -0.166422 0.536946
273.000000 411.000000 -0.147582 0.536946
260.000000 413.000000 -0.188402 0.543226
141.000000 414.000000 -0.562067 0.546366
254.000000 414.000000 -0.207242 0.546366
174.000000 415.000000 -0.458445 0.549506
241.000000 415.000000 -0.248063 0.549506
248.000000 415.000000 -0.226083 0.549506
80.000000 416.000000 -0.753609 0.552647
102.000000 418.000000 -0.684528 0.558927
216.000000 419.000000 -0.326564 0.562067
223.000000 419.000000 -0.304584 0.562067
210.000000 420.000000 -0.345404 0.565207
204.000000 421.000000 -0.364244 0.568347
198.000000 422.000000 -0.383085 0.571487
586.000000 423.000000 0.835250 0.574627
399.000000 424.000000 0.248063 0.577767
324.000000 427.000000 0.012560 0.587187
603.000000 428.000000 0.888631 0.590327
135.000000 429.000000 -0.580907 0.593467
154.000000 430.000000 -0.521246 0.596607
503.000000 430.000000 0.574627 0.596607
601.000000 430.000000 0.882350 0.596607
582.000000 431.000000 0.822690 0.599747
142.000000 432.000000 -0.558927 0.602887
199.000000 432.000000 -0.379945 0.602887
521.000000 432.000000 0.631147 0.602887
87.000000 433.000000 -0.731629 0.606027
89.000000 433.000000 -0.725349 0.606027
135.000000 433.000000 -0.580907 0.606027
542.000000 433.000000 0.697088 0.606027
122.000000 434.000000 -0.621727 0.609167
415.000000 434.000000 0.298304 0.609167
117.000000 435.000000 -0.637428 0.612307
554.000000 435.000000 0.734769 0.612307
110.000000 436.000000 -0.659408 0.615447
192.000000 437.000000 -0.401925 0.618587
17.000000 438.000000 -0.951431 0.621727
558.000000 438.000000 0.747329 0.621727
84.000000 439.000000 -0.741049 0.624867
92.000000 439.000000 -0.715928 0.624867
526.000000 439.000000 0.646848 0.624867
191.000000 440.000000 -0.405065 0.628007
499.000000 440.000000 0.562067 0.628007
571.000000 440.000000 0.788149 0.628007
82.000000 441.000000 -0.747329 0.631147
85.000000 441.000000 -0.737909 0.631147
154.000000 442.000000 -0.521246 0.634288
89.000000 444.000000 -0.725349 0.640568
116.000000 444.000000 -0.640568 0.640568
182.000000 444.000000 -0.433325 0.640568
449.000000 444.000000 0.405065 0.640568
96.000000 446.000000 -0.703368 0.646848
500.000000 446.000000 0.565207 0.646848
597.000000 446.000000 0.869790 0.646848
180.000000 447.000000 -0.439605 0.649988
531.000000 447.000000 0.662548 0.649988
160.000000 448.000000 -0.502406 0.653128
187.000000 449.000000 -0.417625 0.656268
197.000000 449.000000 -0.386225 0.656268
115.000000 450.000000 -0.643708 0.659408
299.000000 450.000000 -0.065941 0.659408
144.000000 452.000000 -0.552647 0.665688
155.000000 452.000000 -0.518106 0.665688
241.000000 452.000000 -0.248063 0.665688
257.000000 452.000000 -0.197822 0.665688
398.000000 452.000000 0.244923 0.665688
539.000000 452.000000 0.687668 0.665688
625.000000 452.000000 0.957711 0.665688
169.000000 453.000000 -0.474146 0.668828
259.000000 453.000000 -0.191542 0.668828
591.000000 453.000000 0.850950 0.668828
142.000000 454.000000 -0.558927 0.671968
238.000000 454.000000 -0.257483 0.671968
551.000000 454.000000 0.725349 0.671968
156.000000 455.000000 -0.514966 0.675108
190.000000 455.000000 -0.408205 0.675108
412.000000 455.000000 0.288883 0.675108
457.000000 455.000000 0.430185 0.675108
559.000000 455.000000 0.750469 0.675108
569.000000 455.000000 0.781869 0.675108
621.000000 455.000000 0.945151 0.675108
5.000000 456.000000 -0.989112 0.678248
71.000000 456.000000 -0.781869 0.678248
147.000000 456.000000 -0.543226 0.678248
296.000000 456.000000 -0.075361 0.678248
515.000000 456.000000 0.612307 0.678248
585.000000 456.000000 0.832110 0.678248
589.000000 456.000000 0.844670 0.678248
173.000000 457.000000 -0.461585 0.681388
199.000000 457.000000 -0.379945 0.681388
202.000000 457.000000 -0.370524 0.681388
591.000000 458.000000 0.850950 0.684528
118.000000 459.000000 -0.634288 0.687668
138.000000 459.000000 -0.571487 0.687668
264.000000 459.000000 -0.175842 0.687668
489.000000 459.000000 0.530666 0.687668
583.000000 459.000000 0.825830 0.687668
617.000000 459.000000 0.932591 0.687668
127.000000 460.000000 -0.606027 0.690808
143.000000 460.000000 -0.555787 0.690808
595.000000 460.000000 0.863510 0.690808
136.000000 461.000000 -0.577767 0.693948
56.000000 462.000000 -0.828970 0.697088
96.000000 462.000000 -0.703368 0.697088
170.000000 462.000000 -0.471006 0.697088
173.000000 462.000000 -0.461585 0.697088
195.000000 462.000000 -0.392505 0.697088
209.000000 462.000000 -0.348544 0.697088
252.000000 462.000000 -0.213523 0.697088
255.000000 462.000000 -0.204102 0.697088
52.000000 463.000000 -0.841530 0.700228
66.000000 463.000000 -0.797569 0.700228
125.000000 463.000000 -0.612307 0.700228
268.000000 463.000000 -0.163282 0.700228
313.000000 463.000000 -0.021980 0.700228
501.000000 463.000000 0.568347 0.700228
565.000000 463.000000 0.769309 0.700228
57.000000 464.000000 -0.825830 0.703368
120.000000 464.000000 -0.628007 0.703368
434.000000 464.000000 0.357964 0.703368
618.000000 464.000000 0.935731 0.703368
11.000000 465.000000 -0.970271 0.706508
37.000000 465.000000 -0.888631 0.706508
48.000000 465.000000 -0.854090 0.706508
50.000000 465.000000 -0.847810 0.706508
91.000000 465.000000 -0.719069 0.706508
124.000000 465.000000 -0.615447 0.706508
151.000000 465.000000 -0.530666 0.706508
190.000000 465.000000 -0.408205 0.706508
209.000000 465.000000 -0.348544 0.706508
560.000000 465.000000 0.753609 0.706508
592.000000 465.000000 0.854090 0.706508
114.000000 466.000000 -0.646848 0.709648
211.000000 466.000000 -0.342264 0.709648
381.000000 466.000000 0.191542 0.709648
434.000000 466.000000 0.357964 0.709648
456.000000 466.000000 0.427045 0.709648
584.000000 466.000000 0.828970 0.709648
33.000000 467.000000 -0.901191 0.712788
56.000000 467.000000 -0.828970 0.712788
59.000000 467.000000 -0.819550 0.712788
67.000000 467.000000 -0.794429 0.712788
75.000000 467.000000 -0.769309 0.712788
207.000000 467.000000 -0.354824 0.712788
215.000000 467.000000 -0.329704 0.712788
553.000000 467.000000 0.731629 0.712788
596.000000 467.000000 0.866650 0.712788
53.000000 468.000000 -0.838390 0.715928
138.000000 468.000000 -0.571487 0.715928
168.000000 468.000000 -0.477286 0.715928
245.000000 468.000000 -0.235503 0.715928
572.000000 468.000000 0.791289 0.715928
197.000000 469.000000 -0.386225 0.719069
518.000000 469.000000 0.621727 0.719069
530.000000 469.000000 0.659408 0.719069
582.000000 469.000000 0.822690 0.719069
56.000000 470.000000 -0.828970 0.722209
173.000000 470.000000 -0.461585 0.722209
347.000000 470.000000 0.084781 0.722209
515.000000 470.000000 0.612307 0.722209
636.000000 470.000000 0.992252 0.722209
182.000000 471.000000 -0.433325 0.725349
279.000000 471.000000 -0.128742 0.725349
406.000000 471.000000 0.270043 0.725349
153.000000 472.000000 -0.524386 0.728489
499.000000 472.000000 0.562067 0.728489
632.000000 472.000000 0.979692 0.728489
100.000000 473.000000 -0.690808 0.731629
363.000000 473.000000 0.135022 0.731629
25.000000 474.000000 -0.926311 0.734769
55.000000 474.000000 -0.832110 0.734769
337.000000 474.000000 0.053381 0.734769
538.000000 474.000000 0.684528 0.734769
96.000000 475.000000 -0.703368 0.737909
325.000000 475.000000 0.015700 0.737909
592.000000 475.000000 0.854090 0.737909
189.000000 476.000000 -0.411345 0.741049
207.000000 476.000000 -0.354824 0.741049
352.000000 476.000000 0.100481 0.741049
581.000000 476.000000 0.819550 0.741049
