209.000000 3.000000 -0.348544 -0.744189
566.000000 3.000000 0.772449 -0.744189
245.000000 4.000000 -0.235503 -0.741049
523.000000 4.000000 0.637428 -0.741049
291.000000 5.000000 -0.091061 -0.737909
547.000000 5.000000 0.712788 -0.737909
562.000000 5.000000 0.759889 -0.737909
600.000000 5.000000 0.879210 -0.737909
606.000000 5.000000 0.898051 -0.737909
620.000000 5.000000 0.942011 -0.737909
236.000000 6.000000 -0.263763 -0.734769
519.000000 6.000000 0.624867 -0.734769
560.000000 6.000000 0.753609 -0.734769
604.000000 6.000000 0.891771 -0.734769
210.000000 7.000000 -0.345404 -0.731629
226.000000 7.000000 -0.295163 -0.731629
277.000000 7.000000 -0.135022 -0.731629
524.000000 7.000000 0.640568 -0.731629
552.000000 7.000000 0.728489 -0.731629
565.000000 7.000000 0.769309 -0.731629
583.000000 7.000000 0.825830 -0.731629
600.000000 7.000000 0.879210 -0.731629
190.000000 8.000000 -0.408205 -0.728489
349.000000 8.000000 0.091061 -0.728489
527.000000 8.000000 0.649988 -0.728489
620.000000 8.000000 0.942011 -0.728489
210.000000 9.000000 -0.345404 -0.725349
559.000000 9.000000 0.750469 -0.725349
563.000000 9.000000 0.763029 -0.725349
226.000000 10.000000 -0.295163 -0.722209
278.000000 10.000000 -0.131882 -0.722209
567.000000 10.000000 0.775589 -0.722209
259.000000 12.000000 -0.191542 -0.715928
321.000000 12.000000 0.003140 -0.715928
463.000000 12.000000 0.449025 -0.715928
232.000000 13.000000 -0.276323 -0.712788
308.000000 13.000000 -0.037680 -0.712788
385.000000 13.000000 0.204102 -0.712788
519.000000 13.000000 0.624867 -0.712788
566.000000 13.000000 0.772449 -0.712788
237.000000 14.000000 -0.260623 -0.709648
322.000000 14.000000 0.006280 -0.709648
399.000000 14.000000 0.248063 -0.709648
464.000000 14.000000 0.452165 -0.709648
541.000000 14.000000 0.693948 -0.709648
561.000000 14.000000 0.756749 -0.709648
599.000000 14.000000 0.876070 -0.709648
225.000000 15.000000 -0.298304 -0.706508
390.000000 15.000000 0.219803 -0.706508
181.000000 16.000000 -0.436465 -0.703368
246.000000 16.000000 -0.232363 -0.703368
251.000000 17.000000 -0.216663 -0.700228
560.000000 17.000000 0.753609 -0.700228
225.000000 18.000000 -0.298304 -0.697088
563.000000 18.000000 0.763029 -0.697088
565.000000 18.000000 0.769309 -0.697088
260.000000 19.000000 -0.188402 -0.693948
524.000000 19.000000 0.640568 -0.693948
602.000000 19.000000 0.885490 -0.693948
213.000000 20.000000 -0.335984 -0.690808
598.000000 20.000000 0.872930 -0.690808
265.000000 21.000000 -0.172702 -0.687668
460.000000 21.000000 0.439605 -0.687668
213.000000 22.000000 -0.335984 -0.684528
451.000000 22.000000 0.411345 -0.684528
524.000000 22.000000 0.640568 -0.684528
585.000000 22.000000 0.832110 -0.684528
274.000000 23.000000 -0.144442 -0.681388
423.000000 23.000000 0.323424 -0.681388
534.000000 23.000000 0.671968 -0.681388
601.000000 23.000000 0.882350 -0.681388
279.000000 24.000000 -0.128742 -0.678248
321.000000 24.000000 0.003140 -0.678248
288.000000 26.000000 -0.100481 -0.671968
514.000000 26.000000 0.609167 -0.671968
228.000000 27.000000 -0.288883 -0.668828
293.000000 27.000000 -0.084781 -0.668828
313.000000 27.000000 -0.021980 -0.668828
603.000000 27.000000 0.888631 -0.668828
224.000000 29.000000 -0.301444 -0.662548
302.000000 29.000000 -0.056521 -0.662548
313.000000 29.000000 -0.021980 -0.662548
497.000000 29.000000 0.555787 -0.662548
626.000000 29.000000 0.960851 -0.662548
235.000000 30.000000 -0.266903 -0.659408
239.000000 30.000000 -0.254343 -0.659408
254.000000 30.000000 -0.207242 -0.659408
258.000000 30.000000 -0.194682 -0.659408
266.000000 30.000000 -0.169562 -0.659408
307.000000 30.000000 -0.040820 -0.659408
329.000000 30.000000 0.028260 -0.659408
606.000000 30.000000 0.898051 -0.659408
216.000000 31.000000 -0.326564 -0.656268
474.000000 32.000000 0.483566 -0.653128
492.000000 33.000000 0.540086 -0.649988
340.000000 34.000000 0.062801 -0.646848
528.000000 34.000000 0.653128 -0.646848
320.000000 35.000000 -0.000000 -0.643708
524.000000 35.000000 0.640568 -0.643708
223.000000 36.000000 -0.304584 -0.640568
273.000000 36.000000 -0.147582 -0.640568
516.000000 36.000000 0.615447 -0.640568
217.000000 37.000000 -0.323424 -0.637428
472.000000 37.000000 0.477286 -0.637428
225.000000 38.000000 -0.298304 -0.634288
217.000000 39.000000 -0.323424 -0.631147
261.000000 39.000000 -0.185262 -0.631147
373.000000 39.000000 0.166422 -0.631147
481.000000 39.000000 0.505546 -0.631147
565.000000 39.000000 0.769309 -0.631147
223.000000 40.000000 -0.304584 -0.628007
567.000000 40.000000 0.775589 -0.628007
520.000000 41.000000 0.628007 -0.624867
319.000000 42.000000 -0.003140 -0.621727
516.000000 42.000000 0.615447 -0.621727
611.000000 43.000000 0.913751 -0.618587
634.000000 43.000000 0.985972 -0.618587
283.000000 44.000000 -0.116181 -0.615447
347.000000 45.000000 0.084781 -0.612307
222.000000 46.000000 -0.307724 -0.609167
319.000000 46.000000 -0.003140 -0.609167
516.000000 46.000000 0.615447 -0.609167
556.000000 46.000000 0.741049 -0.609167
626.000000 46.000000 0.960851 -0.609167
519.000000 47.000000 0.624867 -0.606027
286.000000 48.000000 -0.106761 -0.602887
382.000000 48.000000 0.194682 -0.602887
311.000000 49.000000 -0.028260 -0.599747
560.000000 49.000000 0.753609 -0.599747
556.000000 50.000000 0.741049 -0.596607
501.000000 51.000000 0.568347 -0.593467
579.000000 51.000000 0.813270 -0.593467
597.000000 51.000000 0.869790 -0.593467
503.000000 52.000000 0.574627 -0.590327
222.000000 53.000000 -0.307724 -0.587187
522.000000 53.000000 0.634288 -0.587187
558.000000 53.000000 0.747329 -0.587187
224.000000 54.000000 -0.301444 -0.584047
249.000000 54.000000 -0.222943 -0.584047
355.000000 54.000000 0.109901 -0.584047
497.000000 54.000000 0.555787 -0.584047
229.000000 55.000000 -0.285743 -0.580907
234.000000 55.000000 -0.270043 -0.580907
267.000000 55.000000 -0.166422 -0.580907
298.000000 55.000000 -0.069081 -0.580907
318.000000 55.000000 -0.006280 -0.580907
555.000000 55.000000 0.737909 -0.580907
464.000000 56.000000 0.452165 -0.577767
596.000000 56.000000 0.866650 -0.577767
170.000000 57.000000 -0.471006 -0.574627
240.000000 57.000000 -0.251203 -0.574627
341.000000 57.000000 0.065941 -0.574627
522.000000 57.000000 0.634288 -0.574627
545.000000 57.000000 0.706508 -0.574627
245.000000 58.000000 -0.235503 -0.571487
221.000000 59.000000 -0.310864 -0.568347
250.000000 59.000000 -0.219803 -0.568347
255.000000 59.000000 -0.204102 -0.568347
261.000000 60.000000 -0.185262 -0.565207
460.000000 60.000000 0.439605 -0.565207
22.000000 61.000000 -0.935731 -0.562067
172.000000 61.000000 -0.464725 -0.562067
221.000000 62.000000 -0.310864 -0.558927
266.000000 62.000000 -0.169562 -0.558927
481.000000 62.000000 0.505546 -0.558927
565.000000 62.000000 0.769309 -0.558927
19.000000 63.000000 -0.945151 -0.555787
271.000000 63.000000 -0.153862 -0.555787
276.000000 63.000000 -0.138162 -0.555787
243.000000 64.000000 -0.241783 -0.552647
281.000000 64.000000 -0.122461 -0.552647
600.000000 64.000000 0.879210 -0.552647
45.000000 65.000000 -0.863510 -0.549506
26.000000 66.000000 -0.923171 -0.546366
29.000000 66.000000 -0.913751 -0.546366
48.000000 66.000000 -0.854090 -0.546366
51.000000 66.000000 -0.844670 -0.546366
175.000000 66.000000 -0.455305 -0.546366
287.000000 66.000000 -0.103621 -0.546366
317.000000 66.000000 -0.009420 -0.546366
20.000000 67.000000 -0.942011 -0.543226
36.000000 67.000000 -0.891771 -0.543226
56.000000 67.000000 -0.828970 -0.543226
292.000000 67.000000 -0.087921 -0.543226
297.000000 67.000000 -0.072221 -0.543226
34.000000 68.000000 -0.898051 -0.540086
43.000000 68.000000 -0.869790 -0.540086
60.000000 68.000000 -0.816410 -0.540086
63.000000 68.000000 -0.806990 -0.540086
176.000000 68.000000 -0.452165 -0.540086
228.000000 68.000000 -0.288883 -0.540086
302.000000 68.000000 -0.056521 -0.540086
52.000000 69.000000 -0.841530 -0.536946
55.000000 69.000000 -0.832110 -0.536946
66.000000 69.000000 -0.797569 -0.536946
69.000000 69.000000 -0.788149 -0.536946
50.000000 70.000000 -0.847810 -0.533806
72.000000 70.000000 -0.778729 -0.533806
75.000000 70.000000 -0.769309 -0.533806
78.000000 70.000000 -0.759889 -0.533806
177.000000 70.000000 -0.449025 -0.533806
308.000000 70.000000 -0.037680 -0.533806
579.000000 70.000000 0.813270 -0.533806
583.000000 70.000000 0.825830 -0.533806
594.000000 70.000000 0.860370 -0.533806
36.000000 71.000000 -0.891771 -0.530666
81.000000 71.000000 -0.750469 -0.530666
85.000000 71.000000 -0.737909 -0.530666
228.000000 71.000000 -0.288883 -0.530666
635.000000 71.000000 0.989112 -0.530666
58.000000 72.000000 -0.822690 -0.527526
87.000000 72.000000 -0.731629 -0.527526
178.000000 72.000000 -0.445885 -0.527526
220.000000 72.000000 -0.314004 -0.527526
265.000000 72.000000 -0.172702 -0.527526
39.000000 73.000000 -0.882350 -0.524386
41.000000 73.000000 -0.876070 -0.524386
76.000000 73.000000 -0.766169 -0.524386
92.000000 73.000000 -0.715928 -0.524386
498.000000 73.000000 0.558927 -0.524386
50.000000 74.000000 -0.847810 -0.521246
64.000000 74.000000 -0.803850 -0.521246
78.000000 74.000000 -0.759889 -0.521246
98.000000 74.000000 -0.697088 -0.521246
179.000000 74.000000 -0.442745 -0.521246
512.000000 74.000000 0.602887 -0.521246
104.000000 75.000000 -0.678248 -0.518106
28.000000 76.000000 -0.916891 -0.514966
58.000000 76.000000 -0.822690 -0.514966
86.000000 76.000000 -0.734769 -0.514966
94.000000 76.000000 -0.709648 -0.514966
107.000000 76.000000 -0.668828 -0.514966
110.000000 76.000000 -0.659408 -0.514966
180.000000 76.000000 -0.439605 -0.514966
210.000000 76.000000 -0.345404 -0.514966
245.000000 76.000000 -0.235503 -0.514966
316.000000 76.000000 -0.012560 -0.514966
540.000000 76.000000 0.690808 -0.514966
65.000000 77.000000 -0.800709 -0.511826
92.000000 77.000000 -0.715928 -0.511826
113.000000 77.000000 -0.649988 -0.511826
116.000000 77.000000 -0.640568 -0.511826
620.000000 77.000000 0.942011 -0.511826
21.000000 78.000000 -0.938871 -0.508686
39.000000 78.000000 -0.882350 -0.508686
88.000000 78.000000 -0.728489 -0.508686
100.000000 78.000000 -0.690808 -0.508686
107.000000 78.000000 -0.668828 -0.508686
120.000000 78.000000 -0.628007 -0.508686
123.000000 78.000000 -0.618587 -0.508686
126.000000 78.000000 -0.609167 -0.508686
181.000000 78.000000 -0.436465 -0.508686
409.000000 78.000000 0.279463 -0.508686
547.000000 78.000000 0.712788 -0.508686
49.000000 79.000000 -0.850950 -0.505546
56.000000 79.000000 -0.828970 -0.505546
85.000000 79.000000 -0.737909 -0.505546
128.000000 79.000000 -0.602887 -0.505546
219.000000 79.000000 -0.317144 -0.505546
318.000000 79.000000 -0.006280 -0.505546
53.000000 80.000000 -0.838390 -0.502406
95.000000 80.000000 -0.706508 -0.502406
109.000000 80.000000 -0.662548 -0.502406
541.000000 80.000000 0.693948 -0.502406
568.000000 80.000000 0.778729 -0.502406
612.000000 80.000000 0.916891 -0.502406
24.000000 81.000000 -0.929451 -0.499266
61.000000 81.000000 -0.813270 -0.499266
103.000000 81.000000 -0.681388 -0.499266
116.000000 81.000000 -0.640568 -0.499266
133.000000 81.000000 -0.587187 -0.499266
161.000000 81.000000 -0.499266 -0.499266
514.000000 81.000000 0.609167 -0.499266
32.000000 82.000000 -0.904331 -0.496126
38.000000 82.000000 -0.885490 -0.496126
64.000000 82.000000 -0.803850 -0.496126
123.000000 82.000000 -0.618587 -0.496126
141.000000 82.000000 -0.562067 -0.496126
154.000000 82.000000 -0.521246 -0.496126
157.000000 82.000000 -0.511826 -0.496126
221.000000 82.000000 -0.310864 -0.496126
542.000000 82.000000 0.697088 -0.496126
565.000000 82.000000 0.769309 -0.496126
20.000000 83.000000 -0.942011 -0.492986
41.000000 83.000000 -0.876070 -0.492986
87.000000 83.000000 -0.731629 -0.492986
93.000000 83.000000 -0.712788 -0.492986
101.000000 83.000000 -0.687668 -0.492986
130.000000 83.000000 -0.596607 -0.492986
136.000000 83.000000 -0.577767 -0.492986
144.000000 83.000000 -0.552647 -0.492986
219.000000 83.000000 -0.317144 -0.492986
47.000000 84.000000 -0.857230 -0.489846
49.000000 84.000000 -0.850950 -0.489846
72.000000 84.000000 -0.778729 -0.489846
104.000000 84.000000 -0.678248 -0.489846
106.000000 84.000000 -0.671968 -0.489846
132.000000 84.000000 -0.590327 -0.489846
163.000000 84.000000 -0.492986 -0.489846
170.000000 84.000000 -0.471006 -0.489846
511.000000 84.000000 0.599747 -0.489846
55.000000 85.000000 -0.832110 -0.486706
114.000000 85.000000 -0.646848 -0.486706
124.000000 85.000000 -0.615447 -0.486706
127.000000 85.000000 -0.606027 -0.486706
481.000000 85.000000 0.505546 -0.486706
588.000000 85.000000 0.841530 -0.486706
57.000000 86.000000 -0.825830 -0.483566
63.000000 86.000000 -0.806990 -0.483566
80.000000 86.000000 -0.753609 -0.483566
82.000000 86.000000 -0.747329 -0.483566
85.000000 86.000000 -0.737909 -0.483566
93.000000 86.000000 -0.712788 -0.483566
122.000000 86.000000 -0.621727 -0.483566
135.000000 86.000000 -0.580907 -0.483566
315.000000 86.000000 -0.015700 -0.483566
553.000000 86.000000 0.731629 -0.483566
65.000000 87.000000 -0.800709 -0.480426
71.000000 87.000000 -0.781869 -0.480426
96.000000 87.000000 -0.703368 -0.480426
101.000000 87.000000 -0.687668 -0.480426
104.000000 87.000000 -0.678248 -0.480426
128.000000 87.000000 -0.602887 -0.480426
143.000000 87.000000 -0.555787 -0.480426
154.000000 87.000000 -0.521246 -0.480426
189.000000 87.000000 -0.411345 -0.480426
390.000000 87.000000 0.219803 -0.480426
558.000000 87.000000 0.747329 -0.480426
73.000000 88.000000 -0.775589 -0.477286
87.000000 88.000000 -0.731629 -0.477286
112.000000 88.000000 -0.653128 -0.477286
161.000000 88.000000 -0.499266 -0.477286
307.000000 88.000000 -0.040820 -0.477286
515.000000 88.000000 0.612307 -0.477286
79.000000 89.000000 -0.756749 -0.474146
96.000000 89.000000 -0.703368 -0.474146
104.000000 89.000000 -0.678248 -0.474146
120.000000 89.000000 -0.628007 -0.474146
131.000000 89.000000 -0.593467 -0.474146
134.000000 89.000000 -0.584047 -0.474146
137.000000 89.000000 -0.574627 -0.474146
149.000000 89.000000 -0.536946 -0.474146
209.000000 89.000000 -0.348544 -0.474146
512.000000 89.000000 0.602887 -0.474146
117.000000 90.000000 -0.637428 -0.471006
140.000000 90.000000 -0.565207 -0.471006
169.000000 90.000000 -0.474146 -0.471006
185.000000 90.000000 -0.423905 -0.471006
205.000000 90.000000 -0.361104 -0.471006
553.000000 90.000000 0.731629 -0.471006
557.000000 90.000000 0.744189 -0.471006
89.000000 91.000000 -0.725349 -0.467866
124.000000 91.000000 -0.615447 -0.467866
165.000000 91.000000 -0.486706 -0.467866
209.000000 91.000000 -0.348544 -0.467866
215.000000 91.000000 -0.329704 -0.467866
218.000000 91.000000 -0.320284 -0.467866
220.000000 91.000000 -0.314004 -0.467866
516.000000 91.000000 0.615447 -0.467866
524.000000 91.000000 0.640568 -0.467866
95.000000 92.000000 -0.706508 -0.464725
97.000000 92.000000 -0.700228 -0.464725
103.000000 92.000000 -0.681388 -0.464725
119.000000 92.000000 -0.631147 -0.464725
127.000000 92.000000 -0.606027 -0.464725
135.000000 92.000000 -0.580907 -0.464725
162.000000 92.000000 -0.496126 -0.464725
191.000000 92.000000 -0.405065 -0.464725
212.000000 92.000000 -0.339124 -0.464725
106.000000 93.000000 -0.671968 -0.461585
139.000000 93.000000 -0.568347 -0.461585
222.000000 93.000000 -0.307724 -0.461585
510.000000 93.000000 0.596607 -0.461585
513.000000 93.000000 0.606027 -0.461585
555.000000 93.000000 0.737909 -0.461585
591.000000 93.000000 0.850950 -0.461585
91.000000 94.000000 -0.719069 -0.458445
111.000000 94.000000 -0.656268 -0.458445
135.000000 94.000000 -0.580907 -0.458445
149.000000 94.000000 -0.536946 -0.458445
165.000000 94.000000 -0.486706 -0.458445
177.000000 94.000000 -0.449025 -0.458445
225.000000 94.000000 -0.298304 -0.458445
551.000000 94.000000 0.725349 -0.458445
596.000000 94.000000 0.866650 -0.458445
119.000000 95.000000 -0.631147 -0.455305
142.000000 95.000000 -0.558927 -0.455305
186.000000 95.000000 -0.420765 -0.455305
198.000000 95.000000 -0.383085 -0.455305
484.000000 95.000000 0.514966 -0.455305
553.000000 95.000000 0.731629 -0.455305
588.000000 95.000000 0.841530 -0.455305
105.000000 96.000000 -0.675108 -0.452165
144.000000 96.000000 -0.552647 -0.452165
147.000000 96.000000 -0.543226 -0.452165
155.000000 96.000000 -0.518106 -0.452165
515.000000 96.000000 0.612307 -0.452165
111.000000 97.000000 -0.656268 -0.449025
115.000000 97.000000 -0.643708 -0.449025
128.000000 97.000000 -0.602887 -0.449025
134.000000 97.000000 -0.584047 -0.449025
162.000000 97.000000 -0.496126 -0.449025
165.000000 97.000000 -0.486706 -0.449025
201.000000 97.000000 -0.373664 -0.449025
205.000000 97.000000 -0.361104 -0.449025
211.000000 97.000000 -0.342264 -0.449025
306.000000 97.000000 -0.043961 -0.449025
555.000000 97.000000 0.737909 -0.449025
591.000000 97.000000 0.850950 -0.449025
136.000000 98.000000 -0.577767 -0.445885
172.000000 98.000000 -0.464725 -0.445885
219.000000 98.000000 -0.317144 -0.445885
225.000000 98.000000 -0.298304 -0.445885
165.000000 99.000000 -0.486706 -0.442745
174.000000 99.000000 -0.458445 -0.442745
179.000000 99.000000 -0.442745 -0.442745
190.000000 99.000000 -0.408205 -0.442745
207.000000 99.000000 -0.354824 -0.442745
232.000000 99.000000 -0.276323 -0.442745
512.000000 99.000000 0.602887 -0.442745
518.000000 99.000000 0.621727 -0.442745
550.000000 99.000000 0.722209 -0.442745
557.000000 99.000000 0.744189 -0.442745
144.000000 100.000000 -0.552647 -0.439605
177.000000 100.000000 -0.449025 -0.439605
198.000000 100.000000 -0.383085 -0.439605
212.000000 100.000000 -0.339124 -0.439605
222.000000 100.000000 -0.307724 -0.439605
535.000000 100.000000 0.675108 -0.439605
137.000000 101.000000 -0.574627 -0.436465
140.000000 101.000000 -0.565207 -0.436465
149.000000 101.000000 -0.536946 -0.436465
193.000000 101.000000 -0.398785 -0.436465
205.000000 101.000000 -0.361104 -0.436465
219.000000 101.000000 -0.317144 -0.436465
250.000000 101.000000 -0.219803 -0.436465
556.000000 101.000000 0.741049 -0.436465
558.000000 101.000000 0.747329 -0.436465
57.000000 102.000000 -0.825830 -0.433325
158.000000 102.000000 -0.508686 -0.433325
164.000000 102.000000 -0.489846 -0.433325
186.000000 102.000000 -0.420765 -0.433325
245.000000 102.000000 -0.235503 -0.433325
256.000000 102.000000 -0.200962 -0.433325
266.000000 102.000000 -0.169562 -0.433325
375.000000 102.000000 0.172702 -0.433325
589.000000 102.000000 0.844670 -0.433325
166.000000 103.000000 -0.483566 -0.430185
193.000000 103.000000 -0.398785 -0.430185
198.000000 103.000000 -0.383085 -0.430185
200.000000 103.000000 -0.376804 -0.430185
260.000000 103.000000 -0.188402 -0.430185
556.000000 103.000000 0.741049 -0.430185
562.000000 103.000000 0.759889 -0.430185
172.000000 104.000000 -0.464725 -0.427045
223.000000 104.000000 -0.304584 -0.427045
239.000000 104.000000 -0.254343 -0.427045
268.000000 104.000000 -0.163282 -0.427045
549.000000 104.000000 0.719069 -0.427045
592.000000 104.000000 0.854090 -0.427045
599.000000 104.000000 0.876070 -0.427045
109.000000 105.000000 -0.662548 -0.423905
179.000000 105.000000 -0.442745 -0.423905
200.000000 105.000000 -0.376804 -0.423905
207.000000 105.000000 -0.354824 -0.423905
249.000000 105.000000 -0.222943 -0.423905
260.000000 105.000000 -0.188402 -0.423905
284.000000 105.000000 -0.113041 -0.423905
291.000000 105.000000 -0.091061 -0.423905
313.000000 105.000000 -0.021980 -0.423905
350.000000 105.000000 0.094201 -0.423905
458.000000 105.000000 0.433325 -0.423905
506.000000 105.000000 0.584047 -0.423905
115.000000 106.000000 -0.643708 -0.420765
212.000000 106.000000 -0.339124 -0.420765
243.000000 106.000000 -0.241783 -0.420765
246.000000 106.000000 -0.232363 -0.420765
266.000000 106.000000 -0.169562 -0.420765
280.000000 106.000000 -0.125601 -0.420765
305.000000 106.000000 -0.047101 -0.420765
122.000000 107.000000 -0.621727 -0.417625
174.000000 107.000000 -0.458445 -0.417625
187.000000 107.000000 -0.417625 -0.417625
194.000000 107.000000 -0.395645 -0.417625
204.000000 107.000000 -0.364244 -0.417625
222.000000 107.000000 -0.307724 -0.417625
228.000000 107.000000 -0.288883 -0.417625
550.000000 107.000000 0.722209 -0.417625
556.000000 107.000000 0.741049 -0.417625
594.000000 107.000000 0.860370 -0.417625
35.000000 108.000000 -0.894911 -0.414485
128.000000 108.000000 -0.602887 -0.414485
179.000000 108.000000 -0.442745 -0.414485
200.000000 108.000000 -0.376804 -0.414485
214.000000 108.000000 -0.332844 -0.414485
230.000000 108.000000 -0.282603 -0.414485
236.000000 108.000000 -0.263763 -0.414485
246.000000 108.000000 -0.232363 -0.414485
249.000000 108.000000 -0.222943 -0.414485
261.000000 108.000000 -0.185262 -0.414485
286.000000 108.000000 -0.106761 -0.414485
303.000000 108.000000 -0.053381 -0.414485
310.000000 108.000000 -0.031400 -0.414485
589.000000 108.000000 0.844670 -0.414485
135.000000 109.000000 -0.580907 -0.411345
144.000000 109.000000 -0.552647 -0.411345
185.000000 109.000000 -0.423905 -0.411345
202.000000 109.000000 -0.370524 -0.411345
233.000000 109.000000 -0.273183 -0.411345
253.000000 109.000000 -0.210382 -0.411345
266.000000 109.000000 -0.169562 -0.411345
276.000000 109.000000 -0.138162 -0.411345
292.000000 109.000000 -0.087921 -0.411345
298.000000 109.000000 -0.069081 -0.411345
315.000000 109.000000 -0.015700 -0.411345
139.000000 110.000000 -0.568347 -0.408205
181.000000 110.000000 -0.436465 -0.408205
208.000000 110.000000 -0.351684 -0.408205
239.000000 110.000000 -0.254343 -0.408205
259.000000 110.000000 -0.191542 -0.408205
321.000000 110.000000 0.003140 -0.408205
547.000000 110.000000 0.712788 -0.408205
605.000000 110.000000 0.894911 -0.408205
215.000000 111.000000 -0.329704 -0.405065
242.000000 111.000000 -0.244923 -0.405065
294.000000 111.000000 -0.081641 -0.405065
301.000000 111.000000 -0.059661 -0.405065
304.000000 111.000000 -0.050241 -0.405065
313.000000 111.000000 -0.021980 -0.405065
328.000000 111.000000 0.025120 -0.405065
150.000000 112.000000 -0.533806 -0.401925
222.000000 112.000000 -0.307724 -0.401925
232.000000 112.000000 -0.276323 -0.401925
249.000000 112.000000 -0.222943 -0.401925
253.000000 112.000000 -0.210382 -0.401925
262.000000 112.000000 -0.182122 -0.401925
112.000000 113.000000 -0.653128 -0.398785
154.000000 113.000000 -0.521246 -0.398785
156.000000 113.000000 -0.514966 -0.398785
178.000000 113.000000 -0.445885 -0.398785
264.000000 113.000000 -0.175842 -0.398785
316.000000 113.000000 -0.012560 -0.398785
593.000000 113.000000 0.857230 -0.398785
164.000000 114.000000 -0.489846 -0.395645
235.000000 114.000000 -0.266903 -0.395645
259.000000 114.000000 -0.191542 -0.395645
267.000000 114.000000 -0.166422 -0.395645
334.000000 114.000000 0.043961 -0.395645
336.000000 114.000000 0.050241 -0.395645
542.000000 114.000000 0.697088 -0.395645
170.000000 115.000000 -0.471006 -0.392505
184.000000 115.000000 -0.427045 -0.392505
225.000000 115.000000 -0.298304 -0.392505
242.000000 115.000000 -0.244923 -0.392505
249.000000 115.000000 -0.222943 -0.392505
273.000000 115.000000 -0.147582 -0.392505
311.000000 115.000000 -0.028260 -0.392505
327.000000 115.000000 0.021980 -0.392505
417.000000 115.000000 0.304584 -0.392505
591.000000 115.000000 0.850950 -0.392505
593.000000 115.000000 0.857230 -0.392505
133.000000 116.000000 -0.587187 -0.389365
140.000000 116.000000 -0.565207 -0.389365
177.000000 116.000000 -0.449025 -0.389365
181.000000 116.000000 -0.436465 -0.389365
230.000000 116.000000 -0.282603 -0.389365
232.000000 116.000000 -0.276323 -0.389365
334.000000 116.000000 0.043961 -0.389365
356.000000 116.000000 0.113041 -0.389365
14.000000 117.000000 -0.960851 -0.386225
136.000000 117.000000 -0.577767 -0.386225
186.000000 117.000000 -0.420765 -0.386225
228.000000 117.000000 -0.288883 -0.386225
239.000000 117.000000 -0.254343 -0.386225
278.000000 117.000000 -0.131882 -0.386225
305.000000 117.000000 -0.047101 -0.386225
85.000000 118.000000 -0.737909 -0.383085
140.000000 118.000000 -0.565207 -0.383085
142.000000 118.000000 -0.558927 -0.383085
159.000000 118.000000 -0.505546 -0.383085
193.000000 118.000000 -0.398785 -0.383085
244.000000 118.000000 -0.238643 -0.383085
256.000000 118.000000 -0.200962 -0.383085
339.000000 118.000000 0.059661 -0.383085
352.000000 118.000000 0.100481 -0.383085
361.000000 118.000000 0.128742 -0.383085
369.000000 118.000000 0.153862 -0.383085
515.000000 118.000000 0.612307 -0.383085
148.000000 119.000000 -0.540086 -0.379945
163.000000 119.000000 -0.492986 -0.379945
179.000000 119.000000 -0.442745 -0.379945
200.000000 119.000000 -0.376804 -0.379945
249.000000 119.000000 -0.222943 -0.379945
251.000000 119.000000 -0.216663 -0.379945
262.000000 119.000000 -0.182122 -0.379945
318.000000 119.000000 -0.006280 -0.379945
358.000000 119.000000 0.119321 -0.379945
579.000000 119.000000 0.813270 -0.379945
617.000000 119.000000 0.932591 -0.379945
156.000000 120.000000 -0.514966 -0.376804
169.000000 120.000000 -0.474146 -0.376804
207.000000 120.000000 -0.354824 -0.376804
255.000000 120.000000 -0.204102 -0.376804
264.000000 120.000000 -0.175842 -0.376804
266.000000 120.000000 -0.169562 -0.376804
375.000000 120.000000 0.172702 -0.376804
383.000000 120.000000 0.197822 -0.376804
142.000000 121.000000 -0.558927 -0.373664
152.000000 121.000000 -0.527526 -0.373664
163.000000 121.000000 -0.492986 -0.373664
173.000000 121.000000 -0.461585 -0.373664
175.000000 121.000000 -0.455305 -0.373664
213.000000 121.000000 -0.335984 -0.373664
257.000000 121.000000 -0.197822 -0.373664
317.000000 121.000000 -0.009420 -0.373664
322.000000 121.000000 0.006280 -0.373664
362.000000 121.000000 0.131882 -0.373664
381.000000 121.000000 0.191542 -0.373664
137.000000 122.000000 -0.574627 -0.370524
150.000000 122.000000 -0.533806 -0.370524
170.000000 122.000000 -0.471006 -0.370524
179.000000 122.000000 -0.442745 -0.370524
183.000000 122.000000 -0.430185 -0.370524
218.000000 122.000000 -0.320284 -0.370524
296.000000 122.000000 -0.075361 -0.370524
352.000000 122.000000 0.100481 -0.370524
387.000000 122.000000 0.210382 -0.370524
543.000000 122.000000 0.700228 -0.370524
147.000000 123.000000 -0.543226 -0.367384
189.000000 123.000000 -0.411345 -0.367384
225.000000 123.000000 -0.298304 -0.367384
286.000000 123.000000 -0.106761 -0.367384
370.000000 123.000000 0.157002 -0.367384
375.000000 123.000000 0.172702 -0.367384
393.000000 123.000000 0.229223 -0.367384
149.000000 124.000000 -0.536946 -0.364244
152.000000 124.000000 -0.527526 -0.364244
197.000000 124.000000 -0.386225 -0.364244
281.000000 124.000000 -0.122461 -0.364244
455.000000 124.000000 0.423905 -0.364244
507.000000 124.000000 0.587187 -0.364244
509.000000 124.000000 0.593467 -0.364244
515.000000 124.000000 0.612307 -0.364244
53.000000 125.000000 -0.838390 -0.361104
137.000000 125.000000 -0.574627 -0.361104
162.000000 125.000000 -0.496126 -0.361104
240.000000 125.000000 -0.251203 -0.361104
268.000000 125.000000 -0.163282 -0.361104
310.000000 125.000000 -0.031400 -0.361104
318.000000 125.000000 -0.006280 -0.361104
398.000000 125.000000 0.244923 -0.361104
402.000000 125.000000 0.257483 -0.361104
405.000000 125.000000 0.266903 -0.361104
94.000000 126.000000 -0.709648 -0.357964
145.000000 126.000000 -0.549506 -0.357964
164.000000 126.000000 -0.489846 -0.357964
194.000000 126.000000 -0.395645 -0.357964
200.000000 126.000000 -0.376804 -0.357964
359.000000 126.000000 0.122461 -0.357964
391.000000 126.000000 0.222943 -0.357964
393.000000 126.000000 0.229223 -0.357964
568.000000 126.000000 0.778729 -0.357964
52.000000 127.000000 -0.841530 -0.354824
142.000000 127.000000 -0.558927 -0.354824
152.000000 127.000000 -0.527526 -0.354824
175.000000 127.000000 -0.455305 -0.354824
249.000000 127.000000 -0.222943 -0.354824
254.000000 127.000000 -0.207242 -0.354824
275.000000 127.000000 -0.141302 -0.354824
296.000000 127.000000 -0.075361 -0.354824
301.000000 127.000000 -0.059661 -0.354824
355.000000 127.000000 0.109901 -0.354824
378.000000 127.000000 0.182122 -0.354824
384.000000 127.000000 0.200962 -0.354824
399.000000 127.000000 0.248063 -0.354824
411.000000 127.000000 0.285743 -0.354824
509.000000 127.000000 0.593467 -0.354824
611.000000 127.000000 0.913751 -0.354824
145.000000 128.000000 -0.549506 -0.351684
159.000000 128.000000 -0.505546 -0.351684
208.000000 128.000000 -0.351684 -0.351684
214.000000 128.000000 -0.332844 -0.351684
262.000000 128.000000 -0.182122 -0.351684
345.000000 128.000000 0.078501 -0.351684
382.000000 128.000000 0.194682 -0.351684
422.000000 128.000000 0.320284 -0.351684
514.000000 128.000000 0.609167 -0.351684
538.000000 128.000000 0.684528 -0.351684
623.000000 128.000000 0.951431 -0.351684
152.000000 129.000000 -0.527526 -0.348544
161.000000 129.000000 -0.499266 -0.348544
167.000000 129.000000 -0.480426 -0.348544
268.000000 129.000000 -0.163282 -0.348544
308.000000 129.000000 -0.037680 -0.348544
314.000000 129.000000 -0.018840 -0.348544
409.000000 129.000000 0.279463 -0.348544
411.000000 129.000000 0.285743 -0.348544
425.000000 129.000000 0.329704 -0.348544
428.000000 129.000000 0.339124 -0.348544
547.000000 129.000000 0.712788 -0.348544
13.000000 130.000000 -0.963991 -0.345404
164.000000 130.000000 -0.489846 -0.345404
186.000000 130.000000 -0.420765 -0.345404
193.000000 130.000000 -0.398785 -0.345404
198.000000 130.000000 -0.383085 -0.345404
201.000000 130.000000 -0.373664 -0.345404
211.000000 130.000000 -0.342264 -0.345404
222.000000 130.000000 -0.307724 -0.345404
273.000000 130.000000 -0.147582 -0.345404
431.000000 130.000000 0.348544 -0.345404
440.000000 130.000000 0.376804 -0.345404
135.000000 131.000000 -0.580907 -0.342264
138.000000 131.000000 -0.571487 -0.342264
159.000000 131.000000 -0.505546 -0.342264
171.000000 131.000000 -0.467866 -0.342264
205.000000 131.000000 -0.361104 -0.342264
208.000000 131.000000 -0.351684 -0.342264
229.000000 131.000000 -0.285743 -0.342264
235.000000 131.000000 -0.266903 -0.342264
251.000000 131.000000 -0.216663 -0.342264
279.000000 131.000000 -0.128742 -0.342264
336.000000 131.000000 0.050241 -0.342264
421.000000 131.000000 0.317144 -0.342264
434.000000 131.000000 0.357964 -0.342264
438.000000 131.000000 0.370524 -0.342264
506.000000 131.000000 0.584047 -0.342264
512.000000 131.000000 0.602887 -0.342264
61.000000 132.000000 -0.813270 -0.339124
145.000000 132.000000 -0.549506 -0.339124
157.000000 132.000000 -0.511826 -0.339124
174.000000 132.000000 -0.458445 -0.339124
182.000000 132.000000 -0.433325 -0.339124
189.000000 132.000000 -0.411345 -0.339124
254.000000 132.000000 -0.207242 -0.339124
285.000000 132.000000 -0.109901 -0.339124
341.000000 132.000000 0.065941 -0.339124
427.000000 132.000000 0.335984 -0.339124
510.000000 132.000000 0.596607 -0.339124
151.000000 133.000000 -0.530666 -0.335984
186.000000 133.000000 -0.420765 -0.335984
196.000000 133.000000 -0.389365 -0.335984
211.000000 133.000000 -0.342264 -0.335984
219.000000 133.000000 -0.317144 -0.335984
222.000000 133.000000 -0.307724 -0.335984
242.000000 133.000000 -0.244923 -0.335984
257.000000 133.000000 -0.197822 -0.335984
260.000000 133.000000 -0.188402 -0.335984
290.000000 133.000000 -0.094201 -0.335984
309.000000 133.000000 -0.034540 -0.335984
332.000000 133.000000 0.037680 -0.335984
355.000000 133.000000 0.109901 -0.335984
405.000000 133.000000 0.266903 -0.335984
433.000000 133.000000 0.354824 -0.335984
435.000000 133.000000 0.361104 -0.335984
446.000000 133.000000 0.395645 -0.335984
479.000000 133.000000 0.499266 -0.335984
109.000000 134.000000 -0.662548 -0.332844
138.000000 134.000000 -0.571487 -0.332844
140.000000 134.000000 -0.565207 -0.332844
153.000000 134.000000 -0.524386 -0.332844
159.000000 134.000000 -0.505546 -0.332844
229.000000 134.000000 -0.285743 -0.332844
248.000000 134.000000 -0.226083 -0.332844
263.000000 134.000000 -0.178982 -0.332844
297.000000 134.000000 -0.072221 -0.332844
327.000000 134.000000 0.021980 -0.332844
381.000000 134.000000 0.191542 -0.332844
441.000000 134.000000 0.379945 -0.332844
510.000000 134.000000 0.596607 -0.332844
53.000000 135.000000 -0.838390 -0.329704
61.000000 135.000000 -0.813270 -0.329704
116.000000 135.000000 -0.640568 -0.329704
146.000000 135.000000 -0.546366 -0.329704
149.000000 135.000000 -0.536946 -0.329704
166.000000 135.000000 -0.483566 -0.329704
168.000000 135.000000 -0.477286 -0.329704
201.000000 135.000000 -0.373664 -0.329704
232.000000 135.000000 -0.276323 -0.329704
236.000000 135.000000 -0.263763 -0.329704
256.000000 135.000000 -0.200962 -0.329704
272.000000 135.000000 -0.150722 -0.329704
303.000000 135.000000 -0.053381 -0.329704
507.000000 135.000000 0.587187 -0.329704
21.000000 136.000000 -0.938871 -0.326564
123.000000 136.000000 -0.618587 -0.326564
125.000000 136.000000 -0.612307 -0.326564
193.000000 136.000000 -0.398785 -0.326564
211.000000 136.000000 -0.342264 -0.326564
217.000000 136.000000 -0.323424 -0.326564
238.000000 136.000000 -0.257483 -0.326564
249.000000 136.000000 -0.222943 -0.326564
263.000000 136.000000 -0.178982 -0.326564
276.000000 136.000000 -0.138162 -0.326564
310.000000 136.000000 -0.031400 -0.326564
433.000000 136.000000 0.354824 -0.326564
455.000000 136.000000 0.423905 -0.326564
130.000000 137.000000 -0.596607 -0.323424
175.000000 137.000000 -0.455305 -0.323424
181.000000 137.000000 -0.436465 -0.323424
196.000000 137.000000 -0.389365 -0.323424
235.000000 137.000000 -0.266903 -0.323424
251.000000 137.000000 -0.216663 -0.323424
269.000000 137.000000 -0.160142 -0.323424
315.000000 137.000000 -0.015700 -0.323424
319.000000 137.000000 -0.003140 -0.323424
404.000000 137.000000 0.263763 -0.323424
514.000000 137.000000 0.609167 -0.323424
573.000000 137.000000 0.794429 -0.323424
587.000000 137.000000 0.838390 -0.323424
109.000000 138.000000 -0.662548 -0.320284
137.000000 138.000000 -0.574627 -0.320284
167.000000 138.000000 -0.480426 -0.320284
188.000000 138.000000 -0.414485 -0.320284
219.000000 138.000000 -0.317144 -0.320284
224.000000 138.000000 -0.301444 -0.320284
253.000000 138.000000 -0.210382 -0.320284
289.000000 138.000000 -0.097341 -0.320284
292.000000 138.000000 -0.087921 -0.320284
324.000000 138.000000 0.012560 -0.320284
419.000000 138.000000 0.310864 -0.320284
115.000000 139.000000 -0.643708 -0.317144
142.000000 139.000000 -0.558927 -0.317144
174.000000 139.000000 -0.458445 -0.317144
222.000000 139.000000 -0.307724 -0.317144
256.000000 139.000000 -0.200962 -0.317144
263.000000 139.000000 -0.178982 -0.317144
296.000000 139.000000 -0.075361 -0.317144
331.000000 139.000000 0.034540 -0.317144
356.000000 139.000000 0.113041 -0.317144
508.000000 139.000000 0.590327 -0.317144
546.000000 139.000000 0.709648 -0.317144
548.000000 139.000000 0.715928 -0.317144
145.000000 140.000000 -0.549506 -0.314004
147.000000 140.000000 -0.543226 -0.314004
180.000000 140.000000 -0.439605 -0.314004
190.000000 140.000000 -0.408205 -0.314004
192.000000 140.000000 -0.401925 -0.314004
217.000000 140.000000 -0.323424 -0.314004
229.000000 140.000000 -0.285743 -0.314004
300.000000 140.000000 -0.062801 -0.314004
303.000000 140.000000 -0.053381 -0.314004
338.000000 140.000000 0.056521 -0.314004
404.000000 140.000000 0.263763 -0.314004
505.000000 140.000000 0.580907 -0.314004
55.000000 141.000000 -0.832110 -0.310864
133.000000 141.000000 -0.587187 -0.310864
154.000000 141.000000 -0.521246 -0.310864
187.000000 141.000000 -0.417625 -0.310864
196.000000 141.000000 -0.389365 -0.310864
204.000000 141.000000 -0.364244 -0.310864
231.000000 141.000000 -0.279463 -0.310864
238.000000 141.000000 -0.257483 -0.310864
266.000000 141.000000 -0.169562 -0.310864
285.000000 141.000000 -0.109901 -0.310864
306.000000 141.000000 -0.043961 -0.310864
309.000000 141.000000 -0.034540 -0.310864
344.000000 141.000000 0.075361 -0.310864
511.000000 141.000000 0.599747 -0.310864
12.000000 142.000000 -0.967131 -0.307724
116.000000 142.000000 -0.640568 -0.307724
161.000000 142.000000 -0.499266 -0.307724
163.000000 142.000000 -0.492986 -0.307724
194.000000 142.000000 -0.395645 -0.307724
211.000000 142.000000 -0.342264 -0.307724
249.000000 142.000000 -0.222943 -0.307724
252.000000 142.000000 -0.213523 -0.307724
292.000000 142.000000 -0.087921 -0.307724
315.000000 142.000000 -0.015700 -0.307724
318.000000 142.000000 -0.006280 -0.307724
350.000000 142.000000 0.094201 -0.307724
404.000000 142.000000 0.263763 -0.307724
420.000000 142.000000 0.314004 -0.307724
448.000000 142.000000 0.401925 -0.307724
122.000000 143.000000 -0.621727 -0.304584
140.000000 143.000000 -0.565207 -0.304584
170.000000 143.000000 -0.471006 -0.304584
201.000000 143.000000 -0.373664 -0.304584
217.000000 143.000000 -0.323424 -0.304584
245.000000 143.000000 -0.235503 -0.304584
286.000000 143.000000 -0.106761 -0.304584
302.000000 143.000000 -0.056521 -0.304584
321.000000 143.000000 0.003140 -0.304584
358.000000 143.000000 0.119321 -0.304584
382.000000 143.000000 0.194682 -0.304584
445.000000 143.000000 0.392505 -0.304584
508.000000 143.000000 0.590327 -0.304584
574.000000 143.000000 0.797569 -0.304584
100.000000 144.000000 -0.690808 -0.301444
128.000000 144.000000 -0.602887 -0.301444
177.000000 144.000000 -0.449025 -0.301444
209.000000 144.000000 -0.348544 -0.301444
225.000000 144.000000 -0.298304 -0.301444
314.000000 144.000000 -0.018840 -0.301444
326.000000 144.000000 0.018840 -0.301444
329.000000 144.000000 0.028260 -0.301444
365.000000 144.000000 0.141302 -0.301444
396.000000 144.000000 0.238643 -0.301444
512.000000 144.000000 0.602887 -0.301444
586.000000 144.000000 0.835250 -0.301444
124.000000 145.000000 -0.615447 -0.298304
187.000000 145.000000 -0.417625 -0.298304
232.000000 145.000000 -0.276323 -0.298304
238.000000 145.000000 -0.257483 -0.298304
259.000000 145.000000 -0.191542 -0.298304
265.000000 145.000000 -0.172702 -0.298304
289.000000 145.000000 -0.097341 -0.298304
292.000000 145.000000 -0.087921 -0.298304
300.000000 145.000000 -0.062801 -0.298304
333.000000 145.000000 0.040820 -0.298304
336.000000 145.000000 0.050241 -0.298304
370.000000 145.000000 0.157002 -0.298304
415.000000 145.000000 0.298304 -0.298304
547.000000 145.000000 0.712788 -0.298304
592.000000 145.000000 0.854090 -0.298304
155.000000 146.000000 -0.518106 -0.295163
180.000000 146.000000 -0.439605 -0.295163
194.000000 146.000000 -0.395645 -0.295163
196.000000 146.000000 -0.389365 -0.295163
274.000000 146.000000 -0.144442 -0.295163
276.000000 146.000000 -0.138162 -0.295163
278.000000 146.000000 -0.131882 -0.295163
317.000000 146.000000 -0.009420 -0.295163
339.000000 146.000000 0.059661 -0.295163
342.000000 146.000000 0.069081 -0.295163
373.000000 146.000000 0.166422 -0.295163
375.000000 146.000000 0.172702 -0.295163
448.000000 146.000000 0.401925 -0.295163
203.000000 147.000000 -0.367384 -0.292023
230.000000 147.000000 -0.282603 -0.292023
235.000000 147.000000 -0.266903 -0.292023
245.000000 147.000000 -0.235503 -0.292023
271.000000 147.000000 -0.153862 -0.292023
302.000000 147.000000 -0.056521 -0.292023
345.000000 147.000000 0.078501 -0.292023
348.000000 147.000000 0.087921 -0.292023
510.000000 147.000000 0.596607 -0.292023
553.000000 147.000000 0.731629 -0.292023
140.000000 148.000000 -0.565207 -0.288883
237.000000 148.000000 -0.260623 -0.288883
251.000000 148.000000 -0.216663 -0.288883
285.000000 148.000000 -0.109901 -0.288883
351.000000 148.000000 0.097341 -0.288883
447.000000 148.000000 0.398785 -0.288883
544.000000 148.000000 0.703368 -0.288883
215.000000 149.000000 -0.329704 -0.285743
259.000000 149.000000 -0.191542 -0.285743
266.000000 149.000000 -0.169562 -0.285743
283.000000 149.000000 -0.116181 -0.285743
292.000000 149.000000 -0.087921 -0.285743
335.000000 149.000000 0.047101 -0.285743
354.000000 149.000000 0.106761 -0.285743
506.000000 149.000000 0.584047 -0.285743
558.000000 149.000000 0.747329 -0.285743
589.000000 149.000000 0.844670 -0.285743
46.000000 150.000000 -0.860370 -0.282603
143.000000 150.000000 -0.555787 -0.282603
152.000000 150.000000 -0.527526 -0.282603
222.000000 150.000000 -0.307724 -0.282603
250.000000 150.000000 -0.219803 -0.282603
255.000000 150.000000 -0.204102 -0.282603
375.000000 150.000000 0.172702 -0.282603
603.000000 150.000000 0.888631 -0.282603
622.000000 150.000000 0.948291 -0.282603
191.000000 151.000000 -0.405065 -0.279463
233.000000 151.000000 -0.273183 -0.279463
241.000000 151.000000 -0.248063 -0.279463
261.000000 151.000000 -0.185262 -0.279463
272.000000 151.000000 -0.150722 -0.279463
278.000000 151.000000 -0.131882 -0.279463
285.000000 151.000000 -0.109901 -0.279463
297.000000 151.000000 -0.072221 -0.279463
547.000000 151.000000 0.712788 -0.279463
550.000000 151.000000 0.722209 -0.279463
571.000000 151.000000 0.788149 -0.279463
111.000000 152.000000 -0.656268 -0.276323
144.000000 152.000000 -0.552647 -0.276323
239.000000 152.000000 -0.254343 -0.276323
249.000000 152.000000 -0.222943 -0.276323
265.000000 152.000000 -0.172702 -0.276323
292.000000 152.000000 -0.087921 -0.276323
304.000000 152.000000 -0.050241 -0.276323
311.000000 152.000000 -0.028260 -0.276323
313.000000 152.000000 -0.021980 -0.276323
380.000000 152.000000 0.188402 -0.276323
478.000000 152.000000 0.496126 -0.276323
10.000000 153.000000 -0.973412 -0.273183
147.000000 153.000000 -0.543226 -0.273183
150.000000 153.000000 -0.533806 -0.273183
158.000000 153.000000 -0.508686 -0.273183
163.000000 153.000000 -0.492986 -0.273183
177.000000 153.000000 -0.449025 -0.273183
179.000000 153.000000 -0.442745 -0.273183
274.000000 153.000000 -0.144442 -0.273183
285.000000 153.000000 -0.109901 -0.273183
301.000000 153.000000 -0.059661 -0.273183
455.000000 153.000000 0.423905 -0.273183
513.000000 153.000000 0.606027 -0.273183
181.000000 154.000000 -0.436465 -0.270043
256.000000 154.000000 -0.200962 -0.270043
279.000000 154.000000 -0.128742 -0.270043
281.000000 154.000000 -0.122461 -0.270043
351.000000 154.000000 0.097341 -0.270043
260.000000 155.000000 -0.188402 -0.266903
263.000000 155.000000 -0.178982 -0.266903
288.000000 155.000000 -0.100481 -0.266903
329.000000 155.000000 0.028260 -0.266903
348.000000 155.000000 0.087921 -0.266903
373.000000 155.000000 0.166422 -0.266903
606.000000 155.000000 0.898051 -0.266903
202.000000 156.000000 -0.370524 -0.263763
266.000000 156.000000 -0.169562 -0.263763
270.000000 156.000000 -0.157002 -0.263763
294.000000 156.000000 -0.081641 -0.263763
304.000000 156.000000 -0.050241 -0.263763
311.000000 156.000000 -0.028260 -0.263763
338.000000 156.000000 0.056521 -0.263763
445.000000 156.000000 0.392505 -0.263763
153.000000 157.000000 -0.524386 -0.260623
276.000000 157.000000 -0.138162 -0.260623
302.000000 157.000000 -0.056521 -0.260623
317.000000 157.000000 -0.009420 -0.260623
323.000000 157.000000 0.009420 -0.260623
335.000000 157.000000 0.047101 -0.260623
351.000000 157.000000 0.097341 -0.260623
554.000000 157.000000 0.734769 -0.260623
282.000000 158.000000 -0.119321 -0.257483
308.000000 158.000000 -0.037680 -0.257483
422.000000 158.000000 0.320284 -0.257483
464.000000 158.000000 0.452165 -0.257483
11.000000 159.000000 -0.970271 -0.254343
140.000000 159.000000 -0.565207 -0.254343
286.000000 159.000000 -0.106761 -0.254343
316.000000 159.000000 -0.012560 -0.254343
329.000000 159.000000 0.028260 -0.254343
582.000000 159.000000 0.822690 -0.254343
204.000000 160.000000 -0.364244 -0.251203
233.000000 160.000000 -0.273183 -0.251203
295.000000 160.000000 -0.078501 -0.251203
322.000000 160.000000 0.006280 -0.251203
325.000000 160.000000 0.015700 -0.251203
335.000000 160.000000 0.047101 -0.251203
585.000000 160.000000 0.832110 -0.251203
107.000000 161.000000 -0.668828 -0.248063
115.000000 161.000000 -0.643708 -0.248063
272.000000 161.000000 -0.150722 -0.248063
329.000000 161.000000 0.028260 -0.248063
332.000000 161.000000 0.037680 -0.248063
343.000000 161.000000 0.072221 -0.248063
349.000000 161.000000 0.091061 -0.248063
381.000000 161.000000 0.191542 -0.248063
592.000000 161.000000 0.854090 -0.248063
636.000000 161.000000 0.992252 -0.248063
11.000000 162.000000 -0.970271 -0.244923
159.000000 162.000000 -0.505546 -0.244923
306.000000 162.000000 -0.043961 -0.244923
309.000000 162.000000 -0.034540 -0.244923
337.000000 162.000000 0.053381 -0.244923
347.000000 162.000000 0.084781 -0.244923
115.000000 163.000000 -0.643708 -0.241783
231.000000 163.000000 -0.279463 -0.241783
253.000000 163.000000 -0.210382 -0.241783
259.000000 163.000000 -0.191542 -0.241783
319.000000 163.000000 -0.003140 -0.241783
372.000000 163.000000 0.163282 -0.241783
379.000000 163.000000 0.185262 -0.241783
325.000000 164.000000 0.015700 -0.238643
348.000000 164.000000 0.087921 -0.238643
350.000000 164.000000 0.094201 -0.238643
367.000000 164.000000 0.147582 -0.238643
444.000000 164.000000 0.389365 -0.238643
512.000000 164.000000 0.602887 -0.238643
128.000000 165.000000 -0.602887 -0.235503
332.000000 165.000000 0.037680 -0.235503
334.000000 165.000000 0.043961 -0.235503
125.000000 166.000000 -0.612307 -0.232363
147.000000 166.000000 -0.543226 -0.232363
282.000000 166.000000 -0.119321 -0.232363
340.000000 166.000000 0.062801 -0.232363
11.000000 167.000000 -0.970271 -0.229223
108.000000 167.000000 -0.665688 -0.229223
157.000000 167.000000 -0.511826 -0.229223
313.000000 167.000000 -0.021980 -0.229223
115.000000 168.000000 -0.643708 -0.226083
174.000000 168.000000 -0.458445 -0.226083
299.000000 168.000000 -0.065941 -0.226083
262.000000 169.000000 -0.182122 -0.222943
266.000000 169.000000 -0.169562 -0.222943
305.000000 169.000000 -0.047101 -0.222943
309.000000 169.000000 -0.034540 -0.222943
319.000000 169.000000 -0.003140 -0.222943
364.000000 169.000000 0.138162 -0.222943
114.000000 170.000000 -0.646848 -0.219803
264.000000 170.000000 -0.175842 -0.219803
368.000000 170.000000 0.150722 -0.219803
119.000000 171.000000 -0.631147 -0.216663
181.000000 171.000000 -0.436465 -0.216663
184.000000 171.000000 -0.427045 -0.216663
260.000000 171.000000 -0.188402 -0.216663
286.000000 171.000000 -0.106761 -0.216663
372.000000 171.000000 0.163282 -0.216663
378.000000 171.000000 0.182122 -0.216663
544.000000 171.000000 0.703368 -0.216663
584.000000 171.000000 0.828970 -0.216663
254.000000 172.000000 -0.207242 -0.213523
274.000000 172.000000 -0.144442 -0.213523
294.000000 172.000000 -0.081641 -0.213523
297.000000 172.000000 -0.072221 -0.213523
318.000000 172.000000 -0.006280 -0.213523
597.000000 172.000000 0.869790 -0.213523
608.000000 172.000000 0.904331 -0.213523
50.000000 173.000000 -0.847810 -0.210382
114.000000 173.000000 -0.646848 -0.210382
140.000000 173.000000 -0.565207 -0.210382
156.000000 173.000000 -0.514966 -0.210382
236.000000 173.000000 -0.263763 -0.210382
401.000000 173.000000 0.254343 -0.210382
407.000000 173.000000 0.273183 -0.210382
434.000000 173.000000 0.357964 -0.210382
586.000000 173.000000 0.835250 -0.210382
602.000000 173.000000 0.885490 -0.210382
3.000000 174.000000 -0.995392 -0.207242
108.000000 174.000000 -0.665688 -0.207242
119.000000 174.000000 -0.631147 -0.207242
124.000000 174.000000 -0.615447 -0.207242
128.000000 174.000000 -0.602887 -0.207242
206.000000 174.000000 -0.357964 -0.207242
245.000000 174.000000 -0.235503 -0.207242
395.000000 174.000000 0.235503 -0.207242
217.000000 175.000000 -0.323424 -0.204102
265.000000 175.000000 -0.172702 -0.204102
350.000000 175.000000 0.094201 -0.204102
620.000000 175.000000 0.942011 -0.204102
113.000000 176.000000 -0.649988 -0.200962
117.000000 176.000000 -0.637428 -0.200962
124.000000 176.000000 -0.615447 -0.200962
234.000000 176.000000 -0.270043 -0.200962
360.000000 176.000000 0.125601 -0.200962
440.000000 176.000000 0.376804 -0.200962
463.000000 176.000000 0.449025 -0.200962
605.000000 176.000000 0.894911 -0.200962
9.000000 177.000000 -0.976552 -0.197822
228.000000 177.000000 -0.288883 -0.197822
236.000000 177.000000 -0.263763 -0.197822
255.000000 177.000000 -0.204102 -0.197822
438.000000 177.000000 0.370524 -0.197822
452.000000 177.000000 0.414485 -0.197822
115.000000 178.000000 -0.643708 -0.194682
156.000000 178.000000 -0.514966 -0.194682
210.000000 178.000000 -0.345404 -0.194682
250.000000 178.000000 -0.219803 -0.194682
253.000000 178.000000 -0.210382 -0.194682
518.000000 178.000000 0.621727 -0.194682
572.000000 178.000000 0.791289 -0.194682
9.000000 179.000000 -0.976552 -0.191542
335.000000 179.000000 0.047101 -0.191542
347.000000 179.000000 0.084781 -0.191542
97.000000 180.000000 -0.700228 -0.188402
112.000000 180.000000 -0.653128 -0.188402
371.000000 180.000000 0.160142 -0.188402
627.000000 180.000000 0.963991 -0.188402
3.000000 181.000000 -0.995392 -0.185262
266.000000 181.000000 -0.169562 -0.185262
347.000000 181.000000 0.084781 -0.185262
129.000000 182.000000 -0.599747 -0.182122
210.000000 182.000000 -0.345404 -0.182122
273.000000 182.000000 -0.147582 -0.182122
278.000000 182.000000 -0.131882 -0.182122
332.000000 182.000000 0.037680 -0.182122
371.000000 182.000000 0.160142 -0.182122
574.000000 182.000000 0.797569 -0.182122
20.000000 183.000000 -0.942011 -0.178982
112.000000 183.000000 -0.653128 -0.178982
250.000000 183.000000 -0.219803 -0.178982
294.000000 183.000000 -0.081641 -0.178982
327.000000 183.000000 0.021980 -0.178982
404.000000 183.000000 0.263763 -0.178982
442.000000 183.000000 0.383085 -0.178982
623.000000 183.000000 0.951431 -0.178982
123.000000 184.000000 -0.618587 -0.175842
155.000000 184.000000 -0.518106 -0.175842
267.000000 184.000000 -0.166422 -0.175842
291.000000 184.000000 -0.091061 -0.175842
298.000000 184.000000 -0.069081 -0.175842
323.000000 184.000000 0.009420 -0.175842
487.000000 184.000000 0.524386 -0.175842
113.000000 185.000000 -0.649988 -0.172702
275.000000 185.000000 -0.141302 -0.172702
301.000000 185.000000 -0.059661 -0.172702
304.000000 185.000000 -0.050241 -0.172702
338.000000 185.000000 0.056521 -0.172702
378.000000 185.000000 0.182122 -0.172702
13.000000 186.000000 -0.963991 -0.169562
117.000000 186.000000 -0.637428 -0.169562
267.000000 186.000000 -0.166422 -0.169562
306.000000 186.000000 -0.043961 -0.169562
314.000000 186.000000 -0.018840 -0.169562
332.000000 186.000000 0.037680 -0.169562
323.000000 187.000000 0.009420 -0.166422
113.000000 188.000000 -0.649988 -0.163282
209.000000 188.000000 -0.348544 -0.163282
260.000000 188.000000 -0.188402 -0.163282
298.000000 188.000000 -0.069081 -0.163282
346.000000 188.000000 0.081641 -0.163282
572.000000 188.000000 0.791289 -0.163282
111.000000 189.000000 -0.656268 -0.160142
127.000000 189.000000 -0.606027 -0.160142
155.000000 189.000000 -0.518106 -0.160142
163.000000 189.000000 -0.492986 -0.160142
334.000000 189.000000 0.043961 -0.160142
370.000000 189.000000 0.157002 -0.160142
247.000000 190.000000 -0.229223 -0.157002
263.000000 190.000000 -0.178982 -0.157002
300.000000 190.000000 -0.062801 -0.157002
438.000000 190.000000 0.370524 -0.157002
64.000000 191.000000 -0.803850 -0.153862
122.000000 191.000000 -0.621727 -0.153862
126.000000 191.000000 -0.609167 -0.153862
304.000000 191.000000 -0.050241 -0.153862
329.000000 191.000000 0.028260 -0.153862
441.000000 191.000000 0.379945 -0.153862
132.000000 192.000000 -0.590327 -0.150722
209.000000 192.000000 -0.348544 -0.150722
294.000000 192.000000 -0.081641 -0.150722
296.000000 192.000000 -0.075361 -0.150722
312.000000 192.000000 -0.025120 -0.150722
624.000000 192.000000 0.954571 -0.150722
113.000000 193.000000 -0.649988 -0.147582
116.000000 193.000000 -0.640568 -0.147582
320.000000 193.000000 -0.000000 -0.147582
334.000000 193.000000 0.043961 -0.147582
338.000000 193.000000 0.056521 -0.147582
437.000000 193.000000 0.367384 -0.147582
122.000000 194.000000 -0.621727 -0.144442
254.000000 194.000000 -0.207242 -0.144442
272.000000 194.000000 -0.150722 -0.144442
291.000000 194.000000 -0.091061 -0.144442
505.000000 194.000000 0.580907 -0.144442
583.000000 194.000000 0.825830 -0.144442
9.000000 195.000000 -0.976552 -0.141302
149.000000 195.000000 -0.536946 -0.141302
313.000000 195.000000 -0.021980 -0.141302
358.000000 195.000000 0.119321 -0.141302
154.000000 196.000000 -0.521246 -0.138162
255.000000 196.000000 -0.204102 -0.138162
293.000000 196.000000 -0.084781 -0.138162
309.000000 196.000000 -0.034540 -0.138162
519.000000 196.000000 0.624867 -0.138162
41.000000 197.000000 -0.876070 -0.135022
104.000000 197.000000 -0.678248 -0.135022
295.000000 197.000000 -0.078501 -0.135022
126.000000 198.000000 -0.609167 -0.131882
369.000000 198.000000 0.153862 -0.131882
635.000000 198.000000 0.989112 -0.131882
158.000000 199.000000 -0.508686 -0.128742
333.000000 199.000000 0.040820 -0.128742
337.000000 199.000000 0.053381 -0.128742
359.000000 199.000000 0.122461 -0.128742
440.000000 199.000000 0.376804 -0.128742
574.000000 199.000000 0.797569 -0.128742
112.000000 200.000000 -0.653128 -0.125601
228.000000 200.000000 -0.288883 -0.125601
285.000000 200.000000 -0.109901 -0.125601
305.000000 200.000000 -0.047101 -0.125601
352.000000 200.000000 0.100481 -0.125601
76.000000 201.000000 -0.766169 -0.122461
103.000000 201.000000 -0.681388 -0.122461
257.000000 201.000000 -0.197822 -0.122461
350.000000 201.000000 0.094201 -0.122461
360.000000 201.000000 0.125601 -0.122461
472.000000 201.000000 0.477286 -0.122461
125.000000 202.000000 -0.612307 -0.119321
129.000000 202.000000 -0.599747 -0.119321
167.000000 202.000000 -0.480426 -0.119321
292.000000 202.000000 -0.087921 -0.119321
245.000000 203.000000 -0.235503 -0.116181
3.000000 204.000000 -0.995392 -0.113041
121.000000 204.000000 -0.624867 -0.113041
125.000000 204.000000 -0.612307 -0.113041
208.000000 204.000000 -0.351684 -0.113041
308.000000 204.000000 -0.037680 -0.113041
361.000000 204.000000 0.128742 -0.113041
450.000000 204.000000 0.408205 -0.113041
454.000000 204.000000 0.420765 -0.113041
337.000000 205.000000 0.053381 -0.109901
348.000000 205.000000 0.087921 -0.109901
460.000000 205.000000 0.439605 -0.109901
463.000000 205.000000 0.449025 -0.109901
609.000000 205.000000 0.907471 -0.109901
97.000000 206.000000 -0.700228 -0.106761
120.000000 206.000000 -0.628007 -0.106761
135.000000 206.000000 -0.580907 -0.106761
245.000000 206.000000 -0.235503 -0.106761
256.000000 206.000000 -0.200962 -0.106761
373.000000 206.000000 0.166422 -0.106761
397.000000 206.000000 0.241783 -0.106761
439.000000 206.000000 0.373664 -0.106761
471.000000 206.000000 0.474146 -0.106761
519.000000 206.000000 0.624867 -0.106761
277.000000 207.000000 -0.135022 -0.103621
453.000000 207.000000 0.417625 -0.103621
479.000000 207.000000 0.499266 -0.103621
170.000000 208.000000 -0.471006 -0.100481
291.000000 208.000000 -0.091061 -0.100481
294.000000 208.000000 -0.081641 -0.100481
333.000000 208.000000 0.040820 -0.100481
359.000000 208.000000 0.122461 -0.100481
398.000000 208.000000 0.244923 -0.100481
439.000000 208.000000 0.373664 -0.100481
456.000000 208.000000 0.427045 -0.100481
462.000000 208.000000 0.445885 -0.100481
66.000000 209.000000 -0.797569 -0.097341
178.000000 209.000000 -0.445885 -0.097341
272.000000 209.000000 -0.150722 -0.097341
336.000000 209.000000 0.050241 -0.097341
356.000000 209.000000 0.113041 -0.097341
464.000000 209.000000 0.452165 -0.097341
246.000000 210.000000 -0.232363 -0.094201
279.000000 210.000000 -0.128742 -0.094201
348.000000 210.000000 0.087921 -0.094201
403.000000 210.000000 0.260623 -0.094201
471.000000 210.000000 0.474146 -0.094201
284.000000 211.000000 -0.113041 -0.091061
311.000000 211.000000 -0.028260 -0.091061
337.000000 211.000000 0.053381 -0.091061
443.000000 211.000000 0.386225 -0.091061
447.000000 211.000000 0.398785 -0.091061
452.000000 211.000000 0.414485 -0.091061
455.000000 211.000000 0.423905 -0.091061
347.000000 212.000000 0.084781 -0.087921
400.000000 212.000000 0.251203 -0.087921
412.000000 212.000000 0.288883 -0.087921
458.000000 212.000000 0.433325 -0.087921
475.000000 212.000000 0.486706 -0.087921
569.000000 212.000000 0.781869 -0.087921
100.000000 213.000000 -0.690808 -0.084781
199.000000 213.000000 -0.379945 -0.084781
281.000000 213.000000 -0.122461 -0.084781
292.000000 213.000000 -0.087921 -0.084781
367.000000 213.000000 0.147582 -0.084781
408.000000 213.000000 0.276323 -0.084781
410.000000 213.000000 0.282603 -0.084781
467.000000 213.000000 0.461585 -0.084781
472.000000 213.000000 0.477286 -0.084781
538.000000 213.000000 0.684528 -0.084781
634.000000 213.000000 0.985972 -0.084781
201.000000 214.000000 -0.373664 -0.081641
242.000000 214.000000 -0.244923 -0.081641
247.000000 214.000000 -0.229223 -0.081641
253.000000 214.000000 -0.210382 -0.081641
297.000000 214.000000 -0.072221 -0.081641
332.000000 214.000000 0.037680 -0.081641
348.000000 214.000000 0.087921 -0.081641
401.000000 214.000000 0.254343 -0.081641
476.000000 214.000000 0.489846 -0.081641
556.000000 214.000000 0.741049 -0.081641
169.000000 215.000000 -0.474146 -0.078501
207.000000 215.000000 -0.354824 -0.078501
336.000000 215.000000 0.050241 -0.078501
635.000000 215.000000 0.989112 -0.078501
50.000000 216.000000 -0.847810 -0.075361
124.000000 216.000000 -0.615447 -0.075361
272.000000 216.000000 -0.150722 -0.075361
287.000000 216.000000 -0.103621 -0.075361
169.000000 217.000000 -0.474146 -0.072221
211.000000 217.000000 -0.342264 -0.072221
238.000000 217.000000 -0.257483 -0.072221
352.000000 217.000000 0.100481 -0.072221
447.000000 217.000000 0.398785 -0.072221
533.000000 217.000000 0.668828 -0.072221
105.000000 218.000000 -0.675108 -0.069081
208.000000 218.000000 -0.351684 -0.069081
213.000000 218.000000 -0.335984 -0.069081
267.000000 218.000000 -0.166422 -0.069081
278.000000 218.000000 -0.131882 -0.069081
294.000000 218.000000 -0.081641 -0.069081
301.000000 218.000000 -0.059661 -0.069081
309.000000 218.000000 -0.034540 -0.069081
335.000000 218.000000 0.047101 -0.069081
176.000000 219.000000 -0.452165 -0.065941
178.000000 219.000000 -0.445885 -0.065941
227.000000 219.000000 -0.292023 -0.065941
264.000000 219.000000 -0.175842 -0.065941
297.000000 219.000000 -0.072221 -0.065941
346.000000 219.000000 0.081641 -0.065941
474.000000 219.000000 0.483566 -0.065941
524.000000 219.000000 0.640568 -0.065941
615.000000 219.000000 0.926311 -0.065941
635.000000 219.000000 0.989112 -0.065941
186.000000 220.000000 -0.420765 -0.062801
224.000000 220.000000 -0.301444 -0.062801
232.000000 220.000000 -0.276323 -0.062801
236.000000 220.000000 -0.263763 -0.062801
257.000000 220.000000 -0.197822 -0.062801
283.000000 220.000000 -0.116181 -0.062801
293.000000 220.000000 -0.084781 -0.062801
329.000000 220.000000 0.028260 -0.062801
383.000000 220.000000 0.197822 -0.062801
109.000000 221.000000 -0.662548 -0.059661
143.000000 221.000000 -0.555787 -0.059661
168.000000 221.000000 -0.477286 -0.059661
176.000000 221.000000 -0.452165 -0.059661
178.000000 221.000000 -0.445885 -0.059661
266.000000 221.000000 -0.169562 -0.059661
268.000000 221.000000 -0.163282 -0.059661
318.000000 221.000000 -0.006280 -0.059661
353.000000 221.000000 0.103621 -0.059661
361.000000 221.000000 0.128742 -0.059661
391.000000 221.000000 0.222943 -0.059661
405.000000 221.000000 0.266903 -0.059661
529.000000 221.000000 0.656268 -0.059661
633.000000 221.000000 0.982832 -0.059661
17.000000 222.000000 -0.951431 -0.056521
104.000000 222.000000 -0.678248 -0.056521
228.000000 222.000000 -0.288883 -0.056521
239.000000 222.000000 -0.254343 -0.056521
296.000000 222.000000 -0.075361 -0.056521
400.000000 222.000000 0.251203 -0.056521
624.000000 222.000000 0.954571 -0.056521
628.000000 222.000000 0.967131 -0.056521
232.000000 223.000000 -0.276323 -0.053381
272.000000 223.000000 -0.150722 -0.053381
387.000000 223.000000 0.210382 -0.053381
409.000000 223.000000 0.279463 -0.053381
592.000000 223.000000 0.854090 -0.053381
179.000000 224.000000 -0.442745 -0.050241
240.000000 224.000000 -0.251203 -0.050241
257.000000 224.000000 -0.197822 -0.050241
274.000000 224.000000 -0.144442 -0.050241
278.000000 224.000000 -0.131882 -0.050241
313.000000 224.000000 -0.021980 -0.050241
335.000000 224.000000 0.047101 -0.050241
418.000000 224.000000 0.307724 -0.050241
583.000000 224.000000 0.825830 -0.050241
64.000000 225.000000 -0.803850 -0.047101
129.000000 225.000000 -0.599747 -0.047101
223.000000 225.000000 -0.304584 -0.047101
283.000000 225.000000 -0.116181 -0.047101
291.000000 225.000000 -0.091061 -0.047101
300.000000 225.000000 -0.062801 -0.047101
323.000000 225.000000 0.009420 -0.047101
357.000000 225.000000 0.116181 -0.047101
428.000000 225.000000 0.339124 -0.047101
450.000000 225.000000 0.408205 -0.047101
580.000000 225.000000 0.816410 -0.047101
219.000000 226.000000 -0.317144 -0.043961
246.000000 226.000000 -0.232363 -0.043961
264.000000 226.000000 -0.175842 -0.043961
268.000000 226.000000 -0.163282 -0.043961
288.000000 226.000000 -0.100481 -0.043961
297.000000 226.000000 -0.072221 -0.043961
302.000000 226.000000 -0.056521 -0.043961
436.000000 226.000000 0.364244 -0.043961
473.000000 226.000000 0.480426 -0.043961
123.000000 227.000000 -0.618587 -0.040820
225.000000 227.000000 -0.298304 -0.040820
229.000000 227.000000 -0.285743 -0.040820
234.000000 227.000000 -0.270043 -0.040820
256.000000 227.000000 -0.200962 -0.040820
293.000000 227.000000 -0.084781 -0.040820
314.000000 227.000000 -0.018840 -0.040820
334.000000 227.000000 0.043961 -0.040820
387.000000 227.000000 0.210382 -0.040820
56.000000 228.000000 -0.828970 -0.037680
212.000000 228.000000 -0.339124 -0.037680
267.000000 228.000000 -0.166422 -0.037680
274.000000 228.000000 -0.144442 -0.037680
285.000000 228.000000 -0.109901 -0.037680
355.000000 228.000000 0.109901 -0.037680
276.000000 229.000000 -0.138162 -0.034540
282.000000 229.000000 -0.119321 -0.034540
300.000000 229.000000 -0.062801 -0.034540
345.000000 229.000000 0.078501 -0.034540
437.000000 229.000000 0.367384 -0.034540
442.000000 229.000000 0.383085 -0.034540
604.000000 229.000000 0.891771 -0.034540
616.000000 229.000000 0.929451 -0.034540
109.000000 230.000000 -0.662548 -0.031400
248.000000 230.000000 -0.226083 -0.031400
285.000000 230.000000 -0.109901 -0.031400
292.000000 230.000000 -0.087921 -0.031400
167.000000 231.000000 -0.480426 -0.028260
169.000000 231.000000 -0.474146 -0.028260
176.000000 231.000000 -0.452165 -0.028260
394.000000 231.000000 0.232363 -0.028260
556.000000 231.000000 0.741049 -0.028260
564.000000 231.000000 0.766169 -0.028260
566.000000 231.000000 0.772449 -0.028260
573.000000 231.000000 0.794429 -0.028260
178.000000 232.000000 -0.445885 -0.025120
224.000000 232.000000 -0.301444 -0.025120
282.000000 232.000000 -0.119321 -0.025120
287.000000 232.000000 -0.103621 -0.025120
304.000000 232.000000 -0.050241 -0.025120
323.000000 232.000000 0.009420 -0.025120
326.000000 232.000000 0.018840 -0.025120
358.000000 232.000000 0.119321 -0.025120
472.000000 232.000000 0.477286 -0.025120
167.000000 233.000000 -0.480426 -0.021980
172.000000 233.000000 -0.464725 -0.021980
232.000000 233.000000 -0.276323 -0.021980
264.000000 233.000000 -0.175842 -0.021980
316.000000 233.000000 -0.012560 -0.021980
334.000000 233.000000 0.043961 -0.021980
118.000000 234.000000 -0.634288 -0.018840
226.000000 234.000000 -0.295163 -0.018840
246.000000 234.000000 -0.232363 -0.018840
279.000000 234.000000 -0.128742 -0.018840
293.000000 234.000000 -0.084781 -0.018840
309.000000 234.000000 -0.034540 -0.018840
354.000000 234.000000 0.106761 -0.018840
365.000000 234.000000 0.141302 -0.018840
562.000000 234.000000 0.759889 -0.018840
610.000000 234.000000 0.910611 -0.018840
167.000000 235.000000 -0.480426 -0.015700
178.000000 235.000000 -0.445885 -0.015700
266.000000 235.000000 -0.169562 -0.015700
375.000000 235.000000 0.172702 -0.015700
472.000000 235.000000 0.477286 -0.015700
593.000000 235.000000 0.857230 -0.015700
108.000000 236.000000 -0.665688 -0.012560
258.000000 236.000000 -0.194682 -0.012560
261.000000 236.000000 -0.185262 -0.012560
287.000000 236.000000 -0.103621 -0.012560
319.000000 236.000000 -0.003140 -0.012560
599.000000 236.000000 0.876070 -0.012560
167.000000 237.000000 -0.480426 -0.009420
177.000000 237.000000 -0.449025 -0.009420
265.000000 237.000000 -0.172702 -0.009420
277.000000 237.000000 -0.135022 -0.009420
325.000000 237.000000 0.015700 -0.009420
365.000000 237.000000 0.141302 -0.009420
575.000000 237.000000 0.800709 -0.009420
605.000000 237.000000 0.894911 -0.009420
17.000000 238.000000 -0.951431 -0.006280
179.000000 238.000000 -0.442745 -0.006280
223.000000 238.000000 -0.304584 -0.006280
229.000000 238.000000 -0.285743 -0.006280
251.000000 238.000000 -0.216663 -0.006280
262.000000 238.000000 -0.182122 -0.006280
286.000000 238.000000 -0.106761 -0.006280
172.000000 239.000000 -0.464725 -0.003140
268.000000 239.000000 -0.163282 -0.003140
311.000000 239.000000 -0.028260 -0.003140
561.000000 239.000000 0.756749 -0.003140
600.000000 239.000000 0.879210 -0.003140
175.000000 240.000000 -0.455305 0.000000
270.000000 240.000000 -0.157002 0.000000
474.000000 240.000000 0.483566 0.000000
476.000000 240.000000 0.489846 0.000000
609.000000 240.000000 0.907471 0.000000
244.000000 241.000000 -0.238643 0.003140
247.000000 241.000000 -0.229223 0.003140
286.000000 241.000000 -0.106761 0.003140
333.000000 241.000000 0.040820 0.003140
482.000000 241.000000 0.508686 0.003140
486.000000 241.000000 0.521246 0.003140
539.000000 241.000000 0.687668 0.003140
95.000000 242.000000 -0.706508 0.006280
367.000000 242.000000 0.147582 0.006280
471.000000 242.000000 0.474146 0.006280
474.000000 242.000000 0.483566 0.006280
492.000000 242.000000 0.540086 0.006280
496.000000 242.000000 0.552647 0.006280
234.000000 243.000000 -0.270043 0.009420
240.000000 243.000000 -0.251203 0.009420
329.000000 243.000000 0.028260 0.009420
373.000000 243.000000 0.166422 0.009420
502.000000 243.000000 0.571487 0.009420
32.000000 244.000000 -0.904331 0.012560
107.000000 244.000000 -0.668828 0.012560
117.000000 244.000000 -0.637428 0.012560
122.000000 244.000000 -0.621727 0.012560
174.000000 244.000000 -0.458445 0.012560
176.000000 244.000000 -0.452165 0.012560
308.000000 244.000000 -0.037680 0.012560
477.000000 244.000000 0.492986 0.012560
479.000000 244.000000 0.499266 0.012560
27.000000 245.000000 -0.920031 0.015700
221.000000 245.000000 -0.310864 0.015700
245.000000 245.000000 -0.235503 0.015700
248.000000 245.000000 -0.226083 0.015700
304.000000 245.000000 -0.050241 0.015700
311.000000 245.000000 -0.028260 0.015700
376.000000 245.000000 0.175842 0.015700
442.000000 245.000000 0.383085 0.015700
471.000000 245.000000 0.474146 0.015700
525.000000 245.000000 0.643708 0.015700
174.000000 246.000000 -0.458445 0.018840
229.000000 246.000000 -0.285743 0.018840
254.000000 246.000000 -0.207242 0.018840
286.000000 246.000000 -0.106761 0.018840
307.000000 246.000000 -0.040820 0.018840
362.000000 246.000000 0.131882 0.018840
498.000000 246.000000 0.558927 0.018840
513.000000 246.000000 0.606027 0.018840
523.000000 246.000000 0.637428 0.018840
531.000000 246.000000 0.662548 0.018840
634.000000 246.000000 0.985972 0.018840
126.000000 247.000000 -0.609167 0.021980
221.000000 247.000000 -0.310864 0.021980
502.000000 247.000000 0.571487 0.021980
511.000000 247.000000 0.599747 0.021980
543.000000 247.000000 0.700228 0.021980
629.000000 247.000000 0.970271 0.021980
136.000000 248.000000 -0.577767 0.025120
173.000000 248.000000 -0.461585 0.025120
175.000000 248.000000 -0.455305 0.025120
177.000000 248.000000 -0.449025 0.025120
306.000000 248.000000 -0.043961 0.025120
353.000000 248.000000 0.103621 0.025120
520.000000 248.000000 0.628007 0.025120
549.000000 248.000000 0.719069 0.025120
553.000000 248.000000 0.731629 0.025120
328.000000 249.000000 0.025120 0.028260
372.000000 249.000000 0.163282 0.028260
441.000000 249.000000 0.379945 0.028260
530.000000 249.000000 0.659408 0.028260
559.000000 249.000000 0.750469 0.028260
563.000000 249.000000 0.763029 0.028260
104.000000 250.000000 -0.678248 0.031400
173.000000 250.000000 -0.461585 0.031400
298.000000 250.000000 -0.069081 0.031400
306.000000 250.000000 -0.043961 0.031400
570.000000 250.000000 0.785009 0.031400
612.000000 250.000000 0.916891 0.031400
21.000000 251.000000 -0.938871 0.034540
116.000000 251.000000 -0.640568 0.034540
177.000000 251.000000 -0.449025 0.034540
285.000000 251.000000 -0.109901 0.034540
435.000000 251.000000 0.361104 0.034540
486.000000 251.000000 0.521246 0.034540
547.000000 251.000000 0.712788 0.034540
551.000000 251.000000 0.725349 0.034540
172.000000 252.000000 -0.464725 0.037680
200.000000 252.000000 -0.376804 0.037680
219.000000 252.000000 -0.317144 0.037680
355.000000 252.000000 0.109901 0.037680
480.000000 252.000000 0.502406 0.037680
482.000000 252.000000 0.508686 0.037680
494.000000 252.000000 0.546366 0.037680
627.000000 252.000000 0.963991 0.037680
107.000000 253.000000 -0.668828 0.040820
304.000000 253.000000 -0.050241 0.040820
357.000000 253.000000 0.116181 0.040820
487.000000 253.000000 0.524386 0.040820
504.000000 253.000000 0.577767 0.040820
591.000000 253.000000 0.850950 0.040820
116.000000 254.000000 -0.640568 0.043961
118.000000 254.000000 -0.634288 0.043961
241.000000 254.000000 -0.248063 0.043961
352.000000 254.000000 0.100481 0.043961
470.000000 254.000000 0.471006 0.043961
511.000000 254.000000 0.599747 0.043961
513.000000 254.000000 0.606027 0.043961
570.000000 254.000000 0.785009 0.043961
607.000000 254.000000 0.901191 0.043961
612.000000 254.000000 0.916891 0.043961
70.000000 255.000000 -0.785009 0.047101
249.000000 255.000000 -0.222943 0.047101
431.000000 255.000000 0.348544 0.047101
504.000000 255.000000 0.577767 0.047101
507.000000 255.000000 0.587187 0.047101
526.000000 255.000000 0.646848 0.047101
618.000000 255.000000 0.935731 0.047101
621.000000 255.000000 0.945151 0.047101
174.000000 256.000000 -0.458445 0.050241
356.000000 256.000000 0.113041 0.050241
523.000000 256.000000 0.637428 0.050241
537.000000 256.000000 0.681388 0.050241
627.000000 256.000000 0.963991 0.050241
631.000000 256.000000 0.976552 0.050241
285.000000 257.000000 -0.109901 0.053381
297.000000 257.000000 -0.072221 0.053381
531.000000 257.000000 0.662548 0.053381
608.000000 257.000000 0.904331 0.053381
619.000000 257.000000 0.938871 0.053381
636.000000 257.000000 0.992252 0.053381
174.000000 258.000000 -0.458445 0.056521
616.000000 258.000000 0.929451 0.056521
223.000000 259.000000 -0.304584 0.059661
289.000000 259.000000 -0.097341 0.059661
343.000000 259.000000 0.072221 0.059661
363.000000 259.000000 0.135022 0.059661
550.000000 259.000000 0.722209 0.059661
564.000000 259.000000 0.766169 0.059661
605.000000 259.000000 0.894911 0.059661
625.000000 259.000000 0.957711 0.059661
327.000000 260.000000 0.021980 0.062801
346.000000 260.000000 0.081641 0.062801
558.000000 260.000000 0.747329 0.062801
634.000000 260.000000 0.985972 0.062801
163.000000 261.000000 -0.492986 0.065941
171.000000 261.000000 -0.467866 0.065941
573.000000 261.000000 0.794429 0.065941
173.000000 262.000000 -0.461585 0.069081
250.000000 262.000000 -0.219803 0.069081
284.000000 262.000000 -0.113041 0.069081
292.000000 262.000000 -0.087921 0.069081
99.000000 263.000000 -0.693948 0.072221
476.000000 263.000000 0.489846 0.072221
605.000000 263.000000 0.894911 0.072221
190.000000 264.000000 -0.408205 0.075361
223.000000 264.000000 -0.304584 0.075361
236.000000 264.000000 -0.263763 0.075361
284.000000 264.000000 -0.113041 0.075361
296.000000 264.000000 -0.075361 0.075361
342.000000 264.000000 0.069081 0.075361
481.000000 264.000000 0.505546 0.075361
619.000000 264.000000 0.938871 0.075361
171.000000 265.000000 -0.467866 0.078501
175.000000 265.000000 -0.455305 0.078501
231.000000 265.000000 -0.279463 0.078501
323.000000 265.000000 0.009420 0.078501
346.000000 265.000000 0.081641 0.078501
469.000000 265.000000 0.467866 0.078501
499.000000 265.000000 0.562067 0.078501
616.000000 265.000000 0.929451 0.078501
628.000000 265.000000 0.967131 0.078501
173.000000 266.000000 -0.461585 0.081641
187.000000 266.000000 -0.417625 0.081641
409.000000 266.000000 0.279463 0.081641
624.000000 266.000000 0.954571 0.081641
636.000000 266.000000 0.992252 0.081641
95.000000 267.000000 -0.706508 0.084781
171.000000 267.000000 -0.467866 0.084781
175.000000 267.000000 -0.455305 0.084781
185.000000 267.000000 -0.423905 0.084781
499.000000 267.000000 0.562067 0.084781
574.000000 267.000000 0.797569 0.084781
73.000000 268.000000 -0.775589 0.087921
311.000000 268.000000 -0.028260 0.087921
313.000000 268.000000 -0.021980 0.087921
435.000000 268.000000 0.361104 0.087921
470.000000 268.000000 0.471006 0.087921
530.000000 268.000000 0.659408 0.087921
35.000000 269.000000 -0.894911 0.091061
245.000000 269.000000 -0.235503 0.091061
392.000000 269.000000 0.226083 0.091061
474.000000 269.000000 0.483566 0.091061
607.000000 269.000000 0.901191 0.091061
621.000000 269.000000 0.945151 0.091061
99.000000 270.000000 -0.693948 0.094201
121.000000 270.000000 -0.624867 0.094201
173.000000 270.000000 -0.461585 0.094201
347.000000 270.000000 0.084781 0.094201
397.000000 270.000000 0.241783 0.094201
433.000000 270.000000 0.354824 0.094201
553.000000 270.000000 0.731629 0.094201
469.000000 271.000000 0.467866 0.097341
562.000000 271.000000 0.759889 0.097341
567.000000 271.000000 0.775589 0.097341
593.000000 271.000000 0.857230 0.097341
131.000000 272.000000 -0.593467 0.100481
199.000000 272.000000 -0.379945 0.100481
238.000000 272.000000 -0.257483 0.100481
340.000000 272.000000 0.062801 0.100481
347.000000 272.000000 0.084781 0.100481
414.000000 272.000000 0.295163 0.100481
460.000000 272.000000 0.439605 0.100481
554.000000 272.000000 0.734769 0.100481
119.000000 273.000000 -0.631147 0.103621
240.000000 273.000000 -0.251203 0.103621
468.000000 273.000000 0.464725 0.103621
106.000000 274.000000 -0.671968 0.106761
175.000000 274.000000 -0.455305 0.106761
508.000000 274.000000 0.590327 0.106761
62.000000 275.000000 -0.810130 0.109901
125.000000 275.000000 -0.612307 0.109901
171.000000 275.000000 -0.467866 0.109901
283.000000 275.000000 -0.116181 0.109901
519.000000 275.000000 0.624867 0.109901
521.000000 275.000000 0.631147 0.109901
603.000000 275.000000 0.888631 0.109901
173.000000 276.000000 -0.461585 0.113041
322.000000 276.000000 0.006280 0.113041
437.000000 276.000000 0.367384 0.113041
531.000000 276.000000 0.662548 0.113041
171.000000 277.000000 -0.467866 0.116181
176.000000 277.000000 -0.452165 0.116181
236.000000 277.000000 -0.263763 0.116181
469.000000 277.000000 0.467866 0.116181
542.000000 277.000000 0.697088 0.116181
544.000000 277.000000 0.703368 0.116181
568.000000 277.000000 0.778729 0.116181
312.000000 278.000000 -0.025120 0.119321
57.000000 279.000000 -0.825830 0.122461
175.000000 279.000000 -0.455305 0.122461
432.000000 279.000000 0.351684 0.122461
563.000000 279.000000 0.763029 0.122461
633.000000 279.000000 0.982832 0.122461
102.000000 280.000000 -0.684528 0.125601
344.000000 280.000000 0.075361 0.125601
574.000000 280.000000 0.797569 0.125601
174.000000 281.000000 -0.458445 0.128742
182.000000 281.000000 -0.433325 0.128742
329.000000 281.000000 0.028260 0.128742
282.000000 282.000000 -0.119321 0.131882
340.000000 282.000000 0.062801 0.131882
603.000000 282.000000 0.888631 0.131882
265.000000 283.000000 -0.172702 0.135022
353.000000 283.000000 0.103621 0.135022
321.000000 284.000000 0.003140 0.138162
625.000000 284.000000 0.957711 0.138162
160.000000 285.000000 -0.502406 0.141302
230.000000 285.000000 -0.282603 0.141302
277.000000 285.000000 -0.135022 0.141302
467.000000 285.000000 0.461585 0.141302
499.000000 285.000000 0.562067 0.141302
306.000000 286.000000 -0.043961 0.144442
351.000000 286.000000 0.097341 0.144442
472.000000 286.000000 0.477286 0.144442
9.000000 287.000000 -0.976552 0.147582
90.000000 287.000000 -0.722209 0.147582
336.000000 287.000000 0.050241 0.147582
348.000000 287.000000 0.087921 0.147582
354.000000 287.000000 0.106761 0.147582
77.000000 288.000000 -0.763029 0.150722
135.000000 288.000000 -0.580907 0.150722
431.000000 288.000000 0.348544 0.150722
507.000000 288.000000 0.587187 0.150722
545.000000 288.000000 0.706508 0.150722
114.000000 289.000000 -0.646848 0.153862
151.000000 289.000000 -0.530666 0.153862
199.000000 289.000000 -0.379945 0.153862
606.000000 289.000000 0.898051 0.153862
227.000000 290.000000 -0.292023 0.157002
439.000000 290.000000 0.373664 0.157002
299.000000 291.000000 -0.065941 0.160142
24.000000 292.000000 -0.929451 0.163282
314.000000 292.000000 -0.018840 0.163282
342.000000 292.000000 0.069081 0.163282
345.000000 292.000000 0.078501 0.163282
364.000000 292.000000 0.138162 0.163282
347.000000 293.000000 0.084781 0.166422
127.000000 294.000000 -0.606027 0.169562
146.000000 294.000000 -0.546366 0.169562
171.000000 294.000000 -0.467866 0.169562
181.000000 294.000000 -0.436465 0.169562
466.000000 294.000000 0.458445 0.169562
534.000000 294.000000 0.671968 0.169562
314.000000 295.000000 -0.018840 0.172702
373.000000 295.000000 0.166422 0.172702
515.000000 295.000000 0.612307 0.172702
601.000000 295.000000 0.882350 0.172702
225.000000 296.000000 -0.298304 0.175842
231.000000 296.000000 -0.279463 0.175842
260.000000 296.000000 -0.188402 0.175842
305.000000 296.000000 -0.047101 0.175842
311.000000 296.000000 -0.028260 0.175842
323.000000 296.000000 0.009420 0.175842
338.000000 296.000000 0.056521 0.175842
414.000000 296.000000 0.295163 0.175842
431.000000 296.000000 0.348544 0.175842
500.000000 296.000000 0.565207 0.175842
574.000000 296.000000 0.797569 0.175842
228.000000 297.000000 -0.288883 0.178982
234.000000 297.000000 -0.270043 0.178982
97.000000 298.000000 -0.700228 0.182122
436.000000 298.000000 0.364244 0.182122
291.000000 299.000000 -0.091061 0.185262
303.000000 299.000000 -0.053381 0.185262
470.000000 299.000000 0.471006 0.185262
22.000000 300.000000 -0.935731 0.188402
95.000000 300.000000 -0.706508 0.188402
103.000000 300.000000 -0.681388 0.188402
237.000000 300.000000 -0.260623 0.188402
433.000000 300.000000 0.354824 0.188402
483.000000 300.000000 0.511826 0.188402
496.000000 300.000000 0.552647 0.188402
231.000000 301.000000 -0.279463 0.191542
505.000000 301.000000 0.580907 0.191542
509.000000 301.000000 0.593467 0.191542
570.000000 301.000000 0.785009 0.191542
192.000000 302.000000 -0.401925 0.194682
195.000000 302.000000 -0.392505 0.194682
225.000000 302.000000 -0.298304 0.194682
228.000000 302.000000 -0.288883 0.194682
449.000000 302.000000 0.405065 0.194682
491.000000 302.000000 0.536946 0.194682
517.000000 302.000000 0.618587 0.194682
244.000000 303.000000 -0.238643 0.197822
336.000000 303.000000 0.050241 0.197822
465.000000 303.000000 0.455305 0.197822
12.000000 304.000000 -0.967131 0.200962
85.000000 304.000000 -0.737909 0.200962
93.000000 304.000000 -0.712788 0.200962
227.000000 304.000000 -0.292023 0.200962
318.000000 304.000000 -0.006280 0.200962
542.000000 304.000000 0.697088 0.200962
437.000000 305.000000 0.367384 0.204102
25.000000 306.000000 -0.926311 0.207242
98.000000 306.000000 -0.697088 0.207242
251.000000 306.000000 -0.216663 0.207242
257.000000 306.000000 -0.197822 0.207242
556.000000 306.000000 0.741049 0.207242
280.000000 307.000000 -0.125601 0.210382
347.000000 307.000000 0.084781 0.210382
250.000000 308.000000 -0.219803 0.213523
253.000000 308.000000 -0.210382 0.213523
321.000000 308.000000 0.003140 0.213523
608.000000 308.000000 0.904331 0.213523
18.000000 309.000000 -0.948291 0.216663
258.000000 309.000000 -0.194682 0.216663
433.000000 309.000000 0.354824 0.216663
519.000000 309.000000 0.624867 0.216663
576.000000 309.000000 0.803850 0.216663
253.000000 310.000000 -0.210382 0.219803
570.000000 310.000000 0.785009 0.219803
5.000000 311.000000 -0.989112 0.222943
39.000000 311.000000 -0.882350 0.222943
112.000000 311.000000 -0.653128 0.222943
123.000000 311.000000 -0.618587 0.222943
255.000000 311.000000 -0.204102 0.222943
293.000000 311.000000 -0.084781 0.222943
470.000000 311.000000 0.471006 0.222943
480.000000 311.000000 0.502406 0.222943
308.000000 312.000000 -0.037680 0.226083
341.000000 312.000000 0.065941 0.226083
250.000000 313.000000 -0.219803 0.229223
258.000000 313.000000 -0.194682 0.229223
267.000000 313.000000 -0.166422 0.229223
368.000000 313.000000 0.150722 0.229223
464.000000 313.000000 0.452165 0.229223
562.000000 313.000000 0.759889 0.229223
119.000000 314.000000 -0.631147 0.232363
236.000000 314.000000 -0.263763 0.232363
271.000000 314.000000 -0.153862 0.232363
275.000000 314.000000 -0.141302 0.232363
348.000000 314.000000 0.087921 0.232363
381.000000 314.000000 0.191542 0.232363
384.000000 314.000000 0.200962 0.232363
389.000000 314.000000 0.216663 0.232363
434.000000 314.000000 0.357964 0.232363
7.000000 315.000000 -0.982832 0.235503
255.000000 315.000000 -0.204102 0.235503
260.000000 315.000000 -0.188402 0.235503
318.000000 315.000000 -0.006280 0.235503
369.000000 315.000000 0.153862 0.235503
400.000000 315.000000 0.251203 0.235503
407.000000 315.000000 0.273183 0.235503
476.000000 315.000000 0.489846 0.235503
105.000000 316.000000 -0.675108 0.238643
126.000000 316.000000 -0.609167 0.238643
227.000000 316.000000 -0.292023 0.238643
267.000000 316.000000 -0.166422 0.238643
337.000000 316.000000 0.053381 0.238643
414.000000 316.000000 0.295163 0.238643
422.000000 316.000000 0.320284 0.238643
427.000000 316.000000 0.335984 0.238643
510.000000 316.000000 0.596607 0.238643
551.000000 316.000000 0.725349 0.238643
575.000000 316.000000 0.800709 0.238643
102.000000 317.000000 -0.684528 0.241783
144.000000 317.000000 -0.552647 0.241783
252.000000 317.000000 -0.213523 0.241783
271.000000 317.000000 -0.153862 0.241783
275.000000 317.000000 -0.141302 0.241783
371.000000 317.000000 0.160142 0.241783
22.000000 318.000000 -0.935731 0.244923
39.000000 318.000000 -0.882350 0.244923
121.000000 318.000000 -0.624867 0.244923
187.000000 318.000000 -0.417625 0.244923
220.000000 318.000000 -0.314004 0.244923
227.000000 318.000000 -0.292023 0.244923
266.000000 318.000000 -0.169562 0.244923
336.000000 318.000000 0.050241 0.244923
358.000000 318.000000 0.119321 0.244923
527.000000 318.000000 0.649988 0.244923
615.000000 318.000000 0.926311 0.244923
15.000000 319.000000 -0.957711 0.248063
159.000000 319.000000 -0.505546 0.248063
229.000000 319.000000 -0.285743 0.248063
245.000000 319.000000 -0.235503 0.248063
389.000000 319.000000 0.216663 0.248063
410.000000 319.000000 0.282603 0.248063
468.000000 319.000000 0.464725 0.248063
4.000000 320.000000 -0.992252 0.251203
62.000000 320.000000 -0.810130 0.251203
156.000000 320.000000 -0.514966 0.251203
262.000000 320.000000 -0.182122 0.251203
321.000000 320.000000 0.003140 0.251203
336.000000 320.000000 0.050241 0.251203
428.000000 320.000000 0.339124 0.251203
131.000000 321.000000 -0.593467 0.254343
360.000000 321.000000 0.125601 0.254343
368.000000 321.000000 0.150722 0.254343
416.000000 321.000000 0.301444 0.254343
421.000000 321.000000 0.317144 0.254343
463.000000 321.000000 0.449025 0.254343
433.000000 323.000000 0.354824 0.260623
567.000000 323.000000 0.775589 0.260623
598.000000 323.000000 0.872930 0.260623
620.000000 323.000000 0.942011 0.260623
149.000000 324.000000 -0.536946 0.263763
170.000000 324.000000 -0.471006 0.263763
466.000000 324.000000 0.458445 0.263763
483.000000 324.000000 0.511826 0.263763
161.000000 325.000000 -0.499266 0.266903
219.000000 325.000000 -0.317144 0.266903
391.000000 325.000000 0.222943 0.266903
469.000000 325.000000 0.467866 0.266903
568.000000 325.000000 0.778729 0.266903
208.000000 326.000000 -0.351684 0.270043
399.000000 326.000000 0.248063 0.270043
465.000000 326.000000 0.455305 0.270043
39.000000 327.000000 -0.882350 0.273183
408.000000 327.000000 0.276323 0.273183
422.000000 327.000000 0.320284 0.273183
431.000000 327.000000 0.348544 0.273183
461.000000 327.000000 0.442745 0.273183
540.000000 327.000000 0.690808 0.273183
634.000000 327.000000 0.985972 0.273183
129.000000 328.000000 -0.599747 0.276323
134.000000 328.000000 -0.584047 0.276323
157.000000 328.000000 -0.511826 0.276323
336.000000 328.000000 0.050241 0.276323
428.000000 329.000000 0.339124 0.279463
546.000000 330.000000 0.709648 0.282603
549.000000 330.000000 0.719069 0.282603
554.000000 330.000000 0.734769 0.282603
384.000000 331.000000 0.200962 0.285743
388.000000 331.000000 0.213523 0.285743
566.000000 331.000000 0.772449 0.285743
339.000000 332.000000 0.059661 0.288883
429.000000 332.000000 0.342264 0.288883
571.000000 332.000000 0.788149 0.288883
448.000000 333.000000 0.401925 0.292023
598.000000 333.000000 0.872930 0.292023
601.000000 333.000000 0.882350 0.292023
123.000000 334.000000 -0.618587 0.295163
327.000000 334.000000 0.021980 0.295163
593.000000 334.000000 0.857230 0.295163
175.000000 335.000000 -0.455305 0.298304
194.000000 335.000000 -0.395645 0.298304
591.000000 335.000000 0.850950 0.298304
163.000000 336.000000 -0.492986 0.301444
100.000000 337.000000 -0.690808 0.304584
118.000000 337.000000 -0.634288 0.304584
93.000000 338.000000 -0.712788 0.307724
343.000000 338.000000 0.072221 0.307724
91.000000 340.000000 -0.719069 0.314004
211.000000 340.000000 -0.342264 0.314004
342.000000 340.000000 0.069081 0.314004
346.000000 341.000000 0.081641 0.317144
99.000000 342.000000 -0.693948 0.320284
201.000000 342.000000 -0.373664 0.320284
258.000000 342.000000 -0.194682 0.320284
287.000000 342.000000 -0.103621 0.320284
29.000000 343.000000 -0.913751 0.323424
35.000000 343.000000 -0.894911 0.323424
175.000000 343.000000 -0.455305 0.323424
186.000000 343.000000 -0.420765 0.323424
248.000000 343.000000 -0.226083 0.323424
316.000000 343.000000 -0.012560 0.323424
340.000000 343.000000 0.062801 0.323424
215.000000 344.000000 -0.329704 0.326564
254.000000 344.000000 -0.207242 0.326564
190.000000 345.000000 -0.408205 0.329704
112.000000 346.000000 -0.653128 0.332844
220.000000 346.000000 -0.314004 0.332844
225.000000 346.000000 -0.298304 0.332844
228.000000 346.000000 -0.288883 0.332844
235.000000 348.000000 -0.266903 0.339124
10.000000 349.000000 -0.973412 0.342264
117.000000 349.000000 -0.637428 0.342264
227.000000 349.000000 -0.292023 0.342264
85.000000 350.000000 -0.737909 0.345404
131.000000 350.000000 -0.593467 0.345404
236.000000 350.000000 -0.263763 0.345404
331.000000 350.000000 0.034540 0.345404
103.000000 351.000000 -0.681388 0.348544
111.000000 351.000000 -0.656268 0.348544
161.000000 351.000000 -0.499266 0.348544
229.000000 352.000000 -0.285743 0.351684
339.000000 352.000000 0.059661 0.351684
272.000000 353.000000 -0.150722 0.354824
229.000000 354.000000 -0.285743 0.357964
236.000000 354.000000 -0.263763 0.357964
251.000000 354.000000 -0.216663 0.357964
265.000000 354.000000 -0.172702 0.357964
200.000000 355.000000 -0.376804 0.361104
206.000000 355.000000 -0.357964 0.361104
233.000000 355.000000 -0.273183 0.361104
259.000000 355.000000 -0.191542 0.361104
283.000000 355.000000 -0.116181 0.361104
293.000000 356.000000 -0.084781 0.364244
123.000000 357.000000 -0.618587 0.367384
268.000000 357.000000 -0.163282 0.367384
298.000000 357.000000 -0.069081 0.367384
316.000000 357.000000 -0.012560 0.367384
342.000000 357.000000 0.069081 0.367384
149.000000 358.000000 -0.536946 0.370524
164.000000 358.000000 -0.489846 0.370524
242.000000 358.000000 -0.244923 0.370524
105.000000 359.000000 -0.675108 0.373664
178.000000 359.000000 -0.445885 0.373664
219.000000 359.000000 -0.317144 0.373664
263.000000 359.000000 -0.178982 0.373664
269.000000 359.000000 -0.160142 0.373664
273.000000 359.000000 -0.147582 0.373664
285.000000 359.000000 -0.109901 0.373664
288.000000 359.000000 -0.100481 0.373664
293.000000 359.000000 -0.084781 0.373664
77.000000 360.000000 -0.763029 0.376804
95.000000 360.000000 -0.706508 0.376804
123.000000 360.000000 -0.618587 0.376804
279.000000 360.000000 -0.128742 0.376804
98.000000 361.000000 -0.697088 0.379945
137.000000 361.000000 -0.574627 0.379945
215.000000 361.000000 -0.329704 0.379945
120.000000 362.000000 -0.628007 0.383085
267.000000 362.000000 -0.166422 0.383085
297.000000 362.000000 -0.072221 0.383085
301.000000 362.000000 -0.059661 0.383085
277.000000 363.000000 -0.135022 0.386225
286.000000 363.000000 -0.106761 0.386225
309.000000 363.000000 -0.034540 0.386225
85.000000 364.000000 -0.737909 0.389365
210.000000 364.000000 -0.345404 0.389365
63.000000 365.000000 -0.806990 0.392505
176.000000 365.000000 -0.452165 0.392505
220.000000 365.000000 -0.314004 0.392505
270.000000 365.000000 -0.157002 0.392505
96.000000 366.000000 -0.703368 0.395645
287.000000 366.000000 -0.103621 0.395645
60.000000 367.000000 -0.816410 0.398785
168.000000 367.000000 -0.477286 0.398785
193.000000 367.000000 -0.398785 0.398785
269.000000 367.000000 -0.160142 0.398785
302.000000 367.000000 -0.056521 0.398785
343.000000 367.000000 0.072221 0.398785
291.000000 368.000000 -0.091061 0.401925
345.000000 368.000000 0.078501 0.401925
57.000000 369.000000 -0.825830 0.405065
67.000000 369.000000 -0.794429 0.405065
102.000000 369.000000 -0.684528 0.405065
276.000000 369.000000 -0.138162 0.405065
109.000000 370.000000 -0.662548 0.408205
266.000000 371.000000 -0.169562 0.411345
346.000000 371.000000 0.081641 0.411345
90.000000 372.000000 -0.722209 0.414485
220.000000 372.000000 -0.314004 0.414485
359.000000 373.000000 0.122461 0.417625
138.000000 374.000000 -0.571487 0.420765
218.000000 374.000000 -0.320284 0.420765
352.000000 374.000000 0.100481 0.420765
189.000000 375.000000 -0.411345 0.423905
204.000000 375.000000 -0.364244 0.423905
359.000000 376.000000 0.122461 0.427045
202.000000 377.000000 -0.370524 0.430185
356.000000 378.000000 0.113041 0.433325
3.000000 379.000000 -0.995392 0.436465
17.000000 379.000000 -0.951431 0.436465
19.000000 379.000000 -0.945151 0.436465
21.000000 379.000000 -0.938871 0.436465
24.000000 379.000000 -0.929451 0.436465
220.000000 379.000000 -0.314004 0.436465
37.000000 381.000000 -0.888631 0.442745
39.000000 381.000000 -0.882350 0.442745
218.000000 381.000000 -0.320284 0.442745
19.000000 382.000000 -0.945151 0.445885
63.000000 382.000000 -0.806990 0.445885
87.000000 382.000000 -0.731629 0.445885
212.000000 382.000000 -0.339124 0.445885
112.000000 383.000000 -0.653128 0.449025
23.000000 384.000000 -0.932591 0.452165
196.000000 384.000000 -0.389365 0.452165
209.000000 384.000000 -0.348544 0.452165
257.000000 384.000000 -0.197822 0.452165
67.000000 385.000000 -0.794429 0.455305
170.000000 386.000000 -0.471006 0.458445
558.000000 386.000000 0.747329 0.458445
167.000000 387.000000 -0.480426 0.461585
163.000000 388.000000 -0.492986 0.464725
171.000000 388.000000 -0.467866 0.464725
188.000000 388.000000 -0.414485 0.464725
211.000000 388.000000 -0.342264 0.464725
23.000000 389.000000 -0.932591 0.467866
44.000000 390.000000 -0.866650 0.471006
152.000000 391.000000 -0.527526 0.474146
155.000000 391.000000 -0.518106 0.474146
379.000000 391.000000 0.185262 0.474146
381.000000 392.000000 0.191542 0.477286
40.000000 393.000000 -0.879210 0.480426
384.000000 393.000000 0.200962 0.480426
19.000000 394.000000 -0.945151 0.483566
43.000000 394.000000 -0.869790 0.483566
46.000000 394.000000 -0.860370 0.483566
83.000000 394.000000 -0.744189 0.483566
192.000000 394.000000 -0.401925 0.483566
41.000000 396.000000 -0.876070 0.489846
373.000000 396.000000 0.166422 0.489846
39.000000 397.000000 -0.882350 0.492986
82.000000 398.000000 -0.747329 0.496126
73.000000 400.000000 -0.775589 0.502406
170.000000 400.000000 -0.471006 0.502406
86.000000 402.000000 -0.734769 0.508686
531.000000 402.000000 0.662548 0.508686
6.000000 403.000000 -0.985972 0.511826
405.000000 403.000000 0.266903 0.511826
515.000000 403.000000 0.612307 0.511826
571.000000 403.000000 0.788149 0.511826
577.000000 403.000000 0.806990 0.511826
579.000000 403.000000 0.813270 0.511826
581.000000 403.000000 0.819550 0.511826
618.000000 403.000000 0.935731 0.511826
550.000000 404.000000 0.722209 0.514966
383.000000 405.000000 0.197822 0.518106
456.000000 405.000000 0.427045 0.518106
389.000000 406.000000 0.216663 0.521246
555.000000 406.000000 0.737909 0.521246
3.000000 407.000000 -0.995392 0.524386
169.000000 407.000000 -0.474146 0.524386
397.000000 407.000000 0.241783 0.524386
117.000000 408.000000 -0.637428 0.527526
387.000000 408.000000 0.210382 0.527526
24.000000 409.000000 -0.929451 0.530666
558.000000 411.000000 0.747329 0.536946
69.000000 412.000000 -0.788149 0.540086
265.000000 413.000000 -0.172702 0.543226
460.000000 413.000000 0.439605 0.543226
463.000000 413.000000 0.449025 0.543226
416.000000 414.000000 0.301444 0.546366
557.000000 414.000000 0.744189 0.546366
560.000000 414.000000 0.753609 0.546366
565.000000 414.000000 0.769309 0.546366
628.000000 414.000000 0.967131 0.546366
631.000000 414.000000 0.976552 0.546366
68.000000 415.000000 -0.791289 0.549506
101.000000 415.000000 -0.687668 0.549506
378.000000 415.000000 0.182122 0.549506
535.000000 415.000000 0.675108 0.549506
583.000000 415.000000 0.825830 0.549506
593.000000 415.000000 0.857230 0.549506
601.000000 415.000000 0.882350 0.549506
611.000000 415.000000 0.913751 0.549506
425.000000 416.000000 0.329704 0.552647
460.000000 416.000000 0.439605 0.552647
550.000000 416.000000 0.722209 0.552647
386.000000 417.000000 0.207242 0.555787
428.000000 417.000000 0.339124 0.555787
463.000000 417.000000 0.449025 0.555787
466.000000 417.000000 0.458445 0.555787
34.000000 418.000000 -0.898051 0.558927
112.000000 418.000000 -0.653128 0.558927
144.000000 418.000000 -0.552647 0.558927
545.000000 418.000000 0.706508 0.558927
438.000000 419.000000 0.370524 0.562067
441.000000 419.000000 0.379945 0.562067
505.000000 419.000000 0.580907 0.562067
553.000000 419.000000 0.731629 0.562067
557.000000 419.000000 0.744189 0.562067
561.000000 419.000000 0.756749 0.562067
3.000000 420.000000 -0.995392 0.565207
387.000000 420.000000 0.210382 0.565207
468.000000 420.000000 0.464725 0.565207
581.000000 420.000000 0.819550 0.565207
451.000000 421.000000 0.411345 0.568347
465.000000 421.000000 0.455305 0.568347
454.000000 422.000000 0.420765 0.571487
468.000000 422.000000 0.464725 0.571487
541.000000 422.000000 0.693948 0.571487
626.000000 424.000000 0.960851 0.577767
541.000000 425.000000 0.693948 0.580907
624.000000 425.000000 0.954571 0.580907
38.000000 427.000000 -0.885490 0.587187
133.000000 428.000000 -0.587187 0.590327
461.000000 428.000000 0.442745 0.590327
174.000000 429.000000 -0.458445 0.593467
455.000000 429.000000 0.423905 0.593467
633.000000 429.000000 0.982832 0.593467
80.000000 431.000000 -0.753609 0.599747
458.000000 431.000000 0.433325 0.599747
520.000000 432.000000 0.628007 0.602887
537.000000 433.000000 0.681388 0.606027
80.000000 434.000000 -0.753609 0.609167
539.000000 435.000000 0.687668 0.612307
623.000000 435.000000 0.951431 0.612307
140.000000 436.000000 -0.565207 0.615447
395.000000 436.000000 0.235503 0.615447
434.000000 436.000000 0.357964 0.615447
109.000000 437.000000 -0.662548 0.618587
53.000000 438.000000 -0.838390 0.621727
83.000000 438.000000 -0.744189 0.621727
78.000000 439.000000 -0.759889 0.624867
64.000000 440.000000 -0.803850 0.628007
275.000000 441.000000 -0.141302 0.631147
409.000000 441.000000 0.279463 0.631147
57.000000 442.000000 -0.825830 0.634288
61.000000 442.000000 -0.813270 0.634288
75.000000 442.000000 -0.769309 0.634288
145.000000 442.000000 -0.549506 0.634288
32.000000 443.000000 -0.904331 0.637428
112.000000 443.000000 -0.653128 0.637428
439.000000 443.000000 0.373664 0.637428
6.000000 444.000000 -0.985972 0.640568
410.000000 444.000000 0.282603 0.640568
91.000000 445.000000 -0.719069 0.643708
124.000000 445.000000 -0.615447 0.643708
359.000000 445.000000 0.122461 0.643708
53.000000 446.000000 -0.838390 0.646848
57.000000 446.000000 -0.825830 0.646848
529.000000 446.000000 0.656268 0.646848
35.000000 447.000000 -0.894911 0.649988
60.000000 447.000000 -0.816410 0.649988
360.000000 447.000000 0.125601 0.649988
539.000000 447.000000 0.687668 0.649988
544.000000 447.000000 0.703368 0.649988
51.000000 448.000000 -0.844670 0.653128
118.000000 448.000000 -0.634288 0.653128
141.000000 448.000000 -0.562067 0.653128
255.000000 448.000000 -0.204102 0.653128
348.000000 448.000000 0.087921 0.653128
481.000000 448.000000 0.505546 0.653128
564.000000 448.000000 0.766169 0.653128
37.000000 449.000000 -0.888631 0.656268
23.000000 450.000000 -0.932591 0.659408
304.000000 450.000000 -0.050241 0.659408
563.000000 450.000000 0.763029 0.659408
574.000000 450.000000 0.797569 0.659408
310.000000 451.000000 -0.031400 0.662548
138.000000 452.000000 -0.571487 0.665688
193.000000 452.000000 -0.398785 0.665688
404.000000 452.000000 0.263763 0.665688
409.000000 452.000000 0.279463 0.665688
600.000000 452.000000 0.879210 0.665688
365.000000 453.000000 0.141302 0.668828
547.000000 453.000000 0.712788 0.668828
576.000000 453.000000 0.803850 0.668828
5.000000 454.000000 -0.989112 0.671968
122.000000 454.000000 -0.621727 0.671968
323.000000 454.000000 0.009420 0.671968
573.000000 454.000000 0.794429 0.671968
8.000000 455.000000 -0.979692 0.675108
65.000000 455.000000 -0.800709 0.675108
125.000000 455.000000 -0.612307 0.675108
552.000000 455.000000 0.728489 0.675108
95.000000 456.000000 -0.706508 0.678248
130.000000 456.000000 -0.596607 0.678248
609.000000 456.000000 0.907471 0.678248
187.000000 457.000000 -0.417625 0.681388
195.000000 457.000000 -0.392505 0.681388
330.000000 457.000000 0.031400 0.681388
403.000000 457.000000 0.260623 0.681388
433.000000 457.000000 0.354824 0.681388
69.000000 458.000000 -0.788149 0.684528
117.000000 459.000000 -0.637428 0.687668
350.000000 459.000000 0.094201 0.687668
354.000000 459.000000 0.106761 0.687668
369.000000 459.000000 0.153862 0.687668
484.000000 459.000000 0.514966 0.687668
109.000000 460.000000 -0.662548 0.690808
127.000000 460.000000 -0.606027 0.690808
229.000000 460.000000 -0.285743 0.690808
604.000000 460.000000 0.891771 0.690808
82.000000 461.000000 -0.747329 0.693948
129.000000 461.000000 -0.599747 0.693948
187.000000 461.000000 -0.417625 0.693948
418.000000 461.000000 0.307724 0.693948
420.000000 461.000000 0.314004 0.693948
437.000000 461.000000 0.367384 0.693948
141.000000 462.000000 -0.562067 0.697088
259.000000 462.000000 -0.191542 0.697088
87.000000 463.000000 -0.731629 0.700228
202.000000 463.000000 -0.370524 0.700228
424.000000 463.000000 0.326564 0.700228
478.000000 463.000000 0.496126 0.700228
153.000000 464.000000 -0.524386 0.703368
220.000000 464.000000 -0.314004 0.703368
419.000000 464.000000 0.310864 0.703368
598.000000 464.000000 0.872930 0.703368
133.000000 465.000000 -0.587187 0.706508
178.000000 465.000000 -0.445885 0.706508
378.000000 465.000000 0.182122 0.706508
96.000000 466.000000 -0.703368 0.709648
153.000000 466.000000 -0.524386 0.709648
420.000000 466.000000 0.314004 0.709648
423.000000 466.000000 0.323424 0.709648
520.000000 466.000000 0.628007 0.709648
113.000000 467.000000 -0.649988 0.712788
510.000000 467.000000 0.596607 0.712788
134.000000 468.000000 -0.584047 0.715928
481.000000 468.000000 0.505546 0.715928
619.000000 468.000000 0.938871 0.715928
93.000000 469.000000 -0.712788 0.719069
602.000000 469.000000 0.885490 0.719069
119.000000 470.000000 -0.631147 0.722209
189.000000 470.000000 -0.411345 0.722209
422.000000 470.000000 0.320284 0.722209
473.000000 470.000000 0.480426 0.722209
88.000000 471.000000 -0.728489 0.725349
267.000000 471.000000 -0.166422 0.725349
380.000000 471.000000 0.188402 0.725349
386.000000 471.000000 0.207242 0.725349
426.000000 471.000000 0.332844 0.725349
543.000000 471.000000 0.700228 0.725349
557.000000 471.000000 0.744189 0.725349
596.000000 471.000000 0.866650 0.725349
67.000000 472.000000 -0.794429 0.728489
477.000000 472.000000 0.492986 0.728489
503.000000 472.000000 0.574627 0.728489
99.000000 473.000000 -0.693948 0.731629
236.000000 473.000000 -0.263763 0.731629
380.000000 473.000000 0.188402 0.731629
396.000000 473.000000 0.238643 0.731629
441.000000 473.000000 0.379945 0.731629
584.000000 473.000000 0.828970 0.731629
591.000000 473.000000 0.850950 0.731629
185.000000 474.000000 -0.423905 0.734769
429.000000 474.000000 0.342264 0.734769
88.000000 475.000000 -0.728489 0.737909
111.000000 475.000000 -0.656268 0.737909
135.000000 475.000000 -0.580907 0.737909
548.000000 475.000000 0.715928 0.737909
624.000000 475.000000 0.954571 0.737909
100.000000 476.000000 -0.690808 0.741049
148.000000 476.000000 -0.540086 0.741049
165.000000 476.000000 -0.486706 0.741049
269.000000 476.000000 -0.160142 0.741049
465.000000 476.000000 0.455305 0.741049
486.000000 476.000000 0.521246 0.741049
