455.000000 3.000000 0.423905 -0.744189
540.000000 4.000000 0.690808 -0.741049
565.000000 4.000000 0.769309 -0.741049
569.000000 4.000000 0.781869 -0.741049
615.000000 4.000000 0.926311 -0.741049
620.000000 4.000000 0.942011 -0.741049
323.000000 5.000000 0.009420 -0.737909
361.000000 5.000000 0.128742 -0.737909
443.000000 5.000000 0.386225 -0.737909
503.000000 5.000000 0.574627 -0.737909
534.000000 5.000000 0.671968 -0.737909
283.000000 6.000000 -0.116181 -0.734769
314.000000 6.000000 -0.018840 -0.734769
436.000000 6.000000 0.364244 -0.734769
471.000000 6.000000 0.474146 -0.734769
547.000000 6.000000 0.712788 -0.734769
563.000000 6.000000 0.763029 -0.734769
430.000000 7.000000 0.345404 -0.731629
533.000000 7.000000 0.668828 -0.731629
538.000000 7.000000 0.684528 -0.731629
424.000000 8.000000 0.326564 -0.728489
545.000000 8.000000 0.706508 -0.728489
551.000000 8.000000 0.725349 -0.728489
569.000000 8.000000 0.781869 -0.728489
607.000000 8.000000 0.901191 -0.728489
417.000000 9.000000 0.304584 -0.725349
479.000000 9.000000 0.499266 -0.725349
497.000000 9.000000 0.555787 -0.725349
548.000000 9.000000 0.715928 -0.725349
411.000000 10.000000 0.285743 -0.722209
536.000000 10.000000 0.678248 -0.722209
404.000000 11.000000 0.263763 -0.719069
543.000000 11.000000 0.700228 -0.719069
570.000000 11.000000 0.785009 -0.719069
23.000000 12.000000 -0.932591 -0.715928
213.000000 12.000000 -0.335984 -0.715928
398.000000 12.000000 0.244923 -0.715928
453.000000 12.000000 0.417625 -0.715928
540.000000 12.000000 0.690808 -0.715928
573.000000 12.000000 0.794429 -0.715928
633.000000 12.000000 0.982832 -0.715928
375.000000 13.000000 0.172702 -0.712788
392.000000 13.000000 0.226083 -0.712788
534.000000 13.000000 0.671968 -0.712788
624.000000 13.000000 0.954571 -0.712788
214.000000 14.000000 -0.332844 -0.709648
386.000000 14.000000 0.207242 -0.709648
541.000000 14.000000 0.693948 -0.709648
557.000000 14.000000 0.744189 -0.709648
613.000000 14.000000 0.920031 -0.709648
379.000000 15.000000 0.185262 -0.706508
546.000000 15.000000 0.709648 -0.706508
632.000000 15.000000 0.979692 -0.706508
373.000000 16.000000 0.166422 -0.703368
470.000000 16.000000 0.471006 -0.703368
529.000000 16.000000 0.656268 -0.703368
532.000000 16.000000 0.665688 -0.703368
548.000000 16.000000 0.715928 -0.703368
569.000000 16.000000 0.781869 -0.703368
577.000000 16.000000 0.806990 -0.703368
591.000000 16.000000 0.850950 -0.703368
367.000000 17.000000 0.147582 -0.700228
217.000000 18.000000 -0.323424 -0.697088
351.000000 18.000000 0.097341 -0.697088
360.000000 18.000000 0.125601 -0.697088
544.000000 18.000000 0.703368 -0.697088
602.000000 18.000000 0.885490 -0.697088
614.000000 18.000000 0.923171 -0.697088
354.000000 19.000000 0.106761 -0.693948
463.000000 19.000000 0.449025 -0.693948
505.000000 19.000000 0.580907 -0.693948
537.000000 19.000000 0.681388 -0.693948
564.000000 19.000000 0.766169 -0.693948
287.000000 20.000000 -0.103621 -0.690808
364.000000 20.000000 0.138162 -0.690808
473.000000 20.000000 0.480426 -0.690808
529.000000 20.000000 0.656268 -0.690808
562.000000 20.000000 0.759889 -0.690808
612.000000 20.000000 0.916891 -0.690808
617.000000 20.000000 0.932591 -0.690808
276.000000 21.000000 -0.138162 -0.687668
341.000000 21.000000 0.065941 -0.687668
348.000000 21.000000 0.087921 -0.687668
401.000000 21.000000 0.254343 -0.687668
545.000000 21.000000 0.706508 -0.687668
635.000000 21.000000 0.989112 -0.687668
335.000000 22.000000 0.047101 -0.684528
350.000000 22.000000 0.094201 -0.684528
465.000000 22.000000 0.455305 -0.684528
535.000000 22.000000 0.675108 -0.684528
329.000000 23.000000 0.028260 -0.681388
462.000000 23.000000 0.445885 -0.681388
524.000000 23.000000 0.640568 -0.681388
527.000000 23.000000 0.649988 -0.681388
613.000000 23.000000 0.920031 -0.681388
323.000000 24.000000 0.009420 -0.678248
429.000000 24.000000 0.342264 -0.678248
546.000000 24.000000 0.709648 -0.678248
549.000000 24.000000 0.719069 -0.678248
89.000000 25.000000 -0.725349 -0.675108
316.000000 25.000000 -0.012560 -0.675108
498.000000 25.000000 0.558927 -0.675108
527.000000 25.000000 0.649988 -0.675108
530.000000 25.000000 0.659408 -0.675108
563.000000 25.000000 0.763029 -0.675108
600.000000 25.000000 0.879210 -0.675108
222.000000 26.000000 -0.307724 -0.671968
310.000000 26.000000 -0.031400 -0.671968
456.000000 26.000000 0.427045 -0.671968
538.000000 26.000000 0.684528 -0.671968
558.000000 26.000000 0.747329 -0.671968
607.000000 26.000000 0.901191 -0.671968
304.000000 27.000000 -0.050241 -0.668828
401.000000 27.000000 0.254343 -0.668828
498.000000 27.000000 0.558927 -0.668828
543.000000 27.000000 0.700228 -0.668828
358.000000 28.000000 0.119321 -0.665688
438.000000 28.000000 0.370524 -0.665688
521.000000 28.000000 0.631147 -0.665688
49.000000 29.000000 -0.850950 -0.662548
291.000000 29.000000 -0.091061 -0.662548
297.000000 29.000000 -0.072221 -0.662548
456.000000 29.000000 0.427045 -0.662548
523.000000 29.000000 0.637428 -0.662548
526.000000 29.000000 0.646848 -0.662548
530.000000 29.000000 0.659408 -0.662548
555.000000 29.000000 0.737909 -0.662548
594.000000 29.000000 0.860370 -0.662548
284.000000 30.000000 -0.113041 -0.659408
498.000000 30.000000 0.558927 -0.659408
535.000000 30.000000 0.675108 -0.659408
558.000000 30.000000 0.747329 -0.659408
269.000000 31.000000 -0.160142 -0.656268
278.000000 31.000000 -0.131882 -0.656268
338.000000 31.000000 0.056521 -0.656268
384.000000 31.000000 0.200962 -0.656268
523.000000 31.000000 0.637428 -0.656268
547.000000 31.000000 0.712788 -0.656268
226.000000 32.000000 -0.295163 -0.653128
488.000000 32.000000 0.527526 -0.653128
496.000000 32.000000 0.552647 -0.653128
521.000000 32.000000 0.631147 -0.653128
525.000000 32.000000 0.643708 -0.653128
531.000000 32.000000 0.662548 -0.653128
88.000000 33.000000 -0.728489 -0.649988
545.000000 33.000000 0.706508 -0.649988
552.000000 33.000000 0.728489 -0.649988
587.000000 33.000000 0.838390 -0.649988
541.000000 34.000000 0.693948 -0.646848
519.000000 35.000000 0.624867 -0.643708
524.000000 35.000000 0.640568 -0.643708
531.000000 35.000000 0.662548 -0.643708
515.000000 36.000000 0.612307 -0.640568
536.000000 36.000000 0.678248 -0.640568
543.000000 36.000000 0.700228 -0.640568
636.000000 36.000000 0.992252 -0.640568
229.000000 37.000000 -0.285743 -0.637428
525.000000 37.000000 0.643708 -0.637428
527.000000 37.000000 0.649988 -0.637428
581.000000 37.000000 0.819550 -0.637428
585.000000 37.000000 0.832110 -0.637428
532.000000 38.000000 0.665688 -0.634288
541.000000 38.000000 0.693948 -0.634288
550.000000 39.000000 0.722209 -0.631147
632.000000 39.000000 0.979692 -0.631147
231.000000 40.000000 -0.279463 -0.628007
525.000000 40.000000 0.643708 -0.628007
344.000000 41.000000 0.075361 -0.624867
497.000000 41.000000 0.555787 -0.624867
512.000000 41.000000 0.602887 -0.624867
233.000000 42.000000 -0.273183 -0.621727
319.000000 42.000000 -0.003140 -0.621727
506.000000 42.000000 0.584047 -0.621727
514.000000 42.000000 0.609167 -0.621727
582.000000 42.000000 0.822690 -0.621727
632.000000 42.000000 0.979692 -0.621727
285.000000 43.000000 -0.109901 -0.618587
508.000000 43.000000 0.590327 -0.618587
234.000000 44.000000 -0.270043 -0.615447
349.000000 44.000000 0.091061 -0.615447
497.000000 44.000000 0.555787 -0.615447
510.000000 44.000000 0.596607 -0.615447
618.000000 44.000000 0.935731 -0.615447
267.000000 45.000000 -0.166422 -0.612307
357.000000 45.000000 0.116181 -0.612307
512.000000 45.000000 0.602887 -0.612307
516.000000 45.000000 0.615447 -0.612307
526.000000 45.000000 0.646848 -0.612307
532.000000 45.000000 0.665688 -0.612307
571.000000 45.000000 0.788149 -0.612307
611.000000 45.000000 0.913751 -0.612307
636.000000 45.000000 0.992252 -0.612307
235.000000 46.000000 -0.266903 -0.609167
628.000000 46.000000 0.967131 -0.609167
499.000000 47.000000 0.562067 -0.606027
508.000000 47.000000 0.590327 -0.606027
548.000000 47.000000 0.715928 -0.606027
354.000000 48.000000 0.106761 -0.602887
510.000000 48.000000 0.596607 -0.602887
517.000000 48.000000 0.618587 -0.602887
522.000000 48.000000 0.634288 -0.602887
237.000000 49.000000 -0.260623 -0.599747
320.000000 49.000000 -0.000000 -0.599747
348.000000 49.000000 0.087921 -0.599747
514.000000 49.000000 0.609167 -0.599747
519.000000 49.000000 0.624867 -0.599747
27.000000 50.000000 -0.920031 -0.596607
527.000000 50.000000 0.649988 -0.596607
531.000000 50.000000 0.662548 -0.596607
503.000000 51.000000 0.574627 -0.593467
508.000000 51.000000 0.590327 -0.593467
561.000000 51.000000 0.756749 -0.593467
611.000000 51.000000 0.913751 -0.593467
307.000000 52.000000 -0.040820 -0.590327
533.000000 52.000000 0.668828 -0.590327
594.000000 52.000000 0.860370 -0.590327
613.000000 52.000000 0.920031 -0.590327
305.000000 53.000000 -0.047101 -0.587187
332.000000 53.000000 0.037680 -0.587187
516.000000 53.000000 0.615447 -0.587187
527.000000 53.000000 0.649988 -0.587187
338.000000 54.000000 0.056521 -0.584047
241.000000 55.000000 -0.248063 -0.580907
570.000000 55.000000 0.785009 -0.580907
301.000000 56.000000 -0.059661 -0.577767
532.000000 56.000000 0.665688 -0.577767
242.000000 57.000000 -0.244923 -0.574627
290.000000 57.000000 -0.094201 -0.574627
512.000000 57.000000 0.602887 -0.574627
581.000000 57.000000 0.819550 -0.574627
297.000000 58.000000 -0.072221 -0.571487
533.000000 58.000000 0.668828 -0.571487
599.000000 58.000000 0.876070 -0.571487
622.000000 58.000000 0.948291 -0.571487
528.000000 59.000000 0.653128 -0.568347
611.000000 59.000000 0.913751 -0.568347
293.000000 60.000000 -0.084781 -0.565207
339.000000 60.000000 0.059661 -0.565207
510.000000 60.000000 0.596607 -0.565207
576.000000 61.000000 0.803850 -0.562067
295.000000 62.000000 -0.078501 -0.558927
368.000000 62.000000 0.150722 -0.558927
370.000000 62.000000 0.157002 -0.558927
513.000000 62.000000 0.606027 -0.558927
601.000000 62.000000 0.882350 -0.558927
303.000000 63.000000 -0.053381 -0.555787
331.000000 63.000000 0.034540 -0.555787
510.000000 63.000000 0.596607 -0.555787
516.000000 63.000000 0.615447 -0.555787
527.000000 63.000000 0.649988 -0.555787
552.000000 63.000000 0.728489 -0.555787
619.000000 63.000000 0.938871 -0.555787
311.000000 64.000000 -0.028260 -0.552647
333.000000 64.000000 0.040820 -0.552647
530.000000 64.000000 0.659408 -0.552647
302.000000 65.000000 -0.056521 -0.549506
502.000000 65.000000 0.571487 -0.549506
535.000000 65.000000 0.675108 -0.549506
559.000000 65.000000 0.750469 -0.549506
298.000000 66.000000 -0.069081 -0.546366
321.000000 66.000000 0.003140 -0.546366
371.000000 66.000000 0.160142 -0.546366
510.000000 66.000000 0.596607 -0.546366
527.000000 66.000000 0.649988 -0.546366
602.000000 66.000000 0.885490 -0.546366
516.000000 67.000000 0.615447 -0.543226
548.000000 67.000000 0.715928 -0.543226
514.000000 68.000000 0.609167 -0.540086
56.000000 69.000000 -0.828970 -0.536946
320.000000 69.000000 -0.000000 -0.536946
510.000000 69.000000 0.596607 -0.536946
542.000000 69.000000 0.697088 -0.536946
604.000000 69.000000 0.891771 -0.536946
629.000000 69.000000 0.970271 -0.536946
631.000000 69.000000 0.976552 -0.536946
527.000000 70.000000 0.649988 -0.533806
544.000000 70.000000 0.703368 -0.533806
288.000000 71.000000 -0.100481 -0.530666
493.000000 71.000000 0.543226 -0.530666
551.000000 71.000000 0.725349 -0.530666
612.000000 71.000000 0.916891 -0.530666
542.000000 72.000000 0.697088 -0.527526
545.000000 72.000000 0.706508 -0.527526
253.000000 73.000000 -0.210382 -0.524386
510.000000 73.000000 0.596607 -0.524386
523.000000 73.000000 0.637428 -0.524386
620.000000 73.000000 0.942011 -0.524386
301.000000 74.000000 -0.059661 -0.521246
514.000000 74.000000 0.609167 -0.521246
527.000000 74.000000 0.649988 -0.521246
511.000000 75.000000 0.599747 -0.518106
533.000000 75.000000 0.668828 -0.518106
567.000000 75.000000 0.775589 -0.518106
625.000000 75.000000 0.957711 -0.518106
629.000000 75.000000 0.970271 -0.518106
529.000000 76.000000 0.656268 -0.514966
544.000000 76.000000 0.703368 -0.514966
517.000000 77.000000 0.618587 -0.511826
541.000000 77.000000 0.693948 -0.511826
577.000000 77.000000 0.806990 -0.511826
290.000000 78.000000 -0.094201 -0.508686
453.000000 78.000000 0.417625 -0.508686
511.000000 78.000000 0.599747 -0.508686
575.000000 78.000000 0.800709 -0.508686
54.000000 79.000000 -0.835250 -0.505546
521.000000 79.000000 0.631147 -0.505546
585.000000 79.000000 0.832110 -0.505546
634.000000 79.000000 0.985972 -0.505546
530.000000 80.000000 0.659408 -0.502406
436.000000 81.000000 0.364244 -0.499266
438.000000 81.000000 0.370524 -0.499266
504.000000 81.000000 0.577767 -0.499266
511.000000 81.000000 0.599747 -0.499266
518.000000 81.000000 0.621727 -0.499266
569.000000 81.000000 0.781869 -0.499266
521.000000 82.000000 0.631147 -0.496126
535.000000 82.000000 0.675108 -0.496126
538.000000 82.000000 0.684528 -0.496126
590.000000 82.000000 0.847810 -0.496126
609.000000 82.000000 0.907471 -0.496126
259.000000 83.000000 -0.191542 -0.492986
421.000000 83.000000 0.317144 -0.492986
504.000000 83.000000 0.577767 -0.492986
512.000000 83.000000 0.602887 -0.492986
526.000000 83.000000 0.646848 -0.492986
627.000000 83.000000 0.963991 -0.492986
53.000000 84.000000 -0.838390 -0.489846
522.000000 84.000000 0.634288 -0.489846
530.000000 84.000000 0.659408 -0.489846
534.000000 84.000000 0.671968 -0.489846
547.000000 84.000000 0.712788 -0.489846
22.000000 85.000000 -0.935731 -0.486706
51.000000 85.000000 -0.844670 -0.486706
556.000000 85.000000 0.741049 -0.486706
261.000000 86.000000 -0.185262 -0.483566
471.000000 86.000000 0.474146 -0.483566
510.000000 86.000000 0.596607 -0.483566
516.000000 86.000000 0.615447 -0.483566
519.000000 86.000000 0.624867 -0.483566
531.000000 86.000000 0.662548 -0.483566
580.000000 86.000000 0.816410 -0.483566
600.000000 86.000000 0.879210 -0.483566
619.000000 86.000000 0.938871 -0.483566
462.000000 87.000000 0.445885 -0.480426
536.000000 87.000000 0.678248 -0.480426
380.000000 88.000000 0.188402 -0.477286
454.000000 88.000000 0.420765 -0.477286
521.000000 88.000000 0.631147 -0.477286
524.000000 88.000000 0.640568 -0.477286
530.000000 88.000000 0.659408 -0.477286
548.000000 88.000000 0.715928 -0.477286
555.000000 88.000000 0.737909 -0.477286
18.000000 89.000000 -0.948291 -0.474146
263.000000 89.000000 -0.178982 -0.474146
306.000000 89.000000 -0.043961 -0.474146
315.000000 89.000000 -0.015700 -0.474146
373.000000 89.000000 0.166422 -0.474146
376.000000 89.000000 0.175842 -0.474146
445.000000 89.000000 0.392505 -0.474146
507.000000 89.000000 0.587187 -0.474146
516.000000 89.000000 0.615447 -0.474146
536.000000 89.000000 0.678248 -0.474146
545.000000 89.000000 0.706508 -0.474146
569.000000 89.000000 0.781869 -0.474146
577.000000 90.000000 0.806990 -0.471006
610.000000 90.000000 0.910611 -0.471006
332.000000 91.000000 0.037680 -0.467866
428.000000 91.000000 0.339124 -0.467866
476.000000 91.000000 0.489846 -0.467866
504.000000 91.000000 0.577767 -0.467866
538.000000 91.000000 0.684528 -0.467866
613.000000 91.000000 0.920031 -0.467866
265.000000 92.000000 -0.172702 -0.464725
316.000000 92.000000 -0.012560 -0.464725
421.000000 92.000000 0.317144 -0.464725
542.000000 92.000000 0.697088 -0.464725
583.000000 92.000000 0.825830 -0.464725
587.000000 92.000000 0.838390 -0.464725
617.000000 92.000000 0.932591 -0.464725
5.000000 93.000000 -0.989112 -0.461585
291.000000 93.000000 -0.091061 -0.461585
413.000000 93.000000 0.292023 -0.461585
521.000000 93.000000 0.631147 -0.461585
566.000000 93.000000 0.772449 -0.461585
581.000000 93.000000 0.819550 -0.461585
593.000000 93.000000 0.857230 -0.461585
304.000000 94.000000 -0.050241 -0.458445
312.000000 94.000000 -0.025120 -0.458445
332.000000 94.000000 0.037680 -0.458445
357.000000 94.000000 0.116181 -0.458445
404.000000 94.000000 0.263763 -0.458445
511.000000 94.000000 0.599747 -0.458445
554.000000 94.000000 0.734769 -0.458445
571.000000 94.000000 0.788149 -0.458445
267.000000 95.000000 -0.166422 -0.455305
296.000000 95.000000 -0.075361 -0.455305
325.000000 95.000000 0.015700 -0.455305
395.000000 95.000000 0.235503 -0.455305
503.000000 95.000000 0.574627 -0.455305
507.000000 95.000000 0.587187 -0.455305
518.000000 95.000000 0.621727 -0.455305
534.000000 95.000000 0.671968 -0.455305
627.000000 95.000000 0.963991 -0.455305
36.000000 96.000000 -0.891771 -0.452165
75.000000 96.000000 -0.769309 -0.452165
291.000000 96.000000 -0.091061 -0.452165
302.000000 96.000000 -0.056521 -0.452165
320.000000 96.000000 -0.000000 -0.452165
631.000000 96.000000 0.976552 -0.452165
23.000000 97.000000 -0.932591 -0.449025
26.000000 97.000000 -0.923171 -0.449025
268.000000 97.000000 -0.163282 -0.449025
296.000000 97.000000 -0.075361 -0.449025
305.000000 97.000000 -0.047101 -0.449025
317.000000 97.000000 -0.009420 -0.449025
379.000000 97.000000 0.185262 -0.449025
554.000000 97.000000 0.734769 -0.449025
293.000000 98.000000 -0.084781 -0.445885
499.000000 98.000000 0.562067 -0.445885
517.000000 98.000000 0.618587 -0.445885
563.000000 98.000000 0.763029 -0.445885
590.000000 98.000000 0.847810 -0.445885
603.000000 98.000000 0.888631 -0.445885
502.000000 99.000000 0.571487 -0.442745
531.000000 99.000000 0.662548 -0.442745
270.000000 100.000000 -0.157002 -0.439605
283.000000 100.000000 -0.116181 -0.439605
325.000000 100.000000 0.015700 -0.439605
354.000000 100.000000 0.106761 -0.439605
537.000000 100.000000 0.681388 -0.439605
549.000000 100.000000 0.719069 -0.439605
618.000000 100.000000 0.935731 -0.439605
277.000000 101.000000 -0.135022 -0.436465
499.000000 101.000000 0.562067 -0.436465
535.000000 101.000000 0.675108 -0.436465
571.000000 101.000000 0.788149 -0.436465
594.000000 101.000000 0.860370 -0.436465
22.000000 102.000000 -0.935731 -0.433325
272.000000 102.000000 -0.150722 -0.433325
496.000000 102.000000 0.552647 -0.433325
506.000000 102.000000 0.584047 -0.433325
525.000000 102.000000 0.643708 -0.433325
329.000000 103.000000 0.028260 -0.430185
535.000000 103.000000 0.675108 -0.430185
626.000000 103.000000 0.960851 -0.430185
576.000000 104.000000 0.803850 -0.427045
312.000000 105.000000 -0.025120 -0.423905
525.000000 105.000000 0.643708 -0.423905
532.000000 105.000000 0.665688 -0.423905
635.000000 105.000000 0.989112 -0.423905
18.000000 106.000000 -0.948291 -0.420765
304.000000 106.000000 -0.050241 -0.420765
326.000000 106.000000 0.018840 -0.420765
333.000000 106.000000 0.040820 -0.420765
503.000000 106.000000 0.574627 -0.420765
600.000000 106.000000 0.879210 -0.420765
297.000000 107.000000 -0.072221 -0.417625
113.000000 108.000000 -0.649988 -0.414485
288.000000 108.000000 -0.100481 -0.414485
352.000000 108.000000 0.100481 -0.414485
499.000000 108.000000 0.562067 -0.414485
563.000000 108.000000 0.763029 -0.414485
105.000000 109.000000 -0.675108 -0.411345
277.000000 109.000000 -0.135022 -0.411345
340.000000 109.000000 0.062801 -0.411345
495.000000 109.000000 0.549506 -0.411345
596.000000 109.000000 0.866650 -0.411345
85.000000 110.000000 -0.737909 -0.408205
307.000000 110.000000 -0.040820 -0.408205
489.000000 110.000000 0.530666 -0.408205
492.000000 110.000000 0.540086 -0.408205
571.000000 110.000000 0.788149 -0.408205
622.000000 110.000000 0.948291 -0.408205
626.000000 110.000000 0.960851 -0.408205
58.000000 111.000000 -0.822690 -0.405065
554.000000 111.000000 0.734769 -0.405065
604.000000 111.000000 0.891771 -0.405065
497.000000 112.000000 0.555787 -0.401925
608.000000 112.000000 0.904331 -0.401925
315.000000 113.000000 -0.015700 -0.398785
564.000000 113.000000 0.766169 -0.398785
575.000000 113.000000 0.800709 -0.398785
83.000000 114.000000 -0.744189 -0.395645
93.000000 114.000000 -0.712788 -0.395645
367.000000 114.000000 0.147582 -0.395645
500.000000 114.000000 0.565207 -0.395645
307.000000 115.000000 -0.040820 -0.392505
341.000000 115.000000 0.065941 -0.392505
493.000000 115.000000 0.543226 -0.392505
598.000000 115.000000 0.872930 -0.392505
600.000000 115.000000 0.879210 -0.392505
24.000000 116.000000 -0.929451 -0.389365
311.000000 116.000000 -0.028260 -0.389365
501.000000 116.000000 0.568347 -0.389365
504.000000 116.000000 0.577767 -0.389365
506.000000 116.000000 0.584047 -0.389365
541.000000 116.000000 0.693948 -0.389365
558.000000 116.000000 0.747329 -0.389365
589.000000 116.000000 0.844670 -0.389365
57.000000 117.000000 -0.825830 -0.386225
343.000000 117.000000 0.072221 -0.386225
488.000000 117.000000 0.527526 -0.386225
499.000000 117.000000 0.562067 -0.386225
545.000000 117.000000 0.706508 -0.386225
636.000000 117.000000 0.992252 -0.386225
25.000000 118.000000 -0.926311 -0.383085
70.000000 118.000000 -0.785009 -0.383085
495.000000 118.000000 0.549506 -0.383085
506.000000 118.000000 0.584047 -0.383085
625.000000 118.000000 0.957711 -0.383085
89.000000 119.000000 -0.725349 -0.379945
487.000000 119.000000 0.524386 -0.379945
492.000000 119.000000 0.540086 -0.379945
500.000000 119.000000 0.565207 -0.379945
559.000000 119.000000 0.750469 -0.379945
62.000000 120.000000 -0.810130 -0.376804
330.000000 120.000000 0.031400 -0.376804
495.000000 120.000000 0.549506 -0.376804
572.000000 120.000000 0.791289 -0.376804
94.000000 121.000000 -0.709648 -0.373664
292.000000 121.000000 -0.087921 -0.373664
300.000000 121.000000 -0.062801 -0.373664
302.000000 121.000000 -0.056521 -0.373664
580.000000 121.000000 0.816410 -0.373664
89.000000 122.000000 -0.725349 -0.370524
485.000000 122.000000 0.518106 -0.370524
585.000000 122.000000 0.832110 -0.370524
301.000000 123.000000 -0.059661 -0.367384
342.000000 123.000000 0.069081 -0.367384
361.000000 123.000000 0.128742 -0.367384
501.000000 123.000000 0.568347 -0.367384
561.000000 123.000000 0.756749 -0.367384
612.000000 123.000000 0.916891 -0.367384
309.000000 124.000000 -0.034540 -0.364244
496.000000 124.000000 0.552647 -0.364244
529.000000 124.000000 0.656268 -0.364244
598.000000 124.000000 0.872930 -0.364244
621.000000 124.000000 0.945151 -0.364244
304.000000 125.000000 -0.050241 -0.361104
342.000000 125.000000 0.069081 -0.361104
502.000000 125.000000 0.571487 -0.361104
66.000000 126.000000 -0.797569 -0.357964
75.000000 126.000000 -0.769309 -0.357964
320.000000 126.000000 -0.000000 -0.357964
485.000000 126.000000 0.518106 -0.357964
488.000000 126.000000 0.527526 -0.357964
305.000000 127.000000 -0.047101 -0.354824
63.000000 128.000000 -0.806990 -0.351684
70.000000 128.000000 -0.785009 -0.351684
342.000000 128.000000 0.069081 -0.351684
385.000000 128.000000 0.204102 -0.351684
408.000000 128.000000 0.276323 -0.351684
490.000000 128.000000 0.533806 -0.351684
496.000000 128.000000 0.552647 -0.351684
541.000000 128.000000 0.693948 -0.351684
36.000000 129.000000 -0.891771 -0.348544
57.000000 129.000000 -0.825830 -0.348544
312.000000 129.000000 -0.025120 -0.348544
629.000000 129.000000 0.970271 -0.348544
316.000000 130.000000 -0.012560 -0.345404
375.000000 130.000000 0.172702 -0.345404
392.000000 130.000000 0.226083 -0.345404
397.000000 130.000000 0.241783 -0.345404
481.000000 130.000000 0.505546 -0.345404
591.000000 130.000000 0.850950 -0.345404
618.000000 130.000000 0.935731 -0.345404
343.000000 131.000000 0.072221 -0.342264
484.000000 131.000000 0.514966 -0.342264
486.000000 131.000000 0.521246 -0.342264
62.000000 132.000000 -0.810130 -0.339124
79.000000 133.000000 -0.756749 -0.335984
312.000000 133.000000 -0.025120 -0.335984
399.000000 133.000000 0.248063 -0.335984
34.000000 134.000000 -0.898051 -0.332844
477.000000 134.000000 0.492986 -0.332844
495.000000 134.000000 0.549506 -0.332844
395.000000 135.000000 0.235503 -0.329704
558.000000 135.000000 0.747329 -0.329704
562.000000 135.000000 0.759889 -0.329704
603.000000 135.000000 0.888631 -0.329704
60.000000 136.000000 -0.816410 -0.326564
67.000000 136.000000 -0.794429 -0.326564
480.000000 136.000000 0.502406 -0.326564
586.000000 136.000000 0.835250 -0.326564
626.000000 136.000000 0.960851 -0.326564
42.000000 137.000000 -0.872930 -0.323424
330.000000 137.000000 0.031400 -0.323424
335.000000 137.000000 0.047101 -0.323424
474.000000 137.000000 0.483566 -0.323424
520.000000 137.000000 0.628007 -0.323424
554.000000 137.000000 0.734769 -0.323424
617.000000 137.000000 0.932591 -0.323424
70.000000 138.000000 -0.785009 -0.320284
311.000000 138.000000 -0.028260 -0.320284
328.000000 138.000000 0.025120 -0.320284
471.000000 138.000000 0.474146 -0.320284
525.000000 138.000000 0.643708 -0.320284
573.000000 138.000000 0.794429 -0.320284
611.000000 138.000000 0.913751 -0.320284
57.000000 139.000000 -0.825830 -0.317144
82.000000 139.000000 -0.747329 -0.317144
518.000000 139.000000 0.621727 -0.317144
27.000000 140.000000 -0.920031 -0.314004
319.000000 140.000000 -0.003140 -0.314004
335.000000 140.000000 0.047101 -0.314004
511.000000 140.000000 0.599747 -0.314004
528.000000 140.000000 0.653128 -0.314004
626.000000 140.000000 0.960851 -0.314004
634.000000 140.000000 0.985972 -0.314004
23.000000 141.000000 -0.932591 -0.310864
36.000000 141.000000 -0.891771 -0.310864
339.000000 141.000000 0.059661 -0.310864
517.000000 141.000000 0.618587 -0.310864
617.000000 141.000000 0.932591 -0.310864
17.000000 142.000000 -0.951431 -0.307724
297.000000 142.000000 -0.072221 -0.307724
381.000000 142.000000 0.191542 -0.307724
468.000000 142.000000 0.464725 -0.307724
505.000000 142.000000 0.580907 -0.307724
597.000000 142.000000 0.869790 -0.307724
627.000000 142.000000 0.963991 -0.307724
543.000000 143.000000 0.700228 -0.304584
65.000000 144.000000 -0.800709 -0.301444
388.000000 144.000000 0.213523 -0.301444
416.000000 144.000000 0.301444 -0.301444
469.000000 144.000000 0.467866 -0.301444
500.000000 144.000000 0.565207 -0.301444
581.000000 144.000000 0.819550 -0.301444
636.000000 144.000000 0.992252 -0.301444
24.000000 145.000000 -0.929451 -0.298304
37.000000 145.000000 -0.888631 -0.298304
41.000000 145.000000 -0.876070 -0.298304
70.000000 145.000000 -0.785009 -0.298304
84.000000 145.000000 -0.741049 -0.298304
344.000000 145.000000 0.075361 -0.298304
540.000000 145.000000 0.690808 -0.298304
558.000000 145.000000 0.747329 -0.298304
563.000000 145.000000 0.763029 -0.298304
570.000000 145.000000 0.785009 -0.298304
68.000000 146.000000 -0.791289 -0.295163
353.000000 146.000000 0.103621 -0.295163
375.000000 146.000000 0.172702 -0.295163
462.000000 146.000000 0.445885 -0.295163
466.000000 146.000000 0.458445 -0.295163
496.000000 146.000000 0.552647 -0.295163
516.000000 146.000000 0.615447 -0.295163
553.000000 146.000000 0.731629 -0.295163
565.000000 146.000000 0.769309 -0.295163
631.000000 146.000000 0.976552 -0.295163
89.000000 147.000000 -0.725349 -0.292023
94.000000 147.000000 -0.709648 -0.292023
314.000000 147.000000 -0.018840 -0.292023
344.000000 147.000000 0.075361 -0.292023
415.000000 147.000000 0.298304 -0.292023
629.000000 147.000000 0.970271 -0.292023
28.000000 148.000000 -0.916891 -0.288883
79.000000 148.000000 -0.756749 -0.288883
570.000000 148.000000 0.785009 -0.288883
35.000000 149.000000 -0.894911 -0.285743
70.000000 149.000000 -0.785009 -0.285743
462.000000 149.000000 0.445885 -0.285743
511.000000 149.000000 0.599747 -0.285743
584.000000 149.000000 0.828970 -0.285743
624.000000 149.000000 0.954571 -0.285743
24.000000 150.000000 -0.929451 -0.282603
82.000000 150.000000 -0.747329 -0.282603
342.000000 150.000000 0.069081 -0.282603
385.000000 150.000000 0.204102 -0.282603
458.000000 150.000000 0.433325 -0.282603
14.000000 151.000000 -0.960851 -0.279463
38.000000 151.000000 -0.885490 -0.279463
464.000000 151.000000 0.452165 -0.279463
466.000000 151.000000 0.458445 -0.279463
619.000000 151.000000 0.938871 -0.279463
634.000000 151.000000 0.985972 -0.279463
30.000000 152.000000 -0.910611 -0.276323
86.000000 152.000000 -0.734769 -0.276323
346.000000 152.000000 0.081641 -0.276323
357.000000 152.000000 0.116181 -0.276323
410.000000 152.000000 0.282603 -0.276323
628.000000 152.000000 0.967131 -0.276323
88.000000 153.000000 -0.728489 -0.273183
385.000000 153.000000 0.204102 -0.273183
405.000000 153.000000 0.266903 -0.273183
458.000000 153.000000 0.433325 -0.273183
614.000000 153.000000 0.923171 -0.273183
417.000000 154.000000 0.304584 -0.270043
537.000000 154.000000 0.681388 -0.270043
32.000000 155.000000 -0.904331 -0.266903
36.000000 155.000000 -0.891771 -0.266903
50.000000 155.000000 -0.847810 -0.266903
92.000000 155.000000 -0.715928 -0.266903
371.000000 155.000000 0.160142 -0.266903
393.000000 155.000000 0.229223 -0.266903
400.000000 155.000000 0.251203 -0.266903
462.000000 155.000000 0.445885 -0.266903
600.000000 155.000000 0.879210 -0.266903
608.000000 155.000000 0.904331 -0.266903
60.000000 156.000000 -0.816410 -0.263763
387.000000 156.000000 0.210382 -0.263763
406.000000 156.000000 0.270043 -0.263763
549.000000 156.000000 0.719069 -0.263763
89.000000 157.000000 -0.725349 -0.260623
362.000000 157.000000 0.131882 -0.260623
458.000000 157.000000 0.433325 -0.260623
555.000000 157.000000 0.737909 -0.260623
590.000000 157.000000 0.847810 -0.260623
603.000000 157.000000 0.888631 -0.260623
14.000000 158.000000 -0.960851 -0.257483
29.000000 158.000000 -0.913751 -0.257483
49.000000 158.000000 -0.850950 -0.257483
87.000000 158.000000 -0.731629 -0.257483
349.000000 159.000000 0.091061 -0.254343
419.000000 159.000000 0.310864 -0.254343
43.000000 160.000000 -0.869790 -0.251203
337.000000 160.000000 0.053381 -0.251203
363.000000 160.000000 0.135022 -0.251203
380.000000 160.000000 0.188402 -0.251203
386.000000 160.000000 0.207242 -0.251203
499.000000 160.000000 0.562067 -0.251203
504.000000 160.000000 0.577767 -0.251203
520.000000 160.000000 0.628007 -0.251203
596.000000 160.000000 0.866650 -0.251203
397.000000 161.000000 0.241783 -0.248063
455.000000 161.000000 0.423905 -0.248063
567.000000 161.000000 0.775589 -0.248063
632.000000 161.000000 0.979692 -0.248063
338.000000 162.000000 0.056521 -0.244923
361.000000 162.000000 0.128742 -0.244923
392.000000 162.000000 0.226083 -0.244923
458.000000 162.000000 0.433325 -0.244923
536.000000 162.000000 0.678248 -0.244923
591.000000 162.000000 0.850950 -0.244923
347.000000 163.000000 0.084781 -0.241783
576.000000 163.000000 0.803850 -0.241783
48.000000 164.000000 -0.854090 -0.238643
351.000000 164.000000 0.097341 -0.238643
558.000000 164.000000 0.747329 -0.238643
586.000000 164.000000 0.835250 -0.238643
623.000000 164.000000 0.951431 -0.238643
41.000000 165.000000 -0.876070 -0.235503
102.000000 165.000000 -0.684528 -0.235503
380.000000 165.000000 0.188402 -0.235503
395.000000 165.000000 0.235503 -0.235503
522.000000 165.000000 0.634288 -0.235503
539.000000 165.000000 0.687668 -0.235503
572.000000 165.000000 0.791289 -0.235503
25.000000 166.000000 -0.926311 -0.232363
43.000000 166.000000 -0.869790 -0.232363
511.000000 166.000000 0.599747 -0.232363
581.000000 166.000000 0.819550 -0.232363
599.000000 166.000000 0.876070 -0.232363
52.000000 167.000000 -0.841530 -0.229223
55.000000 167.000000 -0.832110 -0.229223
540.000000 167.000000 0.690808 -0.229223
546.000000 167.000000 0.709648 -0.229223
593.000000 167.000000 0.857230 -0.229223
10.000000 168.000000 -0.973412 -0.226083
28.000000 168.000000 -0.916891 -0.226083
349.000000 168.000000 0.091061 -0.226083
577.000000 168.000000 0.806990 -0.226083
582.000000 168.000000 0.822690 -0.226083
596.000000 168.000000 0.866650 -0.226083
609.000000 168.000000 0.907471 -0.226083
346.000000 169.000000 0.081641 -0.222943
459.000000 169.000000 0.436465 -0.222943
556.000000 169.000000 0.741049 -0.222943
588.000000 169.000000 0.841530 -0.222943
45.000000 170.000000 -0.863510 -0.219803
56.000000 170.000000 -0.828970 -0.219803
379.000000 170.000000 0.185262 -0.219803
381.000000 170.000000 0.191542 -0.219803
16.000000 171.000000 -0.954571 -0.216663
30.000000 171.000000 -0.910611 -0.216663
62.000000 171.000000 -0.810130 -0.216663
344.000000 171.000000 0.075361 -0.216663
536.000000 171.000000 0.678248 -0.216663
561.000000 172.000000 0.756749 -0.213523
607.000000 172.000000 0.901191 -0.213523
413.000000 173.000000 0.292023 -0.210382
475.000000 173.000000 0.486706 -0.210382
528.000000 173.000000 0.653128 -0.210382
613.000000 173.000000 0.920031 -0.210382
18.000000 174.000000 -0.948291 -0.207242
59.000000 174.000000 -0.819550 -0.207242
106.000000 174.000000 -0.671968 -0.207242
371.000000 174.000000 0.160142 -0.207242
534.000000 174.000000 0.671968 -0.207242
340.000000 175.000000 0.062801 -0.204102
375.000000 175.000000 0.172702 -0.204102
463.000000 175.000000 0.449025 -0.204102
607.000000 175.000000 0.901191 -0.204102
37.000000 176.000000 -0.888631 -0.200962
107.000000 176.000000 -0.668828 -0.200962
425.000000 176.000000 0.329704 -0.200962
527.000000 176.000000 0.649988 -0.200962
617.000000 176.000000 0.932591 -0.200962
364.000000 177.000000 0.138162 -0.197822
373.000000 177.000000 0.166422 -0.197822
375.000000 177.000000 0.172702 -0.197822
586.000000 177.000000 0.835250 -0.197822
512.000000 178.000000 0.602887 -0.194682
384.000000 179.000000 0.200962 -0.191542
599.000000 179.000000 0.876070 -0.191542
280.000000 180.000000 -0.125601 -0.188402
341.000000 180.000000 0.065941 -0.188402
372.000000 180.000000 0.163282 -0.188402
519.000000 180.000000 0.624867 -0.188402
559.000000 180.000000 0.750469 -0.188402
612.000000 180.000000 0.916891 -0.188402
364.000000 181.000000 0.138162 -0.185262
464.000000 181.000000 0.452165 -0.185262
550.000000 181.000000 0.722209 -0.185262
619.000000 181.000000 0.938871 -0.185262
367.000000 182.000000 0.147582 -0.182122
503.000000 182.000000 0.574627 -0.182122
344.000000 183.000000 0.075361 -0.178982
357.000000 183.000000 0.116181 -0.178982
465.000000 183.000000 0.455305 -0.178982
539.000000 183.000000 0.687668 -0.178982
571.000000 183.000000 0.788149 -0.178982
604.000000 183.000000 0.891771 -0.178982
376.000000 184.000000 0.175842 -0.175842
49.000000 185.000000 -0.850950 -0.172702
362.000000 185.000000 0.131882 -0.172702
392.000000 185.000000 0.226083 -0.172702
466.000000 185.000000 0.458445 -0.172702
513.000000 185.000000 0.606027 -0.172702
564.000000 185.000000 0.766169 -0.172702
365.000000 186.000000 0.141302 -0.169562
373.000000 186.000000 0.166422 -0.169562
415.000000 186.000000 0.298304 -0.169562
461.000000 186.000000 0.442745 -0.169562
501.000000 186.000000 0.568347 -0.169562
532.000000 186.000000 0.665688 -0.169562
543.000000 186.000000 0.700228 -0.169562
555.000000 186.000000 0.737909 -0.169562
571.000000 186.000000 0.788149 -0.169562
494.000000 187.000000 0.546366 -0.166422
539.000000 187.000000 0.687668 -0.166422
548.000000 187.000000 0.715928 -0.166422
594.000000 187.000000 0.860370 -0.166422
596.000000 187.000000 0.866650 -0.166422
59.000000 188.000000 -0.819550 -0.163282
86.000000 188.000000 -0.734769 -0.163282
474.000000 188.000000 0.483566 -0.163282
522.000000 188.000000 0.634288 -0.163282
463.000000 189.000000 0.449025 -0.160142
540.000000 189.000000 0.690808 -0.160142
485.000000 190.000000 0.518106 -0.157002
494.000000 190.000000 0.546366 -0.157002
625.000000 190.000000 0.957711 -0.157002
156.000000 191.000000 -0.514966 -0.153862
345.000000 191.000000 0.078501 -0.153862
393.000000 191.000000 0.229223 -0.153862
581.000000 191.000000 0.819550 -0.153862
385.000000 192.000000 0.204102 -0.150722
460.000000 192.000000 0.439605 -0.150722
35.000000 193.000000 -0.894911 -0.147582
115.000000 193.000000 -0.643708 -0.147582
345.000000 193.000000 0.078501 -0.147582
424.000000 193.000000 0.326564 -0.147582
515.000000 193.000000 0.612307 -0.147582
557.000000 193.000000 0.744189 -0.147582
361.000000 194.000000 0.128742 -0.144442
377.000000 194.000000 0.178982 -0.144442
513.000000 194.000000 0.606027 -0.144442
524.000000 194.000000 0.640568 -0.144442
571.000000 194.000000 0.788149 -0.144442
45.000000 195.000000 -0.863510 -0.141302
367.000000 195.000000 0.147582 -0.141302
487.000000 195.000000 0.524386 -0.141302
510.000000 195.000000 0.596607 -0.141302
588.000000 195.000000 0.841530 -0.141302
39.000000 196.000000 -0.882350 -0.138162
475.000000 196.000000 0.486706 -0.138162
602.000000 196.000000 0.885490 -0.138162
368.000000 197.000000 0.150722 -0.135022
504.000000 197.000000 0.577767 -0.135022
520.000000 197.000000 0.628007 -0.135022
538.000000 198.000000 0.684528 -0.131882
580.000000 198.000000 0.816410 -0.131882
626.000000 198.000000 0.960851 -0.131882
352.000000 199.000000 0.100481 -0.128742
355.000000 199.000000 0.109901 -0.128742
382.000000 199.000000 0.194682 -0.128742
513.000000 199.000000 0.606027 -0.128742
330.000000 200.000000 0.031400 -0.125601
398.000000 200.000000 0.244923 -0.125601
497.000000 200.000000 0.555787 -0.125601
69.000000 201.000000 -0.788149 -0.122461
382.000000 201.000000 0.194682 -0.122461
414.000000 201.000000 0.295163 -0.122461
419.000000 201.000000 0.310864 -0.122461
476.000000 201.000000 0.489846 -0.122461
480.000000 201.000000 0.502406 -0.122461
601.000000 201.000000 0.882350 -0.122461
631.000000 201.000000 0.976552 -0.122461
356.000000 202.000000 0.113041 -0.119321
553.000000 202.000000 0.731629 -0.119321
568.000000 202.000000 0.778729 -0.119321
345.000000 203.000000 0.078501 -0.116181
349.000000 203.000000 0.091061 -0.116181
540.000000 203.000000 0.690808 -0.116181
636.000000 203.000000 0.992252 -0.116181
342.000000 204.000000 0.069081 -0.113041
489.000000 204.000000 0.530666 -0.113041
603.000000 204.000000 0.888631 -0.113041
541.000000 205.000000 0.693948 -0.109901
591.000000 205.000000 0.850950 -0.109901
395.000000 206.000000 0.235503 -0.106761
605.000000 206.000000 0.894911 -0.106761
617.000000 206.000000 0.932591 -0.106761
70.000000 207.000000 -0.785009 -0.103621
352.000000 207.000000 0.100481 -0.103621
359.000000 207.000000 0.122461 -0.103621
485.000000 207.000000 0.518106 -0.103621
342.000000 208.000000 0.069081 -0.100481
364.000000 208.000000 0.138162 -0.100481
80.000000 209.000000 -0.753609 -0.097341
429.000000 209.000000 0.342264 -0.097341
344.000000 210.000000 0.075361 -0.094201
385.000000 210.000000 0.204102 -0.094201
390.000000 210.000000 0.219803 -0.094201
417.000000 210.000000 0.304584 -0.094201
489.000000 210.000000 0.530666 -0.094201
326.000000 211.000000 0.018840 -0.091061
347.000000 211.000000 0.084781 -0.091061
410.000000 211.000000 0.282603 -0.091061
414.000000 211.000000 0.295163 -0.091061
541.000000 211.000000 0.693948 -0.091061
576.000000 211.000000 0.803850 -0.091061
599.000000 211.000000 0.876070 -0.091061
507.000000 212.000000 0.587187 -0.087921
571.000000 212.000000 0.788149 -0.087921
613.000000 212.000000 0.920031 -0.087921
4.000000 213.000000 -0.992252 -0.084781
419.000000 213.000000 0.310864 -0.084781
554.000000 213.000000 0.734769 -0.084781
562.000000 213.000000 0.759889 -0.084781
631.000000 213.000000 0.976552 -0.084781
12.000000 214.000000 -0.967131 -0.081641
591.000000 214.000000 0.850950 -0.081641
608.000000 214.000000 0.904331 -0.081641
22.000000 215.000000 -0.935731 -0.078501
24.000000 215.000000 -0.929451 -0.078501
41.000000 215.000000 -0.876070 -0.078501
358.000000 215.000000 0.119321 -0.078501
366.000000 215.000000 0.144442 -0.078501
559.000000 215.000000 0.750469 -0.078501
31.000000 216.000000 -0.907471 -0.075361
51.000000 216.000000 -0.844670 -0.075361
108.000000 216.000000 -0.665688 -0.075361
540.000000 216.000000 0.690808 -0.075361
618.000000 216.000000 0.935731 -0.075361
44.000000 217.000000 -0.866650 -0.072221
59.000000 217.000000 -0.819550 -0.072221
61.000000 217.000000 -0.813270 -0.072221
526.000000 217.000000 0.646848 -0.072221
624.000000 217.000000 0.954571 -0.072221
50.000000 218.000000 -0.847810 -0.069081
53.000000 218.000000 -0.838390 -0.069081
68.000000 218.000000 -0.791289 -0.069081
344.000000 218.000000 0.075361 -0.069081
566.000000 218.000000 0.772449 -0.069081
572.000000 218.000000 0.791289 -0.069081
626.000000 218.000000 0.960851 -0.069081
60.000000 219.000000 -0.816410 -0.065941
76.000000 219.000000 -0.766169 -0.065941
418.000000 219.000000 0.307724 -0.065941
556.000000 219.000000 0.741049 -0.065941
71.000000 220.000000 -0.781869 -0.062801
398.000000 220.000000 0.244923 -0.062801
631.000000 220.000000 0.976552 -0.062801
95.000000 221.000000 -0.706508 -0.059661
576.000000 221.000000 0.803850 -0.059661
90.000000 222.000000 -0.722209 -0.056521
337.000000 222.000000 0.053381 -0.056521
348.000000 222.000000 0.087921 -0.056521
97.000000 223.000000 -0.700228 -0.053381
108.000000 224.000000 -0.665688 -0.050241
56.000000 225.000000 -0.828970 -0.047101
114.000000 225.000000 -0.646848 -0.047101
119.000000 225.000000 -0.631147 -0.047101
127.000000 225.000000 -0.606027 -0.047101
569.000000 225.000000 0.781869 -0.047101
106.000000 226.000000 -0.671968 -0.043961
124.000000 226.000000 -0.615447 -0.043961
410.000000 226.000000 0.282603 -0.043961
613.000000 226.000000 0.920031 -0.043961
111.000000 227.000000 -0.656268 -0.040820
129.000000 227.000000 -0.599747 -0.040820
145.000000 227.000000 -0.549506 -0.040820
148.000000 227.000000 -0.540086 -0.040820
600.000000 227.000000 0.879210 -0.040820
627.000000 227.000000 0.963991 -0.040820
126.000000 228.000000 -0.609167 -0.037680
154.000000 228.000000 -0.521246 -0.037680
159.000000 228.000000 -0.505546 -0.037680
360.000000 228.000000 0.125601 -0.037680
362.000000 228.000000 0.131882 -0.037680
587.000000 228.000000 0.838390 -0.037680
111.000000 229.000000 -0.656268 -0.034540
149.000000 229.000000 -0.536946 -0.034540
157.000000 229.000000 -0.511826 -0.034540
167.000000 229.000000 -0.480426 -0.034540
349.000000 229.000000 0.091061 -0.034540
392.000000 229.000000 0.226083 -0.034540
555.000000 229.000000 0.737909 -0.034540
628.000000 229.000000 0.967131 -0.034540
163.000000 230.000000 -0.492986 -0.031400
172.000000 230.000000 -0.464725 -0.031400
395.000000 230.000000 0.235503 -0.031400
111.000000 231.000000 -0.656268 -0.028260
113.000000 231.000000 -0.649988 -0.028260
151.000000 231.000000 -0.530666 -0.028260
168.000000 231.000000 -0.477286 -0.028260
175.000000 231.000000 -0.455305 -0.028260
181.000000 231.000000 -0.436465 -0.028260
418.000000 231.000000 0.307724 -0.028260
530.000000 231.000000 0.659408 -0.028260
576.000000 231.000000 0.803850 -0.028260
621.000000 231.000000 0.945151 -0.028260
359.000000 232.000000 0.122461 -0.025120
389.000000 232.000000 0.216663 -0.025120
618.000000 232.000000 0.935731 -0.025120
144.000000 233.000000 -0.552647 -0.021980
369.000000 233.000000 0.153862 -0.021980
404.000000 233.000000 0.263763 -0.021980
28.000000 234.000000 -0.916891 -0.018840
105.000000 234.000000 -0.675108 -0.018840
151.000000 234.000000 -0.530666 -0.018840
158.000000 234.000000 -0.508686 -0.018840
160.000000 234.000000 -0.502406 -0.018840
203.000000 234.000000 -0.367384 -0.018840
206.000000 234.000000 -0.357964 -0.018840
337.000000 234.000000 0.053381 -0.018840
363.000000 234.000000 0.135022 -0.018840
407.000000 234.000000 0.273183 -0.018840
497.000000 234.000000 0.555787 -0.018840
56.000000 235.000000 -0.828970 -0.015700
366.000000 235.000000 0.144442 -0.015700
384.000000 235.000000 0.200962 -0.015700
393.000000 235.000000 0.229223 -0.015700
427.000000 235.000000 0.335984 -0.015700
435.000000 235.000000 0.361104 -0.015700
521.000000 235.000000 0.631147 -0.015700
576.000000 235.000000 0.803850 -0.015700
168.000000 236.000000 -0.477286 -0.012560
216.000000 236.000000 -0.326564 -0.012560
335.000000 236.000000 0.047101 -0.012560
404.000000 236.000000 0.263763 -0.012560
423.000000 236.000000 0.323424 -0.012560
585.000000 236.000000 0.832110 -0.012560
621.000000 236.000000 0.945151 -0.012560
625.000000 236.000000 0.957711 -0.012560
627.000000 236.000000 0.963991 -0.012560
629.000000 236.000000 0.970271 -0.012560
91.000000 237.000000 -0.719069 -0.009420
184.000000 237.000000 -0.427045 -0.009420
411.000000 237.000000 0.285743 -0.009420
427.000000 237.000000 0.335984 -0.009420
480.000000 237.000000 0.502406 -0.009420
512.000000 237.000000 0.602887 -0.009420
549.000000 237.000000 0.719069 -0.009420
551.000000 237.000000 0.725349 -0.009420
553.000000 237.000000 0.731629 -0.009420
555.000000 237.000000 0.737909 -0.009420
612.000000 237.000000 0.916891 -0.009420
204.000000 238.000000 -0.364244 -0.006280
382.000000 238.000000 0.194682 -0.006280
488.000000 238.000000 0.527526 -0.006280
490.000000 238.000000 0.533806 -0.006280
538.000000 238.000000 0.684528 -0.006280
540.000000 238.000000 0.690808 -0.006280
571.000000 238.000000 0.788149 -0.006280
276.000000 239.000000 -0.138162 -0.003140
359.000000 239.000000 0.122461 -0.003140
366.000000 239.000000 0.144442 -0.003140
373.000000 239.000000 0.166422 -0.003140
403.000000 239.000000 0.260623 -0.003140
409.000000 239.000000 0.279463 -0.003140
494.000000 239.000000 0.546366 -0.003140
532.000000 239.000000 0.665688 -0.003140
99.000000 240.000000 -0.693948 0.000000
140.000000 240.000000 -0.565207 0.000000
280.000000 240.000000 -0.125601 0.000000
383.000000 240.000000 0.197822 0.000000
386.000000 240.000000 0.207242 0.000000
389.000000 240.000000 0.216663 0.000000
399.000000 240.000000 0.248063 0.000000
465.000000 240.000000 0.455305 0.000000
473.000000 240.000000 0.480426 0.000000
502.000000 240.000000 0.571487 0.000000
507.000000 240.000000 0.587187 0.000000
571.000000 240.000000 0.788149 0.000000
283.000000 241.000000 -0.116181 0.003140
319.000000 241.000000 -0.003140 0.003140
326.000000 241.000000 0.018840 0.003140
375.000000 241.000000 0.172702 0.003140
377.000000 241.000000 0.178982 0.003140
379.000000 241.000000 0.185262 0.003140
395.000000 241.000000 0.235503 0.003140
411.000000 241.000000 0.285743 0.003140
150.000000 242.000000 -0.533806 0.006280
291.000000 242.000000 -0.091061 0.006280
312.000000 242.000000 -0.025120 0.006280
333.000000 242.000000 0.040820 0.006280
388.000000 242.000000 0.213523 0.006280
430.000000 242.000000 0.345404 0.006280
142.000000 243.000000 -0.558927 0.009420
286.000000 243.000000 -0.106761 0.009420
310.000000 243.000000 -0.031400 0.009420
318.000000 243.000000 -0.006280 0.009420
400.000000 243.000000 0.251203 0.009420
581.000000 243.000000 0.819550 0.009420
81.000000 244.000000 -0.750469 0.012560
377.000000 244.000000 0.178982 0.012560
391.000000 244.000000 0.222943 0.012560
437.000000 244.000000 0.367384 0.012560
557.000000 244.000000 0.744189 0.012560
561.000000 244.000000 0.756749 0.012560
106.000000 245.000000 -0.671968 0.015700
115.000000 245.000000 -0.643708 0.015700
118.000000 245.000000 -0.634288 0.015700
121.000000 245.000000 -0.624867 0.015700
328.000000 245.000000 0.025120 0.015700
331.000000 245.000000 0.034540 0.015700
334.000000 245.000000 0.043961 0.015700
386.000000 245.000000 0.207242 0.015700
404.000000 245.000000 0.263763 0.015700
425.000000 245.000000 0.329704 0.015700
59.000000 246.000000 -0.819550 0.018840
143.000000 246.000000 -0.555787 0.018840
274.000000 246.000000 -0.144442 0.018840
315.000000 246.000000 -0.015700 0.018840
383.000000 246.000000 0.197822 0.018840
391.000000 246.000000 0.222943 0.018840
410.000000 246.000000 0.282603 0.018840
433.000000 246.000000 0.354824 0.018840
313.000000 247.000000 -0.021980 0.021980
350.000000 247.000000 0.094201 0.021980
352.000000 247.000000 0.100481 0.021980
364.000000 247.000000 0.138162 0.021980
369.000000 247.000000 0.153862 0.021980
407.000000 247.000000 0.273183 0.021980
416.000000 247.000000 0.301444 0.021980
579.000000 247.000000 0.813270 0.021980
621.000000 247.000000 0.945151 0.021980
627.000000 247.000000 0.963991 0.021980
629.000000 247.000000 0.970271 0.021980
17.000000 248.000000 -0.951431 0.025120
73.000000 248.000000 -0.775589 0.025120
317.000000 248.000000 -0.009420 0.025120
336.000000 248.000000 0.050241 0.025120
338.000000 248.000000 0.056521 0.025120
387.000000 248.000000 0.210382 0.025120
394.000000 248.000000 0.232363 0.025120
425.000000 248.000000 0.329704 0.025120
574.000000 248.000000 0.797569 0.025120
328.000000 249.000000 0.025120 0.028260
331.000000 249.000000 0.034540 0.028260
373.000000 249.000000 0.166422 0.028260
412.000000 249.000000 0.288883 0.028260
438.000000 249.000000 0.370524 0.028260
314.000000 250.000000 -0.018840 0.031400
354.000000 250.000000 0.106761 0.031400
440.000000 250.000000 0.376804 0.031400
447.000000 250.000000 0.398785 0.031400
69.000000 251.000000 -0.788149 0.034540
280.000000 251.000000 -0.125601 0.034540
294.000000 251.000000 -0.081641 0.034540
329.000000 251.000000 0.028260 0.034540
331.000000 251.000000 0.034540 0.034540
334.000000 251.000000 0.043961 0.034540
427.000000 251.000000 0.335984 0.034540
518.000000 251.000000 0.621727 0.034540
549.000000 251.000000 0.719069 0.034540
564.000000 251.000000 0.766169 0.034540
402.000000 252.000000 0.257483 0.037680
488.000000 252.000000 0.527526 0.037680
258.000000 253.000000 -0.194682 0.040820
319.000000 253.000000 -0.003140 0.040820
340.000000 253.000000 0.062801 0.040820
361.000000 253.000000 0.128742 0.040820
372.000000 253.000000 0.163282 0.040820
385.000000 253.000000 0.204102 0.040820
439.000000 253.000000 0.373664 0.040820
499.000000 253.000000 0.562067 0.040820
508.000000 253.000000 0.590327 0.040820
626.000000 253.000000 0.960851 0.040820
38.000000 254.000000 -0.885490 0.043961
169.000000 254.000000 -0.474146 0.043961
215.000000 254.000000 -0.329704 0.043961
329.000000 254.000000 0.028260 0.043961
364.000000 254.000000 0.138162 0.043961
444.000000 254.000000 0.389365 0.043961
447.000000 254.000000 0.398785 0.043961
449.000000 254.000000 0.405065 0.043961
461.000000 254.000000 0.442745 0.043961
479.000000 254.000000 0.499266 0.043961
481.000000 254.000000 0.505546 0.043961
595.000000 254.000000 0.863510 0.043961
92.000000 255.000000 -0.715928 0.047101
175.000000 255.000000 -0.455305 0.047101
177.000000 255.000000 -0.449025 0.047101
221.000000 255.000000 -0.310864 0.047101
315.000000 255.000000 -0.015700 0.047101
343.000000 255.000000 0.072221 0.047101
346.000000 255.000000 0.081641 0.047101
421.000000 255.000000 0.317144 0.047101
441.000000 255.000000 0.379945 0.047101
476.000000 255.000000 0.489846 0.047101
555.000000 255.000000 0.737909 0.047101
628.000000 255.000000 0.967131 0.047101
90.000000 256.000000 -0.722209 0.050241
152.000000 256.000000 -0.527526 0.050241
165.000000 256.000000 -0.486706 0.050241
169.000000 256.000000 -0.474146 0.050241
460.000000 256.000000 0.439605 0.050241
104.000000 257.000000 -0.678248 0.053381
110.000000 257.000000 -0.659408 0.053381
300.000000 257.000000 -0.062801 0.053381
313.000000 257.000000 -0.021980 0.053381
422.000000 257.000000 0.320284 0.053381
508.000000 257.000000 0.590327 0.053381
633.000000 257.000000 0.982832 0.053381
90.000000 258.000000 -0.722209 0.056521
107.000000 258.000000 -0.668828 0.056521
223.000000 258.000000 -0.304584 0.056521
232.000000 258.000000 -0.276323 0.056521
367.000000 258.000000 0.147582 0.056521
400.000000 258.000000 0.251203 0.056521
405.000000 258.000000 0.266903 0.056521
55.000000 259.000000 -0.832110 0.059661
121.000000 259.000000 -0.624867 0.059661
173.000000 259.000000 -0.461585 0.059661
208.000000 259.000000 -0.351684 0.059661
324.000000 259.000000 0.012560 0.059661
411.000000 259.000000 0.285743 0.059661
434.000000 259.000000 0.357964 0.059661
437.000000 259.000000 0.367384 0.059661
440.000000 259.000000 0.376804 0.059661
448.000000 259.000000 0.401925 0.059661
46.000000 260.000000 -0.860370 0.062801
184.000000 260.000000 -0.427045 0.062801
186.000000 260.000000 -0.420765 0.062801
291.000000 260.000000 -0.091061 0.062801
432.000000 260.000000 0.351684 0.062801
627.000000 260.000000 0.963991 0.062801
20.000000 261.000000 -0.942011 0.065941
169.000000 261.000000 -0.474146 0.065941
238.000000 261.000000 -0.257483 0.065941
319.000000 261.000000 -0.003140 0.065941
391.000000 261.000000 0.222943 0.065941
396.000000 261.000000 0.238643 0.065941
399.000000 261.000000 0.248063 0.065941
408.000000 261.000000 0.276323 0.065941
429.000000 261.000000 0.342264 0.065941
434.000000 261.000000 0.357964 0.065941
437.000000 261.000000 0.367384 0.065941
540.000000 261.000000 0.690808 0.065941
636.000000 261.000000 0.992252 0.065941
131.000000 262.000000 -0.593467 0.069081
151.000000 262.000000 -0.530666 0.069081
292.000000 262.000000 -0.087921 0.069081
299.000000 262.000000 -0.065941 0.069081
304.000000 262.000000 -0.050241 0.069081
323.000000 262.000000 0.009420 0.069081
92.000000 263.000000 -0.715928 0.072221
114.000000 263.000000 -0.646848 0.072221
120.000000 263.000000 -0.628007 0.072221
269.000000 263.000000 -0.160142 0.072221
378.000000 263.000000 0.182122 0.072221
453.000000 263.000000 0.417625 0.072221
524.000000 263.000000 0.640568 0.072221
94.000000 264.000000 -0.709648 0.075361
104.000000 264.000000 -0.678248 0.075361
110.000000 264.000000 -0.659408 0.075361
206.000000 264.000000 -0.357964 0.075361
212.000000 264.000000 -0.339124 0.075361
318.000000 264.000000 -0.006280 0.075361
437.000000 264.000000 0.367384 0.075361
544.000000 264.000000 0.703368 0.075361
184.000000 265.000000 -0.427045 0.078501
299.000000 265.000000 -0.065941 0.078501
357.000000 265.000000 0.116181 0.078501
378.000000 265.000000 0.182122 0.078501
384.000000 265.000000 0.200962 0.078501
169.000000 266.000000 -0.474146 0.081641
175.000000 266.000000 -0.455305 0.081641
232.000000 266.000000 -0.276323 0.081641
316.000000 266.000000 -0.012560 0.081641
371.000000 266.000000 0.160142 0.081641
405.000000 266.000000 0.266903 0.081641
592.000000 266.000000 0.854090 0.081641
40.000000 267.000000 -0.879210 0.084781
163.000000 267.000000 -0.492986 0.084781
212.000000 267.000000 -0.339124 0.084781
292.000000 267.000000 -0.087921 0.084781
390.000000 267.000000 0.219803 0.084781
393.000000 267.000000 0.229223 0.084781
622.000000 267.000000 0.948291 0.084781
72.000000 268.000000 -0.778729 0.087921
149.000000 268.000000 -0.536946 0.087921
241.000000 268.000000 -0.248063 0.087921
279.000000 268.000000 -0.128742 0.087921
357.000000 268.000000 0.116181 0.087921
452.000000 268.000000 0.414485 0.087921
7.000000 269.000000 -0.982832 0.091061
125.000000 269.000000 -0.612307 0.091061
209.000000 269.000000 -0.348544 0.091061
314.000000 269.000000 -0.018840 0.091061
327.000000 269.000000 0.021980 0.091061
354.000000 269.000000 0.106761 0.091061
370.000000 269.000000 0.157002 0.091061
398.000000 269.000000 0.244923 0.091061
113.000000 270.000000 -0.649988 0.094201
228.000000 270.000000 -0.288883 0.094201
488.000000 270.000000 0.527526 0.094201
18.000000 271.000000 -0.948291 0.097341
100.000000 271.000000 -0.690808 0.097341
104.000000 271.000000 -0.678248 0.097341
110.000000 271.000000 -0.659408 0.097341
175.000000 271.000000 -0.455305 0.097341
360.000000 271.000000 0.125601 0.097341
363.000000 271.000000 0.135022 0.097341
365.000000 271.000000 0.141302 0.097341
367.000000 271.000000 0.147582 0.097341
372.000000 271.000000 0.163282 0.097341
401.000000 271.000000 0.254343 0.097341
87.000000 272.000000 -0.731629 0.100481
93.000000 272.000000 -0.712788 0.100481
170.000000 272.000000 -0.471006 0.100481
211.000000 272.000000 -0.342264 0.100481
214.000000 272.000000 -0.332844 0.100481
275.000000 272.000000 -0.141302 0.100481
351.000000 272.000000 0.097341 0.100481
160.000000 273.000000 -0.502406 0.103621
202.000000 273.000000 -0.370524 0.103621
204.000000 273.000000 -0.364244 0.103621
206.000000 273.000000 -0.357964 0.103621
236.000000 273.000000 -0.263763 0.103621
357.000000 273.000000 0.116181 0.103621
365.000000 273.000000 0.141302 0.103621
369.000000 273.000000 0.153862 0.103621
396.000000 273.000000 0.238643 0.103621
150.000000 274.000000 -0.533806 0.106761
196.000000 274.000000 -0.389365 0.106761
228.000000 274.000000 -0.288883 0.106761
283.000000 274.000000 -0.116181 0.106761
438.000000 274.000000 0.370524 0.106761
185.000000 275.000000 -0.423905 0.109901
335.000000 275.000000 0.047101 0.109901
435.000000 275.000000 0.361104 0.109901
30.000000 276.000000 -0.910611 0.113041
56.000000 276.000000 -0.828970 0.113041
59.000000 276.000000 -0.819550 0.113041
176.000000 276.000000 -0.452165 0.113041
314.000000 276.000000 -0.018840 0.113041
356.000000 276.000000 0.113041 0.113041
504.000000 276.000000 0.577767 0.113041
608.000000 276.000000 0.904331 0.113041
24.000000 277.000000 -0.929451 0.116181
32.000000 277.000000 -0.904331 0.116181
96.000000 277.000000 -0.703368 0.116181
169.000000 277.000000 -0.474146 0.116181
249.000000 277.000000 -0.222943 0.116181
303.000000 277.000000 -0.053381 0.116181
324.000000 277.000000 0.012560 0.116181
340.000000 277.000000 0.062801 0.116181
403.000000 277.000000 0.260623 0.116181
83.000000 278.000000 -0.744189 0.119321
104.000000 278.000000 -0.678248 0.119321
110.000000 278.000000 -0.659408 0.119321
134.000000 278.000000 -0.584047 0.119321
140.000000 278.000000 -0.565207 0.119321
201.000000 278.000000 -0.373664 0.119321
343.000000 278.000000 0.072221 0.119321
352.000000 278.000000 0.100481 0.119321
612.000000 278.000000 0.916891 0.119321
636.000000 278.000000 0.992252 0.119321
195.000000 279.000000 -0.392505 0.122461
315.000000 279.000000 -0.015700 0.122461
335.000000 279.000000 0.047101 0.122461
346.000000 279.000000 0.081641 0.122461
381.000000 279.000000 0.191542 0.122461
546.000000 279.000000 0.709648 0.122461
56.000000 280.000000 -0.828970 0.125601
151.000000 280.000000 -0.530666 0.125601
189.000000 280.000000 -0.411345 0.125601
326.000000 280.000000 0.018840 0.125601
503.000000 280.000000 0.574627 0.125601
78.000000 281.000000 -0.759889 0.128742
182.000000 281.000000 -0.433325 0.128742
210.000000 281.000000 -0.345404 0.128742
233.000000 281.000000 -0.273183 0.128742
336.000000 281.000000 0.050241 0.128742
343.000000 281.000000 0.072221 0.128742
373.000000 281.000000 0.166422 0.128742
493.000000 281.000000 0.543226 0.128742
64.000000 282.000000 -0.803850 0.131882
71.000000 282.000000 -0.781869 0.131882
87.000000 282.000000 -0.731629 0.131882
176.000000 282.000000 -0.452165 0.131882
206.000000 282.000000 -0.357964 0.131882
312.000000 282.000000 -0.025120 0.131882
327.000000 282.000000 0.021980 0.131882
347.000000 282.000000 0.084781 0.131882
350.000000 282.000000 0.094201 0.131882
433.000000 282.000000 0.354824 0.131882
575.000000 282.000000 0.800709 0.131882
32.000000 283.000000 -0.904331 0.135022
35.000000 283.000000 -0.894911 0.135022
84.000000 283.000000 -0.741049 0.135022
125.000000 283.000000 -0.612307 0.135022
169.000000 283.000000 -0.474146 0.135022
199.000000 283.000000 -0.379945 0.135022
288.000000 283.000000 -0.100481 0.135022
338.000000 283.000000 0.056521 0.135022
384.000000 283.000000 0.200962 0.135022
568.000000 283.000000 0.778729 0.135022
117.000000 284.000000 -0.637428 0.138162
162.000000 284.000000 -0.496126 0.138162
244.000000 284.000000 -0.238643 0.138162
348.000000 284.000000 0.087921 0.138162
398.000000 284.000000 0.244923 0.138162
408.000000 284.000000 0.276323 0.138162
480.000000 284.000000 0.502406 0.138162
534.000000 284.000000 0.671968 0.138162
35.000000 285.000000 -0.894911 0.141302
110.000000 285.000000 -0.659408 0.141302
156.000000 285.000000 -0.514966 0.141302
302.000000 285.000000 -0.056521 0.141302
324.000000 285.000000 0.012560 0.141302
343.000000 285.000000 0.072221 0.141302
414.000000 285.000000 0.295163 0.141302
498.000000 285.000000 0.558927 0.141302
102.000000 286.000000 -0.684528 0.144442
104.000000 286.000000 -0.678248 0.144442
150.000000 286.000000 -0.533806 0.144442
183.000000 286.000000 -0.430185 0.144442
208.000000 286.000000 -0.351684 0.144442
282.000000 286.000000 -0.119321 0.144442
373.000000 286.000000 0.166422 0.144442
453.000000 286.000000 0.417625 0.144442
3.000000 287.000000 -0.995392 0.147582
14.000000 287.000000 -0.960851 0.147582
96.000000 287.000000 -0.703368 0.147582
307.000000 287.000000 -0.040820 0.147582
311.000000 287.000000 -0.028260 0.147582
519.000000 287.000000 0.624867 0.147582
38.000000 288.000000 -0.885490 0.150722
61.000000 288.000000 -0.813270 0.150722
69.000000 288.000000 -0.788149 0.150722
87.000000 288.000000 -0.731629 0.150722
135.000000 288.000000 -0.580907 0.150722
170.000000 288.000000 -0.471006 0.150722
219.000000 288.000000 -0.317144 0.150722
314.000000 288.000000 -0.018840 0.150722
334.000000 288.000000 0.043961 0.150722
340.000000 288.000000 0.062801 0.150722
78.000000 289.000000 -0.759889 0.153862
130.000000 289.000000 -0.596607 0.153862
166.000000 289.000000 -0.483566 0.153862
213.000000 289.000000 -0.335984 0.153862
609.000000 289.000000 0.907471 0.153862
620.000000 289.000000 0.942011 0.153862
70.000000 290.000000 -0.785009 0.157002
72.000000 290.000000 -0.778729 0.157002
122.000000 290.000000 -0.621727 0.157002
190.000000 290.000000 -0.408205 0.157002
209.000000 290.000000 -0.348544 0.157002
211.000000 290.000000 -0.342264 0.157002
250.000000 290.000000 -0.219803 0.157002
273.000000 290.000000 -0.147582 0.157002
321.000000 290.000000 0.003140 0.157002
331.000000 290.000000 0.034540 0.157002
18.000000 291.000000 -0.948291 0.160142
155.000000 291.000000 -0.518106 0.160142
184.000000 291.000000 -0.427045 0.160142
602.000000 291.000000 0.885490 0.160142
109.000000 292.000000 -0.662548 0.163282
149.000000 292.000000 -0.536946 0.163282
180.000000 292.000000 -0.439605 0.163282
329.000000 292.000000 0.028260 0.163282
406.000000 292.000000 0.270043 0.163282
34.000000 293.000000 -0.898051 0.166422
104.000000 293.000000 -0.678248 0.166422
143.000000 293.000000 -0.555787 0.166422
177.000000 293.000000 -0.449025 0.166422
197.000000 293.000000 -0.386225 0.166422
270.000000 293.000000 -0.157002 0.166422
461.000000 293.000000 0.442745 0.166422
38.000000 294.000000 -0.885490 0.169562
41.000000 294.000000 -0.876070 0.169562
97.000000 294.000000 -0.700228 0.169562
147.000000 294.000000 -0.543226 0.169562
170.000000 294.000000 -0.471006 0.169562
213.000000 294.000000 -0.335984 0.169562
326.000000 294.000000 0.018840 0.169562
379.000000 294.000000 0.185262 0.169562
590.000000 294.000000 0.847810 0.169562
16.000000 295.000000 -0.954571 0.172702
33.000000 295.000000 -0.901191 0.172702
35.000000 295.000000 -0.894911 0.172702
142.000000 295.000000 -0.558927 0.172702
165.000000 295.000000 -0.486706 0.172702
188.000000 295.000000 -0.414485 0.172702
297.000000 295.000000 -0.072221 0.172702
581.000000 295.000000 0.819550 0.172702
636.000000 295.000000 0.992252 0.172702
26.000000 296.000000 -0.923171 0.175842
86.000000 296.000000 -0.734769 0.175842
161.000000 296.000000 -0.499266 0.175842
333.000000 296.000000 0.040820 0.175842
78.000000 297.000000 -0.759889 0.178982
281.000000 297.000000 -0.122461 0.178982
330.000000 297.000000 0.031400 0.178982
385.000000 297.000000 0.204102 0.178982
546.000000 297.000000 0.709648 0.178982
10.000000 298.000000 -0.973412 0.182122
33.000000 298.000000 -0.901191 0.182122
37.000000 298.000000 -0.888631 0.182122
71.000000 298.000000 -0.781869 0.182122
81.000000 298.000000 -0.750469 0.182122
150.000000 298.000000 -0.533806 0.182122
152.000000 298.000000 -0.527526 0.182122
178.000000 298.000000 -0.445885 0.182122
213.000000 298.000000 -0.335984 0.182122
228.000000 298.000000 -0.288883 0.182122
284.000000 298.000000 -0.113041 0.182122
436.000000 298.000000 0.364244 0.182122
617.000000 298.000000 0.932591 0.182122
65.000000 299.000000 -0.800709 0.185262
111.000000 299.000000 -0.656268 0.185262
311.000000 299.000000 -0.028260 0.185262
504.000000 299.000000 0.577767 0.185262
11.000000 300.000000 -0.970271 0.188402
15.000000 300.000000 -0.957711 0.188402
59.000000 300.000000 -0.819550 0.188402
104.000000 300.000000 -0.678248 0.188402
170.000000 300.000000 -0.471006 0.188402
379.000000 300.000000 0.185262 0.188402
553.000000 300.000000 0.731629 0.188402
52.000000 301.000000 -0.841530 0.191542
100.000000 301.000000 -0.690808 0.191542
163.000000 301.000000 -0.492986 0.191542
271.000000 301.000000 -0.153862 0.191542
351.000000 301.000000 0.097341 0.191542
403.000000 301.000000 0.260623 0.191542
471.000000 301.000000 0.474146 0.191542
594.000000 301.000000 0.860370 0.191542
45.000000 302.000000 -0.863510 0.194682
181.000000 302.000000 -0.436465 0.194682
408.000000 302.000000 0.276323 0.194682
532.000000 302.000000 0.665688 0.194682
607.000000 302.000000 0.901191 0.194682
39.000000 303.000000 -0.882350 0.197822
178.000000 303.000000 -0.445885 0.197822
253.000000 303.000000 -0.210382 0.197822
266.000000 303.000000 -0.169562 0.197822
288.000000 303.000000 -0.100481 0.197822
310.000000 303.000000 -0.031400 0.197822
395.000000 303.000000 0.235503 0.197822
446.000000 303.000000 0.395645 0.197822
33.000000 304.000000 -0.901191 0.200962
176.000000 304.000000 -0.452165 0.200962
375.000000 304.000000 0.172702 0.200962
589.000000 304.000000 0.844670 0.200962
78.000000 305.000000 -0.759889 0.204102
133.000000 305.000000 -0.587187 0.204102
170.000000 305.000000 -0.471006 0.204102
635.000000 305.000000 0.989112 0.204102
20.000000 306.000000 -0.942011 0.207242
63.000000 306.000000 -0.806990 0.207242
202.000000 306.000000 -0.370524 0.207242
273.000000 306.000000 -0.147582 0.207242
364.000000 306.000000 0.138162 0.207242
384.000000 306.000000 0.200962 0.207242
626.000000 306.000000 0.960851 0.207242
67.000000 307.000000 -0.794429 0.210382
110.000000 307.000000 -0.659408 0.210382
139.000000 307.000000 -0.568347 0.210382
351.000000 307.000000 0.097341 0.210382
434.000000 307.000000 0.357964 0.210382
561.000000 307.000000 0.756749 0.210382
578.000000 307.000000 0.810130 0.210382
7.000000 308.000000 -0.982832 0.213523
78.000000 308.000000 -0.759889 0.213523
104.000000 308.000000 -0.678248 0.213523
158.000000 308.000000 -0.508686 0.213523
174.000000 308.000000 -0.458445 0.213523
178.000000 308.000000 -0.445885 0.213523
195.000000 308.000000 -0.392505 0.213523
225.000000 308.000000 -0.298304 0.213523
237.000000 308.000000 -0.260623 0.213523
258.000000 308.000000 -0.194682 0.213523
429.000000 308.000000 0.342264 0.213523
502.000000 308.000000 0.571487 0.213523
508.000000 308.000000 0.590327 0.213523
523.000000 308.000000 0.637428 0.213523
531.000000 308.000000 0.662548 0.213523
581.000000 308.000000 0.819550 0.213523
261.000000 309.000000 -0.185262 0.216663
449.000000 309.000000 0.405065 0.216663
562.000000 309.000000 0.759889 0.216663
570.000000 309.000000 0.785009 0.216663
152.000000 310.000000 -0.527526 0.219803
175.000000 310.000000 -0.455305 0.219803
494.000000 310.000000 0.546366 0.219803
519.000000 310.000000 0.624867 0.219803
528.000000 310.000000 0.653128 0.219803
122.000000 311.000000 -0.621727 0.222943
202.000000 311.000000 -0.370524 0.222943
243.000000 311.000000 -0.241783 0.222943
320.000000 311.000000 -0.000000 0.222943
510.000000 311.000000 0.596607 0.222943
544.000000 311.000000 0.703368 0.222943
39.000000 312.000000 -0.882350 0.226083
463.000000 312.000000 0.449025 0.226083
475.000000 312.000000 0.486706 0.226083
503.000000 312.000000 0.574627 0.226083
552.000000 312.000000 0.728489 0.226083
627.000000 312.000000 0.963991 0.226083
33.000000 313.000000 -0.901191 0.229223
238.000000 313.000000 -0.257483 0.229223
362.000000 313.000000 0.131882 0.229223
437.000000 313.000000 0.367384 0.229223
453.000000 313.000000 0.417625 0.229223
634.000000 313.000000 0.985972 0.229223
178.000000 314.000000 -0.445885 0.232363
194.000000 314.000000 -0.395645 0.232363
302.000000 314.000000 -0.056521 0.232363
567.000000 314.000000 0.775589 0.232363
71.000000 315.000000 -0.781869 0.235503
224.000000 315.000000 -0.301444 0.235503
247.000000 315.000000 -0.229223 0.235503
278.000000 315.000000 -0.131882 0.235503
393.000000 315.000000 0.229223 0.235503
437.000000 315.000000 0.367384 0.235503
524.000000 315.000000 0.640568 0.235503
616.000000 315.000000 0.929451 0.235503
4.000000 316.000000 -0.992252 0.238643
17.000000 316.000000 -0.951431 0.238643
100.000000 316.000000 -0.690808 0.238643
126.000000 316.000000 -0.609167 0.238643
129.000000 316.000000 -0.599747 0.238643
171.000000 316.000000 -0.467866 0.238643
232.000000 316.000000 -0.276323 0.238643
300.000000 316.000000 -0.062801 0.238643
342.000000 316.000000 0.069081 0.238643
12.000000 317.000000 -0.967131 0.241783
26.000000 317.000000 -0.923171 0.241783
48.000000 317.000000 -0.854090 0.241783
51.000000 317.000000 -0.844670 0.241783
97.000000 317.000000 -0.700228 0.241783
169.000000 317.000000 -0.474146 0.241783
425.000000 317.000000 0.329704 0.241783
571.000000 317.000000 0.788149 0.241783
93.000000 318.000000 -0.712788 0.244923
120.000000 318.000000 -0.628007 0.244923
165.000000 318.000000 -0.486706 0.244923
209.000000 318.000000 -0.348544 0.244923
274.000000 318.000000 -0.144442 0.244923
389.000000 318.000000 0.216663 0.244923
391.000000 318.000000 0.222943 0.244923
413.000000 318.000000 0.292023 0.244923
451.000000 318.000000 0.411345 0.244923
469.000000 318.000000 0.467866 0.244923
118.000000 319.000000 -0.634288 0.248063
178.000000 319.000000 -0.445885 0.248063
355.000000 319.000000 0.109901 0.248063
384.000000 319.000000 0.200962 0.248063
603.000000 319.000000 0.888631 0.248063
622.000000 319.000000 0.948291 0.248063
85.000000 320.000000 -0.737909 0.251203
158.000000 320.000000 -0.508686 0.251203
210.000000 320.000000 -0.345404 0.251203
233.000000 320.000000 -0.273183 0.251203
517.000000 320.000000 0.618587 0.251203
570.000000 320.000000 0.785009 0.251203
110.000000 321.000000 -0.659408 0.254343
226.000000 321.000000 -0.295163 0.254343
327.000000 321.000000 0.021980 0.254343
495.000000 321.000000 0.549506 0.254343
560.000000 321.000000 0.753609 0.254343
635.000000 321.000000 0.989112 0.254343
132.000000 322.000000 -0.590327 0.257483
170.000000 322.000000 -0.471006 0.257483
219.000000 322.000000 -0.317144 0.257483
431.000000 322.000000 0.348544 0.257483
72.000000 323.000000 -0.778729 0.260623
140.000000 323.000000 -0.565207 0.260623
168.000000 323.000000 -0.477286 0.260623
595.000000 323.000000 0.863510 0.260623
98.000000 324.000000 -0.697088 0.263763
125.000000 324.000000 -0.612307 0.263763
148.000000 324.000000 -0.540086 0.263763
175.000000 324.000000 -0.455305 0.263763
371.000000 324.000000 0.160142 0.263763
459.000000 324.000000 0.436465 0.263763
613.000000 324.000000 0.920031 0.263763
96.000000 325.000000 -0.703368 0.266903
134.000000 325.000000 -0.584047 0.266903
139.000000 325.000000 -0.568347 0.266903
177.000000 325.000000 -0.449025 0.266903
214.000000 325.000000 -0.332844 0.266903
274.000000 325.000000 -0.144442 0.266903
339.000000 325.000000 0.059661 0.266903
631.000000 325.000000 0.976552 0.266903
38.000000 326.000000 -0.885490 0.270043
59.000000 326.000000 -0.819550 0.270043
160.000000 326.000000 -0.502406 0.270043
261.000000 326.000000 -0.185262 0.270043
357.000000 326.000000 0.116181 0.270043
429.000000 326.000000 0.342264 0.270043
468.000000 326.000000 0.464725 0.270043
564.000000 326.000000 0.766169 0.270043
79.000000 327.000000 -0.756749 0.273183
115.000000 327.000000 -0.643708 0.273183
171.000000 327.000000 -0.467866 0.273183
352.000000 327.000000 0.100481 0.273183
516.000000 327.000000 0.615447 0.273183
50.000000 328.000000 -0.847810 0.276323
111.000000 328.000000 -0.656268 0.276323
214.000000 329.000000 -0.332844 0.279463
433.000000 329.000000 0.354824 0.279463
632.000000 329.000000 0.979692 0.279463
41.000000 330.000000 -0.876070 0.282603
75.000000 330.000000 -0.769309 0.282603
104.000000 330.000000 -0.678248 0.282603
143.000000 330.000000 -0.555787 0.282603
164.000000 330.000000 -0.489846 0.282603
407.000000 330.000000 0.273183 0.282603
415.000000 330.000000 0.298304 0.282603
449.000000 330.000000 0.405065 0.282603
622.000000 330.000000 0.948291 0.282603
3.000000 331.000000 -0.995392 0.285743
162.000000 331.000000 -0.496126 0.285743
251.000000 331.000000 -0.216663 0.285743
389.000000 331.000000 0.216663 0.285743
525.000000 331.000000 0.643708 0.285743
562.000000 331.000000 0.759889 0.285743
619.000000 331.000000 0.938871 0.285743
33.000000 332.000000 -0.901191 0.288883
61.000000 332.000000 -0.813270 0.288883
225.000000 332.000000 -0.298304 0.288883
307.000000 332.000000 -0.040820 0.288883
397.000000 332.000000 0.241783 0.288883
435.000000 332.000000 0.361104 0.288883
493.000000 332.000000 0.543226 0.288883
54.000000 333.000000 -0.835250 0.292023
92.000000 333.000000 -0.715928 0.292023
157.000000 333.000000 -0.511826 0.292023
359.000000 333.000000 0.122461 0.292023
415.000000 333.000000 0.298304 0.292023
430.000000 333.000000 0.345404 0.292023
26.000000 334.000000 -0.923171 0.295163
36.000000 334.000000 -0.891771 0.295163
78.000000 334.000000 -0.759889 0.295163
83.000000 334.000000 -0.744189 0.295163
115.000000 334.000000 -0.643708 0.295163
117.000000 334.000000 -0.637428 0.295163
154.000000 334.000000 -0.521246 0.295163
214.000000 334.000000 -0.332844 0.295163
241.000000 334.000000 -0.248063 0.295163
247.000000 334.000000 -0.229223 0.295163
314.000000 334.000000 -0.018840 0.295163
577.000000 334.000000 0.806990 0.295163
598.000000 334.000000 0.872930 0.295163
45.000000 335.000000 -0.863510 0.298304
111.000000 335.000000 -0.656268 0.298304
282.000000 335.000000 -0.119321 0.298304
297.000000 335.000000 -0.072221 0.298304
428.000000 335.000000 0.339124 0.298304
609.000000 335.000000 0.907471 0.298304
17.000000 336.000000 -0.951431 0.301444
93.000000 336.000000 -0.712788 0.301444
149.000000 336.000000 -0.536946 0.301444
178.000000 336.000000 -0.445885 0.301444
189.000000 336.000000 -0.411345 0.301444
285.000000 336.000000 -0.109901 0.301444
379.000000 336.000000 0.185262 0.301444
480.000000 336.000000 0.502406 0.301444
584.000000 336.000000 0.828970 0.301444
55.000000 337.000000 -0.832110 0.304584
105.000000 337.000000 -0.675108 0.304584
425.000000 337.000000 0.329704 0.304584
17.000000 338.000000 -0.951431 0.307724
50.000000 338.000000 -0.847810 0.307724
159.000000 338.000000 -0.505546 0.307724
163.000000 338.000000 -0.492986 0.307724
173.000000 338.000000 -0.461585 0.307724
185.000000 338.000000 -0.423905 0.307724
206.000000 338.000000 -0.357964 0.307724
489.000000 338.000000 0.530666 0.307724
520.000000 338.000000 0.628007 0.307724
620.000000 338.000000 0.942011 0.307724
31.000000 339.000000 -0.907471 0.310864
91.000000 340.000000 -0.719069 0.314004
283.000000 340.000000 -0.116181 0.314004
452.000000 340.000000 0.414485 0.314004
525.000000 340.000000 0.643708 0.314004
602.000000 340.000000 0.885490 0.314004
636.000000 340.000000 0.992252 0.314004
5.000000 341.000000 -0.989112 0.317144
62.000000 341.000000 -0.810130 0.317144
133.000000 341.000000 -0.587187 0.317144
166.000000 341.000000 -0.483566 0.317144
259.000000 341.000000 -0.191542 0.317144
447.000000 341.000000 0.398785 0.317144
558.000000 341.000000 0.747329 0.317144
131.000000 342.000000 -0.593467 0.320284
150.000000 342.000000 -0.533806 0.320284
164.000000 342.000000 -0.489846 0.320284
245.000000 342.000000 -0.235503 0.320284
434.000000 342.000000 0.357964 0.320284
111.000000 343.000000 -0.656268 0.323424
148.000000 343.000000 -0.540086 0.323424
162.000000 343.000000 -0.496126 0.323424
360.000000 343.000000 0.125601 0.323424
160.000000 344.000000 -0.502406 0.326564
606.000000 344.000000 0.898051 0.326564
80.000000 345.000000 -0.753609 0.329704
105.000000 345.000000 -0.675108 0.329704
158.000000 345.000000 -0.508686 0.329704
170.000000 345.000000 -0.471006 0.329704
210.000000 345.000000 -0.345404 0.329704
343.000000 345.000000 0.072221 0.329704
101.000000 346.000000 -0.687668 0.332844
168.000000 346.000000 -0.477286 0.332844
200.000000 346.000000 -0.376804 0.332844
257.000000 346.000000 -0.197822 0.332844
576.000000 346.000000 0.803850 0.332844
598.000000 346.000000 0.872930 0.332844
117.000000 347.000000 -0.637428 0.335984
153.000000 347.000000 -0.524386 0.335984
166.000000 347.000000 -0.483566 0.335984
628.000000 347.000000 0.967131 0.335984
71.000000 348.000000 -0.781869 0.339124
73.000000 348.000000 -0.775589 0.339124
115.000000 348.000000 -0.643708 0.339124
151.000000 348.000000 -0.530666 0.339124
164.000000 348.000000 -0.489846 0.339124
196.000000 348.000000 -0.389365 0.339124
224.000000 348.000000 -0.301444 0.339124
404.000000 348.000000 0.263763 0.339124
585.000000 348.000000 0.832110 0.339124
156.000000 349.000000 -0.514966 0.342264
162.000000 349.000000 -0.496126 0.342264
357.000000 349.000000 0.116181 0.342264
111.000000 350.000000 -0.656268 0.345404
128.000000 350.000000 -0.602887 0.345404
244.000000 350.000000 -0.238643 0.345404
16.000000 351.000000 -0.954571 0.348544
54.000000 351.000000 -0.835250 0.348544
61.000000 351.000000 -0.813270 0.348544
144.000000 351.000000 -0.552647 0.348544
254.000000 351.000000 -0.207242 0.348544
568.000000 351.000000 0.778729 0.348544
105.000000 352.000000 -0.675108 0.351684
155.000000 352.000000 -0.518106 0.351684
621.000000 352.000000 0.945151 0.351684
153.000000 353.000000 -0.524386 0.354824
187.000000 353.000000 -0.417625 0.354824
196.000000 353.000000 -0.389365 0.354824
265.000000 353.000000 -0.172702 0.354824
589.000000 353.000000 0.844670 0.354824
112.000000 354.000000 -0.653128 0.357964
156.000000 354.000000 -0.514966 0.357964
163.000000 354.000000 -0.492986 0.357964
185.000000 354.000000 -0.423905 0.357964
224.000000 354.000000 -0.301444 0.357964
525.000000 354.000000 0.643708 0.357964
581.000000 354.000000 0.819550 0.357964
533.000000 355.000000 0.668828 0.361104
29.000000 356.000000 -0.913751 0.364244
54.000000 356.000000 -0.835250 0.364244
64.000000 356.000000 -0.803850 0.364244
114.000000 356.000000 -0.646848 0.364244
159.000000 356.000000 -0.505546 0.364244
171.000000 356.000000 -0.467866 0.364244
200.000000 356.000000 -0.376804 0.364244
215.000000 356.000000 -0.329704 0.364244
334.000000 356.000000 0.043961 0.364244
105.000000 357.000000 -0.675108 0.367384
157.000000 357.000000 -0.511826 0.367384
189.000000 357.000000 -0.411345 0.367384
264.000000 357.000000 -0.175842 0.367384
302.000000 357.000000 -0.056521 0.367384
462.000000 357.000000 0.445885 0.367384
600.000000 357.000000 0.879210 0.367384
23.000000 358.000000 -0.932591 0.370524
111.000000 358.000000 -0.656268 0.370524
126.000000 358.000000 -0.609167 0.370524
142.000000 358.000000 -0.558927 0.370524
155.000000 358.000000 -0.518106 0.370524
178.000000 358.000000 -0.445885 0.370524
503.000000 358.000000 0.574627 0.370524
74.000000 359.000000 -0.772449 0.373664
186.000000 359.000000 -0.420765 0.373664
250.000000 359.000000 -0.219803 0.373664
265.000000 359.000000 -0.172702 0.373664
538.000000 359.000000 0.684528 0.373664
26.000000 360.000000 -0.923171 0.376804
31.000000 360.000000 -0.907471 0.376804
61.000000 360.000000 -0.813270 0.376804
150.000000 360.000000 -0.533806 0.376804
184.000000 360.000000 -0.427045 0.376804
269.000000 360.000000 -0.160142 0.376804
274.000000 360.000000 -0.144442 0.376804
182.000000 361.000000 -0.433325 0.379945
8.000000 362.000000 -0.979692 0.383085
13.000000 362.000000 -0.963991 0.383085
56.000000 362.000000 -0.828970 0.383085
96.000000 362.000000 -0.703368 0.383085
117.000000 362.000000 -0.637428 0.383085
132.000000 362.000000 -0.590327 0.383085
160.000000 362.000000 -0.502406 0.383085
171.000000 362.000000 -0.467866 0.383085
222.000000 362.000000 -0.307724 0.383085
346.000000 362.000000 0.081641 0.383085
130.000000 363.000000 -0.596607 0.386225
158.000000 363.000000 -0.508686 0.386225
337.000000 363.000000 0.053381 0.386225
387.000000 363.000000 0.210382 0.386225
59.000000 364.000000 -0.819550 0.389365
78.000000 364.000000 -0.759889 0.389365
156.000000 364.000000 -0.514966 0.389365
111.000000 365.000000 -0.656268 0.392505
141.000000 365.000000 -0.562067 0.392505
177.000000 365.000000 -0.449025 0.392505
269.000000 365.000000 -0.160142 0.392505
15.000000 366.000000 -0.957711 0.395645
17.000000 366.000000 -0.951431 0.395645
123.000000 366.000000 -0.618587 0.395645
138.000000 366.000000 -0.571487 0.395645
152.000000 366.000000 -0.527526 0.395645
206.000000 366.000000 -0.357964 0.395645
106.000000 367.000000 -0.671968 0.398785
136.000000 367.000000 -0.577767 0.398785
150.000000 367.000000 -0.533806 0.398785
162.000000 367.000000 -0.496126 0.398785
393.000000 367.000000 0.229223 0.398785
73.000000 368.000000 -0.775589 0.401925
103.000000 368.000000 -0.681388 0.401925
148.000000 368.000000 -0.540086 0.401925
160.000000 368.000000 -0.502406 0.401925
170.000000 368.000000 -0.471006 0.401925
411.000000 368.000000 0.285743 0.401925
549.000000 368.000000 0.719069 0.401925
101.000000 369.000000 -0.687668 0.405065
117.000000 369.000000 -0.637428 0.405065
128.000000 369.000000 -0.602887 0.405065
158.000000 369.000000 -0.508686 0.405065
234.000000 369.000000 -0.270043 0.405065
4.000000 370.000000 -0.992252 0.408205
115.000000 370.000000 -0.643708 0.408205
156.000000 370.000000 -0.514966 0.408205
175.000000 370.000000 -0.455305 0.408205
222.000000 370.000000 -0.307724 0.408205
249.000000 370.000000 -0.222943 0.408205
113.000000 371.000000 -0.649988 0.411345
128.000000 371.000000 -0.602887 0.411345
143.000000 371.000000 -0.555787 0.411345
149.000000 371.000000 -0.536946 0.411345
239.000000 371.000000 -0.254343 0.411345
320.000000 371.000000 -0.000000 0.411345
500.000000 371.000000 0.565207 0.411345
111.000000 372.000000 -0.656268 0.414485
126.000000 372.000000 -0.609167 0.414485
153.000000 372.000000 -0.524386 0.414485
163.000000 372.000000 -0.492986 0.414485
124.000000 373.000000 -0.615447 0.417625
179.000000 373.000000 -0.442745 0.417625
122.000000 374.000000 -0.621727 0.420765
149.000000 374.000000 -0.536946 0.420765
160.000000 374.000000 -0.502406 0.420765
105.000000 375.000000 -0.675108 0.423905
120.000000 375.000000 -0.628007 0.423905
158.000000 375.000000 -0.508686 0.423905
172.000000 375.000000 -0.464725 0.423905
225.000000 375.000000 -0.298304 0.423905
634.000000 375.000000 0.985972 0.423905
86.000000 376.000000 -0.734769 0.427045
118.000000 376.000000 -0.634288 0.427045
156.000000 376.000000 -0.514966 0.427045
166.000000 376.000000 -0.483566 0.427045
211.000000 376.000000 -0.342264 0.427045
244.000000 376.000000 -0.238643 0.427045
368.000000 376.000000 0.150722 0.427045
116.000000 377.000000 -0.640568 0.430185
231.000000 377.000000 -0.279463 0.430185
81.000000 378.000000 -0.750469 0.433325
99.000000 378.000000 -0.693948 0.433325
25.000000 379.000000 -0.926311 0.436465
123.000000 379.000000 -0.618587 0.436465
127.000000 379.000000 -0.606027 0.436465
151.000000 379.000000 -0.530666 0.436465
223.000000 379.000000 -0.304584 0.436465
233.000000 379.000000 -0.273183 0.436465
22.000000 380.000000 -0.935731 0.439605
56.000000 380.000000 -0.828970 0.439605
125.000000 380.000000 -0.612307 0.439605
160.000000 380.000000 -0.502406 0.439605
174.000000 380.000000 -0.458445 0.439605
214.000000 380.000000 -0.332844 0.439605
239.000000 380.000000 -0.254343 0.439605
245.000000 380.000000 -0.235503 0.439605
329.000000 380.000000 0.028260 0.439605
465.000000 380.000000 0.455305 0.439605
15.000000 381.000000 -0.957711 0.442745
78.000000 381.000000 -0.759889 0.442745
158.000000 381.000000 -0.508686 0.442745
168.000000 381.000000 -0.477286 0.442745
293.000000 381.000000 -0.084781 0.442745
305.000000 381.000000 -0.047101 0.442745
378.000000 381.000000 0.182122 0.442745
121.000000 382.000000 -0.624867 0.445885
134.000000 382.000000 -0.584047 0.445885
156.000000 382.000000 -0.514966 0.445885
227.000000 382.000000 -0.292023 0.445885
250.000000 382.000000 -0.219803 0.445885
42.000000 383.000000 -0.872930 0.449025
247.000000 383.000000 -0.229223 0.449025
358.000000 383.000000 0.119321 0.449025
117.000000 384.000000 -0.637428 0.452165
153.000000 384.000000 -0.524386 0.452165
259.000000 384.000000 -0.191542 0.452165
505.000000 384.000000 0.580907 0.452165
109.000000 385.000000 -0.662548 0.455305
151.000000 385.000000 -0.530666 0.455305
432.000000 385.000000 0.351684 0.455305
81.000000 386.000000 -0.750469 0.458445
127.000000 386.000000 -0.606027 0.458445
279.000000 386.000000 -0.128742 0.458445
302.000000 386.000000 -0.056521 0.458445
61.000000 387.000000 -0.813270 0.461585
125.000000 387.000000 -0.612307 0.461585
148.000000 387.000000 -0.540086 0.461585
159.000000 387.000000 -0.505546 0.461585
309.000000 387.000000 -0.034540 0.461585
57.000000 388.000000 -0.825830 0.464725
73.000000 388.000000 -0.775589 0.464725
77.000000 388.000000 -0.763029 0.464725
97.000000 388.000000 -0.700228 0.464725
135.000000 388.000000 -0.580907 0.464725
157.000000 388.000000 -0.511826 0.464725
242.000000 388.000000 -0.244923 0.464725
515.000000 388.000000 0.612307 0.464725
49.000000 389.000000 -0.850950 0.467866
55.000000 389.000000 -0.832110 0.467866
133.000000 389.000000 -0.587187 0.467866
165.000000 389.000000 -0.486706 0.467866
234.000000 389.000000 -0.270043 0.467866
154.000000 390.000000 -0.521246 0.471006
406.000000 390.000000 0.270043 0.471006
118.000000 391.000000 -0.634288 0.474146
152.000000 391.000000 -0.527526 0.474146
162.000000 391.000000 -0.496126 0.474146
169.000000 391.000000 -0.474146 0.474146
215.000000 391.000000 -0.329704 0.474146
489.000000 391.000000 0.530666 0.474146
90.000000 392.000000 -0.722209 0.477286
116.000000 392.000000 -0.640568 0.477286
333.000000 392.000000 0.040820 0.477286
149.000000 393.000000 -0.536946 0.480426
125.000000 394.000000 -0.612307 0.483566
157.000000 394.000000 -0.511826 0.483566
212.000000 394.000000 -0.339124 0.483566
358.000000 394.000000 0.119321 0.483566
42.000000 395.000000 -0.872930 0.486706
111.000000 395.000000 -0.656268 0.486706
355.000000 395.000000 0.109901 0.486706
39.000000 396.000000 -0.882350 0.489846
420.000000 396.000000 0.314004 0.489846
434.000000 396.000000 0.357964 0.489846
437.000000 396.000000 0.367384 0.489846
28.000000 397.000000 -0.916891 0.492986
162.000000 397.000000 -0.496126 0.492986
55.000000 398.000000 -0.832110 0.496126
105.000000 398.000000 -0.675108 0.496126
118.000000 398.000000 -0.634288 0.496126
130.000000 398.000000 -0.596607 0.496126
151.000000 398.000000 -0.530666 0.496126
242.000000 398.000000 -0.244923 0.496126
288.000000 398.000000 -0.100481 0.496126
32.000000 399.000000 -0.904331 0.499266
116.000000 399.000000 -0.640568 0.499266
159.000000 399.000000 -0.505546 0.499266
201.000000 399.000000 -0.373664 0.499266
349.000000 399.000000 0.091061 0.499266
598.000000 399.000000 0.872930 0.499266
4.000000 400.000000 -0.992252 0.502406
19.000000 400.000000 -0.945151 0.502406
105.000000 400.000000 -0.675108 0.502406
127.000000 400.000000 -0.606027 0.502406
148.000000 400.000000 -0.540086 0.502406
166.000000 400.000000 -0.483566 0.502406
113.000000 401.000000 -0.649988 0.505546
156.000000 401.000000 -0.514966 0.505546
214.000000 401.000000 -0.332844 0.505546
14.000000 402.000000 -0.960851 0.508686
25.000000 402.000000 -0.926311 0.508686
52.000000 402.000000 -0.841530 0.508686
111.000000 402.000000 -0.656268 0.508686
124.000000 402.000000 -0.615447 0.508686
135.000000 402.000000 -0.580907 0.508686
194.000000 402.000000 -0.395645 0.508686
267.000000 402.000000 -0.166422 0.508686
589.000000 402.000000 0.844670 0.508686
28.000000 403.000000 -0.916891 0.511826
153.000000 403.000000 -0.524386 0.511826
212.000000 403.000000 -0.339124 0.511826
88.000000 404.000000 -0.728489 0.514966
174.000000 404.000000 -0.458445 0.514966
178.000000 404.000000 -0.445885 0.514966
292.000000 404.000000 -0.087921 0.514966
27.000000 405.000000 -0.920031 0.518106
46.000000 405.000000 -0.860370 0.518106
52.000000 405.000000 -0.841530 0.518106
92.000000 405.000000 -0.715928 0.518106
307.000000 405.000000 -0.040820 0.518106
417.000000 405.000000 0.304584 0.518106
64.000000 406.000000 -0.803850 0.521246
129.000000 406.000000 -0.599747 0.521246
140.000000 406.000000 -0.565207 0.521246
325.000000 406.000000 0.015700 0.521246
556.000000 406.000000 0.741049 0.521246
579.000000 406.000000 0.813270 0.521246
46.000000 407.000000 -0.860370 0.524386
69.000000 407.000000 -0.788149 0.524386
147.000000 407.000000 -0.543226 0.524386
264.000000 407.000000 -0.175842 0.524386
282.000000 407.000000 -0.119321 0.524386
577.000000 407.000000 0.806990 0.524386
616.000000 407.000000 0.929451 0.524386
87.000000 408.000000 -0.731629 0.527526
126.000000 408.000000 -0.609167 0.527526
155.000000 408.000000 -0.518106 0.527526
14.000000 409.000000 -0.960851 0.530666
148.000000 409.000000 -0.540086 0.530666
143.000000 410.000000 -0.555787 0.533806
201.000000 410.000000 -0.373664 0.533806
96.000000 411.000000 -0.703368 0.536946
151.000000 411.000000 -0.530666 0.536946
169.000000 411.000000 -0.474146 0.536946
599.000000 411.000000 0.876070 0.536946
91.000000 412.000000 -0.719069 0.540086
140.000000 412.000000 -0.565207 0.540086
159.000000 412.000000 -0.505546 0.540086
183.000000 412.000000 -0.430185 0.540086
279.000000 412.000000 -0.128742 0.540086
329.000000 412.000000 0.028260 0.540086
556.000000 412.000000 0.741049 0.540086
40.000000 413.000000 -0.879210 0.543226
201.000000 413.000000 -0.373664 0.543226
346.000000 413.000000 0.081641 0.543226
593.000000 413.000000 0.857230 0.543226
31.000000 414.000000 -0.907471 0.546366
138.000000 414.000000 -0.571487 0.546366
147.000000 414.000000 -0.543226 0.546366
156.000000 414.000000 -0.514966 0.546366
177.000000 414.000000 -0.449025 0.546366
246.000000 414.000000 -0.232363 0.546366
397.000000 414.000000 0.241783 0.546366
16.000000 415.000000 -0.954571 0.549506
23.000000 415.000000 -0.932591 0.549506
94.000000 415.000000 -0.709648 0.549506
183.000000 415.000000 -0.430185 0.549506
360.000000 415.000000 0.125601 0.549506
590.000000 416.000000 0.847810 0.552647
635.000000 416.000000 0.989112 0.552647
152.000000 417.000000 -0.527526 0.555787
533.000000 417.000000 0.668828 0.555787
604.000000 417.000000 0.891771 0.555787
122.000000 418.000000 -0.621727 0.558927
159.000000 418.000000 -0.505546 0.558927
580.000000 418.000000 0.816410 0.558927
622.000000 418.000000 0.948291 0.558927
37.000000 419.000000 -0.888631 0.562067
120.000000 419.000000 -0.628007 0.562067
149.000000 419.000000 -0.536946 0.562067
226.000000 419.000000 -0.295163 0.562067
490.000000 419.000000 0.533806 0.562067
559.000000 419.000000 0.750469 0.562067
20.000000 420.000000 -0.942011 0.565207
189.000000 420.000000 -0.411345 0.565207
344.000000 420.000000 0.075361 0.565207
416.000000 420.000000 0.301444 0.565207
69.000000 421.000000 -0.788149 0.568347
128.000000 421.000000 -0.602887 0.568347
138.000000 421.000000 -0.571487 0.568347
622.000000 421.000000 0.948291 0.568347
116.000000 422.000000 -0.640568 0.571487
193.000000 422.000000 -0.398785 0.571487
312.000000 422.000000 -0.025120 0.571487
328.000000 422.000000 0.025120 0.571487
590.000000 422.000000 0.847810 0.571487
612.000000 422.000000 0.916891 0.571487
125.000000 423.000000 -0.612307 0.574627
219.000000 423.000000 -0.317144 0.574627
102.000000 424.000000 -0.684528 0.577767
134.000000 424.000000 -0.584047 0.577767
151.000000 424.000000 -0.530666 0.577767
577.000000 424.000000 0.806990 0.577767
122.000000 425.000000 -0.621727 0.580907
141.000000 425.000000 -0.562067 0.580907
351.000000 425.000000 0.097341 0.580907
9.000000 426.000000 -0.976552 0.584047
55.000000 426.000000 -0.832110 0.584047
131.000000 426.000000 -0.593467 0.584047
264.000000 426.000000 -0.175842 0.584047
101.000000 427.000000 -0.687668 0.587187
119.000000 427.000000 -0.631147 0.587187
147.000000 427.000000 -0.543226 0.587187
169.000000 427.000000 -0.474146 0.587187
604.000000 427.000000 0.891771 0.587187
629.000000 427.000000 0.970271 0.587187
27.000000 428.000000 -0.920031 0.590327
71.000000 428.000000 -0.781869 0.590327
79.000000 428.000000 -0.756749 0.590327
98.000000 428.000000 -0.697088 0.590327
160.000000 428.000000 -0.502406 0.590327
183.000000 428.000000 -0.430185 0.590327
244.000000 428.000000 -0.238643 0.590327
407.000000 428.000000 0.273183 0.590327
503.000000 428.000000 0.574627 0.590327
557.000000 428.000000 0.744189 0.590327
563.000000 428.000000 0.763029 0.590327
584.000000 428.000000 0.828970 0.590327
609.000000 428.000000 0.907471 0.590327
622.000000 428.000000 0.948291 0.590327
127.000000 429.000000 -0.606027 0.593467
206.000000 429.000000 -0.357964 0.593467
337.000000 429.000000 0.053381 0.593467
618.000000 430.000000 0.935731 0.596607
87.000000 431.000000 -0.731629 0.599747
142.000000 431.000000 -0.558927 0.599747
549.000000 431.000000 0.719069 0.599747
628.000000 431.000000 0.967131 0.599747
78.000000 432.000000 -0.759889 0.602887
99.000000 432.000000 -0.693948 0.602887
557.000000 432.000000 0.744189 0.602887
585.000000 432.000000 0.832110 0.602887
33.000000 433.000000 -0.901191 0.606027
616.000000 433.000000 0.929451 0.606027
8.000000 434.000000 -0.979692 0.609167
149.000000 434.000000 -0.536946 0.609167
160.000000 434.000000 -0.502406 0.609167
283.000000 434.000000 -0.116181 0.609167
129.000000 435.000000 -0.599747 0.612307
342.000000 435.000000 0.069081 0.612307
352.000000 435.000000 0.100481 0.612307
471.000000 435.000000 0.474146 0.612307
123.000000 437.000000 -0.618587 0.618587
223.000000 437.000000 -0.304584 0.618587
634.000000 437.000000 0.985972 0.618587
14.000000 438.000000 -0.960851 0.621727
71.000000 438.000000 -0.781869 0.621727
125.000000 438.000000 -0.612307 0.621727
144.000000 438.000000 -0.552647 0.621727
566.000000 439.000000 0.772449 0.624867
592.000000 439.000000 0.854090 0.624867
609.000000 439.000000 0.907471 0.624867
634.000000 439.000000 0.985972 0.624867
636.000000 439.000000 0.992252 0.624867
7.000000 440.000000 -0.982832 0.628007
97.000000 440.000000 -0.700228 0.628007
626.000000 440.000000 0.960851 0.628007
17.000000 441.000000 -0.951431 0.631147
92.000000 441.000000 -0.715928 0.631147
207.000000 441.000000 -0.354824 0.631147
341.000000 441.000000 0.065941 0.631147
524.000000 441.000000 0.640568 0.631147
80.000000 442.000000 -0.753609 0.634288
83.000000 442.000000 -0.744189 0.634288
323.000000 442.000000 0.009420 0.634288
128.000000 443.000000 -0.602887 0.637428
585.000000 443.000000 0.832110 0.637428
19.000000 444.000000 -0.945151 0.640568
61.000000 444.000000 -0.813270 0.640568
68.000000 444.000000 -0.791289 0.640568
117.000000 444.000000 -0.637428 0.640568
395.000000 444.000000 0.235503 0.640568
453.000000 444.000000 0.417625 0.640568
576.000000 444.000000 0.803850 0.640568
595.000000 444.000000 0.863510 0.640568
106.000000 445.000000 -0.671968 0.643708
125.000000 445.000000 -0.612307 0.643708
402.000000 445.000000 0.257483 0.643708
471.000000 445.000000 0.474146 0.643708
590.000000 445.000000 0.847810 0.643708
505.000000 446.000000 0.580907 0.646848
45.000000 447.000000 -0.863510 0.649988
95.000000 447.000000 -0.706508 0.649988
587.000000 447.000000 0.838390 0.649988
121.000000 448.000000 -0.624867 0.653128
554.000000 448.000000 0.734769 0.653128
577.000000 448.000000 0.806990 0.653128
582.000000 448.000000 0.822690 0.653128
92.000000 450.000000 -0.715928 0.659408
10.000000 451.000000 -0.973412 0.662548
18.000000 451.000000 -0.948291 0.662548
58.000000 451.000000 -0.822690 0.662548
81.000000 451.000000 -0.750469 0.662548
169.000000 451.000000 -0.474146 0.662548
177.000000 451.000000 -0.449025 0.662548
591.000000 451.000000 0.850950 0.662548
214.000000 452.000000 -0.332844 0.665688
220.000000 452.000000 -0.314004 0.665688
460.000000 452.000000 0.439605 0.665688
594.000000 452.000000 0.860370 0.665688
61.000000 453.000000 -0.813270 0.668828
73.000000 453.000000 -0.775589 0.668828
115.000000 453.000000 -0.643708 0.668828
274.000000 453.000000 -0.144442 0.668828
362.000000 453.000000 0.131882 0.668828
390.000000 453.000000 0.219803 0.668828
520.000000 453.000000 0.628007 0.668828
19.000000 454.000000 -0.945151 0.671968
160.000000 454.000000 -0.502406 0.671968
250.000000 454.000000 -0.219803 0.671968
413.000000 454.000000 0.292023 0.671968
112.000000 455.000000 -0.653128 0.675108
454.000000 455.000000 0.420765 0.675108
29.000000 456.000000 -0.913751 0.678248
244.000000 456.000000 -0.238643 0.678248
357.000000 456.000000 0.116181 0.678248
36.000000 457.000000 -0.891771 0.681388
41.000000 457.000000 -0.876070 0.681388
69.000000 457.000000 -0.788149 0.681388
216.000000 457.000000 -0.326564 0.681388
304.000000 457.000000 -0.050241 0.681388
64.000000 458.000000 -0.803850 0.684528
99.000000 458.000000 -0.693948 0.684528
108.000000 458.000000 -0.665688 0.684528
132.000000 458.000000 -0.590327 0.684528
187.000000 458.000000 -0.417625 0.684528
241.000000 458.000000 -0.248063 0.684528
78.000000 459.000000 -0.759889 0.687668
105.000000 459.000000 -0.675108 0.687668
201.000000 459.000000 -0.373664 0.687668
232.000000 459.000000 -0.276323 0.687668
154.000000 460.000000 -0.521246 0.690808
438.000000 460.000000 0.370524 0.690808
49.000000 461.000000 -0.850950 0.693948
191.000000 461.000000 -0.405065 0.693948
529.000000 461.000000 0.656268 0.693948
87.000000 462.000000 -0.731629 0.697088
490.000000 462.000000 0.533806 0.697088
55.000000 463.000000 -0.832110 0.700228
288.000000 463.000000 -0.100481 0.700228
90.000000 464.000000 -0.722209 0.703368
93.000000 464.000000 -0.712788 0.703368
190.000000 464.000000 -0.408205 0.703368
523.000000 464.000000 0.637428 0.703368
60.000000 465.000000 -0.816410 0.706508
103.000000 465.000000 -0.681388 0.706508
25.000000 466.000000 -0.926311 0.709648
435.000000 466.000000 0.361104 0.709648
488.000000 466.000000 0.527526 0.709648
556.000000 466.000000 0.741049 0.709648
577.000000 466.000000 0.806990 0.709648
23.000000 467.000000 -0.932591 0.712788
158.000000 467.000000 -0.508686 0.712788
180.000000 467.000000 -0.439605 0.712788
281.000000 467.000000 -0.122461 0.712788
284.000000 467.000000 -0.113041 0.712788
468.000000 467.000000 0.464725 0.712788
599.000000 467.000000 0.876070 0.712788
64.000000 468.000000 -0.803850 0.715928
109.000000 468.000000 -0.662548 0.715928
129.000000 468.000000 -0.599747 0.715928
137.000000 468.000000 -0.574627 0.715928
198.000000 468.000000 -0.383085 0.715928
189.000000 469.000000 -0.411345 0.719069
289.000000 469.000000 -0.097341 0.719069
402.000000 469.000000 0.257483 0.719069
454.000000 469.000000 0.420765 0.719069
592.000000 469.000000 0.854090 0.719069
253.000000 470.000000 -0.210382 0.722209
265.000000 470.000000 -0.172702 0.722209
299.000000 470.000000 -0.065941 0.722209
445.000000 470.000000 0.392505 0.722209
514.000000 470.000000 0.609167 0.722209
36.000000 471.000000 -0.891771 0.725349
155.000000 471.000000 -0.518106 0.725349
160.000000 471.000000 -0.502406 0.725349
193.000000 471.000000 -0.398785 0.725349
251.000000 471.000000 -0.216663 0.725349
438.000000 471.000000 0.370524 0.725349
81.000000 472.000000 -0.750469 0.728489
101.000000 472.000000 -0.687668 0.728489
133.000000 472.000000 -0.587187 0.728489
139.000000 472.000000 -0.568347 0.728489
173.000000 472.000000 -0.461585 0.728489
546.000000 472.000000 0.709648 0.728489
596.000000 472.000000 0.866650 0.728489
22.000000 473.000000 -0.935731 0.731629
49.000000 473.000000 -0.850950 0.731629
73.000000 473.000000 -0.775589 0.731629
105.000000 473.000000 -0.675108 0.731629
168.000000 473.000000 -0.477286 0.731629
577.000000 473.000000 0.806990 0.731629
60.000000 474.000000 -0.816410 0.734769
87.000000 474.000000 -0.731629 0.734769
110.000000 474.000000 -0.659408 0.734769
232.000000 474.000000 -0.276323 0.734769
317.000000 474.000000 -0.009420 0.734769
336.000000 474.000000 0.050241 0.734769
398.000000 474.000000 0.244923 0.734769
617.000000 474.000000 0.932591 0.734769
76.000000 475.000000 -0.766169 0.737909
145.000000 475.000000 -0.549506 0.737909
195.000000 475.000000 -0.392505 0.737909
530.000000 475.000000 0.659408 0.737909
113.000000 476.000000 -0.649988 0.741049
115.000000 476.000000 -0.643708 0.741049
188.000000 476.000000 -0.414485 0.741049
193.000000 476.000000 -0.398785 0.741049
224.000000 476.000000 -0.301444 0.741049
303.000000 476.000000 -0.053381 0.741049
361.000000 476.000000 0.128742 0.741049
402.000000 476.000000 0.257483 0.741049
627.000000 476.000000 0.963991 0.741049
