255.000000 3.000000 -0.204102 -0.744189
305.000000 3.000000 -0.047101 -0.744189
405.000000 3.000000 0.266903 -0.744189
423.000000 3.000000 0.323424 -0.744189
491.000000 3.000000 0.536946 -0.744189
621.000000 3.000000 0.945151 -0.744189
132.000000 4.000000 -0.590327 -0.741049
141.000000 4.000000 -0.562067 -0.741049
470.000000 4.000000 0.471006 -0.741049
510.000000 4.000000 0.596607 -0.741049
561.000000 4.000000 0.756749 -0.741049
318.000000 5.000000 -0.006280 -0.737909
345.000000 5.000000 0.078501 -0.737909
393.000000 5.000000 0.229223 -0.737909
395.000000 5.000000 0.235503 -0.737909
414.000000 5.000000 0.295163 -0.737909
117.000000 6.000000 -0.637428 -0.734769
461.000000 6.000000 0.442745 -0.734769
484.000000 6.000000 0.514966 -0.734769
515.000000 6.000000 0.612307 -0.734769
632.000000 6.000000 0.979692 -0.734769
49.000000 7.000000 -0.850950 -0.731629
132.000000 7.000000 -0.590327 -0.731629
143.000000 7.000000 -0.555787 -0.731629
153.000000 7.000000 -0.524386 -0.731629
300.000000 7.000000 -0.062801 -0.731629
406.000000 7.000000 0.270043 -0.731629
423.000000 7.000000 0.323424 -0.731629
442.000000 7.000000 0.383085 -0.731629
295.000000 8.000000 -0.078501 -0.728489
349.000000 8.000000 0.091061 -0.728489
483.000000 8.000000 0.511826 -0.728489
503.000000 8.000000 0.574627 -0.728489
552.000000 8.000000 0.728489 -0.728489
332.000000 9.000000 0.037680 -0.725349
428.000000 9.000000 0.339124 -0.725349
469.000000 9.000000 0.467866 -0.725349
511.000000 9.000000 0.599747 -0.725349
534.000000 9.000000 0.671968 -0.725349
619.000000 9.000000 0.938871 -0.725349
136.000000 10.000000 -0.577767 -0.722209
164.000000 10.000000 -0.489846 -0.722209
222.000000 10.000000 -0.307724 -0.722209
504.000000 10.000000 0.577767 -0.722209
624.000000 11.000000 0.954571 -0.719069
332.000000 12.000000 0.037680 -0.715928
344.000000 12.000000 0.075361 -0.715928
501.000000 12.000000 0.568347 -0.715928
538.000000 12.000000 0.684528 -0.715928
633.000000 12.000000 0.982832 -0.715928
458.000000 13.000000 0.433325 -0.712788
614.000000 13.000000 0.923171 -0.712788
391.000000 14.000000 0.222943 -0.709648
506.000000 14.000000 0.584047 -0.709648
106.000000 15.000000 -0.671968 -0.706508
482.000000 15.000000 0.508686 -0.706508
188.000000 16.000000 -0.414485 -0.703368
277.000000 16.000000 -0.135022 -0.703368
327.000000 16.000000 0.021980 -0.703368
451.000000 16.000000 0.411345 -0.703368
492.000000 16.000000 0.540086 -0.703368
451.000000 19.000000 0.411345 -0.693948
197.000000 20.000000 -0.386225 -0.690808
310.000000 21.000000 -0.031400 -0.687668
387.000000 21.000000 0.210382 -0.687668
625.000000 21.000000 0.957711 -0.687668
302.000000 22.000000 -0.056521 -0.684528
493.000000 22.000000 0.543226 -0.684528
223.000000 23.000000 -0.304584 -0.681388
250.000000 23.000000 -0.219803 -0.681388
265.000000 23.000000 -0.172702 -0.681388
511.000000 23.000000 0.599747 -0.681388
607.000000 23.000000 0.901191 -0.681388
118.000000 24.000000 -0.634288 -0.678248
246.000000 25.000000 -0.232363 -0.675108
517.000000 25.000000 0.618587 -0.675108
635.000000 25.000000 0.989112 -0.675108
241.000000 26.000000 -0.248063 -0.671968
514.000000 26.000000 0.609167 -0.671968
132.000000 28.000000 -0.590327 -0.665688
199.000000 28.000000 -0.379945 -0.665688
244.000000 29.000000 -0.238643 -0.662548
457.000000 29.000000 0.430185 -0.662548
501.000000 29.000000 0.568347 -0.662548
143.000000 30.000000 -0.555787 -0.659408
187.000000 30.000000 -0.417625 -0.659408
199.000000 30.000000 -0.379945 -0.659408
235.000000 30.000000 -0.266903 -0.659408
304.000000 30.000000 -0.050241 -0.659408
404.000000 30.000000 0.263763 -0.659408
410.000000 30.000000 0.282603 -0.659408
492.000000 30.000000 0.540086 -0.659408
523.000000 30.000000 0.637428 -0.659408
536.000000 30.000000 0.678248 -0.659408
611.000000 30.000000 0.913751 -0.659408
133.000000 31.000000 -0.587187 -0.656268
205.000000 31.000000 -0.361104 -0.656268
393.000000 31.000000 0.229223 -0.656268
428.000000 31.000000 0.339124 -0.656268
518.000000 31.000000 0.621727 -0.656268
198.000000 32.000000 -0.383085 -0.653128
236.000000 32.000000 -0.263763 -0.653128
440.000000 32.000000 0.376804 -0.653128
488.000000 32.000000 0.527526 -0.653128
505.000000 32.000000 0.580907 -0.653128
137.000000 33.000000 -0.574627 -0.649988
231.000000 33.000000 -0.279463 -0.649988
333.000000 33.000000 0.040820 -0.649988
470.000000 33.000000 0.471006 -0.649988
543.000000 33.000000 0.700228 -0.649988
608.000000 33.000000 0.904331 -0.649988
74.000000 34.000000 -0.772449 -0.646848
505.000000 34.000000 0.580907 -0.646848
137.000000 36.000000 -0.574627 -0.640568
291.000000 37.000000 -0.091061 -0.637428
472.000000 37.000000 0.477286 -0.637428
496.000000 37.000000 0.552647 -0.637428
536.000000 37.000000 0.678248 -0.637428
595.000000 37.000000 0.863510 -0.637428
604.000000 38.000000 0.891771 -0.634288
138.000000 39.000000 -0.571487 -0.631147
161.000000 40.000000 -0.499266 -0.628007
272.000000 40.000000 -0.150722 -0.628007
277.000000 40.000000 -0.135022 -0.628007
341.000000 40.000000 0.065941 -0.628007
483.000000 40.000000 0.511826 -0.628007
510.000000 40.000000 0.596607 -0.628007
535.000000 40.000000 0.675108 -0.628007
568.000000 40.000000 0.778729 -0.628007
506.000000 41.000000 0.584047 -0.624867
474.000000 42.000000 0.483566 -0.621727
81.000000 43.000000 -0.750469 -0.618587
466.000000 43.000000 0.458445 -0.618587
119.000000 44.000000 -0.631147 -0.615447
187.000000 44.000000 -0.417625 -0.615447
217.000000 44.000000 -0.323424 -0.615447
229.000000 45.000000 -0.285743 -0.612307
466.000000 45.000000 0.458445 -0.612307
497.000000 45.000000 0.555787 -0.612307
635.000000 45.000000 0.989112 -0.612307
154.000000 46.000000 -0.521246 -0.609167
196.000000 46.000000 -0.389365 -0.609167
492.000000 46.000000 0.540086 -0.609167
164.000000 47.000000 -0.489846 -0.606027
210.000000 47.000000 -0.345404 -0.606027
222.000000 47.000000 -0.307724 -0.606027
532.000000 47.000000 0.665688 -0.606027
541.000000 47.000000 0.693948 -0.606027
466.000000 48.000000 0.458445 -0.602887
497.000000 48.000000 0.555787 -0.602887
607.000000 48.000000 0.901191 -0.602887
231.000000 49.000000 -0.279463 -0.599747
539.000000 49.000000 0.687668 -0.599747
187.000000 50.000000 -0.417625 -0.596607
217.000000 50.000000 -0.323424 -0.596607
227.000000 50.000000 -0.292023 -0.596607
260.000000 50.000000 -0.188402 -0.596607
189.000000 51.000000 -0.411345 -0.593467
235.000000 51.000000 -0.266903 -0.593467
524.000000 51.000000 0.640568 -0.593467
168.000000 52.000000 -0.477286 -0.590327
278.000000 52.000000 -0.131882 -0.590327
507.000000 52.000000 0.587187 -0.590327
519.000000 52.000000 0.624867 -0.590327
621.000000 52.000000 0.945151 -0.590327
90.000000 53.000000 -0.722209 -0.587187
212.000000 53.000000 -0.339124 -0.587187
425.000000 53.000000 0.329704 -0.587187
510.000000 53.000000 0.596607 -0.587187
232.000000 54.000000 -0.276323 -0.584047
520.000000 54.000000 0.628007 -0.584047
175.000000 55.000000 -0.455305 -0.580907
186.000000 55.000000 -0.420765 -0.580907
196.000000 55.000000 -0.389365 -0.580907
394.000000 55.000000 0.232363 -0.580907
404.000000 55.000000 0.263763 -0.580907
469.000000 55.000000 0.467866 -0.580907
164.000000 56.000000 -0.489846 -0.577767
183.000000 56.000000 -0.430185 -0.577767
189.000000 56.000000 -0.411345 -0.577767
251.000000 56.000000 -0.216663 -0.577767
281.000000 56.000000 -0.122461 -0.577767
481.000000 56.000000 0.505546 -0.577767
634.000000 56.000000 0.985972 -0.577767
161.000000 57.000000 -0.499266 -0.574627
535.000000 57.000000 0.675108 -0.574627
237.000000 58.000000 -0.260623 -0.571487
248.000000 58.000000 -0.226083 -0.571487
280.000000 58.000000 -0.125601 -0.571487
606.000000 59.000000 0.898051 -0.568347
281.000000 60.000000 -0.122461 -0.565207
430.000000 60.000000 0.345404 -0.565207
619.000000 60.000000 0.938871 -0.565207
98.000000 61.000000 -0.697088 -0.562067
475.000000 61.000000 0.486706 -0.562067
216.000000 62.000000 -0.326564 -0.558927
258.000000 62.000000 -0.194682 -0.558927
284.000000 62.000000 -0.113041 -0.558927
368.000000 62.000000 0.150722 -0.558927
593.000000 62.000000 0.857230 -0.558927
600.000000 62.000000 0.879210 -0.558927
207.000000 63.000000 -0.354824 -0.555787
250.000000 63.000000 -0.219803 -0.555787
244.000000 64.000000 -0.238643 -0.552647
455.000000 64.000000 0.423905 -0.552647
536.000000 64.000000 0.678248 -0.552647
230.000000 65.000000 -0.282603 -0.549506
518.000000 65.000000 0.621727 -0.549506
224.000000 66.000000 -0.301444 -0.546366
355.000000 66.000000 0.109901 -0.546366
403.000000 66.000000 0.260623 -0.546366
399.000000 67.000000 0.248063 -0.543226
395.000000 68.000000 0.235503 -0.540086
593.000000 68.000000 0.857230 -0.540086
617.000000 68.000000 0.932591 -0.540086
619.000000 68.000000 0.938871 -0.540086
390.000000 69.000000 0.219803 -0.536946
237.000000 70.000000 -0.260623 -0.533806
385.000000 70.000000 0.204102 -0.533806
529.000000 70.000000 0.656268 -0.533806
622.000000 70.000000 0.948291 -0.533806
186.000000 71.000000 -0.420765 -0.530666
332.000000 71.000000 0.037680 -0.530666
516.000000 71.000000 0.615447 -0.530666
597.000000 71.000000 0.869790 -0.530666
624.000000 71.000000 0.954571 -0.530666
227.000000 72.000000 -0.292023 -0.527526
377.000000 72.000000 0.178982 -0.527526
163.000000 73.000000 -0.492986 -0.524386
373.000000 73.000000 0.166422 -0.524386
367.000000 74.000000 0.147582 -0.521246
584.000000 74.000000 0.828970 -0.521246
598.000000 74.000000 0.872930 -0.521246
608.000000 74.000000 0.904331 -0.521246
364.000000 75.000000 0.138162 -0.518106
525.000000 75.000000 0.643708 -0.518106
477.000000 76.000000 0.492986 -0.514966
487.000000 76.000000 0.524386 -0.514966
492.000000 76.000000 0.540086 -0.514966
205.000000 77.000000 -0.361104 -0.511826
222.000000 77.000000 -0.307724 -0.511826
355.000000 77.000000 0.109901 -0.511826
485.000000 77.000000 0.518106 -0.511826
635.000000 77.000000 0.989112 -0.511826
175.000000 78.000000 -0.455305 -0.508686
265.000000 78.000000 -0.172702 -0.508686
492.000000 78.000000 0.540086 -0.508686
526.000000 78.000000 0.646848 -0.508686
538.000000 78.000000 0.684528 -0.508686
216.000000 79.000000 -0.326564 -0.505546
241.000000 79.000000 -0.248063 -0.505546
345.000000 79.000000 0.078501 -0.505546
592.000000 79.000000 0.854090 -0.505546
600.000000 79.000000 0.879210 -0.505546
173.000000 80.000000 -0.461585 -0.502406
199.000000 80.000000 -0.379945 -0.502406
342.000000 80.000000 0.069081 -0.502406
524.000000 80.000000 0.640568 -0.502406
333.000000 81.000000 0.040820 -0.499266
336.000000 81.000000 0.050241 -0.499266
532.000000 81.000000 0.665688 -0.499266
586.000000 81.000000 0.835250 -0.499266
228.000000 82.000000 -0.288883 -0.496126
284.000000 82.000000 -0.113041 -0.496126
481.000000 82.000000 0.505546 -0.496126
527.000000 82.000000 0.649988 -0.496126
275.000000 84.000000 -0.141302 -0.489846
323.000000 84.000000 0.009420 -0.489846
154.000000 85.000000 -0.521246 -0.486706
250.000000 85.000000 -0.219803 -0.486706
319.000000 85.000000 -0.003140 -0.486706
532.000000 85.000000 0.665688 -0.486706
601.000000 85.000000 0.882350 -0.486706
199.000000 86.000000 -0.379945 -0.483566
207.000000 86.000000 -0.354824 -0.483566
226.000000 86.000000 -0.295163 -0.483566
314.000000 86.000000 -0.018840 -0.483566
633.000000 86.000000 0.982832 -0.483566
164.000000 87.000000 -0.489846 -0.480426
311.000000 87.000000 -0.028260 -0.480426
578.000000 87.000000 0.810130 -0.480426
601.000000 87.000000 0.882350 -0.480426
257.000000 88.000000 -0.197822 -0.477286
306.000000 88.000000 -0.043961 -0.477286
248.000000 89.000000 -0.226083 -0.474146
253.000000 89.000000 -0.210382 -0.474146
290.000000 89.000000 -0.094201 -0.474146
302.000000 89.000000 -0.056521 -0.474146
587.000000 89.000000 0.838390 -0.474146
208.000000 90.000000 -0.351684 -0.471006
272.000000 90.000000 -0.150722 -0.471006
297.000000 90.000000 -0.072221 -0.471006
292.000000 91.000000 -0.087921 -0.467866
621.000000 91.000000 0.945151 -0.467866
195.000000 92.000000 -0.392505 -0.464725
542.000000 92.000000 0.697088 -0.464725
611.000000 92.000000 0.913751 -0.464725
631.000000 92.000000 0.976552 -0.464725
207.000000 93.000000 -0.354824 -0.461585
235.000000 93.000000 -0.266903 -0.461585
168.000000 94.000000 -0.477286 -0.458445
282.000000 94.000000 -0.119321 -0.458445
520.000000 94.000000 0.628007 -0.458445
171.000000 95.000000 -0.467866 -0.455305
206.000000 95.000000 -0.357964 -0.455305
226.000000 95.000000 -0.295163 -0.455305
221.000000 96.000000 -0.310864 -0.452165
260.000000 96.000000 -0.188402 -0.452165
498.000000 96.000000 0.558927 -0.452165
606.000000 96.000000 0.898051 -0.452165
177.000000 97.000000 -0.449025 -0.449025
191.000000 97.000000 -0.405065 -0.449025
217.000000 97.000000 -0.323424 -0.449025
512.000000 97.000000 0.602887 -0.449025
608.000000 97.000000 0.904331 -0.449025
212.000000 98.000000 -0.339124 -0.445885
491.000000 98.000000 0.536946 -0.445885
208.000000 99.000000 -0.351684 -0.442745
293.000000 99.000000 -0.084781 -0.442745
173.000000 100.000000 -0.461585 -0.439605
211.000000 100.000000 -0.342264 -0.439605
216.000000 100.000000 -0.326564 -0.439605
263.000000 100.000000 -0.178982 -0.439605
227.000000 101.000000 -0.292023 -0.436465
515.000000 101.000000 0.612307 -0.436465
183.000000 102.000000 -0.430185 -0.433325
186.000000 102.000000 -0.420765 -0.433325
194.000000 102.000000 -0.395645 -0.433325
224.000000 102.000000 -0.301444 -0.433325
537.000000 102.000000 0.681388 -0.433325
213.000000 103.000000 -0.335984 -0.430185
282.000000 103.000000 -0.119321 -0.430185
579.000000 103.000000 0.813270 -0.430185
174.000000 104.000000 -0.458445 -0.427045
180.000000 104.000000 -0.439605 -0.427045
488.000000 104.000000 0.527526 -0.427045
511.000000 104.000000 0.599747 -0.427045
611.000000 104.000000 0.913751 -0.427045
232.000000 105.000000 -0.276323 -0.423905
515.000000 105.000000 0.612307 -0.423905
180.000000 106.000000 -0.439605 -0.420765
230.000000 106.000000 -0.282603 -0.420765
237.000000 106.000000 -0.260623 -0.420765
265.000000 106.000000 -0.172702 -0.420765
172.000000 107.000000 -0.464725 -0.417625
177.000000 107.000000 -0.449025 -0.417625
223.000000 107.000000 -0.304584 -0.417625
235.000000 107.000000 -0.266903 -0.417625
570.000000 107.000000 0.785009 -0.417625
218.000000 108.000000 -0.320284 -0.414485
611.000000 108.000000 0.913751 -0.414485
164.000000 109.000000 -0.489846 -0.411345
159.000000 110.000000 -0.505546 -0.408205
209.000000 110.000000 -0.348544 -0.408205
524.000000 110.000000 0.640568 -0.408205
155.000000 111.000000 -0.518106 -0.405065
204.000000 111.000000 -0.364244 -0.405065
231.000000 111.000000 -0.279463 -0.405065
477.000000 111.000000 0.492986 -0.405065
570.000000 111.000000 0.785009 -0.405065
588.000000 111.000000 0.841530 -0.405065
200.000000 112.000000 -0.376804 -0.401925
563.000000 112.000000 0.763029 -0.401925
579.000000 112.000000 0.813270 -0.401925
144.000000 113.000000 -0.552647 -0.398785
619.000000 114.000000 0.938871 -0.395645
187.000000 115.000000 -0.417625 -0.392505
634.000000 115.000000 0.985972 -0.392505
182.000000 116.000000 -0.433325 -0.389365
265.000000 116.000000 -0.172702 -0.389365
526.000000 116.000000 0.646848 -0.389365
579.000000 116.000000 0.813270 -0.389365
625.000000 116.000000 0.957711 -0.389365
148.000000 118.000000 -0.540086 -0.383085
198.000000 118.000000 -0.383085 -0.383085
247.000000 118.000000 -0.229223 -0.383085
580.000000 118.000000 0.816410 -0.383085
152.000000 119.000000 -0.527526 -0.379945
170.000000 119.000000 -0.471006 -0.379945
621.000000 119.000000 0.945151 -0.379945
165.000000 120.000000 -0.486706 -0.376804
186.000000 120.000000 -0.420765 -0.376804
302.000000 120.000000 -0.056521 -0.376804
160.000000 121.000000 -0.502406 -0.373664
197.000000 121.000000 -0.386225 -0.373664
209.000000 121.000000 -0.348544 -0.373664
626.000000 121.000000 0.960851 -0.373664
152.000000 122.000000 -0.527526 -0.370524
556.000000 122.000000 0.741049 -0.370524
184.000000 123.000000 -0.427045 -0.367384
189.000000 123.000000 -0.411345 -0.367384
349.000000 123.000000 0.091061 -0.367384
579.000000 123.000000 0.813270 -0.367384
152.000000 124.000000 -0.527526 -0.364244
208.000000 124.000000 -0.351684 -0.364244
515.000000 124.000000 0.612307 -0.364244
518.000000 124.000000 0.621727 -0.364244
555.000000 124.000000 0.737909 -0.364244
570.000000 124.000000 0.785009 -0.364244
575.000000 124.000000 0.800709 -0.364244
609.000000 124.000000 0.907471 -0.364244
614.000000 124.000000 0.923171 -0.364244
198.000000 125.000000 -0.383085 -0.361104
200.000000 125.000000 -0.376804 -0.361104
315.000000 125.000000 -0.015700 -0.361104
349.000000 125.000000 0.091061 -0.361104
552.000000 125.000000 0.728489 -0.361104
592.000000 125.000000 0.854090 -0.361104
606.000000 125.000000 0.898051 -0.361104
312.000000 126.000000 -0.025120 -0.357964
317.000000 126.000000 -0.009420 -0.357964
320.000000 126.000000 -0.000000 -0.357964
506.000000 126.000000 0.584047 -0.357964
518.000000 126.000000 0.621727 -0.357964
556.000000 126.000000 0.741049 -0.357964
579.000000 126.000000 0.813270 -0.357964
624.000000 126.000000 0.954571 -0.357964
203.000000 127.000000 -0.367384 -0.354824
235.000000 127.000000 -0.266903 -0.354824
308.000000 127.000000 -0.037680 -0.354824
323.000000 127.000000 0.009420 -0.354824
620.000000 127.000000 0.942011 -0.354824
266.000000 128.000000 -0.169562 -0.351684
498.000000 128.000000 0.558927 -0.351684
508.000000 128.000000 0.590327 -0.351684
510.000000 128.000000 0.596607 -0.351684
592.000000 128.000000 0.854090 -0.351684
251.000000 129.000000 -0.216663 -0.348544
310.000000 129.000000 -0.031400 -0.348544
505.000000 129.000000 0.580907 -0.348544
529.000000 129.000000 0.656268 -0.348544
525.000000 130.000000 0.643708 -0.345404
610.000000 130.000000 0.910611 -0.345404
614.000000 130.000000 0.923171 -0.345404
190.000000 131.000000 -0.408205 -0.342264
254.000000 131.000000 -0.207242 -0.342264
302.000000 131.000000 -0.056521 -0.342264
515.000000 131.000000 0.612307 -0.342264
259.000000 132.000000 -0.191542 -0.339124
334.000000 132.000000 0.043961 -0.339124
587.000000 133.000000 0.838390 -0.335984
625.000000 133.000000 0.957711 -0.335984
222.000000 134.000000 -0.307724 -0.332844
225.000000 134.000000 -0.298304 -0.332844
205.000000 136.000000 -0.361104 -0.326564
304.000000 136.000000 -0.050241 -0.326564
329.000000 136.000000 0.028260 -0.326564
178.000000 137.000000 -0.445885 -0.323424
224.000000 137.000000 -0.301444 -0.323424
252.000000 137.000000 -0.213523 -0.323424
256.000000 137.000000 -0.200962 -0.323424
180.000000 138.000000 -0.439605 -0.320284
195.000000 138.000000 -0.392505 -0.320284
605.000000 138.000000 0.894911 -0.320284
553.000000 139.000000 0.731629 -0.317144
253.000000 141.000000 -0.210382 -0.310864
210.000000 142.000000 -0.345404 -0.307724
244.000000 145.000000 -0.238643 -0.298304
601.000000 145.000000 0.882350 -0.298304
629.000000 145.000000 0.970271 -0.298304
634.000000 145.000000 0.985972 -0.298304
269.000000 146.000000 -0.160142 -0.295163
360.000000 146.000000 0.125601 -0.295163
604.000000 146.000000 0.891771 -0.295163
211.000000 147.000000 -0.342264 -0.292023
213.000000 147.000000 -0.335984 -0.292023
277.000000 147.000000 -0.135022 -0.292023
364.000000 147.000000 0.138162 -0.292023
240.000000 148.000000 -0.251203 -0.288883
244.000000 148.000000 -0.238643 -0.288883
498.000000 148.000000 0.558927 -0.288883
238.000000 149.000000 -0.257483 -0.285743
268.000000 149.000000 -0.163282 -0.285743
370.000000 149.000000 0.157002 -0.285743
247.000000 150.000000 -0.229223 -0.282603
308.000000 150.000000 -0.037680 -0.282603
586.000000 150.000000 0.835250 -0.282603
611.000000 150.000000 0.913751 -0.282603
630.000000 150.000000 0.973412 -0.282603
236.000000 151.000000 -0.263763 -0.279463
244.000000 151.000000 -0.238643 -0.279463
354.000000 151.000000 0.106761 -0.279463
272.000000 152.000000 -0.150722 -0.276323
307.000000 152.000000 -0.040820 -0.276323
309.000000 152.000000 -0.034540 -0.276323
562.000000 152.000000 0.759889 -0.276323
572.000000 152.000000 0.791289 -0.276323
635.000000 152.000000 0.989112 -0.276323
241.000000 153.000000 -0.248063 -0.273183
364.000000 153.000000 0.138162 -0.273183
536.000000 153.000000 0.678248 -0.273183
596.000000 153.000000 0.866650 -0.273183
605.000000 153.000000 0.894911 -0.273183
204.000000 154.000000 -0.364244 -0.270043
290.000000 154.000000 -0.094201 -0.270043
314.000000 154.000000 -0.018840 -0.270043
349.000000 154.000000 0.091061 -0.270043
191.000000 155.000000 -0.405065 -0.266903
222.000000 155.000000 -0.307724 -0.266903
265.000000 155.000000 -0.172702 -0.266903
363.000000 155.000000 0.135022 -0.266903
368.000000 155.000000 0.150722 -0.266903
584.000000 155.000000 0.828970 -0.266903
248.000000 156.000000 -0.226083 -0.263763
303.000000 156.000000 -0.053381 -0.263763
313.000000 157.000000 -0.021980 -0.260623
573.000000 157.000000 0.794429 -0.260623
211.000000 158.000000 -0.342264 -0.257483
331.000000 159.000000 0.034540 -0.254343
343.000000 159.000000 0.072221 -0.254343
263.000000 160.000000 -0.178982 -0.251203
321.000000 160.000000 0.003140 -0.251203
352.000000 160.000000 0.100481 -0.251203
373.000000 160.000000 0.166422 -0.251203
193.000000 161.000000 -0.398785 -0.248063
270.000000 161.000000 -0.157002 -0.248063
288.000000 161.000000 -0.100481 -0.248063
301.000000 161.000000 -0.059661 -0.248063
304.000000 161.000000 -0.050241 -0.248063
333.000000 161.000000 0.040820 -0.248063
368.000000 161.000000 0.150722 -0.248063
264.000000 162.000000 -0.175842 -0.244923
276.000000 162.000000 -0.138162 -0.244923
304.000000 163.000000 -0.050241 -0.241783
306.000000 163.000000 -0.043961 -0.241783
326.000000 163.000000 0.018840 -0.241783
281.000000 164.000000 -0.122461 -0.238643
565.000000 164.000000 0.769309 -0.238643
190.000000 165.000000 -0.408205 -0.235503
429.000000 165.000000 0.342264 -0.235503
599.000000 165.000000 0.876070 -0.235503
209.000000 166.000000 -0.348544 -0.232363
278.000000 166.000000 -0.131882 -0.232363
309.000000 166.000000 -0.034540 -0.232363
262.000000 167.000000 -0.182122 -0.229223
266.000000 167.000000 -0.169562 -0.229223
287.000000 167.000000 -0.103621 -0.229223
325.000000 168.000000 0.015700 -0.226083
341.000000 168.000000 0.065941 -0.226083
343.000000 168.000000 0.072221 -0.226083
636.000000 168.000000 0.992252 -0.226083
290.000000 169.000000 -0.094201 -0.222943
317.000000 169.000000 -0.009420 -0.222943
334.000000 169.000000 0.043961 -0.222943
267.000000 170.000000 -0.166422 -0.219803
615.000000 170.000000 0.926311 -0.219803
622.000000 170.000000 0.948291 -0.219803
626.000000 170.000000 0.960851 -0.219803
364.000000 171.000000 0.138162 -0.216663
197.000000 172.000000 -0.386225 -0.213523
307.000000 172.000000 -0.040820 -0.213523
339.000000 172.000000 0.059661 -0.213523
378.000000 172.000000 0.182122 -0.213523
293.000000 173.000000 -0.084781 -0.210382
603.000000 173.000000 0.888631 -0.210382
475.000000 174.000000 0.486706 -0.207242
590.000000 174.000000 0.847810 -0.207242
634.000000 174.000000 0.985972 -0.207242
366.000000 175.000000 0.144442 -0.204102
565.000000 176.000000 0.769309 -0.200962
570.000000 176.000000 0.785009 -0.200962
272.000000 177.000000 -0.150722 -0.197822
289.000000 177.000000 -0.097341 -0.197822
292.000000 177.000000 -0.087921 -0.197822
625.000000 177.000000 0.957711 -0.197822
633.000000 177.000000 0.982832 -0.197822
635.000000 178.000000 0.989112 -0.194682
255.000000 179.000000 -0.204102 -0.191542
366.000000 179.000000 0.144442 -0.191542
610.000000 179.000000 0.910611 -0.191542
270.000000 180.000000 -0.157002 -0.188402
276.000000 181.000000 -0.138162 -0.185262
618.000000 181.000000 0.935731 -0.185262
248.000000 182.000000 -0.226083 -0.182122
317.000000 182.000000 -0.009420 -0.182122
246.000000 183.000000 -0.232363 -0.178982
322.000000 183.000000 0.006280 -0.178982
262.000000 184.000000 -0.182122 -0.175842
309.000000 185.000000 -0.034540 -0.172702
274.000000 186.000000 -0.144442 -0.169562
378.000000 186.000000 0.182122 -0.169562
599.000000 186.000000 0.876070 -0.169562
267.000000 187.000000 -0.166422 -0.166422
631.000000 187.000000 0.976552 -0.166422
264.000000 188.000000 -0.175842 -0.163282
271.000000 188.000000 -0.153862 -0.163282
291.000000 188.000000 -0.091061 -0.163282
510.000000 188.000000 0.596607 -0.163282
295.000000 189.000000 -0.078501 -0.160142
312.000000 189.000000 -0.025120 -0.160142
261.000000 190.000000 -0.185262 -0.157002
266.000000 190.000000 -0.169562 -0.157002
583.000000 191.000000 0.825830 -0.153862
602.000000 191.000000 0.885490 -0.153862
201.000000 192.000000 -0.373664 -0.150722
308.000000 192.000000 -0.037680 -0.150722
592.000000 192.000000 0.854090 -0.150722
635.000000 192.000000 0.989112 -0.150722
264.000000 193.000000 -0.175842 -0.147582
267.000000 193.000000 -0.166422 -0.147582
298.000000 193.000000 -0.069081 -0.147582
329.000000 194.000000 0.028260 -0.144442
312.000000 195.000000 -0.025120 -0.141302
322.000000 195.000000 0.006280 -0.141302
371.000000 195.000000 0.160142 -0.141302
313.000000 197.000000 -0.021980 -0.135022
260.000000 198.000000 -0.188402 -0.131882
289.000000 198.000000 -0.097341 -0.131882
291.000000 198.000000 -0.091061 -0.131882
294.000000 198.000000 -0.081641 -0.131882
297.000000 198.000000 -0.072221 -0.131882
305.000000 198.000000 -0.047101 -0.131882
562.000000 198.000000 0.759889 -0.131882
215.000000 199.000000 -0.329704 -0.128742
392.000000 199.000000 0.226083 -0.128742
588.000000 199.000000 0.841530 -0.128742
624.000000 199.000000 0.954571 -0.128742
293.000000 200.000000 -0.084781 -0.125601
313.000000 200.000000 -0.021980 -0.125601
529.000000 200.000000 0.656268 -0.125601
558.000000 200.000000 0.747329 -0.125601
560.000000 200.000000 0.753609 -0.125601
215.000000 201.000000 -0.329704 -0.122461
232.000000 201.000000 -0.276323 -0.122461
584.000000 201.000000 0.828970 -0.122461
225.000000 202.000000 -0.298304 -0.119321
309.000000 202.000000 -0.034540 -0.119321
632.000000 202.000000 0.979692 -0.119321
300.000000 203.000000 -0.062801 -0.116181
304.000000 203.000000 -0.050241 -0.116181
383.000000 203.000000 0.197822 -0.116181
605.000000 203.000000 0.894911 -0.116181
216.000000 204.000000 -0.326564 -0.113041
319.000000 204.000000 -0.003140 -0.113041
618.000000 204.000000 0.935731 -0.113041
609.000000 205.000000 0.907471 -0.109901
312.000000 206.000000 -0.025120 -0.106761
600.000000 206.000000 0.879210 -0.106761
417.000000 207.000000 0.304584 -0.103621
518.000000 207.000000 0.621727 -0.103621
219.000000 208.000000 -0.317144 -0.100481
290.000000 208.000000 -0.094201 -0.100481
311.000000 208.000000 -0.028260 -0.100481
342.000000 208.000000 0.069081 -0.100481
380.000000 209.000000 0.188402 -0.097341
270.000000 210.000000 -0.157002 -0.094201
274.000000 211.000000 -0.144442 -0.091061
266.000000 213.000000 -0.169562 -0.084781
279.000000 213.000000 -0.128742 -0.084781
634.000000 213.000000 0.985972 -0.084781
298.000000 214.000000 -0.069081 -0.081641
279.000000 215.000000 -0.128742 -0.078501
613.000000 215.000000 0.920031 -0.078501
635.000000 215.000000 0.989112 -0.078501
305.000000 216.000000 -0.047101 -0.075361
561.000000 216.000000 0.756749 -0.075361
610.000000 216.000000 0.910611 -0.075361
566.000000 217.000000 0.772449 -0.072221
616.000000 217.000000 0.929451 -0.072221
222.000000 218.000000 -0.307724 -0.069081
259.000000 218.000000 -0.191542 -0.069081
294.000000 218.000000 -0.081641 -0.069081
307.000000 218.000000 -0.040820 -0.069081
377.000000 218.000000 0.178982 -0.069081
380.000000 218.000000 0.188402 -0.069081
546.000000 218.000000 0.709648 -0.069081
362.000000 219.000000 0.131882 -0.065941
530.000000 219.000000 0.659408 -0.065941
560.000000 219.000000 0.753609 -0.065941
222.000000 220.000000 -0.307724 -0.062801
274.000000 220.000000 -0.144442 -0.062801
391.000000 220.000000 0.222943 -0.062801
241.000000 221.000000 -0.248063 -0.059661
262.000000 221.000000 -0.182122 -0.059661
298.000000 221.000000 -0.069081 -0.059661
355.000000 221.000000 0.109901 -0.059661
236.000000 222.000000 -0.263763 -0.056521
239.000000 222.000000 -0.254343 -0.056521
310.000000 222.000000 -0.031400 -0.056521
603.000000 222.000000 0.888631 -0.056521
227.000000 223.000000 -0.292023 -0.053381
274.000000 223.000000 -0.144442 -0.053381
342.000000 223.000000 0.069081 -0.053381
514.000000 223.000000 0.609167 -0.053381
579.000000 223.000000 0.813270 -0.053381
266.000000 225.000000 -0.169562 -0.047101
570.000000 225.000000 0.785009 -0.047101
632.000000 225.000000 0.979692 -0.047101
542.000000 226.000000 0.697088 -0.043961
627.000000 226.000000 0.963991 -0.043961
303.000000 227.000000 -0.053381 -0.040820
318.000000 228.000000 -0.006280 -0.037680
407.000000 228.000000 0.273183 -0.037680
575.000000 228.000000 0.800709 -0.037680
287.000000 229.000000 -0.103621 -0.034540
348.000000 229.000000 0.087921 -0.034540
353.000000 229.000000 0.103621 -0.034540
357.000000 229.000000 0.116181 -0.034540
276.000000 230.000000 -0.138162 -0.031400
379.000000 230.000000 0.185262 -0.031400
384.000000 230.000000 0.200962 -0.031400
311.000000 231.000000 -0.028260 -0.028260
388.000000 231.000000 0.213523 -0.028260
401.000000 231.000000 0.254343 -0.028260
528.000000 231.000000 0.653128 -0.028260
532.000000 231.000000 0.665688 -0.028260
248.000000 232.000000 -0.226083 -0.025120
295.000000 232.000000 -0.078501 -0.025120
373.000000 232.000000 0.166422 -0.025120
340.000000 233.000000 0.062801 -0.021980
375.000000 233.000000 0.172702 -0.021980
518.000000 233.000000 0.621727 -0.021980
537.000000 233.000000 0.681388 -0.021980
634.000000 233.000000 0.985972 -0.021980
314.000000 234.000000 -0.018840 -0.018840
436.000000 234.000000 0.364244 -0.018840
261.000000 235.000000 -0.185262 -0.015700
255.000000 236.000000 -0.204102 -0.012560
277.000000 236.000000 -0.135022 -0.012560
288.000000 236.000000 -0.100481 -0.012560
221.000000 237.000000 -0.310864 -0.009420
240.000000 237.000000 -0.251203 -0.009420
284.000000 237.000000 -0.113041 -0.009420
339.000000 237.000000 0.059661 -0.009420
346.000000 237.000000 0.081641 -0.009420
355.000000 237.000000 0.109901 -0.009420
499.000000 237.000000 0.562067 -0.009420
552.000000 237.000000 0.728489 -0.009420
298.000000 238.000000 -0.069081 -0.006280
524.000000 238.000000 0.640568 -0.006280
562.000000 238.000000 0.759889 -0.006280
301.000000 239.000000 -0.059661 -0.003140
308.000000 239.000000 -0.037680 -0.003140
350.000000 239.000000 0.094201 -0.003140
511.000000 239.000000 0.599747 -0.003140
388.000000 240.000000 0.213523 0.000000
571.000000 240.000000 0.788149 0.000000
390.000000 241.000000 0.219803 0.003140
489.000000 241.000000 0.530666 0.003140
501.000000 241.000000 0.568347 0.003140
535.000000 241.000000 0.675108 0.003140
273.000000 242.000000 -0.147582 0.006280
444.000000 242.000000 0.389365 0.006280
229.000000 243.000000 -0.285743 0.009420
310.000000 243.000000 -0.031400 0.009420
498.000000 243.000000 0.558927 0.009420
275.000000 244.000000 -0.141302 0.012560
551.000000 244.000000 0.725349 0.012560
587.000000 245.000000 0.838390 0.015700
311.000000 246.000000 -0.028260 0.018840
471.000000 246.000000 0.474146 0.018840
556.000000 246.000000 0.741049 0.018840
633.000000 246.000000 0.982832 0.018840
249.000000 247.000000 -0.222943 0.021980
284.000000 247.000000 -0.113041 0.021980
361.000000 247.000000 0.128742 0.021980
533.000000 247.000000 0.668828 0.021980
541.000000 247.000000 0.693948 0.021980
564.000000 247.000000 0.766169 0.021980
255.000000 248.000000 -0.204102 0.025120
475.000000 248.000000 0.486706 0.025120
553.000000 248.000000 0.731629 0.025120
599.000000 248.000000 0.876070 0.025120
460.000000 249.000000 0.439605 0.028260
498.000000 249.000000 0.558927 0.028260
504.000000 249.000000 0.577767 0.028260
565.000000 249.000000 0.769309 0.028260
277.000000 250.000000 -0.135022 0.031400
293.000000 250.000000 -0.084781 0.031400
571.000000 250.000000 0.788149 0.031400
302.000000 251.000000 -0.056521 0.034540
621.000000 251.000000 0.945151 0.034540
357.000000 252.000000 0.116181 0.037680
587.000000 252.000000 0.838390 0.037680
473.000000 253.000000 0.480426 0.040820
545.000000 253.000000 0.706508 0.040820
441.000000 254.000000 0.379945 0.043961
251.000000 255.000000 -0.216663 0.047101
380.000000 255.000000 0.188402 0.047101
176.000000 256.000000 -0.452165 0.050241
411.000000 256.000000 0.285743 0.050241
490.000000 256.000000 0.533806 0.050241
233.000000 257.000000 -0.273183 0.053381
267.000000 257.000000 -0.166422 0.053381
342.000000 257.000000 0.069081 0.053381
431.000000 257.000000 0.348544 0.053381
235.000000 258.000000 -0.266903 0.056521
245.000000 258.000000 -0.235503 0.056521
459.000000 258.000000 0.436465 0.056521
292.000000 259.000000 -0.087921 0.059661
312.000000 259.000000 -0.025120 0.059661
341.000000 259.000000 0.065941 0.059661
402.000000 259.000000 0.257483 0.059661
415.000000 259.000000 0.298304 0.059661
234.000000 260.000000 -0.270043 0.062801
272.000000 260.000000 -0.150722 0.062801
344.000000 260.000000 0.075361 0.062801
257.000000 261.000000 -0.197822 0.065941
322.000000 261.000000 0.006280 0.065941
359.000000 261.000000 0.122461 0.065941
395.000000 261.000000 0.235503 0.065941
448.000000 261.000000 0.401925 0.065941
538.000000 261.000000 0.684528 0.065941
281.000000 262.000000 -0.122461 0.069081
355.000000 262.000000 0.109901 0.069081
391.000000 262.000000 0.222943 0.069081
405.000000 262.000000 0.266903 0.069081
489.000000 262.000000 0.530666 0.069081
339.000000 263.000000 0.059661 0.072221
345.000000 263.000000 0.078501 0.072221
410.000000 263.000000 0.282603 0.072221
412.000000 263.000000 0.288883 0.072221
425.000000 263.000000 0.329704 0.072221
440.000000 263.000000 0.376804 0.072221
529.000000 263.000000 0.656268 0.072221
342.000000 264.000000 0.069081 0.075361
521.000000 264.000000 0.631147 0.075361
542.000000 264.000000 0.697088 0.075361
304.000000 265.000000 -0.050241 0.078501
354.000000 265.000000 0.106761 0.078501
375.000000 265.000000 0.172702 0.078501
402.000000 265.000000 0.257483 0.078501
434.000000 265.000000 0.357964 0.078501
516.000000 265.000000 0.615447 0.078501
289.000000 266.000000 -0.097341 0.081641
520.000000 266.000000 0.628007 0.081641
297.000000 267.000000 -0.072221 0.084781
507.000000 267.000000 0.587187 0.084781
619.000000 267.000000 0.938871 0.084781
259.000000 268.000000 -0.191542 0.087921
271.000000 268.000000 -0.153862 0.087921
495.000000 268.000000 0.549506 0.087921
352.000000 269.000000 0.100481 0.091061
360.000000 269.000000 0.125601 0.091061
377.000000 269.000000 0.178982 0.091061
382.000000 269.000000 0.194682 0.091061
416.000000 269.000000 0.301444 0.091061
502.000000 269.000000 0.571487 0.091061
525.000000 269.000000 0.643708 0.091061
299.000000 270.000000 -0.065941 0.094201
384.000000 270.000000 0.200962 0.094201
505.000000 270.000000 0.580907 0.094201
523.000000 270.000000 0.637428 0.094201
543.000000 270.000000 0.700228 0.094201
278.000000 271.000000 -0.131882 0.097341
308.000000 271.000000 -0.037680 0.097341
312.000000 271.000000 -0.025120 0.097341
370.000000 271.000000 0.157002 0.097341
382.000000 271.000000 0.194682 0.097341
414.000000 271.000000 0.295163 0.097341
507.000000 271.000000 0.587187 0.097341
373.000000 272.000000 0.166422 0.100481
387.000000 272.000000 0.210382 0.100481
421.000000 272.000000 0.317144 0.100481
425.000000 272.000000 0.329704 0.100481
437.000000 272.000000 0.367384 0.100481
319.000000 273.000000 -0.003140 0.103621
364.000000 273.000000 0.138162 0.103621
368.000000 273.000000 0.150722 0.103621
375.000000 273.000000 0.172702 0.103621
460.000000 273.000000 0.439605 0.103621
511.000000 273.000000 0.599747 0.103621
288.000000 274.000000 -0.100481 0.106761
358.000000 274.000000 0.119321 0.106761
385.000000 274.000000 0.204102 0.106761
387.000000 274.000000 0.210382 0.106761
393.000000 274.000000 0.229223 0.106761
400.000000 274.000000 0.251203 0.106761
480.000000 274.000000 0.502406 0.106761
108.000000 275.000000 -0.665688 0.109901
292.000000 275.000000 -0.087921 0.109901
322.000000 275.000000 0.006280 0.109901
355.000000 275.000000 0.109901 0.109901
360.000000 275.000000 0.125601 0.109901
362.000000 275.000000 0.131882 0.109901
397.000000 275.000000 0.241783 0.109901
404.000000 275.000000 0.263763 0.109901
418.000000 275.000000 0.307724 0.109901
351.000000 276.000000 0.097341 0.113041
372.000000 276.000000 0.163282 0.113041
402.000000 276.000000 0.257483 0.113041
406.000000 276.000000 0.270043 0.113041
460.000000 276.000000 0.439605 0.113041
485.000000 276.000000 0.518106 0.113041
293.000000 277.000000 -0.084781 0.116181
383.000000 277.000000 0.197822 0.116181
390.000000 277.000000 0.219803 0.116181
408.000000 277.000000 0.276323 0.116181
415.000000 277.000000 0.298304 0.116181
418.000000 277.000000 0.307724 0.116181
473.000000 277.000000 0.480426 0.116181
624.000000 277.000000 0.954571 0.116181
314.000000 278.000000 -0.018840 0.119321
343.000000 278.000000 0.072221 0.119321
359.000000 278.000000 0.122461 0.119321
366.000000 278.000000 0.144442 0.119321
369.000000 278.000000 0.153862 0.119321
371.000000 278.000000 0.160142 0.119321
393.000000 278.000000 0.229223 0.119321
401.000000 278.000000 0.254343 0.119321
427.000000 278.000000 0.335984 0.119321
431.000000 278.000000 0.348544 0.119321
500.000000 278.000000 0.565207 0.119321
293.000000 279.000000 -0.084781 0.122461
339.000000 279.000000 0.059661 0.122461
348.000000 279.000000 0.087921 0.122461
456.000000 279.000000 0.427045 0.122461
460.000000 279.000000 0.439605 0.122461
474.000000 279.000000 0.483566 0.122461
506.000000 279.000000 0.584047 0.122461
336.000000 280.000000 0.050241 0.125601
341.000000 280.000000 0.065941 0.125601
385.000000 280.000000 0.204102 0.125601
393.000000 280.000000 0.229223 0.125601
433.000000 280.000000 0.354824 0.125601
464.000000 280.000000 0.452165 0.125601
317.000000 281.000000 -0.009420 0.128742
332.000000 281.000000 0.037680 0.128742
338.000000 281.000000 0.056521 0.128742
352.000000 281.000000 0.100481 0.128742
357.000000 281.000000 0.116181 0.128742
374.000000 281.000000 0.169562 0.128742
459.000000 281.000000 0.436465 0.128742
481.000000 281.000000 0.505546 0.128742
619.000000 281.000000 0.938871 0.128742
296.000000 282.000000 -0.075361 0.131882
328.000000 282.000000 0.025120 0.131882
346.000000 282.000000 0.081641 0.131882
386.000000 282.000000 0.207242 0.131882
396.000000 282.000000 0.238643 0.131882
427.000000 282.000000 0.335984 0.131882
468.000000 282.000000 0.464725 0.131882
471.000000 282.000000 0.474146 0.131882
326.000000 283.000000 0.018840 0.135022
355.000000 283.000000 0.109901 0.135022
366.000000 283.000000 0.144442 0.135022
375.000000 283.000000 0.172702 0.135022
401.000000 283.000000 0.254343 0.135022
440.000000 283.000000 0.376804 0.135022
442.000000 283.000000 0.383085 0.135022
463.000000 283.000000 0.449025 0.135022
473.000000 283.000000 0.480426 0.135022
624.000000 283.000000 0.954571 0.135022
328.000000 284.000000 0.025120 0.138162
348.000000 284.000000 0.087921 0.138162
350.000000 284.000000 0.094201 0.138162
352.000000 284.000000 0.100481 0.138162
370.000000 284.000000 0.157002 0.138162
389.000000 284.000000 0.216663 0.138162
436.000000 284.000000 0.364244 0.138162
438.000000 284.000000 0.370524 0.138162
593.000000 284.000000 0.857230 0.138162
5.000000 285.000000 -0.989112 0.141302
322.000000 285.000000 0.006280 0.141302
343.000000 285.000000 0.072221 0.141302
384.000000 285.000000 0.200962 0.141302
403.000000 285.000000 0.260623 0.141302
410.000000 285.000000 0.282603 0.141302
458.000000 285.000000 0.433325 0.141302
313.000000 286.000000 -0.021980 0.144442
315.000000 286.000000 -0.015700 0.144442
338.000000 286.000000 0.056521 0.144442
360.000000 286.000000 0.125601 0.144442
363.000000 286.000000 0.135022 0.144442
370.000000 286.000000 0.157002 0.144442
408.000000 286.000000 0.276323 0.144442
427.000000 286.000000 0.335984 0.144442
298.000000 287.000000 -0.069081 0.147582
323.000000 287.000000 0.009420 0.147582
335.000000 287.000000 0.047101 0.147582
343.000000 287.000000 0.072221 0.147582
375.000000 287.000000 0.172702 0.147582
378.000000 287.000000 0.182122 0.147582
383.000000 287.000000 0.197822 0.147582
387.000000 287.000000 0.210382 0.147582
389.000000 287.000000 0.216663 0.147582
403.000000 287.000000 0.260623 0.147582
406.000000 287.000000 0.270043 0.147582
459.000000 287.000000 0.436465 0.147582
292.000000 288.000000 -0.087921 0.150722
307.000000 288.000000 -0.040820 0.150722
347.000000 288.000000 0.084781 0.150722
433.000000 288.000000 0.354824 0.150722
275.000000 289.000000 -0.141302 0.153862
352.000000 289.000000 0.100481 0.153862
360.000000 289.000000 0.125601 0.153862
377.000000 289.000000 0.178982 0.153862
386.000000 289.000000 0.207242 0.153862
427.000000 289.000000 0.335984 0.153862
521.000000 289.000000 0.631147 0.153862
298.000000 290.000000 -0.069081 0.157002
303.000000 290.000000 -0.053381 0.157002
321.000000 290.000000 0.003140 0.157002
355.000000 290.000000 0.109901 0.157002
366.000000 290.000000 0.144442 0.157002
374.000000 290.000000 0.169562 0.157002
382.000000 290.000000 0.194682 0.157002
390.000000 290.000000 0.219803 0.157002
395.000000 290.000000 0.235503 0.157002
405.000000 290.000000 0.266903 0.157002
429.000000 290.000000 0.342264 0.157002
432.000000 290.000000 0.351684 0.157002
438.000000 290.000000 0.370524 0.157002
271.000000 291.000000 -0.153862 0.160142
295.000000 291.000000 -0.078501 0.160142
345.000000 291.000000 0.078501 0.160142
423.000000 291.000000 0.323424 0.160142
444.000000 291.000000 0.389365 0.160142
615.000000 291.000000 0.926311 0.160142
299.000000 292.000000 -0.065941 0.163282
341.000000 292.000000 0.065941 0.163282
349.000000 292.000000 0.091061 0.163282
359.000000 292.000000 0.122461 0.163282
364.000000 292.000000 0.138162 0.163282
386.000000 292.000000 0.207242 0.163282
388.000000 292.000000 0.213523 0.163282
407.000000 292.000000 0.273183 0.163282
412.000000 292.000000 0.288883 0.163282
440.000000 292.000000 0.376804 0.163282
272.000000 293.000000 -0.150722 0.166422
337.000000 293.000000 0.053381 0.166422
345.000000 293.000000 0.078501 0.166422
354.000000 293.000000 0.106761 0.166422
372.000000 293.000000 0.163282 0.166422
384.000000 293.000000 0.200962 0.166422
392.000000 293.000000 0.226083 0.166422
405.000000 293.000000 0.266903 0.166422
283.000000 294.000000 -0.116181 0.169562
367.000000 294.000000 0.147582 0.169562
417.000000 294.000000 0.304584 0.169562
432.000000 294.000000 0.351684 0.169562
451.000000 294.000000 0.411345 0.169562
269.000000 295.000000 -0.160142 0.172702
271.000000 295.000000 -0.153862 0.172702
279.000000 295.000000 -0.128742 0.172702
310.000000 295.000000 -0.031400 0.172702
354.000000 295.000000 0.106761 0.172702
379.000000 295.000000 0.185262 0.172702
389.000000 295.000000 0.216663 0.172702
408.000000 295.000000 0.276323 0.172702
326.000000 296.000000 0.018840 0.175842
334.000000 296.000000 0.043961 0.175842
344.000000 296.000000 0.075361 0.175842
382.000000 296.000000 0.194682 0.175842
455.000000 296.000000 0.423905 0.175842
552.000000 296.000000 0.728489 0.175842
556.000000 296.000000 0.741049 0.175842
562.000000 296.000000 0.759889 0.175842
612.000000 296.000000 0.916891 0.175842
620.000000 296.000000 0.942011 0.175842
629.000000 296.000000 0.970271 0.175842
357.000000 297.000000 0.116181 0.178982
362.000000 297.000000 0.131882 0.178982
421.000000 297.000000 0.317144 0.178982
425.000000 297.000000 0.329704 0.178982
268.000000 298.000000 -0.163282 0.182122
319.000000 298.000000 -0.003140 0.182122
321.000000 298.000000 0.003140 0.182122
329.000000 298.000000 0.028260 0.182122
345.000000 298.000000 0.078501 0.182122
365.000000 298.000000 0.141302 0.182122
387.000000 298.000000 0.210382 0.182122
436.000000 298.000000 0.364244 0.182122
447.000000 298.000000 0.398785 0.182122
259.000000 299.000000 -0.191542 0.185262
265.000000 299.000000 -0.172702 0.185262
315.000000 299.000000 -0.015700 0.185262
333.000000 299.000000 0.040820 0.185262
362.000000 299.000000 0.131882 0.185262
222.000000 300.000000 -0.307724 0.188402
296.000000 300.000000 -0.075361 0.188402
299.000000 300.000000 -0.065941 0.188402
301.000000 300.000000 -0.059661 0.188402
329.000000 300.000000 0.028260 0.188402
358.000000 300.000000 0.119321 0.188402
369.000000 300.000000 0.153862 0.188402
377.000000 300.000000 0.178982 0.188402
399.000000 300.000000 0.248063 0.188402
435.000000 300.000000 0.361104 0.188402
453.000000 300.000000 0.417625 0.188402
621.000000 300.000000 0.945151 0.188402
268.000000 301.000000 -0.163282 0.191542
280.000000 301.000000 -0.125601 0.191542
287.000000 301.000000 -0.103621 0.191542
293.000000 301.000000 -0.084781 0.191542
313.000000 301.000000 -0.021980 0.191542
324.000000 301.000000 0.012560 0.191542
338.000000 301.000000 0.056521 0.191542
354.000000 301.000000 0.106761 0.191542
367.000000 301.000000 0.147582 0.191542
402.000000 301.000000 0.257483 0.191542
409.000000 301.000000 0.279463 0.191542
242.000000 302.000000 -0.244923 0.194682
271.000000 302.000000 -0.153862 0.194682
306.000000 302.000000 -0.043961 0.194682
333.000000 302.000000 0.040820 0.194682
351.000000 302.000000 0.097341 0.194682
359.000000 302.000000 0.122461 0.194682
391.000000 302.000000 0.222943 0.194682
397.000000 302.000000 0.241783 0.194682
447.000000 302.000000 0.398785 0.194682
633.000000 302.000000 0.982832 0.194682
240.000000 303.000000 -0.251203 0.197822
303.000000 303.000000 -0.053381 0.197822
326.000000 303.000000 0.018840 0.197822
385.000000 303.000000 0.204102 0.197822
395.000000 303.000000 0.235503 0.197822
246.000000 304.000000 -0.232363 0.200962
314.000000 304.000000 -0.018840 0.200962
324.000000 304.000000 0.012560 0.200962
343.000000 304.000000 0.072221 0.200962
352.000000 304.000000 0.100481 0.200962
354.000000 304.000000 0.106761 0.200962
388.000000 304.000000 0.213523 0.200962
445.000000 304.000000 0.392505 0.200962
527.000000 304.000000 0.649988 0.200962
550.000000 304.000000 0.722209 0.200962
619.000000 304.000000 0.938871 0.200962
250.000000 305.000000 -0.219803 0.204102
270.000000 305.000000 -0.157002 0.204102
284.000000 305.000000 -0.113041 0.204102
340.000000 305.000000 0.062801 0.204102
360.000000 305.000000 0.125601 0.204102
385.000000 305.000000 0.204102 0.204102
393.000000 305.000000 0.229223 0.204102
441.000000 305.000000 0.379945 0.204102
244.000000 306.000000 -0.238643 0.207242
336.000000 306.000000 0.050241 0.207242
338.000000 306.000000 0.056521 0.207242
387.000000 306.000000 0.210382 0.207242
389.000000 306.000000 0.216663 0.207242
182.000000 307.000000 -0.433325 0.210382
311.000000 307.000000 -0.028260 0.210382
330.000000 307.000000 0.031400 0.210382
333.000000 307.000000 0.040820 0.210382
394.000000 307.000000 0.232363 0.210382
438.000000 307.000000 0.370524 0.210382
238.000000 308.000000 -0.257483 0.213523
243.000000 308.000000 -0.241783 0.213523
313.000000 308.000000 -0.021980 0.213523
360.000000 308.000000 0.125601 0.213523
380.000000 308.000000 0.188402 0.213523
268.000000 309.000000 -0.163282 0.216663
272.000000 309.000000 -0.150722 0.216663
295.000000 309.000000 -0.078501 0.216663
325.000000 309.000000 0.015700 0.216663
372.000000 309.000000 0.163282 0.216663
385.000000 309.000000 0.204102 0.216663
262.000000 310.000000 -0.182122 0.219803
321.000000 310.000000 0.003140 0.219803
378.000000 310.000000 0.182122 0.219803
242.000000 311.000000 -0.244923 0.222943
249.000000 311.000000 -0.222943 0.222943
288.000000 311.000000 -0.100481 0.222943
300.000000 311.000000 -0.062801 0.222943
317.000000 311.000000 -0.009420 0.222943
340.000000 311.000000 0.062801 0.222943
371.000000 311.000000 0.160142 0.222943
480.000000 311.000000 0.502406 0.222943
265.000000 312.000000 -0.172702 0.226083
295.000000 312.000000 -0.078501 0.226083
314.000000 312.000000 -0.018840 0.226083
365.000000 312.000000 0.141302 0.226083
183.000000 313.000000 -0.430185 0.229223
194.000000 313.000000 -0.395645 0.229223
213.000000 313.000000 -0.335984 0.229223
268.000000 313.000000 -0.163282 0.229223
359.000000 313.000000 0.122461 0.229223
377.000000 313.000000 0.178982 0.229223
562.000000 313.000000 0.759889 0.229223
277.000000 314.000000 -0.135022 0.232363
327.000000 314.000000 0.021980 0.232363
356.000000 314.000000 0.113041 0.232363
374.000000 314.000000 0.169562 0.232363
392.000000 314.000000 0.226083 0.232363
396.000000 314.000000 0.238643 0.232363
430.000000 314.000000 0.345404 0.232363
492.000000 314.000000 0.540086 0.232363
565.000000 314.000000 0.769309 0.232363
245.000000 315.000000 -0.235503 0.235503
262.000000 315.000000 -0.182122 0.235503
283.000000 315.000000 -0.116181 0.235503
370.000000 315.000000 0.157002 0.235503
379.000000 315.000000 0.185262 0.235503
385.000000 315.000000 0.204102 0.235503
387.000000 315.000000 0.210382 0.235503
617.000000 315.000000 0.932591 0.235503
184.000000 316.000000 -0.427045 0.238643
242.000000 316.000000 -0.244923 0.238643
277.000000 316.000000 -0.135022 0.238643
281.000000 316.000000 -0.122461 0.238643
298.000000 316.000000 -0.069081 0.238643
315.000000 316.000000 -0.015700 0.238643
342.000000 316.000000 0.069081 0.238643
433.000000 316.000000 0.354824 0.238643
533.000000 316.000000 0.668828 0.238643
627.000000 316.000000 0.963991 0.238643
190.000000 317.000000 -0.408205 0.241783
194.000000 317.000000 -0.395645 0.241783
266.000000 317.000000 -0.169562 0.241783
271.000000 317.000000 -0.153862 0.241783
295.000000 317.000000 -0.078501 0.241783
306.000000 317.000000 -0.043961 0.241783
309.000000 317.000000 -0.034540 0.241783
311.000000 317.000000 -0.028260 0.241783
370.000000 317.000000 0.157002 0.241783
374.000000 317.000000 0.169562 0.241783
377.000000 317.000000 0.178982 0.241783
390.000000 317.000000 0.219803 0.241783
605.000000 317.000000 0.894911 0.241783
611.000000 317.000000 0.913751 0.241783
184.000000 318.000000 -0.427045 0.244923
235.000000 318.000000 -0.266903 0.244923
291.000000 318.000000 -0.091061 0.244923
353.000000 318.000000 0.103621 0.244923
362.000000 318.000000 0.131882 0.244923
450.000000 318.000000 0.408205 0.244923
504.000000 318.000000 0.577767 0.244923
594.000000 318.000000 0.860370 0.244923
163.000000 319.000000 -0.492986 0.248063
218.000000 319.000000 -0.320284 0.248063
245.000000 319.000000 -0.235503 0.248063
347.000000 319.000000 0.084781 0.248063
371.000000 319.000000 0.160142 0.248063
389.000000 319.000000 0.216663 0.248063
583.000000 319.000000 0.825830 0.248063
171.000000 320.000000 -0.467866 0.251203
241.000000 320.000000 -0.248063 0.251203
307.000000 320.000000 -0.040820 0.251203
609.000000 320.000000 0.907471 0.251203
168.000000 321.000000 -0.477286 0.254343
181.000000 321.000000 -0.436465 0.254343
193.000000 321.000000 -0.398785 0.254343
227.000000 321.000000 -0.292023 0.254343
243.000000 321.000000 -0.241783 0.254343
312.000000 321.000000 -0.025120 0.254343
320.000000 321.000000 -0.000000 0.254343
337.000000 321.000000 0.053381 0.254343
359.000000 321.000000 0.122461 0.254343
365.000000 321.000000 0.141302 0.254343
542.000000 321.000000 0.697088 0.254343
554.000000 321.000000 0.734769 0.254343
268.000000 322.000000 -0.163282 0.257483
294.000000 322.000000 -0.081641 0.257483
307.000000 322.000000 -0.040820 0.257483
361.000000 322.000000 0.128742 0.257483
619.000000 322.000000 0.938871 0.257483
359.000000 323.000000 0.122461 0.260623
621.000000 323.000000 0.945151 0.260623
153.000000 324.000000 -0.524386 0.263763
231.000000 324.000000 -0.279463 0.263763
263.000000 324.000000 -0.178982 0.263763
267.000000 324.000000 -0.166422 0.263763
384.000000 324.000000 0.200962 0.263763
611.000000 324.000000 0.913751 0.263763
127.000000 325.000000 -0.606027 0.266903
245.000000 325.000000 -0.235503 0.266903
265.000000 325.000000 -0.172702 0.266903
338.000000 325.000000 0.056521 0.266903
545.000000 325.000000 0.706508 0.266903
125.000000 326.000000 -0.612307 0.270043
145.000000 326.000000 -0.549506 0.270043
167.000000 326.000000 -0.480426 0.270043
179.000000 326.000000 -0.442745 0.270043
242.000000 326.000000 -0.244923 0.270043
308.000000 326.000000 -0.037680 0.270043
340.000000 326.000000 0.062801 0.270043
440.000000 326.000000 0.376804 0.270043
108.000000 327.000000 -0.665688 0.273183
136.000000 327.000000 -0.577767 0.273183
247.000000 327.000000 -0.229223 0.273183
268.000000 327.000000 -0.163282 0.273183
337.000000 327.000000 0.053381 0.273183
492.000000 327.000000 0.540086 0.273183
157.000000 328.000000 -0.511826 0.276323
242.000000 328.000000 -0.244923 0.276323
441.000000 328.000000 0.379945 0.276323
636.000000 328.000000 0.992252 0.276323
249.000000 329.000000 -0.222943 0.279463
260.000000 329.000000 -0.188402 0.279463
314.000000 329.000000 -0.018840 0.279463
332.000000 329.000000 0.037680 0.279463
341.000000 329.000000 0.065941 0.279463
385.000000 329.000000 0.204102 0.279463
558.000000 329.000000 0.747329 0.279463
247.000000 330.000000 -0.229223 0.282603
267.000000 330.000000 -0.166422 0.282603
436.000000 330.000000 0.364244 0.282603
34.000000 331.000000 -0.898051 0.285743
242.000000 331.000000 -0.244923 0.285743
260.000000 331.000000 -0.188402 0.285743
589.000000 331.000000 0.844670 0.285743
118.000000 332.000000 -0.634288 0.288883
310.000000 332.000000 -0.031400 0.288883
313.000000 332.000000 -0.021980 0.288883
336.000000 332.000000 0.050241 0.288883
44.000000 333.000000 -0.866650 0.292023
236.000000 333.000000 -0.263763 0.292023
238.000000 333.000000 -0.257483 0.292023
245.000000 333.000000 -0.235503 0.292023
247.000000 333.000000 -0.229223 0.292023
264.000000 333.000000 -0.175842 0.292023
266.000000 333.000000 -0.169562 0.292023
590.000000 333.000000 0.847810 0.292023
335.000000 334.000000 0.047101 0.295163
384.000000 334.000000 0.200962 0.295163
566.000000 334.000000 0.772449 0.295163
626.000000 334.000000 0.960851 0.295163
254.000000 335.000000 -0.207242 0.298304
624.000000 335.000000 0.954571 0.298304
167.000000 336.000000 -0.480426 0.301444
252.000000 336.000000 -0.213523 0.301444
311.000000 336.000000 -0.028260 0.301444
328.000000 336.000000 0.025120 0.301444
26.000000 337.000000 -0.923171 0.304584
38.000000 337.000000 -0.885490 0.304584
235.000000 337.000000 -0.266903 0.304584
316.000000 337.000000 -0.012560 0.304584
320.000000 337.000000 -0.000000 0.304584
323.000000 337.000000 0.009420 0.304584
337.000000 337.000000 0.053381 0.304584
355.000000 337.000000 0.109901 0.304584
438.000000 337.000000 0.370524 0.304584
587.000000 337.000000 0.838390 0.304584
64.000000 338.000000 -0.803850 0.307724
183.000000 338.000000 -0.430185 0.307724
233.000000 338.000000 -0.273183 0.307724
265.000000 338.000000 -0.172702 0.307724
331.000000 338.000000 0.034540 0.307724
341.000000 338.000000 0.065941 0.307724
594.000000 338.000000 0.860370 0.307724
629.000000 338.000000 0.970271 0.307724
21.000000 339.000000 -0.938871 0.310864
105.000000 339.000000 -0.675108 0.310864
128.000000 339.000000 -0.602887 0.310864
150.000000 339.000000 -0.533806 0.310864
176.000000 339.000000 -0.452165 0.310864
321.000000 339.000000 0.003140 0.310864
389.000000 339.000000 0.216663 0.310864
585.000000 339.000000 0.832110 0.310864
35.000000 340.000000 -0.894911 0.314004
308.000000 340.000000 -0.037680 0.314004
325.000000 340.000000 0.015700 0.314004
334.000000 340.000000 0.043961 0.314004
518.000000 340.000000 0.621727 0.314004
588.000000 340.000000 0.841530 0.314004
630.000000 340.000000 0.973412 0.314004
47.000000 341.000000 -0.857230 0.317144
239.000000 341.000000 -0.254343 0.317144
299.000000 341.000000 -0.065941 0.317144
301.000000 341.000000 -0.059661 0.317144
312.000000 341.000000 -0.025120 0.317144
439.000000 341.000000 0.373664 0.317144
571.000000 341.000000 0.788149 0.317144
34.000000 342.000000 -0.898051 0.320284
190.000000 342.000000 -0.408205 0.320284
199.000000 342.000000 -0.379945 0.320284
289.000000 342.000000 -0.097341 0.320284
430.000000 342.000000 0.345404 0.320284
564.000000 342.000000 0.766169 0.320284
593.000000 342.000000 0.857230 0.320284
10.000000 343.000000 -0.973412 0.323424
16.000000 343.000000 -0.954571 0.323424
25.000000 343.000000 -0.926311 0.323424
52.000000 343.000000 -0.841530 0.323424
104.000000 343.000000 -0.678248 0.323424
152.000000 343.000000 -0.527526 0.323424
162.000000 343.000000 -0.496126 0.323424
257.000000 343.000000 -0.197822 0.323424
274.000000 343.000000 -0.144442 0.323424
297.000000 343.000000 -0.072221 0.323424
321.000000 343.000000 0.003140 0.323424
323.000000 343.000000 0.009420 0.323424
342.000000 343.000000 0.069081 0.323424
356.000000 343.000000 0.113041 0.323424
463.000000 343.000000 0.449025 0.323424
578.000000 343.000000 0.810130 0.323424
603.000000 343.000000 0.888631 0.323424
634.000000 343.000000 0.985972 0.323424
74.000000 344.000000 -0.772449 0.326564
141.000000 344.000000 -0.562067 0.326564
221.000000 344.000000 -0.310864 0.326564
227.000000 344.000000 -0.292023 0.326564
248.000000 344.000000 -0.226083 0.326564
263.000000 344.000000 -0.178982 0.326564
265.000000 344.000000 -0.172702 0.326564
423.000000 344.000000 0.323424 0.326564
452.000000 344.000000 0.414485 0.326564
629.000000 344.000000 0.970271 0.326564
93.000000 345.000000 -0.712788 0.329704
157.000000 345.000000 -0.511826 0.329704
172.000000 345.000000 -0.464725 0.329704
280.000000 345.000000 -0.125601 0.329704
297.000000 345.000000 -0.072221 0.329704
313.000000 345.000000 -0.021980 0.329704
318.000000 345.000000 -0.006280 0.329704
391.000000 345.000000 0.222943 0.329704
449.000000 345.000000 0.405065 0.329704
522.000000 345.000000 0.634288 0.329704
216.000000 346.000000 -0.326564 0.332844
230.000000 346.000000 -0.282603 0.332844
515.000000 346.000000 0.612307 0.332844
212.000000 347.000000 -0.339124 0.335984
238.000000 347.000000 -0.257483 0.335984
268.000000 347.000000 -0.163282 0.335984
283.000000 347.000000 -0.116181 0.335984
310.000000 347.000000 -0.031400 0.335984
312.000000 347.000000 -0.025120 0.335984
319.000000 347.000000 -0.003140 0.335984
459.000000 347.000000 0.436465 0.335984
623.000000 347.000000 0.951431 0.335984
66.000000 348.000000 -0.797569 0.339124
154.000000 348.000000 -0.521246 0.339124
191.000000 348.000000 -0.405065 0.339124
199.000000 348.000000 -0.379945 0.339124
307.000000 348.000000 -0.040820 0.339124
336.000000 348.000000 0.050241 0.339124
595.000000 348.000000 0.863510 0.339124
133.000000 349.000000 -0.587187 0.342264
145.000000 349.000000 -0.549506 0.342264
203.000000 349.000000 -0.367384 0.342264
205.000000 349.000000 -0.361104 0.342264
207.000000 349.000000 -0.354824 0.342264
246.000000 349.000000 -0.232363 0.342264
277.000000 349.000000 -0.135022 0.342264
314.000000 349.000000 -0.018840 0.342264
362.000000 349.000000 0.131882 0.342264
551.000000 349.000000 0.725349 0.342264
597.000000 349.000000 0.869790 0.342264
47.000000 350.000000 -0.857230 0.345404
139.000000 350.000000 -0.568347 0.345404
249.000000 350.000000 -0.222943 0.345404
364.000000 350.000000 0.138162 0.345404
588.000000 350.000000 0.841530 0.345404
206.000000 351.000000 -0.357964 0.348544
209.000000 351.000000 -0.348544 0.348544
257.000000 351.000000 -0.197822 0.348544
269.000000 351.000000 -0.160142 0.348544
606.000000 351.000000 0.898051 0.348544
79.000000 352.000000 -0.756749 0.351684
221.000000 352.000000 -0.310864 0.351684
279.000000 352.000000 -0.128742 0.351684
292.000000 352.000000 -0.087921 0.351684
306.000000 352.000000 -0.043961 0.351684
345.000000 352.000000 0.078501 0.351684
297.000000 353.000000 -0.072221 0.354824
304.000000 353.000000 -0.050241 0.354824
365.000000 353.000000 0.141302 0.354824
523.000000 353.000000 0.637428 0.354824
570.000000 353.000000 0.785009 0.354824
622.000000 353.000000 0.948291 0.354824
103.000000 354.000000 -0.681388 0.357964
152.000000 354.000000 -0.527526 0.357964
192.000000 354.000000 -0.401925 0.357964
198.000000 354.000000 -0.383085 0.357964
245.000000 354.000000 -0.235503 0.357964
249.000000 354.000000 -0.222943 0.357964
302.000000 354.000000 -0.056521 0.357964
487.000000 354.000000 0.524386 0.357964
540.000000 354.000000 0.690808 0.357964
560.000000 354.000000 0.753609 0.357964
582.000000 354.000000 0.822690 0.357964
631.000000 354.000000 0.976552 0.357964
173.000000 355.000000 -0.461585 0.361104
282.000000 355.000000 -0.119321 0.361104
398.000000 355.000000 0.244923 0.361104
63.000000 356.000000 -0.806990 0.364244
87.000000 356.000000 -0.731629 0.364244
248.000000 356.000000 -0.226083 0.364244
300.000000 356.000000 -0.062801 0.364244
105.000000 357.000000 -0.675108 0.367384
146.000000 357.000000 -0.546366 0.367384
205.000000 357.000000 -0.361104 0.367384
285.000000 357.000000 -0.109901 0.367384
305.000000 357.000000 -0.047101 0.367384
423.000000 357.000000 0.323424 0.367384
264.000000 358.000000 -0.175842 0.370524
295.000000 358.000000 -0.078501 0.370524
402.000000 358.000000 0.257483 0.370524
460.000000 358.000000 0.439605 0.370524
510.000000 358.000000 0.596607 0.370524
63.000000 359.000000 -0.806990 0.373664
132.000000 359.000000 -0.590327 0.373664
286.000000 359.000000 -0.106761 0.373664
301.000000 359.000000 -0.059661 0.373664
310.000000 359.000000 -0.031400 0.373664
324.000000 359.000000 0.012560 0.373664
447.000000 359.000000 0.398785 0.373664
34.000000 360.000000 -0.898051 0.376804
108.000000 360.000000 -0.665688 0.376804
135.000000 360.000000 -0.580907 0.376804
193.000000 360.000000 -0.398785 0.376804
347.000000 360.000000 0.084781 0.376804
407.000000 360.000000 0.273183 0.376804
515.000000 360.000000 0.612307 0.376804
588.000000 360.000000 0.841530 0.376804
40.000000 361.000000 -0.879210 0.379945
172.000000 361.000000 -0.464725 0.379945
271.000000 361.000000 -0.153862 0.379945
306.000000 361.000000 -0.043961 0.379945
470.000000 361.000000 0.471006 0.379945
498.000000 361.000000 0.558927 0.379945
629.000000 361.000000 0.970271 0.379945
53.000000 362.000000 -0.838390 0.383085
167.000000 362.000000 -0.480426 0.383085
250.000000 362.000000 -0.219803 0.383085
265.000000 362.000000 -0.172702 0.383085
367.000000 362.000000 0.147582 0.383085
86.000000 363.000000 -0.734769 0.386225
186.000000 363.000000 -0.420765 0.386225
397.000000 363.000000 0.241783 0.386225
541.000000 363.000000 0.693948 0.386225
614.000000 363.000000 0.923171 0.386225
633.000000 363.000000 0.982832 0.386225
106.000000 364.000000 -0.671968 0.389365
269.000000 364.000000 -0.160142 0.389365
278.000000 364.000000 -0.131882 0.389365
287.000000 364.000000 -0.103621 0.389365
303.000000 364.000000 -0.053381 0.389365
446.000000 364.000000 0.395645 0.389365
571.000000 364.000000 0.788149 0.389365
65.000000 365.000000 -0.800709 0.392505
194.000000 365.000000 -0.395645 0.392505
230.000000 365.000000 -0.282603 0.392505
311.000000 365.000000 -0.028260 0.392505
472.000000 365.000000 0.477286 0.392505
524.000000 365.000000 0.640568 0.392505
578.000000 365.000000 0.810130 0.392505
629.000000 365.000000 0.970271 0.392505
71.000000 366.000000 -0.781869 0.395645
113.000000 366.000000 -0.649988 0.395645
269.000000 366.000000 -0.160142 0.395645
373.000000 366.000000 0.166422 0.395645
530.000000 366.000000 0.659408 0.395645
532.000000 366.000000 0.665688 0.395645
16.000000 367.000000 -0.954571 0.398785
149.000000 367.000000 -0.536946 0.398785
189.000000 367.000000 -0.411345 0.398785
327.000000 367.000000 0.021980 0.398785
350.000000 367.000000 0.094201 0.398785
362.000000 367.000000 0.131882 0.398785
473.000000 367.000000 0.480426 0.398785
537.000000 367.000000 0.681388 0.398785
623.000000 367.000000 0.951431 0.398785
40.000000 368.000000 -0.879210 0.401925
82.000000 368.000000 -0.747329 0.401925
128.000000 368.000000 -0.602887 0.401925
176.000000 368.000000 -0.452165 0.401925
182.000000 368.000000 -0.433325 0.401925
184.000000 368.000000 -0.427045 0.401925
251.000000 368.000000 -0.216663 0.401925
478.000000 368.000000 0.496126 0.401925
545.000000 368.000000 0.706508 0.401925
593.000000 368.000000 0.857230 0.401925
597.000000 368.000000 0.869790 0.401925
44.000000 369.000000 -0.866650 0.405065
141.000000 369.000000 -0.562067 0.405065
225.000000 369.000000 -0.298304 0.405065
247.000000 369.000000 -0.229223 0.405065
277.000000 369.000000 -0.135022 0.405065
287.000000 369.000000 -0.103621 0.405065
291.000000 369.000000 -0.091061 0.405065
297.000000 369.000000 -0.072221 0.405065
300.000000 369.000000 -0.062801 0.405065
342.000000 369.000000 0.069081 0.405065
396.000000 369.000000 0.238643 0.405065
565.000000 369.000000 0.769309 0.405065
109.000000 370.000000 -0.662548 0.408205
125.000000 370.000000 -0.612307 0.408205
136.000000 370.000000 -0.577767 0.408205
166.000000 370.000000 -0.483566 0.408205
170.000000 370.000000 -0.471006 0.408205
312.000000 370.000000 -0.025120 0.408205
542.000000 370.000000 0.697088 0.408205
628.000000 370.000000 0.967131 0.408205
27.000000 371.000000 -0.920031 0.411345
67.000000 371.000000 -0.794429 0.411345
104.000000 371.000000 -0.678248 0.411345
116.000000 371.000000 -0.640568 0.411345
195.000000 371.000000 -0.392505 0.411345
268.000000 371.000000 -0.163282 0.411345
275.000000 371.000000 -0.141302 0.411345
291.000000 371.000000 -0.091061 0.411345
297.000000 371.000000 -0.072221 0.411345
555.000000 371.000000 0.737909 0.411345
606.000000 371.000000 0.898051 0.411345
625.000000 371.000000 0.957711 0.411345
45.000000 372.000000 -0.863510 0.414485
61.000000 372.000000 -0.813270 0.414485
145.000000 372.000000 -0.549506 0.414485
153.000000 372.000000 -0.524386 0.414485
397.000000 372.000000 0.241783 0.414485
13.000000 373.000000 -0.963991 0.417625
136.000000 373.000000 -0.577767 0.417625
181.000000 373.000000 -0.436465 0.417625
186.000000 373.000000 -0.420765 0.417625
296.000000 373.000000 -0.075361 0.417625
346.000000 373.000000 0.081641 0.417625
184.000000 374.000000 -0.427045 0.420765
294.000000 374.000000 -0.081641 0.420765
369.000000 374.000000 0.153862 0.420765
444.000000 374.000000 0.389365 0.420765
75.000000 375.000000 -0.769309 0.423905
217.000000 375.000000 -0.323424 0.423905
313.000000 375.000000 -0.021980 0.423905
505.000000 375.000000 0.580907 0.423905
524.000000 375.000000 0.640568 0.423905
528.000000 375.000000 0.653128 0.423905
90.000000 376.000000 -0.722209 0.427045
140.000000 376.000000 -0.565207 0.427045
158.000000 376.000000 -0.508686 0.427045
181.000000 376.000000 -0.436465 0.427045
288.000000 376.000000 -0.100481 0.427045
453.000000 376.000000 0.417625 0.427045
83.000000 377.000000 -0.744189 0.430185
196.000000 377.000000 -0.389365 0.430185
280.000000 377.000000 -0.125601 0.430185
314.000000 377.000000 -0.018840 0.430185
517.000000 377.000000 0.618587 0.430185
541.000000 377.000000 0.693948 0.430185
25.000000 378.000000 -0.926311 0.433325
370.000000 378.000000 0.157002 0.433325
385.000000 378.000000 0.204102 0.433325
247.000000 379.000000 -0.229223 0.436465
279.000000 379.000000 -0.128742 0.436465
360.000000 379.000000 0.125601 0.436465
470.000000 379.000000 0.471006 0.436465
496.000000 379.000000 0.552647 0.436465
519.000000 379.000000 0.624867 0.436465
521.000000 379.000000 0.631147 0.436465
124.000000 380.000000 -0.615447 0.439605
378.000000 380.000000 0.182122 0.439605
412.000000 380.000000 0.288883 0.439605
488.000000 380.000000 0.527526 0.439605
515.000000 380.000000 0.612307 0.439605
251.000000 381.000000 -0.216663 0.442745
269.000000 381.000000 -0.160142 0.442745
286.000000 381.000000 -0.106761 0.442745
374.000000 381.000000 0.169562 0.442745
14.000000 382.000000 -0.960851 0.445885
17.000000 382.000000 -0.951431 0.445885
59.000000 382.000000 -0.819550 0.445885
86.000000 382.000000 -0.734769 0.445885
90.000000 382.000000 -0.722209 0.445885
164.000000 382.000000 -0.489846 0.445885
305.000000 382.000000 -0.047101 0.445885
317.000000 382.000000 -0.009420 0.445885
371.000000 382.000000 0.160142 0.445885
393.000000 382.000000 0.229223 0.445885
447.000000 382.000000 0.398785 0.445885
574.000000 382.000000 0.797569 0.445885
154.000000 383.000000 -0.521246 0.449025
197.000000 383.000000 -0.386225 0.449025
280.000000 383.000000 -0.125601 0.449025
346.000000 383.000000 0.081641 0.449025
488.000000 383.000000 0.527526 0.449025
126.000000 384.000000 -0.609167 0.452165
342.000000 384.000000 0.069081 0.452165
475.000000 384.000000 0.486706 0.452165
483.000000 384.000000 0.511826 0.452165
556.000000 384.000000 0.741049 0.452165
560.000000 384.000000 0.753609 0.452165
8.000000 385.000000 -0.979692 0.455305
121.000000 385.000000 -0.624867 0.455305
183.000000 385.000000 -0.430185 0.455305
251.000000 385.000000 -0.216663 0.455305
473.000000 385.000000 0.480426 0.455305
601.000000 385.000000 0.882350 0.455305
264.000000 386.000000 -0.175842 0.458445
270.000000 386.000000 -0.157002 0.458445
396.000000 386.000000 0.238643 0.458445
479.000000 386.000000 0.499266 0.458445
496.000000 386.000000 0.552647 0.458445
525.000000 386.000000 0.643708 0.458445
30.000000 387.000000 -0.910611 0.461585
160.000000 387.000000 -0.502406 0.461585
463.000000 387.000000 0.449025 0.461585
510.000000 387.000000 0.596607 0.461585
561.000000 387.000000 0.756749 0.461585
594.000000 387.000000 0.860370 0.461585
59.000000 388.000000 -0.819550 0.464725
128.000000 388.000000 -0.602887 0.464725
186.000000 388.000000 -0.420765 0.464725
259.000000 388.000000 -0.191542 0.464725
460.000000 388.000000 0.439605 0.464725
585.000000 388.000000 0.832110 0.464725
618.000000 388.000000 0.935731 0.464725
71.000000 389.000000 -0.781869 0.467866
144.000000 389.000000 -0.552647 0.467866
148.000000 389.000000 -0.540086 0.467866
194.000000 389.000000 -0.395645 0.467866
198.000000 389.000000 -0.383085 0.467866
279.000000 389.000000 -0.128742 0.467866
480.000000 389.000000 0.502406 0.467866
545.000000 389.000000 0.706508 0.467866
582.000000 389.000000 0.822690 0.467866
601.000000 389.000000 0.882350 0.467866
116.000000 390.000000 -0.640568 0.471006
122.000000 390.000000 -0.621727 0.471006
127.000000 390.000000 -0.606027 0.471006
249.000000 390.000000 -0.222943 0.471006
260.000000 390.000000 -0.188402 0.471006
267.000000 390.000000 -0.166422 0.471006
277.000000 390.000000 -0.135022 0.471006
358.000000 390.000000 0.119321 0.471006
373.000000 390.000000 0.166422 0.471006
379.000000 390.000000 0.185262 0.471006
385.000000 390.000000 0.204102 0.471006
419.000000 390.000000 0.310864 0.471006
525.000000 390.000000 0.643708 0.471006
11.000000 391.000000 -0.970271 0.474146
107.000000 391.000000 -0.668828 0.474146
178.000000 391.000000 -0.445885 0.474146
285.000000 391.000000 -0.109901 0.474146
332.000000 391.000000 0.037680 0.474146
341.000000 391.000000 0.065941 0.474146
401.000000 391.000000 0.254343 0.474146
414.000000 391.000000 0.295163 0.474146
437.000000 391.000000 0.367384 0.474146
464.000000 391.000000 0.452165 0.474146
510.000000 391.000000 0.596607 0.474146
529.000000 391.000000 0.656268 0.474146
570.000000 391.000000 0.785009 0.474146
587.000000 391.000000 0.838390 0.474146
602.000000 391.000000 0.885490 0.474146
635.000000 391.000000 0.989112 0.474146
66.000000 392.000000 -0.797569 0.477286
117.000000 392.000000 -0.637428 0.477286
167.000000 392.000000 -0.480426 0.477286
314.000000 392.000000 -0.018840 0.477286
378.000000 392.000000 0.182122 0.477286
469.000000 392.000000 0.467866 0.477286
486.000000 392.000000 0.521246 0.477286
521.000000 392.000000 0.631147 0.477286
574.000000 392.000000 0.797569 0.477286
16.000000 393.000000 -0.954571 0.480426
147.000000 393.000000 -0.543226 0.480426
158.000000 393.000000 -0.508686 0.480426
181.000000 393.000000 -0.436465 0.480426
408.000000 393.000000 0.276323 0.480426
550.000000 393.000000 0.722209 0.480426
99.000000 394.000000 -0.693948 0.483566
134.000000 394.000000 -0.584047 0.483566
161.000000 394.000000 -0.499266 0.483566
343.000000 394.000000 0.072221 0.483566
488.000000 394.000000 0.527526 0.483566
523.000000 394.000000 0.637428 0.483566
568.000000 394.000000 0.778729 0.483566
199.000000 395.000000 -0.379945 0.486706
247.000000 395.000000 -0.229223 0.486706
332.000000 395.000000 0.037680 0.486706
496.000000 395.000000 0.552647 0.486706
514.000000 395.000000 0.609167 0.486706
525.000000 395.000000 0.643708 0.486706
554.000000 395.000000 0.734769 0.486706
120.000000 396.000000 -0.628007 0.489846
373.000000 396.000000 0.166422 0.489846
418.000000 396.000000 0.307724 0.489846
432.000000 396.000000 0.351684 0.489846
600.000000 396.000000 0.879210 0.489846
633.000000 396.000000 0.982832 0.489846
391.000000 397.000000 0.222943 0.492986
468.000000 397.000000 0.464725 0.492986
28.000000 398.000000 -0.916891 0.496126
217.000000 398.000000 -0.323424 0.496126
282.000000 398.000000 -0.119321 0.496126
315.000000 398.000000 -0.015700 0.496126
409.000000 398.000000 0.279463 0.496126
536.000000 398.000000 0.678248 0.496126
586.000000 398.000000 0.835250 0.496126
20.000000 399.000000 -0.942011 0.499266
35.000000 399.000000 -0.894911 0.499266
189.000000 399.000000 -0.411345 0.499266
285.000000 399.000000 -0.109901 0.499266
308.000000 399.000000 -0.037680 0.499266
481.000000 399.000000 0.505546 0.499266
500.000000 399.000000 0.565207 0.499266
504.000000 399.000000 0.577767 0.499266
520.000000 399.000000 0.628007 0.499266
611.000000 399.000000 0.913751 0.499266
619.000000 399.000000 0.938871 0.499266
7.000000 400.000000 -0.982832 0.502406
130.000000 400.000000 -0.596607 0.502406
138.000000 400.000000 -0.571487 0.502406
200.000000 400.000000 -0.376804 0.502406
29.000000 401.000000 -0.913751 0.505546
140.000000 401.000000 -0.565207 0.505546
478.000000 401.000000 0.496126 0.505546
632.000000 401.000000 0.979692 0.505546
247.000000 402.000000 -0.229223 0.508686
334.000000 402.000000 0.043961 0.508686
350.000000 402.000000 0.094201 0.508686
319.000000 403.000000 -0.003140 0.511826
396.000000 403.000000 0.238643 0.511826
584.000000 403.000000 0.828970 0.511826
23.000000 404.000000 -0.932591 0.514966
50.000000 404.000000 -0.847810 0.514966
167.000000 404.000000 -0.480426 0.514966
287.000000 404.000000 -0.103621 0.514966
529.000000 404.000000 0.656268 0.514966
540.000000 405.000000 0.690808 0.518106
4.000000 406.000000 -0.992252 0.521246
127.000000 406.000000 -0.606027 0.521246
201.000000 406.000000 -0.373664 0.521246
292.000000 406.000000 -0.087921 0.521246
388.000000 406.000000 0.213523 0.521246
416.000000 406.000000 0.301444 0.521246
461.000000 406.000000 0.442745 0.521246
64.000000 407.000000 -0.803850 0.524386
142.000000 407.000000 -0.558927 0.524386
176.000000 407.000000 -0.452165 0.524386
252.000000 407.000000 -0.213523 0.524386
383.000000 407.000000 0.197822 0.524386
456.000000 407.000000 0.427045 0.524386
71.000000 408.000000 -0.781869 0.527526
213.000000 408.000000 -0.335984 0.527526
451.000000 408.000000 0.411345 0.527526
493.000000 408.000000 0.543226 0.527526
501.000000 408.000000 0.568347 0.527526
54.000000 409.000000 -0.835250 0.530666
196.000000 409.000000 -0.389365 0.530666
287.000000 409.000000 -0.103621 0.530666
530.000000 409.000000 0.659408 0.530666
68.000000 410.000000 -0.791289 0.533806
98.000000 410.000000 -0.697088 0.533806
267.000000 410.000000 -0.166422 0.533806
269.000000 410.000000 -0.160142 0.533806
441.000000 410.000000 0.379945 0.533806
567.000000 410.000000 0.775589 0.533806
578.000000 410.000000 0.810130 0.533806
415.000000 411.000000 0.298304 0.536946
501.000000 411.000000 0.568347 0.536946
558.000000 411.000000 0.747329 0.536946
35.000000 412.000000 -0.894911 0.540086
45.000000 412.000000 -0.863510 0.540086
73.000000 412.000000 -0.775589 0.540086
202.000000 412.000000 -0.370524 0.540086
484.000000 412.000000 0.514966 0.540086
569.000000 412.000000 0.781869 0.540086
621.000000 412.000000 0.945151 0.540086
626.000000 412.000000 0.960851 0.540086
41.000000 413.000000 -0.876070 0.543226
58.000000 413.000000 -0.822690 0.543226
272.000000 413.000000 -0.150722 0.543226
473.000000 413.000000 0.480426 0.543226
588.000000 413.000000 0.841530 0.543226
632.000000 413.000000 0.979692 0.543226
21.000000 414.000000 -0.938871 0.546366
117.000000 414.000000 -0.637428 0.546366
236.000000 414.000000 -0.263763 0.546366
410.000000 414.000000 0.282603 0.546366
625.000000 414.000000 0.957711 0.546366
100.000000 415.000000 -0.690808 0.549506
140.000000 415.000000 -0.565207 0.549506
148.000000 415.000000 -0.540086 0.549506
185.000000 415.000000 -0.423905 0.549506
213.000000 415.000000 -0.335984 0.549506
219.000000 415.000000 -0.317144 0.549506
227.000000 415.000000 -0.292023 0.549506
304.000000 415.000000 -0.050241 0.549506
377.000000 415.000000 0.178982 0.549506
382.000000 415.000000 0.194682 0.549506
405.000000 415.000000 0.266903 0.549506
511.000000 415.000000 0.599747 0.549506
555.000000 415.000000 0.737909 0.549506
628.000000 415.000000 0.967131 0.549506
636.000000 415.000000 0.992252 0.549506
24.000000 416.000000 -0.929451 0.552647
193.000000 416.000000 -0.398785 0.552647
266.000000 416.000000 -0.169562 0.552647
316.000000 416.000000 -0.012560 0.552647
496.000000 416.000000 0.552647 0.552647
579.000000 416.000000 0.813270 0.552647
598.000000 416.000000 0.872930 0.552647
17.000000 417.000000 -0.951431 0.555787
146.000000 417.000000 -0.546366 0.555787
159.000000 417.000000 -0.505546 0.555787
182.000000 417.000000 -0.433325 0.555787
213.000000 417.000000 -0.335984 0.555787
291.000000 417.000000 -0.091061 0.555787
314.000000 417.000000 -0.018840 0.555787
361.000000 417.000000 0.128742 0.555787
447.000000 417.000000 0.398785 0.555787
539.000000 417.000000 0.687668 0.555787
570.000000 417.000000 0.785009 0.555787
635.000000 417.000000 0.989112 0.555787
60.000000 418.000000 -0.816410 0.558927
67.000000 418.000000 -0.794429 0.558927
83.000000 418.000000 -0.744189 0.558927
112.000000 418.000000 -0.653128 0.558927
203.000000 418.000000 -0.367384 0.558927
287.000000 418.000000 -0.103621 0.558927
310.000000 418.000000 -0.031400 0.558927
349.000000 418.000000 0.091061 0.558927
356.000000 418.000000 0.113041 0.558927
524.000000 418.000000 0.640568 0.558927
536.000000 418.000000 0.678248 0.558927
544.000000 418.000000 0.703368 0.558927
120.000000 419.000000 -0.628007 0.562067
493.000000 419.000000 0.543226 0.562067
516.000000 419.000000 0.615447 0.562067
633.000000 419.000000 0.982832 0.562067
16.000000 420.000000 -0.954571 0.565207
48.000000 420.000000 -0.854090 0.565207
180.000000 420.000000 -0.439605 0.565207
194.000000 420.000000 -0.395645 0.565207
392.000000 420.000000 0.226083 0.565207
465.000000 420.000000 0.455305 0.565207
472.000000 420.000000 0.477286 0.565207
545.000000 420.000000 0.706508 0.565207
33.000000 421.000000 -0.901191 0.568347
44.000000 421.000000 -0.866650 0.568347
79.000000 421.000000 -0.756749 0.568347
106.000000 421.000000 -0.671968 0.568347
118.000000 421.000000 -0.634288 0.568347
175.000000 421.000000 -0.455305 0.568347
574.000000 421.000000 0.797569 0.568347
39.000000 422.000000 -0.882350 0.571487
62.000000 422.000000 -0.810130 0.571487
93.000000 422.000000 -0.712788 0.571487
159.000000 422.000000 -0.505546 0.571487
212.000000 422.000000 -0.339124 0.571487
262.000000 422.000000 -0.182122 0.571487
300.000000 422.000000 -0.062801 0.571487
304.000000 422.000000 -0.050241 0.571487
312.000000 422.000000 -0.025120 0.571487
442.000000 422.000000 0.383085 0.571487
523.000000 422.000000 0.637428 0.571487
538.000000 422.000000 0.684528 0.571487
88.000000 423.000000 -0.728489 0.574627
153.000000 423.000000 -0.524386 0.574627
176.000000 423.000000 -0.452165 0.574627
207.000000 423.000000 -0.354824 0.574627
230.000000 423.000000 -0.282603 0.574627
491.000000 423.000000 0.536946 0.574627
568.000000 423.000000 0.778729 0.574627
10.000000 424.000000 -0.973412 0.577767
75.000000 424.000000 -0.769309 0.577767
83.000000 424.000000 -0.744189 0.577767
98.000000 424.000000 -0.697088 0.577767
455.000000 424.000000 0.423905 0.577767
501.000000 424.000000 0.568347 0.577767
161.000000 425.000000 -0.499266 0.580907
181.000000 425.000000 -0.436465 0.580907
204.000000 425.000000 -0.364244 0.580907
354.000000 425.000000 0.106761 0.580907
504.000000 425.000000 0.577767 0.580907
523.000000 425.000000 0.637428 0.580907
57.000000 426.000000 -0.825830 0.584047
78.000000 426.000000 -0.759889 0.584047
99.000000 426.000000 -0.693948 0.584047
277.000000 426.000000 -0.135022 0.584047
121.000000 427.000000 -0.624867 0.587187
336.000000 427.000000 0.050241 0.587187
379.000000 428.000000 0.185262 0.590327
404.000000 428.000000 0.263763 0.590327
502.000000 428.000000 0.571487 0.590327
32.000000 429.000000 -0.904331 0.593467
173.000000 429.000000 -0.461585 0.593467
311.000000 429.000000 -0.028260 0.593467
419.000000 429.000000 0.310864 0.593467
615.000000 429.000000 0.926311 0.593467
7.000000 430.000000 -0.982832 0.596607
18.000000 430.000000 -0.948291 0.596607
137.000000 430.000000 -0.574627 0.596607
205.000000 430.000000 -0.361104 0.596607
368.000000 430.000000 0.150722 0.596607
506.000000 430.000000 0.584047 0.596607
534.000000 430.000000 0.671968 0.596607
544.000000 430.000000 0.703368 0.596607
90.000000 431.000000 -0.722209 0.599747
117.000000 431.000000 -0.637428 0.599747
185.000000 431.000000 -0.423905 0.599747
201.000000 431.000000 -0.373664 0.599747
478.000000 431.000000 0.496126 0.599747
497.000000 431.000000 0.555787 0.599747
528.000000 431.000000 0.653128 0.599747
34.000000 432.000000 -0.898051 0.602887
293.000000 432.000000 -0.084781 0.602887
485.000000 432.000000 0.518106 0.602887
492.000000 432.000000 0.540086 0.602887
599.000000 432.000000 0.876070 0.602887
80.000000 433.000000 -0.753609 0.606027
222.000000 433.000000 -0.307724 0.606027
269.000000 433.000000 -0.160142 0.606027
387.000000 433.000000 0.210382 0.606027
402.000000 433.000000 0.257483 0.606027
465.000000 433.000000 0.455305 0.606027
521.000000 433.000000 0.631147 0.606027
532.000000 433.000000 0.665688 0.606027
624.000000 433.000000 0.954571 0.606027
82.000000 434.000000 -0.747329 0.609167
87.000000 434.000000 -0.731629 0.609167
166.000000 434.000000 -0.483566 0.609167
190.000000 434.000000 -0.408205 0.609167
416.000000 434.000000 0.301444 0.609167
433.000000 434.000000 0.354824 0.609167
478.000000 434.000000 0.496126 0.609167
596.000000 434.000000 0.866650 0.609167
619.000000 434.000000 0.938871 0.609167
22.000000 435.000000 -0.935731 0.612307
304.000000 435.000000 -0.050241 0.612307
309.000000 435.000000 -0.034540 0.612307
355.000000 435.000000 0.109901 0.612307
401.000000 435.000000 0.254343 0.612307
445.000000 435.000000 0.392505 0.612307
598.000000 435.000000 0.872930 0.612307
64.000000 436.000000 -0.803850 0.615447
252.000000 436.000000 -0.213523 0.615447
437.000000 436.000000 0.367384 0.615447
588.000000 436.000000 0.841530 0.615447
67.000000 437.000000 -0.794429 0.618587
153.000000 437.000000 -0.524386 0.618587
180.000000 437.000000 -0.439605 0.618587
186.000000 437.000000 -0.420765 0.618587
207.000000 437.000000 -0.354824 0.618587
247.000000 437.000000 -0.229223 0.618587
353.000000 437.000000 0.103621 0.618587
460.000000 437.000000 0.439605 0.618587
583.000000 437.000000 0.825830 0.618587
597.000000 437.000000 0.869790 0.618587
633.000000 437.000000 0.982832 0.618587
56.000000 438.000000 -0.828970 0.621727
73.000000 438.000000 -0.775589 0.621727
136.000000 438.000000 -0.577767 0.621727
244.000000 438.000000 -0.238643 0.621727
338.000000 438.000000 0.056521 0.621727
380.000000 438.000000 0.188402 0.621727
572.000000 438.000000 0.791289 0.621727
85.000000 439.000000 -0.737909 0.624867
89.000000 439.000000 -0.725349 0.624867
218.000000 439.000000 -0.320284 0.624867
231.000000 439.000000 -0.279463 0.624867
247.000000 439.000000 -0.229223 0.624867
437.000000 439.000000 0.367384 0.624867
460.000000 439.000000 0.439605 0.624867
498.000000 439.000000 0.558927 0.624867
588.000000 439.000000 0.841530 0.624867
49.000000 440.000000 -0.850950 0.628007
149.000000 440.000000 -0.536946 0.628007
190.000000 440.000000 -0.408205 0.628007
207.000000 440.000000 -0.354824 0.628007
324.000000 440.000000 0.012560 0.628007
439.000000 440.000000 0.373664 0.628007
163.000000 441.000000 -0.492986 0.631147
248.000000 441.000000 -0.226083 0.631147
302.000000 441.000000 -0.056521 0.631147
559.000000 441.000000 0.750469 0.631147
584.000000 441.000000 0.828970 0.631147
62.000000 442.000000 -0.810130 0.634288
187.000000 442.000000 -0.417625 0.634288
296.000000 442.000000 -0.075361 0.634288
386.000000 442.000000 0.207242 0.634288
408.000000 442.000000 0.276323 0.634288
492.000000 442.000000 0.540086 0.634288
20.000000 443.000000 -0.942011 0.637428
27.000000 443.000000 -0.920031 0.637428
88.000000 443.000000 -0.728489 0.637428
127.000000 443.000000 -0.606027 0.637428
172.000000 443.000000 -0.464725 0.637428
602.000000 443.000000 0.885490 0.637428
67.000000 444.000000 -0.794429 0.640568
141.000000 444.000000 -0.562067 0.640568
168.000000 444.000000 -0.477286 0.640568
276.000000 444.000000 -0.138162 0.640568
391.000000 444.000000 0.222943 0.640568
478.000000 444.000000 0.496126 0.640568
502.000000 444.000000 0.571487 0.640568
586.000000 444.000000 0.835250 0.640568
189.000000 445.000000 -0.411345 0.643708
374.000000 445.000000 0.169562 0.643708
481.000000 445.000000 0.505546 0.643708
218.000000 446.000000 -0.320284 0.646848
438.000000 446.000000 0.370524 0.646848
591.000000 446.000000 0.850950 0.646848
67.000000 447.000000 -0.794429 0.649988
482.000000 447.000000 0.508686 0.649988
551.000000 447.000000 0.725349 0.649988
597.000000 447.000000 0.869790 0.649988
69.000000 448.000000 -0.788149 0.653128
158.000000 448.000000 -0.508686 0.653128
238.000000 448.000000 -0.257483 0.653128
519.000000 448.000000 0.624867 0.653128
11.000000 449.000000 -0.970271 0.656268
199.000000 449.000000 -0.379945 0.656268
230.000000 449.000000 -0.282603 0.656268
299.000000 449.000000 -0.065941 0.656268
541.000000 449.000000 0.693948 0.656268
197.000000 450.000000 -0.386225 0.659408
266.000000 450.000000 -0.169562 0.659408
317.000000 450.000000 -0.009420 0.659408
337.000000 450.000000 0.053381 0.659408
529.000000 450.000000 0.656268 0.659408
115.000000 451.000000 -0.643708 0.662548
407.000000 451.000000 0.273183 0.662548
446.000000 451.000000 0.395645 0.662548
521.000000 451.000000 0.631147 0.662548
81.000000 452.000000 -0.750469 0.665688
342.000000 452.000000 0.069081 0.665688
461.000000 452.000000 0.442745 0.665688
46.000000 453.000000 -0.860370 0.668828
76.000000 453.000000 -0.766169 0.668828
456.000000 453.000000 0.427045 0.668828
556.000000 453.000000 0.741049 0.668828
571.000000 453.000000 0.788149 0.668828
617.000000 453.000000 0.932591 0.668828
155.000000 454.000000 -0.518106 0.671968
186.000000 454.000000 -0.420765 0.671968
374.000000 454.000000 0.169562 0.671968
466.000000 454.000000 0.458445 0.671968
594.000000 454.000000 0.860370 0.671968
58.000000 455.000000 -0.822690 0.675108
73.000000 455.000000 -0.775589 0.675108
131.000000 455.000000 -0.593467 0.675108
135.000000 455.000000 -0.580907 0.675108
415.000000 455.000000 0.298304 0.675108
457.000000 455.000000 0.430185 0.675108
615.000000 455.000000 0.926311 0.675108
21.000000 457.000000 -0.938871 0.681388
167.000000 457.000000 -0.480426 0.681388
190.000000 457.000000 -0.408205 0.681388
456.000000 457.000000 0.427045 0.681388
473.000000 457.000000 0.480426 0.681388
505.000000 457.000000 0.580907 0.681388
515.000000 457.000000 0.612307 0.681388
596.000000 457.000000 0.866650 0.681388
45.000000 458.000000 -0.863510 0.684528
153.000000 458.000000 -0.524386 0.684528
219.000000 458.000000 -0.317144 0.684528
264.000000 458.000000 -0.175842 0.684528
310.000000 458.000000 -0.031400 0.684528
591.000000 458.000000 0.850950 0.684528
598.000000 458.000000 0.872930 0.684528
41.000000 459.000000 -0.876070 0.687668
52.000000 459.000000 -0.841530 0.687668
87.000000 459.000000 -0.731629 0.687668
132.000000 459.000000 -0.590327 0.687668
149.000000 459.000000 -0.536946 0.687668
159.000000 459.000000 -0.505546 0.687668
260.000000 459.000000 -0.188402 0.687668
272.000000 459.000000 -0.150722 0.687668
283.000000 459.000000 -0.116181 0.687668
588.000000 459.000000 0.841530 0.687668
634.000000 459.000000 0.985972 0.687668
76.000000 460.000000 -0.766169 0.690808
99.000000 460.000000 -0.693948 0.690808
343.000000 460.000000 0.072221 0.690808
39.000000 461.000000 -0.882350 0.693948
136.000000 461.000000 -0.577767 0.693948
242.000000 461.000000 -0.244923 0.693948
277.000000 461.000000 -0.135022 0.693948
350.000000 461.000000 0.094201 0.693948
371.000000 461.000000 0.160142 0.693948
411.000000 461.000000 0.285743 0.693948
478.000000 461.000000 0.496126 0.693948
480.000000 461.000000 0.502406 0.693948
536.000000 461.000000 0.678248 0.693948
620.000000 461.000000 0.942011 0.693948
24.000000 462.000000 -0.929451 0.697088
35.000000 462.000000 -0.894911 0.697088
68.000000 462.000000 -0.791289 0.697088
189.000000 462.000000 -0.411345 0.697088
197.000000 462.000000 -0.386225 0.697088
218.000000 462.000000 -0.320284 0.697088
222.000000 462.000000 -0.307724 0.697088
308.000000 462.000000 -0.037680 0.697088
341.000000 462.000000 0.065941 0.697088
515.000000 462.000000 0.612307 0.697088
544.000000 462.000000 0.703368 0.697088
548.000000 462.000000 0.715928 0.697088
556.000000 462.000000 0.741049 0.697088
90.000000 463.000000 -0.722209 0.700228
103.000000 463.000000 -0.681388 0.700228
124.000000 463.000000 -0.615447 0.700228
136.000000 463.000000 -0.577767 0.700228
213.000000 463.000000 -0.335984 0.700228
251.000000 463.000000 -0.216663 0.700228
364.000000 463.000000 0.138162 0.700228
422.000000 463.000000 0.320284 0.700228
428.000000 463.000000 0.339124 0.700228
443.000000 463.000000 0.386225 0.700228
491.000000 463.000000 0.536946 0.700228
510.000000 463.000000 0.596607 0.700228
67.000000 464.000000 -0.794429 0.703368
177.000000 464.000000 -0.449025 0.703368
309.000000 464.000000 -0.034540 0.703368
338.000000 464.000000 0.056521 0.703368
359.000000 464.000000 0.122461 0.703368
361.000000 464.000000 0.128742 0.703368
371.000000 464.000000 0.160142 0.703368
505.000000 464.000000 0.580907 0.703368
569.000000 464.000000 0.781869 0.703368
607.000000 464.000000 0.901191 0.703368
609.000000 464.000000 0.907471 0.703368
3.000000 465.000000 -0.995392 0.706508
7.000000 465.000000 -0.982832 0.706508
57.000000 465.000000 -0.825830 0.706508
62.000000 465.000000 -0.810130 0.706508
147.000000 465.000000 -0.543226 0.706508
195.000000 465.000000 -0.392505 0.706508
301.000000 465.000000 -0.059661 0.706508
329.000000 465.000000 0.028260 0.706508
419.000000 465.000000 0.310864 0.706508
617.000000 465.000000 0.932591 0.706508
629.000000 465.000000 0.970271 0.706508
212.000000 466.000000 -0.339124 0.709648
263.000000 466.000000 -0.178982 0.709648
280.000000 466.000000 -0.125601 0.709648
308.000000 466.000000 -0.037680 0.709648
381.000000 466.000000 0.191542 0.709648
415.000000 466.000000 0.298304 0.709648
580.000000 466.000000 0.816410 0.709648
72.000000 467.000000 -0.778729 0.712788
79.000000 467.000000 -0.756749 0.712788
225.000000 467.000000 -0.298304 0.712788
322.000000 467.000000 0.006280 0.712788
333.000000 467.000000 0.040820 0.712788
500.000000 467.000000 0.565207 0.712788
525.000000 467.000000 0.643708 0.712788
609.000000 467.000000 0.907471 0.712788
620.000000 467.000000 0.942011 0.712788
53.000000 468.000000 -0.838390 0.715928
74.000000 468.000000 -0.772449 0.715928
86.000000 468.000000 -0.734769 0.715928
109.000000 468.000000 -0.662548 0.715928
120.000000 468.000000 -0.628007 0.715928
244.000000 468.000000 -0.238643 0.715928
515.000000 468.000000 0.612307 0.715928
20.000000 469.000000 -0.942011 0.719069
153.000000 469.000000 -0.524386 0.719069
157.000000 469.000000 -0.511826 0.719069
161.000000 469.000000 -0.499266 0.719069
267.000000 469.000000 -0.166422 0.719069
308.000000 469.000000 -0.037680 0.719069
341.000000 469.000000 0.065941 0.719069
437.000000 469.000000 0.367384 0.719069
367.000000 470.000000 0.147582 0.722209
486.000000 470.000000 0.521246 0.722209
551.000000 470.000000 0.725349 0.722209
35.000000 471.000000 -0.894911 0.725349
69.000000 471.000000 -0.788149 0.725349
162.000000 471.000000 -0.496126 0.725349
166.000000 471.000000 -0.483566 0.725349
285.000000 471.000000 -0.109901 0.725349
312.000000 471.000000 -0.025120 0.725349
396.000000 471.000000 0.238643 0.725349
427.000000 471.000000 0.335984 0.725349
107.000000 472.000000 -0.668828 0.728489
179.000000 472.000000 -0.442745 0.728489
294.000000 472.000000 -0.081641 0.728489
560.000000 472.000000 0.753609 0.728489
586.000000 472.000000 0.835250 0.728489
629.000000 472.000000 0.970271 0.728489
3.000000 473.000000 -0.995392 0.731629
259.000000 473.000000 -0.191542 0.731629
412.000000 473.000000 0.288883 0.731629
31.000000 475.000000 -0.907471 0.737909
60.000000 475.000000 -0.816410 0.737909
126.000000 475.000000 -0.609167 0.737909
394.000000 475.000000 0.232363 0.737909
492.000000 475.000000 0.540086 0.737909
535.000000 475.000000 0.675108 0.737909
537.000000 475.000000 0.681388 0.737909
635.000000 475.000000 0.989112 0.737909
25.000000 476.000000 -0.926311 0.741049
71.000000 476.000000 -0.781869 0.741049
91.000000 476.000000 -0.719069 0.741049
94.000000 476.000000 -0.709648 0.741049
149.000000 476.000000 -0.536946 0.741049
210.000000 476.000000 -0.345404 0.741049
571.000000 476.000000 0.788149 0.741049
