328.000000 3.000000 0.025120 -0.744189
428.000000 3.000000 0.339124 -0.744189
600.000000 3.000000 0.879210 -0.744189
514.000000 4.000000 0.609167 -0.741049
333.000000 5.000000 0.040820 -0.737909
326.000000 7.000000 0.018840 -0.731629
522.000000 7.000000 0.634288 -0.731629
602.000000 7.000000 0.885490 -0.731629
500.000000 9.000000 0.565207 -0.725349
504.000000 9.000000 0.577767 -0.725349
512.000000 9.000000 0.602887 -0.725349
565.000000 9.000000 0.769309 -0.725349
582.000000 9.000000 0.822690 -0.725349
381.000000 10.000000 0.191542 -0.722209
383.000000 10.000000 0.197822 -0.722209
488.000000 10.000000 0.527526 -0.722209
496.000000 10.000000 0.552647 -0.722209
460.000000 11.000000 0.439605 -0.719069
631.000000 11.000000 0.976552 -0.719069
599.000000 12.000000 0.876070 -0.715928
348.000000 13.000000 0.087921 -0.712788
419.000000 13.000000 0.310864 -0.712788
454.000000 13.000000 0.420765 -0.712788
523.000000 13.000000 0.637428 -0.712788
567.000000 13.000000 0.775589 -0.712788
501.000000 14.000000 0.568347 -0.709648
569.000000 14.000000 0.781869 -0.709648
514.000000 15.000000 0.609167 -0.706508
576.000000 15.000000 0.803850 -0.706508
384.000000 16.000000 0.200962 -0.703368
391.000000 16.000000 0.222943 -0.703368
493.000000 16.000000 0.543226 -0.703368
613.000000 16.000000 0.920031 -0.703368
319.000000 17.000000 -0.003140 -0.700228
495.000000 18.000000 0.549506 -0.697088
501.000000 18.000000 0.568347 -0.697088
316.000000 19.000000 -0.012560 -0.693948
494.000000 20.000000 0.546366 -0.690808
563.000000 20.000000 0.763029 -0.690808
316.000000 21.000000 -0.012560 -0.687668
319.000000 21.000000 -0.003140 -0.687668
327.000000 21.000000 0.021980 -0.687668
490.000000 21.000000 0.533806 -0.687668
327.000000 23.000000 0.021980 -0.681388
431.000000 23.000000 0.348544 -0.681388
504.000000 23.000000 0.577767 -0.681388
390.000000 24.000000 0.219803 -0.678248
487.000000 24.000000 0.524386 -0.678248
318.000000 25.000000 -0.006280 -0.675108
492.000000 25.000000 0.540086 -0.675108
562.000000 25.000000 0.759889 -0.675108
355.000000 26.000000 0.109901 -0.671968
621.000000 26.000000 0.945151 -0.671968
615.000000 27.000000 0.926311 -0.668828
319.000000 28.000000 -0.003140 -0.665688
488.000000 28.000000 0.527526 -0.665688
564.000000 28.000000 0.766169 -0.665688
390.000000 29.000000 0.219803 -0.662548
484.000000 29.000000 0.514966 -0.662548
332.000000 31.000000 0.037680 -0.656268
559.000000 31.000000 0.750469 -0.656268
614.000000 31.000000 0.923171 -0.656268
337.000000 32.000000 0.053381 -0.653128
341.000000 33.000000 0.065941 -0.649988
522.000000 33.000000 0.634288 -0.649988
565.000000 33.000000 0.769309 -0.649988
476.000000 34.000000 0.489846 -0.646848
482.000000 34.000000 0.508686 -0.646848
592.000000 34.000000 0.854090 -0.646848
619.000000 34.000000 0.938871 -0.646848
346.000000 35.000000 0.081641 -0.643708
436.000000 35.000000 0.364244 -0.643708
350.000000 36.000000 0.094201 -0.640568
473.000000 37.000000 0.480426 -0.637428
479.000000 37.000000 0.499266 -0.637428
562.000000 37.000000 0.759889 -0.637428
359.000000 38.000000 0.122461 -0.634288
4.000000 39.000000 -0.992252 -0.631147
473.000000 39.000000 0.480426 -0.631147
614.000000 39.000000 0.923171 -0.631147
368.000000 40.000000 0.150722 -0.628007
469.000000 40.000000 0.467866 -0.628007
476.000000 40.000000 0.489846 -0.628007
558.000000 40.000000 0.747329 -0.628007
568.000000 40.000000 0.778729 -0.628007
592.000000 40.000000 0.854090 -0.628007
403.000000 41.000000 0.260623 -0.624867
487.000000 41.000000 0.524386 -0.624867
565.000000 41.000000 0.769309 -0.624867
12.000000 42.000000 -0.967131 -0.621727
608.000000 42.000000 0.904331 -0.621727
514.000000 44.000000 0.609167 -0.615447
321.000000 47.000000 0.003140 -0.606027
27.000000 48.000000 -0.920031 -0.602887
364.000000 48.000000 0.138162 -0.602887
384.000000 48.000000 0.200962 -0.602887
467.000000 48.000000 0.461585 -0.602887
29.000000 49.000000 -0.913751 -0.599747
31.000000 49.000000 -0.907471 -0.599747
321.000000 49.000000 0.003140 -0.599747
33.000000 50.000000 -0.901191 -0.596607
509.000000 50.000000 0.593467 -0.596607
633.000000 51.000000 0.982832 -0.593467
38.000000 52.000000 -0.885490 -0.590327
456.000000 52.000000 0.427045 -0.590327
466.000000 52.000000 0.458445 -0.590327
546.000000 53.000000 0.709648 -0.587187
607.000000 53.000000 0.901191 -0.587187
598.000000 54.000000 0.872930 -0.584047
383.000000 55.000000 0.197822 -0.580907
612.000000 55.000000 0.916891 -0.580907
631.000000 55.000000 0.976552 -0.580907
507.000000 56.000000 0.587187 -0.577767
309.000000 57.000000 -0.034540 -0.574627
377.000000 57.000000 0.178982 -0.574627
460.000000 57.000000 0.439605 -0.574627
552.000000 57.000000 0.728489 -0.574627
631.000000 57.000000 0.976552 -0.574627
330.000000 58.000000 0.031400 -0.571487
383.000000 58.000000 0.197822 -0.571487
605.000000 58.000000 0.894911 -0.571487
363.000000 59.000000 0.135022 -0.568347
448.000000 59.000000 0.401925 -0.568347
542.000000 59.000000 0.697088 -0.568347
580.000000 59.000000 0.816410 -0.568347
29.000000 60.000000 -0.913751 -0.565207
31.000000 60.000000 -0.907471 -0.565207
366.000000 60.000000 0.144442 -0.565207
506.000000 60.000000 0.584047 -0.565207
34.000000 61.000000 -0.898051 -0.562067
339.000000 61.000000 0.059661 -0.562067
555.000000 61.000000 0.737909 -0.562067
605.000000 61.000000 0.894911 -0.562067
348.000000 62.000000 0.087921 -0.558927
450.000000 62.000000 0.408205 -0.558927
467.000000 62.000000 0.461585 -0.558927
38.000000 63.000000 -0.885490 -0.555787
505.000000 63.000000 0.580907 -0.555787
612.000000 63.000000 0.916891 -0.555787
352.000000 64.000000 0.100481 -0.552647
381.000000 64.000000 0.191542 -0.552647
599.000000 64.000000 0.876070 -0.552647
357.000000 65.000000 0.116181 -0.549506
361.000000 66.000000 0.128742 -0.546366
619.000000 66.000000 0.938871 -0.546366
366.000000 67.000000 0.144442 -0.543226
28.000000 68.000000 -0.916891 -0.540086
370.000000 68.000000 0.157002 -0.540086
446.000000 69.000000 0.395645 -0.536946
312.000000 70.000000 -0.025120 -0.533806
496.000000 72.000000 0.552647 -0.527526
578.000000 72.000000 0.810130 -0.527526
327.000000 73.000000 0.021980 -0.524386
322.000000 74.000000 0.006280 -0.521246
598.000000 74.000000 0.872930 -0.521246
610.000000 74.000000 0.910611 -0.521246
371.000000 75.000000 0.160142 -0.518106
379.000000 75.000000 0.185262 -0.518106
500.000000 75.000000 0.565207 -0.518106
532.000000 75.000000 0.665688 -0.518106
549.000000 76.000000 0.719069 -0.514966
507.000000 77.000000 0.587187 -0.511826
376.000000 78.000000 0.175842 -0.508686
616.000000 78.000000 0.929451 -0.508686
305.000000 79.000000 -0.047101 -0.505546
602.000000 79.000000 0.885490 -0.505546
456.000000 80.000000 0.427045 -0.502406
550.000000 80.000000 0.722209 -0.502406
564.000000 80.000000 0.766169 -0.502406
575.000000 80.000000 0.800709 -0.502406
318.000000 81.000000 -0.006280 -0.499266
527.000000 81.000000 0.649988 -0.499266
606.000000 81.000000 0.898051 -0.499266
346.000000 82.000000 0.081641 -0.496126
376.000000 82.000000 0.175842 -0.496126
540.000000 82.000000 0.690808 -0.496126
550.000000 82.000000 0.722209 -0.496126
67.000000 83.000000 -0.794429 -0.492986
111.000000 83.000000 -0.656268 -0.492986
323.000000 83.000000 0.009420 -0.492986
433.000000 83.000000 0.354824 -0.492986
493.000000 83.000000 0.543226 -0.492986
317.000000 84.000000 -0.009420 -0.489846
450.000000 84.000000 0.408205 -0.489846
517.000000 84.000000 0.618587 -0.489846
578.000000 84.000000 0.810130 -0.489846
116.000000 85.000000 -0.640568 -0.486706
332.000000 86.000000 0.037680 -0.483566
368.000000 86.000000 0.150722 -0.483566
449.000000 86.000000 0.405065 -0.483566
454.000000 86.000000 0.420765 -0.483566
546.000000 86.000000 0.709648 -0.483566
73.000000 87.000000 -0.775589 -0.480426
113.000000 87.000000 -0.649988 -0.480426
317.000000 87.000000 -0.009420 -0.480426
341.000000 87.000000 0.065941 -0.480426
444.000000 87.000000 0.389365 -0.480426
531.000000 87.000000 0.662548 -0.480426
583.000000 87.000000 0.825830 -0.480426
129.000000 88.000000 -0.599747 -0.477286
345.000000 88.000000 0.078501 -0.477286
454.000000 88.000000 0.420765 -0.477286
133.000000 89.000000 -0.587187 -0.474146
350.000000 89.000000 0.094201 -0.474146
368.000000 89.000000 0.150722 -0.474146
67.000000 90.000000 -0.794429 -0.471006
110.000000 90.000000 -0.659408 -0.471006
138.000000 90.000000 -0.571487 -0.471006
444.000000 90.000000 0.389365 -0.471006
572.000000 90.000000 0.791289 -0.471006
31.000000 91.000000 -0.907471 -0.467866
77.000000 91.000000 -0.763029 -0.467866
95.000000 91.000000 -0.706508 -0.467866
101.000000 91.000000 -0.687668 -0.467866
115.000000 91.000000 -0.643708 -0.467866
133.000000 91.000000 -0.587187 -0.467866
140.000000 91.000000 -0.565207 -0.467866
303.000000 91.000000 -0.053381 -0.467866
354.000000 91.000000 0.106761 -0.467866
359.000000 91.000000 0.122461 -0.467866
590.000000 91.000000 0.847810 -0.467866
82.000000 92.000000 -0.747329 -0.464725
97.000000 92.000000 -0.700228 -0.464725
137.000000 92.000000 -0.574627 -0.464725
142.000000 92.000000 -0.558927 -0.464725
503.000000 92.000000 0.574627 -0.464725
509.000000 92.000000 0.593467 -0.464725
528.000000 92.000000 0.653128 -0.464725
71.000000 93.000000 -0.781869 -0.461585
87.000000 93.000000 -0.731629 -0.461585
100.000000 93.000000 -0.690808 -0.461585
106.000000 93.000000 -0.671968 -0.461585
128.000000 93.000000 -0.602887 -0.461585
363.000000 93.000000 0.135022 -0.461585
367.000000 93.000000 0.147582 -0.461585
568.000000 93.000000 0.778729 -0.461585
133.000000 94.000000 -0.587187 -0.458445
506.000000 94.000000 0.584047 -0.458445
150.000000 95.000000 -0.533806 -0.455305
99.000000 96.000000 -0.693948 -0.452165
136.000000 96.000000 -0.577767 -0.452165
138.000000 96.000000 -0.571487 -0.452165
366.000000 96.000000 0.144442 -0.452165
570.000000 96.000000 0.785009 -0.452165
55.000000 97.000000 -0.832110 -0.449025
74.000000 97.000000 -0.772449 -0.449025
155.000000 97.000000 -0.518106 -0.449025
101.000000 98.000000 -0.687668 -0.445885
127.000000 98.000000 -0.606027 -0.445885
335.000000 98.000000 0.047101 -0.445885
409.000000 98.000000 0.279463 -0.445885
61.000000 99.000000 -0.813270 -0.442745
78.000000 99.000000 -0.759889 -0.442745
136.000000 99.000000 -0.577767 -0.442745
321.000000 99.000000 0.003140 -0.442745
441.000000 99.000000 0.379945 -0.442745
495.000000 99.000000 0.549506 -0.442745
573.000000 99.000000 0.794429 -0.442745
607.000000 99.000000 0.901191 -0.442745
611.000000 99.000000 0.913751 -0.442745
124.000000 100.000000 -0.615447 -0.439605
301.000000 100.000000 -0.059661 -0.439605
363.000000 100.000000 0.135022 -0.439605
82.000000 101.000000 -0.747329 -0.436465
105.000000 101.000000 -0.675108 -0.436465
101.000000 102.000000 -0.687668 -0.433325
362.000000 102.000000 0.131882 -0.433325
511.000000 102.000000 0.599747 -0.433325
84.000000 104.000000 -0.741049 -0.427045
126.000000 104.000000 -0.609167 -0.427045
362.000000 104.000000 0.131882 -0.427045
440.000000 104.000000 0.376804 -0.427045
447.000000 104.000000 0.398785 -0.427045
505.000000 104.000000 0.580907 -0.427045
572.000000 104.000000 0.791289 -0.427045
593.000000 104.000000 0.857230 -0.427045
323.000000 105.000000 0.009420 -0.423905
513.000000 105.000000 0.606027 -0.423905
590.000000 105.000000 0.847810 -0.423905
86.000000 106.000000 -0.734769 -0.420765
101.000000 106.000000 -0.687668 -0.420765
345.000000 106.000000 0.078501 -0.420765
363.000000 106.000000 0.135022 -0.420765
602.000000 106.000000 0.885490 -0.420765
94.000000 107.000000 -0.709648 -0.417625
124.000000 107.000000 -0.615447 -0.417625
152.000000 107.000000 -0.527526 -0.417625
436.000000 107.000000 0.364244 -0.417625
472.000000 107.000000 0.477286 -0.417625
325.000000 108.000000 0.015700 -0.414485
417.000000 108.000000 0.304584 -0.414485
421.000000 108.000000 0.317144 -0.414485
439.000000 108.000000 0.373664 -0.414485
446.000000 108.000000 0.395645 -0.414485
594.000000 108.000000 0.860370 -0.414485
363.000000 109.000000 0.135022 -0.411345
423.000000 109.000000 0.323424 -0.411345
444.000000 109.000000 0.389365 -0.411345
104.000000 110.000000 -0.678248 -0.408205
318.000000 110.000000 -0.006280 -0.408205
361.000000 110.000000 0.128742 -0.408205
426.000000 110.000000 0.332844 -0.408205
468.000000 110.000000 0.464725 -0.408205
99.000000 111.000000 -0.693948 -0.405065
323.000000 111.000000 0.009420 -0.405065
328.000000 111.000000 0.025120 -0.405065
191.000000 112.000000 -0.405065 -0.401925
429.000000 112.000000 0.342264 -0.401925
452.000000 112.000000 0.414485 -0.401925
124.000000 113.000000 -0.615447 -0.398785
319.000000 113.000000 -0.003140 -0.398785
321.000000 113.000000 0.003140 -0.398785
389.000000 113.000000 0.216663 -0.398785
130.000000 114.000000 -0.596607 -0.395645
153.000000 114.000000 -0.524386 -0.395645
158.000000 114.000000 -0.508686 -0.395645
195.000000 114.000000 -0.392505 -0.395645
360.000000 114.000000 0.125601 -0.395645
93.000000 115.000000 -0.712788 -0.392505
98.000000 115.000000 -0.697088 -0.392505
132.000000 115.000000 -0.590327 -0.392505
161.000000 115.000000 -0.499266 -0.392505
193.000000 115.000000 -0.398785 -0.392505
198.000000 115.000000 -0.383085 -0.392505
204.000000 115.000000 -0.364244 -0.392505
319.000000 115.000000 -0.003140 -0.392505
323.000000 115.000000 0.009420 -0.392505
330.000000 115.000000 0.031400 -0.392505
347.000000 115.000000 0.084781 -0.392505
435.000000 115.000000 0.361104 -0.392505
506.000000 115.000000 0.584047 -0.392505
596.000000 115.000000 0.866650 -0.392505
169.000000 116.000000 -0.474146 -0.389365
171.000000 116.000000 -0.467866 -0.389365
208.000000 116.000000 -0.351684 -0.389365
417.000000 116.000000 0.304584 -0.389365
589.000000 116.000000 0.844670 -0.389365
130.000000 117.000000 -0.596607 -0.386225
175.000000 117.000000 -0.455305 -0.386225
177.000000 117.000000 -0.449025 -0.386225
191.000000 117.000000 -0.405065 -0.386225
331.000000 117.000000 0.034540 -0.386225
388.000000 117.000000 0.213523 -0.386225
449.000000 117.000000 0.405065 -0.386225
505.000000 117.000000 0.580907 -0.386225
171.000000 118.000000 -0.467866 -0.383085
184.000000 118.000000 -0.427045 -0.383085
194.000000 118.000000 -0.395645 -0.383085
206.000000 118.000000 -0.357964 -0.383085
279.000000 118.000000 -0.128742 -0.383085
359.000000 118.000000 0.122461 -0.383085
131.000000 119.000000 -0.593467 -0.379945
284.000000 119.000000 -0.113041 -0.379945
294.000000 119.000000 -0.081641 -0.379945
436.000000 119.000000 0.364244 -0.379945
164.000000 120.000000 -0.489846 -0.376804
171.000000 120.000000 -0.467866 -0.376804
176.000000 120.000000 -0.452165 -0.376804
299.000000 120.000000 -0.065941 -0.376804
335.000000 120.000000 0.047101 -0.376804
169.000000 121.000000 -0.474146 -0.373664
207.000000 121.000000 -0.354824 -0.373664
319.000000 121.000000 -0.003140 -0.373664
323.000000 121.000000 0.009420 -0.373664
387.000000 121.000000 0.210382 -0.373664
468.000000 121.000000 0.464725 -0.373664
616.000000 121.000000 0.929451 -0.373664
174.000000 122.000000 -0.458445 -0.370524
179.000000 122.000000 -0.442745 -0.370524
184.000000 122.000000 -0.427045 -0.370524
189.000000 122.000000 -0.411345 -0.370524
199.000000 122.000000 -0.379945 -0.370524
292.000000 122.000000 -0.087921 -0.370524
304.000000 122.000000 -0.050241 -0.370524
427.000000 122.000000 0.335984 -0.370524
561.000000 122.000000 0.756749 -0.370524
171.000000 123.000000 -0.467866 -0.367384
186.000000 123.000000 -0.420765 -0.367384
192.000000 123.000000 -0.401925 -0.367384
196.000000 123.000000 -0.389365 -0.367384
301.000000 123.000000 -0.059661 -0.367384
309.000000 123.000000 -0.034540 -0.367384
323.000000 123.000000 0.009420 -0.367384
359.000000 123.000000 0.122461 -0.367384
168.000000 124.000000 -0.477286 -0.364244
307.000000 124.000000 -0.040820 -0.364244
320.000000 124.000000 -0.000000 -0.364244
422.000000 124.000000 0.320284 -0.364244
432.000000 124.000000 0.351684 -0.364244
171.000000 125.000000 -0.467866 -0.361104
173.000000 125.000000 -0.461585 -0.361104
175.000000 125.000000 -0.455305 -0.361104
184.000000 125.000000 -0.427045 -0.361104
199.000000 125.000000 -0.379945 -0.361104
318.000000 125.000000 -0.006280 -0.361104
343.000000 125.000000 0.072221 -0.361104
386.000000 125.000000 0.207242 -0.361104
538.000000 125.000000 0.684528 -0.361104
191.000000 126.000000 -0.405065 -0.357964
217.000000 126.000000 -0.323424 -0.357964
306.000000 126.000000 -0.043961 -0.357964
324.000000 126.000000 0.012560 -0.357964
357.000000 126.000000 0.116181 -0.357964
359.000000 126.000000 0.122461 -0.357964
457.000000 126.000000 0.430185 -0.357964
219.000000 127.000000 -0.317144 -0.354824
234.000000 127.000000 -0.270043 -0.354824
297.000000 127.000000 -0.072221 -0.354824
327.000000 127.000000 0.021980 -0.354824
330.000000 127.000000 0.031400 -0.354824
451.000000 127.000000 0.411345 -0.354824
132.000000 128.000000 -0.590327 -0.351684
190.000000 128.000000 -0.408205 -0.351684
196.000000 128.000000 -0.389365 -0.351684
200.000000 128.000000 -0.376804 -0.351684
217.000000 128.000000 -0.323424 -0.351684
222.000000 128.000000 -0.307724 -0.351684
236.000000 128.000000 -0.263763 -0.351684
309.000000 128.000000 -0.034540 -0.351684
449.000000 128.000000 0.405065 -0.351684
578.000000 128.000000 0.810130 -0.351684
225.000000 129.000000 -0.298304 -0.348544
228.000000 129.000000 -0.288883 -0.348544
243.000000 129.000000 -0.241783 -0.348544
306.000000 129.000000 -0.043961 -0.348544
345.000000 129.000000 0.078501 -0.348544
385.000000 129.000000 0.204102 -0.348544
529.000000 129.000000 0.656268 -0.348544
550.000000 129.000000 0.722209 -0.348544
587.000000 129.000000 0.838390 -0.348544
191.000000 130.000000 -0.405065 -0.345404
195.000000 130.000000 -0.392505 -0.345404
319.000000 130.000000 -0.003140 -0.345404
513.000000 130.000000 0.606027 -0.345404
518.000000 130.000000 0.621727 -0.345404
568.000000 130.000000 0.778729 -0.345404
198.000000 131.000000 -0.383085 -0.342264
217.000000 131.000000 -0.323424 -0.342264
228.000000 131.000000 -0.288883 -0.342264
236.000000 131.000000 -0.263763 -0.342264
243.000000 131.000000 -0.241783 -0.342264
297.000000 131.000000 -0.072221 -0.342264
313.000000 131.000000 -0.021980 -0.342264
337.000000 131.000000 0.053381 -0.342264
342.000000 131.000000 0.069081 -0.342264
347.000000 131.000000 0.084781 -0.342264
350.000000 131.000000 0.094201 -0.342264
361.000000 131.000000 0.128742 -0.342264
417.000000 131.000000 0.304584 -0.342264
500.000000 131.000000 0.565207 -0.342264
563.000000 131.000000 0.763029 -0.342264
133.000000 132.000000 -0.587187 -0.339124
300.000000 132.000000 -0.062801 -0.339124
335.000000 132.000000 0.047101 -0.339124
451.000000 132.000000 0.411345 -0.339124
512.000000 132.000000 0.602887 -0.339124
229.000000 133.000000 -0.285743 -0.335984
306.000000 133.000000 -0.043961 -0.335984
310.000000 133.000000 -0.031400 -0.335984
333.000000 133.000000 0.040820 -0.335984
344.000000 133.000000 0.075361 -0.335984
346.000000 133.000000 0.081641 -0.335984
349.000000 133.000000 0.091061 -0.335984
365.000000 133.000000 0.141302 -0.335984
384.000000 133.000000 0.200962 -0.335984
448.000000 133.000000 0.401925 -0.335984
236.000000 134.000000 -0.263763 -0.332844
319.000000 134.000000 -0.003140 -0.332844
357.000000 134.000000 0.116181 -0.332844
453.000000 134.000000 0.417625 -0.332844
533.000000 134.000000 0.668828 -0.332844
198.000000 135.000000 -0.383085 -0.329704
220.000000 135.000000 -0.314004 -0.329704
323.000000 135.000000 0.009420 -0.329704
353.000000 135.000000 0.103621 -0.329704
355.000000 135.000000 0.109901 -0.329704
362.000000 135.000000 0.131882 -0.329704
447.000000 135.000000 0.398785 -0.329704
85.000000 136.000000 -0.737909 -0.326564
316.000000 136.000000 -0.012560 -0.326564
320.000000 136.000000 -0.000000 -0.326564
360.000000 136.000000 0.125601 -0.326564
445.000000 136.000000 0.392505 -0.326564
198.000000 137.000000 -0.383085 -0.323424
236.000000 137.000000 -0.263763 -0.323424
257.000000 137.000000 -0.197822 -0.323424
262.000000 137.000000 -0.182122 -0.323424
327.000000 137.000000 0.021980 -0.323424
347.000000 137.000000 0.084781 -0.323424
383.000000 137.000000 0.197822 -0.323424
486.000000 137.000000 0.521246 -0.323424
267.000000 138.000000 -0.166422 -0.320284
282.000000 138.000000 -0.119321 -0.320284
295.000000 138.000000 -0.078501 -0.320284
297.000000 138.000000 -0.072221 -0.320284
315.000000 138.000000 -0.015700 -0.320284
378.000000 138.000000 0.182122 -0.320284
432.000000 138.000000 0.351684 -0.320284
437.000000 138.000000 0.367384 -0.320284
476.000000 138.000000 0.489846 -0.320284
85.000000 139.000000 -0.737909 -0.317144
196.000000 139.000000 -0.389365 -0.317144
222.000000 139.000000 -0.307724 -0.317144
312.000000 139.000000 -0.025120 -0.317144
330.000000 139.000000 0.031400 -0.317144
333.000000 139.000000 0.040820 -0.317144
369.000000 139.000000 0.153862 -0.317144
474.000000 139.000000 0.483566 -0.317144
485.000000 139.000000 0.518106 -0.317144
534.000000 139.000000 0.671968 -0.317144
131.000000 140.000000 -0.593467 -0.314004
198.000000 140.000000 -0.383085 -0.314004
236.000000 140.000000 -0.263763 -0.314004
340.000000 140.000000 0.062801 -0.314004
346.000000 140.000000 0.081641 -0.314004
361.000000 140.000000 0.128742 -0.314004
374.000000 140.000000 0.169562 -0.314004
380.000000 140.000000 0.188402 -0.314004
384.000000 140.000000 0.200962 -0.314004
444.000000 140.000000 0.389365 -0.314004
299.000000 141.000000 -0.065941 -0.310864
329.000000 141.000000 0.028260 -0.310864
344.000000 141.000000 0.075361 -0.310864
349.000000 141.000000 0.091061 -0.310864
387.000000 141.000000 0.210382 -0.310864
174.000000 142.000000 -0.458445 -0.307724
324.000000 142.000000 0.012560 -0.307724
353.000000 142.000000 0.103621 -0.307724
385.000000 142.000000 0.204102 -0.307724
389.000000 142.000000 0.216663 -0.307724
431.000000 142.000000 0.348544 -0.307724
451.000000 142.000000 0.411345 -0.307724
196.000000 143.000000 -0.389365 -0.304584
236.000000 143.000000 -0.263763 -0.304584
248.000000 143.000000 -0.226083 -0.304584
256.000000 143.000000 -0.200962 -0.304584
304.000000 143.000000 -0.050241 -0.304584
350.000000 143.000000 0.094201 -0.304584
357.000000 143.000000 0.116181 -0.304584
375.000000 143.000000 0.172702 -0.304584
445.000000 143.000000 0.392505 -0.304584
455.000000 143.000000 0.423905 -0.304584
509.000000 143.000000 0.593467 -0.304584
529.000000 143.000000 0.656268 -0.304584
332.000000 144.000000 0.037680 -0.301444
353.000000 144.000000 0.103621 -0.301444
362.000000 144.000000 0.131882 -0.301444
373.000000 144.000000 0.166422 -0.301444
389.000000 144.000000 0.216663 -0.301444
318.000000 145.000000 -0.006280 -0.298304
326.000000 145.000000 0.018840 -0.298304
435.000000 145.000000 0.361104 -0.298304
442.000000 145.000000 0.383085 -0.298304
181.000000 146.000000 -0.436465 -0.295163
195.000000 146.000000 -0.392505 -0.295163
257.000000 146.000000 -0.197822 -0.295163
268.000000 146.000000 -0.163282 -0.295163
276.000000 146.000000 -0.138162 -0.295163
362.000000 146.000000 0.131882 -0.295163
382.000000 146.000000 0.194682 -0.295163
389.000000 146.000000 0.216663 -0.295163
430.000000 146.000000 0.345404 -0.295163
173.000000 147.000000 -0.461585 -0.292023
237.000000 147.000000 -0.260623 -0.292023
240.000000 147.000000 -0.251203 -0.292023
260.000000 147.000000 -0.188402 -0.292023
271.000000 147.000000 -0.153862 -0.292023
291.000000 147.000000 -0.091061 -0.292023
316.000000 147.000000 -0.012560 -0.292023
443.000000 147.000000 0.386225 -0.292023
447.000000 147.000000 0.398785 -0.292023
197.000000 148.000000 -0.386225 -0.288883
302.000000 148.000000 -0.056521 -0.288883
325.000000 148.000000 0.015700 -0.288883
364.000000 148.000000 0.138162 -0.288883
415.000000 148.000000 0.298304 -0.288883
429.000000 148.000000 0.342264 -0.288883
451.000000 148.000000 0.411345 -0.288883
510.000000 148.000000 0.596607 -0.288883
95.000000 149.000000 -0.706508 -0.285743
272.000000 149.000000 -0.150722 -0.285743
285.000000 149.000000 -0.109901 -0.285743
343.000000 149.000000 0.072221 -0.285743
356.000000 149.000000 0.113041 -0.285743
360.000000 149.000000 0.125601 -0.285743
386.000000 149.000000 0.207242 -0.285743
560.000000 149.000000 0.753609 -0.285743
103.000000 150.000000 -0.681388 -0.282603
321.000000 150.000000 0.003140 -0.282603
346.000000 150.000000 0.081641 -0.282603
362.000000 150.000000 0.131882 -0.282603
130.000000 151.000000 -0.596607 -0.279463
175.000000 151.000000 -0.455305 -0.279463
195.000000 151.000000 -0.392505 -0.279463
336.000000 151.000000 0.050241 -0.279463
371.000000 151.000000 0.160142 -0.279463
428.000000 151.000000 0.339124 -0.279463
549.000000 151.000000 0.719069 -0.279463
172.000000 152.000000 -0.464725 -0.276323
433.000000 152.000000 0.354824 -0.276323
441.000000 152.000000 0.379945 -0.276323
447.000000 152.000000 0.398785 -0.276323
493.000000 152.000000 0.543226 -0.276323
513.000000 152.000000 0.606027 -0.276323
547.000000 152.000000 0.712788 -0.276323
130.000000 153.000000 -0.596607 -0.273183
236.000000 153.000000 -0.263763 -0.273183
257.000000 153.000000 -0.197822 -0.273183
303.000000 153.000000 -0.053381 -0.273183
328.000000 153.000000 0.025120 -0.273183
344.000000 153.000000 0.075361 -0.273183
385.000000 153.000000 0.204102 -0.273183
390.000000 153.000000 0.219803 -0.273183
424.000000 153.000000 0.326564 -0.273183
444.000000 153.000000 0.389365 -0.273183
454.000000 153.000000 0.420765 -0.273183
172.000000 154.000000 -0.464725 -0.270043
239.000000 154.000000 -0.254343 -0.270043
392.000000 154.000000 0.226083 -0.270043
406.000000 154.000000 0.270043 -0.270043
421.000000 154.000000 0.317144 -0.270043
431.000000 154.000000 0.348544 -0.270043
440.000000 154.000000 0.376804 -0.270043
473.000000 154.000000 0.480426 -0.270043
538.000000 154.000000 0.684528 -0.270043
582.000000 154.000000 0.822690 -0.270043
194.000000 155.000000 -0.395645 -0.266903
266.000000 155.000000 -0.169562 -0.266903
314.000000 155.000000 -0.018840 -0.266903
327.000000 155.000000 0.021980 -0.266903
350.000000 155.000000 0.094201 -0.266903
359.000000 155.000000 0.122461 -0.266903
364.000000 155.000000 0.138162 -0.266903
427.000000 155.000000 0.335984 -0.266903
448.000000 155.000000 0.401925 -0.266903
480.000000 155.000000 0.502406 -0.266903
485.000000 155.000000 0.518106 -0.266903
504.000000 155.000000 0.577767 -0.266903
552.000000 155.000000 0.728489 -0.266903
577.000000 155.000000 0.806990 -0.266903
172.000000 156.000000 -0.464725 -0.263763
196.000000 156.000000 -0.389365 -0.263763
294.000000 156.000000 -0.081641 -0.263763
305.000000 156.000000 -0.047101 -0.263763
444.000000 156.000000 0.389365 -0.263763
496.000000 156.000000 0.552647 -0.263763
529.000000 156.000000 0.656268 -0.263763
97.000000 157.000000 -0.700228 -0.260623
384.000000 157.000000 0.200962 -0.260623
438.000000 157.000000 0.370524 -0.260623
453.000000 157.000000 0.417625 -0.260623
270.000000 158.000000 -0.157002 -0.257483
310.000000 158.000000 -0.031400 -0.257483
319.000000 158.000000 -0.003140 -0.257483
358.000000 158.000000 0.119321 -0.257483
401.000000 158.000000 0.254343 -0.257483
405.000000 158.000000 0.266903 -0.257483
441.000000 158.000000 0.379945 -0.257483
460.000000 158.000000 0.439605 -0.257483
469.000000 158.000000 0.467866 -0.257483
486.000000 158.000000 0.521246 -0.257483
492.000000 158.000000 0.540086 -0.257483
503.000000 158.000000 0.574627 -0.257483
194.000000 159.000000 -0.395645 -0.254343
315.000000 159.000000 -0.015700 -0.254343
317.000000 159.000000 -0.009420 -0.254343
322.000000 159.000000 0.006280 -0.254343
345.000000 159.000000 0.078501 -0.254343
352.000000 159.000000 0.100481 -0.254343
364.000000 159.000000 0.138162 -0.254343
395.000000 159.000000 0.235503 -0.254343
431.000000 159.000000 0.348544 -0.254343
447.000000 159.000000 0.398785 -0.254343
455.000000 159.000000 0.423905 -0.254343
462.000000 159.000000 0.445885 -0.254343
495.000000 159.000000 0.549506 -0.254343
578.000000 159.000000 0.810130 -0.254343
335.000000 160.000000 0.047101 -0.251203
426.000000 160.000000 0.332844 -0.251203
450.000000 160.000000 0.408205 -0.251203
239.000000 161.000000 -0.254343 -0.248063
363.000000 161.000000 0.135022 -0.248063
383.000000 161.000000 0.197822 -0.248063
436.000000 161.000000 0.364244 -0.248063
446.000000 161.000000 0.395645 -0.248063
484.000000 161.000000 0.514966 -0.248063
547.000000 161.000000 0.712788 -0.248063
129.000000 162.000000 -0.599747 -0.244923
299.000000 162.000000 -0.065941 -0.244923
306.000000 162.000000 -0.043961 -0.244923
313.000000 162.000000 -0.021980 -0.244923
334.000000 162.000000 0.043961 -0.244923
348.000000 162.000000 0.087921 -0.244923
430.000000 162.000000 0.345404 -0.244923
440.000000 162.000000 0.376804 -0.244923
193.000000 163.000000 -0.398785 -0.241783
221.000000 163.000000 -0.310864 -0.241783
319.000000 163.000000 -0.003140 -0.241783
327.000000 163.000000 0.021980 -0.241783
332.000000 163.000000 0.037680 -0.241783
339.000000 163.000000 0.059661 -0.241783
345.000000 163.000000 0.078501 -0.241783
382.000000 163.000000 0.194682 -0.241783
394.000000 163.000000 0.232363 -0.241783
425.000000 163.000000 0.329704 -0.241783
458.000000 163.000000 0.433325 -0.241783
460.000000 163.000000 0.439605 -0.241783
513.000000 163.000000 0.606027 -0.241783
195.000000 164.000000 -0.392505 -0.238643
239.000000 164.000000 -0.254343 -0.238643
317.000000 164.000000 -0.009420 -0.238643
386.000000 164.000000 0.207242 -0.238643
400.000000 164.000000 0.251203 -0.238643
431.000000 164.000000 0.348544 -0.238643
438.000000 164.000000 0.370524 -0.238643
451.000000 164.000000 0.411345 -0.238643
483.000000 164.000000 0.511826 -0.238643
521.000000 164.000000 0.631147 -0.238643
523.000000 164.000000 0.637428 -0.238643
336.000000 165.000000 0.050241 -0.235503
340.000000 165.000000 0.062801 -0.235503
373.000000 165.000000 0.166422 -0.235503
382.000000 165.000000 0.194682 -0.235503
392.000000 165.000000 0.226083 -0.235503
403.000000 165.000000 0.260623 -0.235503
429.000000 165.000000 0.342264 -0.235503
449.000000 165.000000 0.405065 -0.235503
458.000000 165.000000 0.433325 -0.235503
466.000000 165.000000 0.458445 -0.235503
479.000000 165.000000 0.499266 -0.235503
176.000000 166.000000 -0.452165 -0.232363
345.000000 166.000000 0.078501 -0.232363
362.000000 166.000000 0.131882 -0.232363
387.000000 166.000000 0.210382 -0.232363
425.000000 166.000000 0.329704 -0.232363
170.000000 167.000000 -0.471006 -0.229223
234.000000 167.000000 -0.270043 -0.229223
238.000000 167.000000 -0.257483 -0.229223
298.000000 167.000000 -0.069081 -0.229223
316.000000 167.000000 -0.012560 -0.229223
338.000000 167.000000 0.056521 -0.229223
347.000000 167.000000 0.084781 -0.229223
390.000000 167.000000 0.219803 -0.229223
463.000000 167.000000 0.449025 -0.229223
525.000000 167.000000 0.643708 -0.229223
77.000000 168.000000 -0.763029 -0.226083
193.000000 168.000000 -0.398785 -0.226083
236.000000 168.000000 -0.263763 -0.226083
311.000000 168.000000 -0.028260 -0.226083
342.000000 168.000000 0.069081 -0.226083
386.000000 168.000000 0.207242 -0.226083
397.000000 168.000000 0.241783 -0.226083
435.000000 168.000000 0.361104 -0.226083
457.000000 168.000000 0.430185 -0.226083
569.000000 168.000000 0.781869 -0.226083
169.000000 169.000000 -0.474146 -0.222943
254.000000 169.000000 -0.207242 -0.222943
256.000000 169.000000 -0.200962 -0.222943
317.000000 169.000000 -0.009420 -0.222943
329.000000 169.000000 0.028260 -0.222943
331.000000 169.000000 0.034540 -0.222943
374.000000 169.000000 0.169562 -0.222943
402.000000 169.000000 0.257483 -0.222943
234.000000 170.000000 -0.270043 -0.219803
236.000000 170.000000 -0.263763 -0.219803
243.000000 170.000000 -0.241783 -0.219803
258.000000 170.000000 -0.194682 -0.219803
314.000000 170.000000 -0.018840 -0.219803
326.000000 170.000000 0.018840 -0.219803
397.000000 170.000000 0.241783 -0.219803
424.000000 170.000000 0.326564 -0.219803
432.000000 170.000000 0.351684 -0.219803
439.000000 170.000000 0.373664 -0.219803
444.000000 170.000000 0.389365 -0.219803
452.000000 170.000000 0.414485 -0.219803
462.000000 170.000000 0.445885 -0.219803
181.000000 171.000000 -0.436465 -0.216663
192.000000 171.000000 -0.401925 -0.216663
251.000000 171.000000 -0.216663 -0.216663
382.000000 171.000000 0.194682 -0.216663
434.000000 171.000000 0.357964 -0.216663
450.000000 171.000000 0.408205 -0.216663
189.000000 172.000000 -0.411345 -0.213523
337.000000 172.000000 0.053381 -0.213523
342.000000 172.000000 0.069081 -0.213523
346.000000 172.000000 0.081641 -0.213523
352.000000 172.000000 0.100481 -0.213523
438.000000 172.000000 0.370524 -0.213523
463.000000 172.000000 0.449025 -0.213523
552.000000 172.000000 0.728489 -0.213523
194.000000 173.000000 -0.395645 -0.210382
309.000000 173.000000 -0.034540 -0.210382
328.000000 173.000000 0.025120 -0.210382
445.000000 173.000000 0.392505 -0.210382
474.000000 173.000000 0.483566 -0.210382
516.000000 173.000000 0.615447 -0.210382
128.000000 174.000000 -0.602887 -0.207242
248.000000 174.000000 -0.226083 -0.207242
256.000000 174.000000 -0.200962 -0.207242
322.000000 174.000000 0.006280 -0.207242
384.000000 174.000000 0.200962 -0.207242
396.000000 174.000000 0.238643 -0.207242
443.000000 174.000000 0.386225 -0.207242
467.000000 174.000000 0.461585 -0.207242
523.000000 174.000000 0.637428 -0.207242
194.000000 175.000000 -0.395645 -0.204102
252.000000 175.000000 -0.213523 -0.204102
259.000000 175.000000 -0.191542 -0.204102
377.000000 175.000000 0.178982 -0.204102
401.000000 175.000000 0.254343 -0.204102
428.000000 175.000000 0.339124 -0.204102
450.000000 175.000000 0.408205 -0.204102
457.000000 175.000000 0.430185 -0.204102
546.000000 175.000000 0.709648 -0.204102
559.000000 175.000000 0.750469 -0.204102
90.000000 176.000000 -0.722209 -0.200962
128.000000 176.000000 -0.602887 -0.200962
169.000000 176.000000 -0.474146 -0.200962
216.000000 176.000000 -0.326564 -0.200962
264.000000 176.000000 -0.175842 -0.200962
345.000000 176.000000 0.078501 -0.200962
355.000000 176.000000 0.109901 -0.200962
361.000000 176.000000 0.128742 -0.200962
410.000000 176.000000 0.282603 -0.200962
468.000000 176.000000 0.464725 -0.200962
167.000000 177.000000 -0.480426 -0.197822
192.000000 177.000000 -0.401925 -0.197822
235.000000 177.000000 -0.266903 -0.197822
379.000000 177.000000 0.185262 -0.197822
397.000000 177.000000 0.241783 -0.197822
417.000000 177.000000 0.304584 -0.197822
479.000000 177.000000 0.499266 -0.197822
486.000000 177.000000 0.521246 -0.197822
194.000000 178.000000 -0.395645 -0.194682
268.000000 178.000000 -0.163282 -0.194682
296.000000 178.000000 -0.075361 -0.194682
401.000000 178.000000 0.254343 -0.194682
423.000000 178.000000 0.323424 -0.194682
519.000000 178.000000 0.624867 -0.194682
575.000000 178.000000 0.800709 -0.194682
211.000000 179.000000 -0.342264 -0.191542
213.000000 179.000000 -0.335984 -0.191542
217.000000 179.000000 -0.323424 -0.191542
230.000000 179.000000 -0.282603 -0.191542
302.000000 179.000000 -0.056521 -0.191542
305.000000 179.000000 -0.047101 -0.191542
321.000000 179.000000 0.003140 -0.191542
394.000000 179.000000 0.232363 -0.191542
405.000000 179.000000 0.266903 -0.191542
428.000000 179.000000 0.339124 -0.191542
436.000000 179.000000 0.364244 -0.191542
514.000000 179.000000 0.609167 -0.191542
628.000000 179.000000 0.967131 -0.191542
221.000000 180.000000 -0.310864 -0.188402
299.000000 180.000000 -0.065941 -0.188402
309.000000 180.000000 -0.034540 -0.188402
344.000000 180.000000 0.075361 -0.188402
350.000000 180.000000 0.094201 -0.188402
352.000000 180.000000 0.100481 -0.188402
410.000000 180.000000 0.282603 -0.188402
443.000000 180.000000 0.386225 -0.188402
194.000000 181.000000 -0.395645 -0.185262
198.000000 181.000000 -0.383085 -0.185262
306.000000 181.000000 -0.043961 -0.185262
314.000000 181.000000 -0.018840 -0.185262
394.000000 181.000000 0.232363 -0.185262
414.000000 181.000000 0.295163 -0.185262
425.000000 181.000000 0.329704 -0.185262
433.000000 181.000000 0.354824 -0.185262
448.000000 181.000000 0.401925 -0.185262
486.000000 181.000000 0.521246 -0.185262
515.000000 181.000000 0.612307 -0.185262
168.000000 182.000000 -0.477286 -0.182122
207.000000 182.000000 -0.354824 -0.182122
401.000000 182.000000 0.254343 -0.182122
419.000000 182.000000 0.310864 -0.182122
564.000000 182.000000 0.766169 -0.182122
156.000000 183.000000 -0.514966 -0.178982
317.000000 183.000000 -0.009420 -0.178982
323.000000 183.000000 0.009420 -0.178982
379.000000 183.000000 0.185262 -0.178982
393.000000 183.000000 0.229223 -0.178982
431.000000 183.000000 0.348544 -0.178982
127.000000 184.000000 -0.606027 -0.175842
188.000000 184.000000 -0.414485 -0.175842
190.000000 184.000000 -0.408205 -0.175842
286.000000 184.000000 -0.106761 -0.175842
315.000000 184.000000 -0.015700 -0.175842
320.000000 184.000000 -0.000000 -0.175842
406.000000 184.000000 0.270043 -0.175842
409.000000 184.000000 0.279463 -0.175842
411.000000 184.000000 0.285743 -0.175842
429.000000 184.000000 0.342264 -0.175842
438.000000 184.000000 0.370524 -0.175842
444.000000 184.000000 0.389365 -0.175842
454.000000 184.000000 0.420765 -0.175842
477.000000 184.000000 0.492986 -0.175842
558.000000 184.000000 0.747329 -0.175842
146.000000 185.000000 -0.546366 -0.172702
180.000000 185.000000 -0.439605 -0.172702
291.000000 185.000000 -0.091061 -0.172702
326.000000 185.000000 0.018840 -0.172702
332.000000 185.000000 0.037680 -0.172702
343.000000 185.000000 0.072221 -0.172702
393.000000 185.000000 0.229223 -0.172702
395.000000 185.000000 0.235503 -0.172702
416.000000 185.000000 0.301444 -0.172702
426.000000 185.000000 0.332844 -0.172702
433.000000 185.000000 0.354824 -0.172702
447.000000 185.000000 0.398785 -0.172702
587.000000 185.000000 0.838390 -0.172702
98.000000 186.000000 -0.697088 -0.169562
173.000000 186.000000 -0.461585 -0.169562
289.000000 186.000000 -0.097341 -0.169562
300.000000 186.000000 -0.062801 -0.169562
317.000000 186.000000 -0.009420 -0.169562
402.000000 186.000000 0.257483 -0.169562
405.000000 186.000000 0.266903 -0.169562
423.000000 186.000000 0.323424 -0.169562
439.000000 186.000000 0.373664 -0.169562
96.000000 187.000000 -0.703368 -0.166422
296.000000 187.000000 -0.075361 -0.166422
314.000000 187.000000 -0.018840 -0.166422
328.000000 187.000000 0.025120 -0.166422
336.000000 187.000000 0.050241 -0.166422
392.000000 187.000000 0.226083 -0.166422
442.000000 187.000000 0.383085 -0.166422
449.000000 187.000000 0.405065 -0.166422
125.000000 188.000000 -0.612307 -0.163282
299.000000 188.000000 -0.065941 -0.163282
333.000000 188.000000 0.040820 -0.163282
416.000000 188.000000 0.301444 -0.163282
426.000000 188.000000 0.332844 -0.163282
451.000000 188.000000 0.411345 -0.163282
77.000000 189.000000 -0.763029 -0.160142
288.000000 189.000000 -0.100481 -0.160142
316.000000 189.000000 -0.012560 -0.160142
325.000000 189.000000 0.015700 -0.160142
340.000000 189.000000 0.062801 -0.160142
349.000000 189.000000 0.091061 -0.160142
404.000000 189.000000 0.263763 -0.160142
421.000000 189.000000 0.317144 -0.160142
423.000000 189.000000 0.323424 -0.160142
435.000000 189.000000 0.361104 -0.160142
441.000000 189.000000 0.379945 -0.160142
449.000000 189.000000 0.405065 -0.160142
457.000000 189.000000 0.430185 -0.160142
461.000000 189.000000 0.442745 -0.160142
509.000000 189.000000 0.593467 -0.160142
517.000000 189.000000 0.618587 -0.160142
98.000000 190.000000 -0.697088 -0.157002
303.000000 190.000000 -0.053381 -0.157002
331.000000 190.000000 0.034540 -0.157002
342.000000 190.000000 0.069081 -0.157002
377.000000 190.000000 0.178982 -0.157002
430.000000 190.000000 0.345404 -0.157002
437.000000 190.000000 0.367384 -0.157002
503.000000 190.000000 0.574627 -0.157002
84.000000 191.000000 -0.741049 -0.153862
121.000000 191.000000 -0.624867 -0.153862
126.000000 191.000000 -0.609167 -0.153862
131.000000 191.000000 -0.593467 -0.153862
278.000000 191.000000 -0.131882 -0.153862
336.000000 191.000000 0.050241 -0.153862
450.000000 191.000000 0.408205 -0.153862
475.000000 191.000000 0.486706 -0.153862
483.000000 191.000000 0.511826 -0.153862
515.000000 191.000000 0.612307 -0.153862
82.000000 192.000000 -0.747329 -0.150722
96.000000 192.000000 -0.703368 -0.150722
275.000000 192.000000 -0.141302 -0.150722
282.000000 192.000000 -0.119321 -0.150722
298.000000 192.000000 -0.069081 -0.150722
301.000000 192.000000 -0.059661 -0.150722
314.000000 192.000000 -0.018840 -0.150722
341.000000 192.000000 0.065941 -0.150722
391.000000 192.000000 0.222943 -0.150722
393.000000 192.000000 0.229223 -0.150722
443.000000 192.000000 0.386225 -0.150722
131.000000 193.000000 -0.593467 -0.147582
273.000000 193.000000 -0.147582 -0.147582
278.000000 193.000000 -0.131882 -0.147582
304.000000 193.000000 -0.050241 -0.147582
366.000000 193.000000 0.144442 -0.147582
399.000000 193.000000 0.248063 -0.147582
419.000000 193.000000 0.310864 -0.147582
426.000000 193.000000 0.332844 -0.147582
434.000000 193.000000 0.357964 -0.147582
440.000000 193.000000 0.376804 -0.147582
489.000000 193.000000 0.530666 -0.147582
307.000000 194.000000 -0.040820 -0.144442
310.000000 194.000000 -0.031400 -0.144442
358.000000 194.000000 0.119321 -0.144442
437.000000 194.000000 0.367384 -0.144442
456.000000 194.000000 0.427045 -0.144442
461.000000 194.000000 0.442745 -0.144442
545.000000 194.000000 0.706508 -0.144442
81.000000 195.000000 -0.750469 -0.141302
85.000000 195.000000 -0.737909 -0.141302
95.000000 195.000000 -0.706508 -0.141302
270.000000 195.000000 -0.157002 -0.141302
313.000000 195.000000 -0.021980 -0.141302
320.000000 195.000000 -0.000000 -0.141302
324.000000 195.000000 0.012560 -0.141302
363.000000 195.000000 0.135022 -0.141302
392.000000 195.000000 0.226083 -0.141302
425.000000 195.000000 0.329704 -0.141302
429.000000 195.000000 0.342264 -0.141302
435.000000 195.000000 0.361104 -0.141302
463.000000 195.000000 0.449025 -0.141302
541.000000 195.000000 0.693948 -0.141302
602.000000 195.000000 0.885490 -0.141302
97.000000 196.000000 -0.700228 -0.138162
432.000000 196.000000 0.351684 -0.138162
443.000000 196.000000 0.386225 -0.138162
451.000000 196.000000 0.411345 -0.138162
453.000000 196.000000 0.417625 -0.138162
75.000000 197.000000 -0.769309 -0.135022
94.000000 197.000000 -0.709648 -0.135022
270.000000 197.000000 -0.157002 -0.135022
333.000000 197.000000 0.040820 -0.135022
372.000000 197.000000 0.163282 -0.135022
419.000000 197.000000 0.310864 -0.135022
425.000000 197.000000 0.329704 -0.135022
469.000000 197.000000 0.467866 -0.135022
545.000000 197.000000 0.706508 -0.135022
98.000000 198.000000 -0.697088 -0.131882
330.000000 198.000000 0.031400 -0.131882
339.000000 198.000000 0.059661 -0.131882
346.000000 198.000000 0.081641 -0.131882
389.000000 198.000000 0.216663 -0.131882
392.000000 198.000000 0.226083 -0.131882
422.000000 198.000000 0.320284 -0.131882
436.000000 198.000000 0.364244 -0.131882
456.000000 198.000000 0.427045 -0.131882
513.000000 198.000000 0.606027 -0.131882
260.000000 199.000000 -0.188402 -0.128742
265.000000 199.000000 -0.172702 -0.128742
333.000000 199.000000 0.040820 -0.128742
508.000000 199.000000 0.590327 -0.128742
343.000000 200.000000 0.072221 -0.125601
389.000000 200.000000 0.216663 -0.125601
392.000000 200.000000 0.226083 -0.125601
419.000000 200.000000 0.310864 -0.125601
422.000000 200.000000 0.320284 -0.125601
466.000000 200.000000 0.458445 -0.125601
259.000000 201.000000 -0.191542 -0.122461
350.000000 201.000000 0.094201 -0.122461
404.000000 201.000000 0.263763 -0.122461
411.000000 201.000000 0.285743 -0.122461
413.000000 201.000000 0.292023 -0.122461
479.000000 201.000000 0.499266 -0.122461
346.000000 202.000000 0.081641 -0.119321
373.000000 202.000000 0.166422 -0.119321
376.000000 202.000000 0.175842 -0.119321
255.000000 203.000000 -0.204102 -0.116181
342.000000 203.000000 0.069081 -0.116181
355.000000 203.000000 0.109901 -0.116181
357.000000 203.000000 0.116181 -0.116181
379.000000 203.000000 0.185262 -0.116181
385.000000 203.000000 0.204102 -0.116181
544.000000 203.000000 0.703368 -0.116181
611.000000 203.000000 0.913751 -0.116181
619.000000 203.000000 0.938871 -0.116181
250.000000 204.000000 -0.219803 -0.113041
359.000000 204.000000 0.122461 -0.113041
388.000000 204.000000 0.213523 -0.113041
431.000000 204.000000 0.348544 -0.113041
481.000000 204.000000 0.505546 -0.113041
546.000000 204.000000 0.709648 -0.113041
364.000000 205.000000 0.138162 -0.109901
391.000000 205.000000 0.222943 -0.109901
396.000000 205.000000 0.238643 -0.109901
398.000000 205.000000 0.244923 -0.109901
412.000000 205.000000 0.288883 -0.109901
416.000000 205.000000 0.301444 -0.109901
537.000000 205.000000 0.681388 -0.109901
610.000000 205.000000 0.910611 -0.109901
394.000000 206.000000 0.232363 -0.106761
522.000000 206.000000 0.634288 -0.106761
242.000000 207.000000 -0.244923 -0.103621
375.000000 207.000000 0.172702 -0.103621
399.000000 207.000000 0.248063 -0.103621
408.000000 207.000000 0.276323 -0.103621
413.000000 207.000000 0.292023 -0.103621
418.000000 207.000000 0.307724 -0.103621
420.000000 207.000000 0.314004 -0.103621
245.000000 208.000000 -0.235503 -0.100481
331.000000 208.000000 0.034540 -0.100481
337.000000 208.000000 0.053381 -0.100481
403.000000 208.000000 0.260623 -0.100481
406.000000 208.000000 0.270043 -0.100481
487.000000 208.000000 0.524386 -0.100481
382.000000 209.000000 0.194682 -0.097341
449.000000 209.000000 0.405065 -0.097341
467.000000 209.000000 0.461585 -0.097341
471.000000 209.000000 0.474146 -0.097341
505.000000 209.000000 0.580907 -0.097341
525.000000 209.000000 0.643708 -0.097341
387.000000 210.000000 0.210382 -0.094201
389.000000 210.000000 0.216663 -0.094201
404.000000 210.000000 0.263763 -0.094201
409.000000 210.000000 0.279463 -0.094201
411.000000 210.000000 0.285743 -0.094201
458.000000 210.000000 0.433325 -0.094201
500.000000 210.000000 0.565207 -0.094201
550.000000 210.000000 0.722209 -0.094201
338.000000 211.000000 0.056521 -0.091061
343.000000 211.000000 0.072221 -0.091061
351.000000 211.000000 0.097341 -0.091061
359.000000 211.000000 0.122461 -0.091061
362.000000 211.000000 0.131882 -0.091061
417.000000 211.000000 0.304584 -0.091061
537.000000 211.000000 0.681388 -0.091061
226.000000 212.000000 -0.295163 -0.087921
237.000000 212.000000 -0.260623 -0.087921
245.000000 212.000000 -0.235503 -0.087921
365.000000 212.000000 0.141302 -0.087921
628.000000 212.000000 0.967131 -0.087921
228.000000 213.000000 -0.288883 -0.084781
349.000000 213.000000 0.091061 -0.084781
416.000000 213.000000 0.301444 -0.084781
225.000000 214.000000 -0.298304 -0.081641
241.000000 214.000000 -0.248063 -0.081641
406.000000 214.000000 0.270043 -0.081641
213.000000 215.000000 -0.335984 -0.078501
230.000000 215.000000 -0.282603 -0.078501
238.000000 215.000000 -0.257483 -0.078501
356.000000 215.000000 0.113041 -0.078501
418.000000 215.000000 0.307724 -0.078501
433.000000 215.000000 0.354824 -0.078501
74.000000 216.000000 -0.772449 -0.075361
232.000000 216.000000 -0.276323 -0.075361
385.000000 216.000000 0.204102 -0.075361
400.000000 216.000000 0.251203 -0.075361
405.000000 216.000000 0.266903 -0.075361
427.000000 216.000000 0.335984 -0.075361
388.000000 217.000000 0.213523 -0.072221
515.000000 217.000000 0.612307 -0.072221
353.000000 218.000000 0.103621 -0.069081
571.000000 219.000000 0.788149 -0.065941
593.000000 219.000000 0.857230 -0.065941
57.000000 220.000000 -0.825830 -0.062801
208.000000 220.000000 -0.351684 -0.062801
221.000000 220.000000 -0.310864 -0.062801
347.000000 220.000000 0.084781 -0.062801
356.000000 220.000000 0.113041 -0.062801
395.000000 220.000000 0.235503 -0.062801
431.000000 220.000000 0.348544 -0.062801
557.000000 220.000000 0.744189 -0.062801
214.000000 221.000000 -0.332844 -0.059661
219.000000 221.000000 -0.317144 -0.059661
464.000000 221.000000 0.452165 -0.059661
469.000000 221.000000 0.467866 -0.059661
575.000000 221.000000 0.800709 -0.059661
348.000000 222.000000 0.087921 -0.056521
565.000000 222.000000 0.769309 -0.056521
588.000000 222.000000 0.841530 -0.056521
5.000000 223.000000 -0.989112 -0.053381
41.000000 223.000000 -0.876070 -0.053381
209.000000 223.000000 -0.348544 -0.053381
352.000000 223.000000 0.100481 -0.053381
215.000000 224.000000 -0.329704 -0.050241
405.000000 224.000000 0.266903 -0.050241
597.000000 224.000000 0.869790 -0.050241
621.000000 224.000000 0.945151 -0.050241
12.000000 225.000000 -0.967131 -0.047101
17.000000 226.000000 -0.951431 -0.043961
394.000000 226.000000 0.232363 -0.043961
7.000000 227.000000 -0.982832 -0.040820
10.000000 227.000000 -0.973412 -0.040820
429.000000 227.000000 0.342264 -0.040820
464.000000 227.000000 0.452165 -0.040820
573.000000 227.000000 0.794429 -0.040820
353.000000 228.000000 0.103621 -0.037680
389.000000 228.000000 0.216663 -0.037680
395.000000 228.000000 0.235503 -0.037680
227.000000 229.000000 -0.292023 -0.034540
418.000000 229.000000 0.307724 -0.034540
532.000000 229.000000 0.665688 -0.034540
345.000000 230.000000 0.078501 -0.031400
348.000000 230.000000 0.087921 -0.031400
396.000000 231.000000 0.238643 -0.028260
408.000000 231.000000 0.276323 -0.028260
565.000000 231.000000 0.769309 -0.028260
229.000000 232.000000 -0.285743 -0.025120
243.000000 232.000000 -0.241783 -0.025120
386.000000 232.000000 0.207242 -0.025120
562.000000 232.000000 0.759889 -0.025120
567.000000 232.000000 0.775589 -0.025120
194.000000 233.000000 -0.395645 -0.021980
119.000000 234.000000 -0.631147 -0.018840
239.000000 234.000000 -0.254343 -0.018840
348.000000 234.000000 0.087921 -0.018840
407.000000 234.000000 0.273183 -0.018840
476.000000 234.000000 0.489846 -0.018840
526.000000 234.000000 0.646848 -0.018840
331.000000 235.000000 0.034540 -0.015700
352.000000 235.000000 0.100481 -0.015700
555.000000 235.000000 0.737909 -0.015700
81.000000 237.000000 -0.750469 -0.009420
147.000000 237.000000 -0.543226 -0.009420
353.000000 237.000000 0.103621 -0.009420
384.000000 237.000000 0.200962 -0.009420
68.000000 238.000000 -0.791289 -0.006280
71.000000 238.000000 -0.781869 -0.006280
74.000000 238.000000 -0.772449 -0.006280
244.000000 238.000000 -0.238643 -0.006280
339.000000 238.000000 0.059661 -0.006280
81.000000 239.000000 -0.750469 -0.003140
91.000000 239.000000 -0.719069 -0.003140
238.000000 239.000000 -0.257483 -0.003140
346.000000 239.000000 0.081641 -0.003140
329.000000 240.000000 0.028260 0.000000
340.000000 240.000000 0.062801 0.000000
350.000000 240.000000 0.094201 0.000000
445.000000 240.000000 0.392505 0.000000
518.000000 240.000000 0.621727 0.000000
125.000000 241.000000 -0.612307 0.003140
217.000000 241.000000 -0.323424 0.003140
281.000000 241.000000 -0.122461 0.003140
78.000000 242.000000 -0.759889 0.006280
131.000000 242.000000 -0.593467 0.006280
362.000000 242.000000 0.131882 0.006280
401.000000 242.000000 0.254343 0.006280
470.000000 242.000000 0.471006 0.006280
80.000000 243.000000 -0.753609 0.009420
342.000000 243.000000 0.069081 0.009420
348.000000 243.000000 0.087921 0.009420
355.000000 243.000000 0.109901 0.009420
414.000000 243.000000 0.295163 0.009420
511.000000 243.000000 0.599747 0.009420
159.000000 244.000000 -0.505546 0.012560
479.000000 244.000000 0.499266 0.012560
541.000000 244.000000 0.693948 0.012560
89.000000 245.000000 -0.725349 0.015700
153.000000 245.000000 -0.524386 0.015700
213.000000 245.000000 -0.335984 0.015700
230.000000 245.000000 -0.282603 0.015700
419.000000 245.000000 0.310864 0.015700
509.000000 245.000000 0.593467 0.015700
527.000000 245.000000 0.649988 0.015700
209.000000 246.000000 -0.348544 0.018840
245.000000 246.000000 -0.235503 0.018840
144.000000 247.000000 -0.552647 0.021980
205.000000 247.000000 -0.361104 0.021980
310.000000 247.000000 -0.031400 0.021980
552.000000 247.000000 0.728489 0.021980
226.000000 248.000000 -0.295163 0.025120
118.000000 249.000000 -0.634288 0.028260
120.000000 249.000000 -0.628007 0.028260
205.000000 249.000000 -0.361104 0.028260
228.000000 249.000000 -0.288883 0.028260
401.000000 249.000000 0.254343 0.028260
153.000000 250.000000 -0.524386 0.031400
170.000000 250.000000 -0.471006 0.031400
489.000000 250.000000 0.530666 0.031400
502.000000 250.000000 0.571487 0.031400
374.000000 251.000000 0.169562 0.034540
457.000000 251.000000 0.430185 0.034540
432.000000 252.000000 0.351684 0.037680
130.000000 253.000000 -0.596607 0.040820
546.000000 253.000000 0.709648 0.040820
381.000000 254.000000 0.191542 0.043961
193.000000 255.000000 -0.398785 0.047101
345.000000 255.000000 0.078501 0.047101
354.000000 255.000000 0.106761 0.047101
160.000000 256.000000 -0.502406 0.050241
358.000000 256.000000 0.119321 0.050241
406.000000 256.000000 0.270043 0.050241
410.000000 256.000000 0.282603 0.050241
339.000000 257.000000 0.059661 0.053381
341.000000 257.000000 0.065941 0.053381
367.000000 257.000000 0.147582 0.053381
572.000000 257.000000 0.791289 0.053381
188.000000 258.000000 -0.414485 0.056521
334.000000 258.000000 0.043961 0.056521
532.000000 258.000000 0.665688 0.056521
164.000000 259.000000 -0.489846 0.059661
340.000000 259.000000 0.062801 0.059661
416.000000 259.000000 0.301444 0.059661
419.000000 259.000000 0.310864 0.059661
450.000000 259.000000 0.408205 0.059661
577.000000 259.000000 0.806990 0.059661
581.000000 259.000000 0.819550 0.059661
209.000000 260.000000 -0.348544 0.062801
428.000000 260.000000 0.339124 0.062801
3.000000 261.000000 -0.995392 0.065941
136.000000 261.000000 -0.577767 0.065941
217.000000 261.000000 -0.323424 0.065941
335.000000 261.000000 0.047101 0.065941
158.000000 262.000000 -0.508686 0.069081
201.000000 262.000000 -0.373664 0.069081
204.000000 262.000000 -0.364244 0.069081
206.000000 262.000000 -0.357964 0.069081
332.000000 262.000000 0.037680 0.069081
376.000000 262.000000 0.175842 0.069081
379.000000 262.000000 0.185262 0.069081
403.000000 262.000000 0.260623 0.069081
163.000000 263.000000 -0.492986 0.072221
220.000000 263.000000 -0.314004 0.072221
302.000000 263.000000 -0.056521 0.072221
428.000000 263.000000 0.339124 0.072221
539.000000 263.000000 0.687668 0.072221
569.000000 263.000000 0.781869 0.072221
121.000000 264.000000 -0.624867 0.075361
412.000000 264.000000 0.288883 0.075361
417.000000 264.000000 0.304584 0.075361
156.000000 265.000000 -0.514966 0.078501
194.000000 265.000000 -0.395645 0.078501
337.000000 265.000000 0.053381 0.078501
364.000000 265.000000 0.138162 0.078501
433.000000 265.000000 0.354824 0.078501
547.000000 265.000000 0.712788 0.078501
13.000000 266.000000 -0.963991 0.081641
167.000000 266.000000 -0.480426 0.081641
339.000000 266.000000 0.059661 0.081641
400.000000 266.000000 0.251203 0.081641
404.000000 266.000000 0.263763 0.081641
611.000000 266.000000 0.913751 0.081641
23.000000 267.000000 -0.932591 0.084781
165.000000 267.000000 -0.486706 0.084781
270.000000 267.000000 -0.157002 0.084781
167.000000 268.000000 -0.480426 0.087921
170.000000 268.000000 -0.471006 0.087921
176.000000 268.000000 -0.452165 0.087921
186.000000 268.000000 -0.420765 0.087921
200.000000 268.000000 -0.376804 0.087921
211.000000 268.000000 -0.342264 0.087921
401.000000 268.000000 0.254343 0.087921
542.000000 268.000000 0.697088 0.087921
9.000000 269.000000 -0.976552 0.091061
194.000000 269.000000 -0.395645 0.091061
206.000000 269.000000 -0.357964 0.091061
584.000000 269.000000 0.828970 0.091061
4.000000 270.000000 -0.992252 0.094201
411.000000 270.000000 0.285743 0.094201
432.000000 270.000000 0.351684 0.094201
34.000000 271.000000 -0.898051 0.097341
165.000000 271.000000 -0.486706 0.097341
410.000000 272.000000 0.282603 0.100481
159.000000 273.000000 -0.505546 0.103621
182.000000 273.000000 -0.433325 0.103621
223.000000 273.000000 -0.304584 0.103621
412.000000 273.000000 0.288883 0.103621
425.000000 273.000000 0.329704 0.103621
514.000000 273.000000 0.609167 0.103621
615.000000 273.000000 0.926311 0.103621
130.000000 274.000000 -0.596607 0.106761
134.000000 274.000000 -0.584047 0.106761
165.000000 274.000000 -0.486706 0.106761
194.000000 274.000000 -0.395645 0.106761
209.000000 274.000000 -0.348544 0.106761
238.000000 274.000000 -0.257483 0.106761
430.000000 274.000000 0.345404 0.106761
458.000000 274.000000 0.433325 0.106761
566.000000 274.000000 0.772449 0.106761
633.000000 274.000000 0.982832 0.106761
150.000000 275.000000 -0.533806 0.109901
342.000000 275.000000 0.069081 0.109901
374.000000 275.000000 0.169562 0.109901
452.000000 275.000000 0.414485 0.109901
601.000000 275.000000 0.882350 0.109901
21.000000 276.000000 -0.938871 0.113041
74.000000 276.000000 -0.772449 0.113041
156.000000 276.000000 -0.514966 0.113041
253.000000 276.000000 -0.210382 0.113041
415.000000 276.000000 0.298304 0.113041
456.000000 276.000000 0.427045 0.113041
527.000000 276.000000 0.649988 0.113041
14.000000 277.000000 -0.960851 0.116181
50.000000 277.000000 -0.847810 0.116181
122.000000 277.000000 -0.621727 0.116181
138.000000 277.000000 -0.571487 0.116181
152.000000 277.000000 -0.527526 0.116181
185.000000 277.000000 -0.423905 0.116181
243.000000 277.000000 -0.241783 0.116181
431.000000 277.000000 0.348544 0.116181
447.000000 277.000000 0.398785 0.116181
491.000000 277.000000 0.536946 0.116181
150.000000 278.000000 -0.533806 0.119321
260.000000 278.000000 -0.188402 0.119321
319.000000 278.000000 -0.003140 0.119321
421.000000 278.000000 0.317144 0.119321
449.000000 278.000000 0.405065 0.119321
4.000000 279.000000 -0.992252 0.122461
13.000000 279.000000 -0.963991 0.122461
30.000000 279.000000 -0.910611 0.122461
73.000000 279.000000 -0.775589 0.122461
77.000000 279.000000 -0.763029 0.122461
93.000000 279.000000 -0.712788 0.122461
110.000000 279.000000 -0.659408 0.122461
255.000000 279.000000 -0.204102 0.122461
289.000000 279.000000 -0.097341 0.122461
315.000000 279.000000 -0.015700 0.122461
429.000000 279.000000 0.342264 0.122461
455.000000 279.000000 0.423905 0.122461
581.000000 279.000000 0.819550 0.122461
36.000000 280.000000 -0.891771 0.125601
271.000000 280.000000 -0.153862 0.125601
304.000000 280.000000 -0.050241 0.125601
336.000000 280.000000 0.050241 0.125601
353.000000 280.000000 0.103621 0.125601
18.000000 281.000000 -0.948291 0.128742
27.000000 281.000000 -0.920031 0.128742
77.000000 281.000000 -0.763029 0.128742
340.000000 281.000000 0.062801 0.128742
425.000000 281.000000 0.329704 0.128742
21.000000 282.000000 -0.938871 0.131882
166.000000 282.000000 -0.483566 0.131882
283.000000 282.000000 -0.116181 0.131882
303.000000 282.000000 -0.053381 0.131882
305.000000 282.000000 -0.047101 0.131882
569.000000 282.000000 0.781869 0.131882
84.000000 283.000000 -0.741049 0.135022
120.000000 283.000000 -0.628007 0.135022
142.000000 283.000000 -0.558927 0.135022
174.000000 283.000000 -0.458445 0.135022
189.000000 283.000000 -0.411345 0.135022
296.000000 283.000000 -0.075361 0.135022
427.000000 283.000000 0.335984 0.135022
518.000000 283.000000 0.621727 0.135022
3.000000 284.000000 -0.995392 0.138162
37.000000 284.000000 -0.888631 0.138162
40.000000 284.000000 -0.879210 0.138162
128.000000 284.000000 -0.602887 0.138162
293.000000 284.000000 -0.084781 0.138162
6.000000 285.000000 -0.985972 0.141302
68.000000 285.000000 -0.791289 0.141302
74.000000 285.000000 -0.772449 0.141302
109.000000 285.000000 -0.662548 0.141302
248.000000 285.000000 -0.226083 0.141302
283.000000 285.000000 -0.116181 0.141302
342.000000 285.000000 0.069081 0.141302
351.000000 285.000000 0.097341 0.141302
530.000000 285.000000 0.659408 0.141302
16.000000 286.000000 -0.954571 0.144442
46.000000 286.000000 -0.860370 0.144442
78.000000 286.000000 -0.759889 0.144442
173.000000 286.000000 -0.461585 0.144442
286.000000 286.000000 -0.106761 0.144442
34.000000 287.000000 -0.898051 0.147582
166.000000 287.000000 -0.483566 0.147582
288.000000 287.000000 -0.100481 0.147582
333.000000 287.000000 0.040820 0.147582
437.000000 287.000000 0.367384 0.147582
8.000000 288.000000 -0.979692 0.150722
48.000000 288.000000 -0.854090 0.150722
164.000000 288.000000 -0.489846 0.150722
203.000000 288.000000 -0.367384 0.150722
280.000000 288.000000 -0.125601 0.150722
283.000000 288.000000 -0.116181 0.150722
323.000000 288.000000 0.009420 0.150722
377.000000 288.000000 0.178982 0.150722
390.000000 288.000000 0.219803 0.150722
446.000000 288.000000 0.395645 0.150722
57.000000 289.000000 -0.825830 0.153862
161.000000 289.000000 -0.499266 0.153862
358.000000 289.000000 0.119321 0.153862
368.000000 289.000000 0.150722 0.153862
399.000000 289.000000 0.248063 0.153862
22.000000 290.000000 -0.935731 0.157002
38.000000 290.000000 -0.885490 0.157002
40.000000 290.000000 -0.879210 0.157002
145.000000 290.000000 -0.549506 0.157002
320.000000 290.000000 -0.000000 0.157002
331.000000 290.000000 0.034540 0.157002
356.000000 290.000000 0.113041 0.157002
4.000000 291.000000 -0.992252 0.160142
20.000000 291.000000 -0.942011 0.160142
29.000000 291.000000 -0.913751 0.160142
74.000000 291.000000 -0.772449 0.160142
87.000000 291.000000 -0.731629 0.160142
297.000000 291.000000 -0.072221 0.160142
339.000000 291.000000 0.059661 0.160142
425.000000 291.000000 0.329704 0.160142
528.000000 291.000000 0.653128 0.160142
570.000000 291.000000 0.785009 0.160142
578.000000 291.000000 0.810130 0.160142
60.000000 292.000000 -0.816410 0.163282
286.000000 292.000000 -0.106761 0.163282
314.000000 292.000000 -0.018840 0.163282
324.000000 292.000000 0.012560 0.163282
329.000000 292.000000 0.028260 0.163282
359.000000 292.000000 0.122461 0.163282
399.000000 292.000000 0.248063 0.163282
488.000000 292.000000 0.527526 0.163282
85.000000 293.000000 -0.737909 0.166422
87.000000 293.000000 -0.731629 0.166422
106.000000 293.000000 -0.671968 0.166422
136.000000 293.000000 -0.577767 0.166422
158.000000 293.000000 -0.508686 0.166422
160.000000 293.000000 -0.502406 0.166422
306.000000 293.000000 -0.043961 0.166422
354.000000 293.000000 0.106761 0.166422
632.000000 293.000000 0.979692 0.166422
636.000000 293.000000 0.992252 0.166422
7.000000 294.000000 -0.982832 0.169562
79.000000 294.000000 -0.756749 0.169562
126.000000 294.000000 -0.609167 0.169562
132.000000 294.000000 -0.590327 0.169562
134.000000 294.000000 -0.584047 0.169562
350.000000 294.000000 0.094201 0.169562
436.000000 294.000000 0.364244 0.169562
504.000000 294.000000 0.577767 0.169562
9.000000 295.000000 -0.976552 0.172702
27.000000 295.000000 -0.920031 0.172702
139.000000 295.000000 -0.568347 0.172702
173.000000 295.000000 -0.461585 0.172702
204.000000 295.000000 -0.364244 0.172702
283.000000 295.000000 -0.116181 0.172702
338.000000 295.000000 0.056521 0.172702
425.000000 295.000000 0.329704 0.172702
432.000000 295.000000 0.351684 0.172702
445.000000 295.000000 0.392505 0.172702
634.000000 295.000000 0.985972 0.172702
636.000000 295.000000 0.992252 0.172702
6.000000 296.000000 -0.985972 0.175842
148.000000 296.000000 -0.540086 0.175842
341.000000 296.000000 0.065941 0.175842
354.000000 296.000000 0.106761 0.175842
383.000000 296.000000 0.197822 0.175842
443.000000 296.000000 0.386225 0.175842
537.000000 296.000000 0.681388 0.175842
4.000000 297.000000 -0.992252 0.178982
9.000000 297.000000 -0.976552 0.178982
11.000000 297.000000 -0.970271 0.178982
35.000000 297.000000 -0.894911 0.178982
59.000000 297.000000 -0.819550 0.178982
62.000000 297.000000 -0.810130 0.178982
106.000000 297.000000 -0.671968 0.178982
111.000000 297.000000 -0.656268 0.178982
158.000000 297.000000 -0.508686 0.178982
179.000000 297.000000 -0.442745 0.178982
283.000000 297.000000 -0.116181 0.178982
301.000000 297.000000 -0.059661 0.178982
360.000000 297.000000 0.125601 0.178982
415.000000 297.000000 0.298304 0.178982
425.000000 297.000000 0.329704 0.178982
541.000000 297.000000 0.693948 0.178982
601.000000 297.000000 0.882350 0.178982
20.000000 298.000000 -0.942011 0.182122
116.000000 298.000000 -0.640568 0.182122
130.000000 298.000000 -0.596607 0.182122
151.000000 298.000000 -0.530666 0.182122
291.000000 298.000000 -0.091061 0.182122
336.000000 298.000000 0.050241 0.182122
353.000000 298.000000 0.103621 0.182122
410.000000 298.000000 0.282603 0.182122
590.000000 298.000000 0.847810 0.182122
609.000000 298.000000 0.907471 0.182122
8.000000 299.000000 -0.979692 0.185262
24.000000 299.000000 -0.929451 0.185262
63.000000 299.000000 -0.806990 0.185262
65.000000 299.000000 -0.800709 0.185262
75.000000 299.000000 -0.769309 0.185262
89.000000 299.000000 -0.725349 0.185262
331.000000 299.000000 0.034540 0.185262
348.000000 299.000000 0.087921 0.185262
535.000000 299.000000 0.675108 0.185262
541.000000 299.000000 0.693948 0.185262
546.000000 299.000000 0.709648 0.185262
592.000000 299.000000 0.854090 0.185262
627.000000 299.000000 0.963991 0.185262
6.000000 300.000000 -0.985972 0.188402
14.000000 300.000000 -0.960851 0.188402
16.000000 300.000000 -0.954571 0.188402
20.000000 300.000000 -0.942011 0.188402
30.000000 300.000000 -0.910611 0.188402
96.000000 300.000000 -0.703368 0.188402
346.000000 300.000000 0.081641 0.188402
352.000000 300.000000 0.100481 0.188402
354.000000 300.000000 0.106761 0.188402
413.000000 300.000000 0.292023 0.188402
427.000000 300.000000 0.335984 0.188402
81.000000 301.000000 -0.750469 0.191542
91.000000 301.000000 -0.719069 0.191542
101.000000 301.000000 -0.687668 0.191542
327.000000 301.000000 0.021980 0.191542
340.000000 301.000000 0.062801 0.191542
378.000000 301.000000 0.182122 0.191542
444.000000 301.000000 0.389365 0.191542
471.000000 301.000000 0.474146 0.191542
521.000000 301.000000 0.631147 0.191542
623.000000 301.000000 0.951431 0.191542
628.000000 301.000000 0.967131 0.191542
53.000000 302.000000 -0.838390 0.194682
108.000000 302.000000 -0.665688 0.194682
115.000000 302.000000 -0.643708 0.194682
121.000000 302.000000 -0.624867 0.194682
348.000000 302.000000 0.087921 0.194682
359.000000 302.000000 0.122461 0.194682
364.000000 302.000000 0.138162 0.194682
466.000000 302.000000 0.458445 0.194682
597.000000 302.000000 0.869790 0.194682
83.000000 303.000000 -0.744189 0.197822
94.000000 303.000000 -0.709648 0.197822
112.000000 303.000000 -0.653128 0.197822
119.000000 303.000000 -0.631147 0.197822
148.000000 303.000000 -0.540086 0.197822
293.000000 303.000000 -0.084781 0.197822
333.000000 303.000000 0.040820 0.197822
344.000000 303.000000 0.075361 0.197822
381.000000 303.000000 0.191542 0.197822
464.000000 303.000000 0.452165 0.197822
615.000000 303.000000 0.926311 0.197822
19.000000 304.000000 -0.945151 0.200962
30.000000 304.000000 -0.910611 0.200962
288.000000 304.000000 -0.100481 0.200962
346.000000 304.000000 0.081641 0.200962
357.000000 304.000000 0.116181 0.200962
494.000000 304.000000 0.546366 0.200962
618.000000 304.000000 0.935731 0.200962
3.000000 305.000000 -0.995392 0.204102
337.000000 305.000000 0.053381 0.204102
23.000000 306.000000 -0.932591 0.207242
32.000000 306.000000 -0.904331 0.207242
43.000000 306.000000 -0.869790 0.207242
116.000000 306.000000 -0.640568 0.207242
152.000000 306.000000 -0.527526 0.207242
326.000000 306.000000 0.018840 0.207242
367.000000 306.000000 0.147582 0.207242
393.000000 306.000000 0.229223 0.207242
402.000000 306.000000 0.257483 0.207242
404.000000 306.000000 0.263763 0.207242
576.000000 306.000000 0.803850 0.207242
61.000000 307.000000 -0.813270 0.210382
130.000000 307.000000 -0.596607 0.210382
171.000000 307.000000 -0.467866 0.210382
269.000000 307.000000 -0.160142 0.210382
297.000000 307.000000 -0.072221 0.210382
338.000000 307.000000 0.056521 0.210382
344.000000 307.000000 0.075361 0.210382
372.000000 307.000000 0.163282 0.210382
406.000000 307.000000 0.270043 0.210382
423.000000 307.000000 0.323424 0.210382
13.000000 308.000000 -0.963991 0.213523
66.000000 308.000000 -0.797569 0.213523
73.000000 308.000000 -0.775589 0.213523
103.000000 308.000000 -0.681388 0.213523
340.000000 308.000000 0.062801 0.213523
362.000000 308.000000 0.131882 0.213523
430.000000 308.000000 0.345404 0.213523
523.000000 308.000000 0.637428 0.213523
36.000000 309.000000 -0.891771 0.216663
111.000000 309.000000 -0.656268 0.216663
314.000000 309.000000 -0.018840 0.216663
378.000000 309.000000 0.182122 0.216663
385.000000 309.000000 0.204102 0.216663
415.000000 309.000000 0.298304 0.216663
139.000000 310.000000 -0.568347 0.219803
214.000000 310.000000 -0.332844 0.219803
278.000000 310.000000 -0.131882 0.219803
84.000000 311.000000 -0.741049 0.222943
119.000000 311.000000 -0.631147 0.222943
358.000000 311.000000 0.119321 0.222943
371.000000 311.000000 0.160142 0.222943
623.000000 311.000000 0.951431 0.222943
299.000000 312.000000 -0.065941 0.226083
421.000000 312.000000 0.317144 0.226083
426.000000 312.000000 0.332844 0.226083
94.000000 313.000000 -0.709648 0.229223
106.000000 313.000000 -0.671968 0.229223
120.000000 313.000000 -0.628007 0.229223
136.000000 313.000000 -0.577767 0.229223
338.000000 313.000000 0.056521 0.229223
386.000000 313.000000 0.207242 0.229223
141.000000 314.000000 -0.562067 0.232363
177.000000 314.000000 -0.449025 0.232363
343.000000 314.000000 0.072221 0.232363
416.000000 314.000000 0.301444 0.232363
439.000000 314.000000 0.373664 0.232363
505.000000 314.000000 0.580907 0.232363
135.000000 315.000000 -0.580907 0.235503
206.000000 315.000000 -0.357964 0.235503
348.000000 315.000000 0.087921 0.235503
392.000000 315.000000 0.226083 0.235503
465.000000 315.000000 0.455305 0.235503
110.000000 316.000000 -0.659408 0.238643
126.000000 316.000000 -0.609167 0.238643
338.000000 316.000000 0.056521 0.238643
386.000000 316.000000 0.207242 0.238643
447.000000 316.000000 0.398785 0.238643
343.000000 317.000000 0.072221 0.241783
346.000000 317.000000 0.081641 0.241783
516.000000 317.000000 0.615447 0.241783
65.000000 318.000000 -0.800709 0.244923
108.000000 318.000000 -0.665688 0.244923
204.000000 318.000000 -0.364244 0.244923
500.000000 318.000000 0.565207 0.244923
84.000000 319.000000 -0.741049 0.248063
88.000000 319.000000 -0.728489 0.248063
116.000000 319.000000 -0.640568 0.248063
300.000000 319.000000 -0.062801 0.248063
338.000000 319.000000 0.056521 0.248063
436.000000 319.000000 0.364244 0.248063
460.000000 319.000000 0.439605 0.248063
491.000000 319.000000 0.536946 0.248063
514.000000 319.000000 0.609167 0.248063
303.000000 320.000000 -0.053381 0.251203
343.000000 320.000000 0.072221 0.251203
355.000000 320.000000 0.109901 0.251203
424.000000 320.000000 0.326564 0.251203
463.000000 320.000000 0.449025 0.251203
133.000000 321.000000 -0.587187 0.254343
146.000000 321.000000 -0.546366 0.254343
204.000000 321.000000 -0.364244 0.254343
323.000000 321.000000 0.009420 0.254343
378.000000 321.000000 0.182122 0.254343
443.000000 321.000000 0.386225 0.254343
532.000000 321.000000 0.665688 0.254343
110.000000 322.000000 -0.659408 0.257483
144.000000 322.000000 -0.552647 0.257483
337.000000 322.000000 0.053381 0.257483
554.000000 322.000000 0.734769 0.257483
49.000000 323.000000 -0.850950 0.260623
88.000000 323.000000 -0.728489 0.260623
100.000000 323.000000 -0.690808 0.260623
140.000000 323.000000 -0.565207 0.260623
427.000000 323.000000 0.335984 0.260623
341.000000 324.000000 0.065941 0.263763
378.000000 324.000000 0.182122 0.263763
459.000000 324.000000 0.436465 0.263763
477.000000 324.000000 0.492986 0.263763
546.000000 324.000000 0.709648 0.263763
569.000000 324.000000 0.781869 0.263763
205.000000 325.000000 -0.361104 0.266903
587.000000 325.000000 0.838390 0.266903
592.000000 325.000000 0.854090 0.266903
627.000000 325.000000 0.963991 0.266903
59.000000 327.000000 -0.819550 0.273183
247.000000 327.000000 -0.229223 0.273183
510.000000 327.000000 0.596607 0.273183
187.000000 328.000000 -0.417625 0.276323
484.000000 328.000000 0.514966 0.276323
394.000000 329.000000 0.232363 0.279463
441.000000 329.000000 0.379945 0.279463
14.000000 330.000000 -0.960851 0.282603
23.000000 330.000000 -0.932591 0.282603
34.000000 330.000000 -0.898051 0.282603
110.000000 330.000000 -0.659408 0.282603
298.000000 330.000000 -0.069081 0.282603
300.000000 330.000000 -0.062801 0.282603
310.000000 330.000000 -0.031400 0.282603
360.000000 330.000000 0.125601 0.282603
424.000000 330.000000 0.326564 0.282603
439.000000 330.000000 0.373664 0.282603
617.000000 330.000000 0.932591 0.282603
6.000000 331.000000 -0.985972 0.285743
59.000000 331.000000 -0.819550 0.285743
335.000000 331.000000 0.047101 0.285743
344.000000 331.000000 0.075361 0.285743
357.000000 331.000000 0.116181 0.285743
31.000000 332.000000 -0.907471 0.288883
179.000000 332.000000 -0.442745 0.288883
324.000000 332.000000 0.012560 0.288883
537.000000 332.000000 0.681388 0.288883
633.000000 332.000000 0.982832 0.288883
215.000000 333.000000 -0.329704 0.292023
303.000000 333.000000 -0.053381 0.292023
333.000000 333.000000 0.040820 0.292023
347.000000 333.000000 0.084781 0.292023
399.000000 333.000000 0.248063 0.292023
171.000000 334.000000 -0.467866 0.295163
287.000000 334.000000 -0.103621 0.295163
92.000000 335.000000 -0.715928 0.298304
97.000000 335.000000 -0.700228 0.298304
116.000000 335.000000 -0.640568 0.298304
194.000000 335.000000 -0.395645 0.298304
187.000000 336.000000 -0.417625 0.301444
337.000000 336.000000 0.053381 0.301444
345.000000 336.000000 0.078501 0.301444
411.000000 336.000000 0.285743 0.301444
629.000000 336.000000 0.970271 0.301444
48.000000 337.000000 -0.854090 0.304584
106.000000 337.000000 -0.671968 0.304584
279.000000 337.000000 -0.128742 0.304584
285.000000 337.000000 -0.109901 0.304584
307.000000 337.000000 -0.040820 0.304584
90.000000 338.000000 -0.722209 0.307724
340.000000 338.000000 0.062801 0.307724
112.000000 339.000000 -0.653128 0.310864
203.000000 339.000000 -0.367384 0.310864
274.000000 339.000000 -0.144442 0.310864
621.000000 339.000000 0.945151 0.310864
290.000000 340.000000 -0.094201 0.314004
210.000000 341.000000 -0.345404 0.317144
271.000000 341.000000 -0.153862 0.317144
376.000000 341.000000 0.175842 0.317144
381.000000 341.000000 0.191542 0.317144
538.000000 341.000000 0.684528 0.317144
12.000000 342.000000 -0.967131 0.320284
117.000000 342.000000 -0.637428 0.320284
221.000000 342.000000 -0.310864 0.320284
74.000000 343.000000 -0.772449 0.323424
185.000000 343.000000 -0.423905 0.323424
605.000000 343.000000 0.894911 0.323424
308.000000 344.000000 -0.037680 0.326564
561.000000 344.000000 0.756749 0.326564
620.000000 344.000000 0.942011 0.326564
100.000000 345.000000 -0.690808 0.329704
322.000000 345.000000 0.006280 0.329704
338.000000 345.000000 0.056521 0.329704
345.000000 345.000000 0.078501 0.329704
541.000000 345.000000 0.693948 0.329704
46.000000 346.000000 -0.860370 0.332844
227.000000 346.000000 -0.292023 0.332844
336.000000 346.000000 0.050241 0.332844
387.000000 346.000000 0.210382 0.332844
427.000000 346.000000 0.335984 0.332844
52.000000 347.000000 -0.841530 0.335984
110.000000 347.000000 -0.659408 0.335984
264.000000 347.000000 -0.175842 0.335984
368.000000 347.000000 0.150722 0.335984
555.000000 347.000000 0.737909 0.335984
634.000000 347.000000 0.985972 0.335984
61.000000 348.000000 -0.813270 0.339124
101.000000 348.000000 -0.687668 0.339124
330.000000 348.000000 0.031400 0.339124
398.000000 348.000000 0.244923 0.339124
430.000000 348.000000 0.345404 0.339124
564.000000 348.000000 0.766169 0.339124
579.000000 348.000000 0.813270 0.339124
585.000000 348.000000 0.832110 0.339124
70.000000 349.000000 -0.785009 0.342264
230.000000 349.000000 -0.282603 0.342264
274.000000 349.000000 -0.144442 0.342264
281.000000 349.000000 -0.122461 0.342264
344.000000 349.000000 0.075361 0.342264
427.000000 349.000000 0.335984 0.342264
601.000000 349.000000 0.882350 0.342264
246.000000 350.000000 -0.232363 0.345404
590.000000 350.000000 0.847810 0.345404
621.000000 350.000000 0.945151 0.345404
623.000000 350.000000 0.951431 0.345404
636.000000 350.000000 0.992252 0.345404
280.000000 351.000000 -0.125601 0.348544
357.000000 351.000000 0.116181 0.348544
445.000000 351.000000 0.392505 0.348544
527.000000 351.000000 0.649988 0.348544
11.000000 352.000000 -0.970271 0.351684
80.000000 352.000000 -0.753609 0.351684
254.000000 352.000000 -0.207242 0.351684
410.000000 352.000000 0.282603 0.351684
78.000000 353.000000 -0.759889 0.354824
298.000000 353.000000 -0.069081 0.354824
345.000000 353.000000 0.078501 0.354824
392.000000 353.000000 0.226083 0.354824
238.000000 354.000000 -0.257483 0.357964
263.000000 354.000000 -0.178982 0.357964
338.000000 354.000000 0.056521 0.357964
351.000000 354.000000 0.097341 0.357964
437.000000 354.000000 0.367384 0.357964
620.000000 354.000000 0.942011 0.357964
51.000000 355.000000 -0.844670 0.361104
284.000000 355.000000 -0.113041 0.361104
610.000000 355.000000 0.910611 0.361104
633.000000 355.000000 0.982832 0.361104
64.000000 356.000000 -0.803850 0.364244
139.000000 356.000000 -0.568347 0.364244
532.000000 356.000000 0.665688 0.364244
132.000000 357.000000 -0.590327 0.367384
231.000000 357.000000 -0.279463 0.367384
241.000000 357.000000 -0.248063 0.367384
314.000000 357.000000 -0.018840 0.367384
322.000000 357.000000 0.006280 0.367384
139.000000 358.000000 -0.568347 0.370524
335.000000 358.000000 0.047101 0.370524
124.000000 359.000000 -0.615447 0.373664
133.000000 359.000000 -0.587187 0.373664
165.000000 359.000000 -0.486706 0.373664
238.000000 359.000000 -0.257483 0.373664
244.000000 359.000000 -0.238643 0.373664
559.000000 359.000000 0.750469 0.373664
625.000000 359.000000 0.957711 0.373664
396.000000 360.000000 0.238643 0.376804
571.000000 360.000000 0.788149 0.376804
128.000000 361.000000 -0.602887 0.379945
220.000000 361.000000 -0.314004 0.379945
226.000000 361.000000 -0.295163 0.379945
375.000000 361.000000 0.172702 0.379945
35.000000 362.000000 -0.894911 0.383085
153.000000 362.000000 -0.524386 0.383085
214.000000 362.000000 -0.332844 0.383085
264.000000 362.000000 -0.175842 0.383085
323.000000 362.000000 0.009420 0.383085
345.000000 362.000000 0.078501 0.383085
438.000000 362.000000 0.370524 0.383085
223.000000 363.000000 -0.304584 0.386225
240.000000 363.000000 -0.251203 0.386225
478.000000 363.000000 0.496126 0.386225
551.000000 363.000000 0.725349 0.386225
624.000000 363.000000 0.954571 0.386225
16.000000 364.000000 -0.954571 0.389365
111.000000 364.000000 -0.656268 0.389365
216.000000 364.000000 -0.326564 0.389365
221.000000 364.000000 -0.310864 0.389365
343.000000 364.000000 0.072221 0.389365
22.000000 365.000000 -0.935731 0.392505
64.000000 365.000000 -0.803850 0.392505
211.000000 365.000000 -0.342264 0.392505
226.000000 365.000000 -0.295163 0.392505
236.000000 365.000000 -0.263763 0.392505
270.000000 365.000000 -0.157002 0.392505
330.000000 365.000000 0.031400 0.392505
632.000000 365.000000 0.979692 0.392505
112.000000 366.000000 -0.653128 0.395645
181.000000 366.000000 -0.436465 0.395645
190.000000 366.000000 -0.408205 0.395645
204.000000 366.000000 -0.364244 0.395645
255.000000 366.000000 -0.204102 0.395645
259.000000 366.000000 -0.191542 0.395645
262.000000 366.000000 -0.182122 0.395645
589.000000 366.000000 0.844670 0.395645
184.000000 367.000000 -0.427045 0.398785
322.000000 367.000000 0.006280 0.398785
343.000000 367.000000 0.072221 0.398785
601.000000 367.000000 0.882350 0.398785
107.000000 368.000000 -0.668828 0.401925
213.000000 368.000000 -0.335984 0.401925
262.000000 368.000000 -0.182122 0.401925
264.000000 368.000000 -0.175842 0.401925
363.000000 368.000000 0.135022 0.401925
515.000000 368.000000 0.612307 0.401925
550.000000 368.000000 0.722209 0.401925
554.000000 368.000000 0.734769 0.401925
69.000000 369.000000 -0.788149 0.405065
92.000000 369.000000 -0.715928 0.405065
171.000000 369.000000 -0.467866 0.405065
180.000000 369.000000 -0.439605 0.405065
280.000000 369.000000 -0.125601 0.405065
291.000000 369.000000 -0.091061 0.405065
391.000000 369.000000 0.222943 0.405065
398.000000 369.000000 0.244923 0.405065
425.000000 369.000000 0.329704 0.405065
564.000000 369.000000 0.766169 0.405065
158.000000 370.000000 -0.508686 0.408205
184.000000 370.000000 -0.427045 0.408205
197.000000 370.000000 -0.386225 0.408205
225.000000 370.000000 -0.298304 0.408205
248.000000 370.000000 -0.226083 0.408205
323.000000 370.000000 0.009420 0.408205
344.000000 370.000000 0.075361 0.408205
395.000000 370.000000 0.235503 0.408205
582.000000 370.000000 0.822690 0.408205
586.000000 370.000000 0.835250 0.408205
607.000000 370.000000 0.901191 0.408205
634.000000 370.000000 0.985972 0.408205
50.000000 371.000000 -0.847810 0.411345
101.000000 371.000000 -0.687668 0.411345
107.000000 371.000000 -0.668828 0.411345
192.000000 371.000000 -0.401925 0.411345
208.000000 371.000000 -0.351684 0.411345
239.000000 371.000000 -0.254343 0.411345
356.000000 371.000000 0.113041 0.411345
372.000000 371.000000 0.163282 0.411345
27.000000 373.000000 -0.920031 0.417625
127.000000 373.000000 -0.606027 0.417625
164.000000 373.000000 -0.489846 0.417625
175.000000 373.000000 -0.455305 0.417625
190.000000 373.000000 -0.408205 0.417625
273.000000 373.000000 -0.147582 0.417625
288.000000 373.000000 -0.100481 0.417625
329.000000 373.000000 0.028260 0.417625
361.000000 373.000000 0.128742 0.417625
454.000000 373.000000 0.420765 0.417625
578.000000 373.000000 0.810130 0.417625
133.000000 374.000000 -0.587187 0.420765
201.000000 374.000000 -0.373664 0.420765
335.000000 374.000000 0.047101 0.420765
403.000000 374.000000 0.260623 0.420765
406.000000 374.000000 0.270043 0.420765
586.000000 374.000000 0.835250 0.420765
256.000000 375.000000 -0.200962 0.423905
260.000000 375.000000 -0.188402 0.423905
362.000000 375.000000 0.131882 0.423905
211.000000 376.000000 -0.342264 0.427045
215.000000 376.000000 -0.329704 0.427045
222.000000 376.000000 -0.307724 0.427045
224.000000 376.000000 -0.301444 0.427045
227.000000 376.000000 -0.292023 0.427045
249.000000 376.000000 -0.222943 0.427045
313.000000 376.000000 -0.021980 0.427045
340.000000 376.000000 0.062801 0.427045
172.000000 377.000000 -0.464725 0.430185
219.000000 377.000000 -0.317144 0.430185
239.000000 377.000000 -0.254343 0.430185
260.000000 377.000000 -0.188402 0.430185
267.000000 377.000000 -0.166422 0.430185
272.000000 377.000000 -0.150722 0.430185
282.000000 377.000000 -0.119321 0.430185
315.000000 377.000000 -0.015700 0.430185
182.000000 378.000000 -0.433325 0.433325
285.000000 378.000000 -0.109901 0.433325
377.000000 378.000000 0.178982 0.433325
195.000000 379.000000 -0.392505 0.436465
213.000000 379.000000 -0.335984 0.436465
245.000000 379.000000 -0.235503 0.436465
266.000000 379.000000 -0.169562 0.436465
269.000000 379.000000 -0.160142 0.436465
331.000000 379.000000 0.034540 0.436465
357.000000 379.000000 0.116181 0.436465
432.000000 379.000000 0.351684 0.436465
537.000000 379.000000 0.681388 0.436465
578.000000 379.000000 0.810130 0.436465
601.000000 379.000000 0.882350 0.436465
174.000000 380.000000 -0.458445 0.439605
228.000000 380.000000 -0.288883 0.439605
247.000000 380.000000 -0.229223 0.439605
428.000000 380.000000 0.339124 0.439605
569.000000 380.000000 0.781869 0.439605
619.000000 380.000000 0.938871 0.439605
254.000000 381.000000 -0.207242 0.442745
308.000000 381.000000 -0.037680 0.442745
345.000000 381.000000 0.078501 0.442745
201.000000 382.000000 -0.373664 0.445885
242.000000 382.000000 -0.244923 0.445885
340.000000 382.000000 0.062801 0.445885
633.000000 382.000000 0.982832 0.445885
219.000000 383.000000 -0.317144 0.449025
248.000000 383.000000 -0.226083 0.449025
267.000000 383.000000 -0.166422 0.449025
161.000000 384.000000 -0.499266 0.452165
215.000000 384.000000 -0.329704 0.452165
303.000000 384.000000 -0.053381 0.452165
352.000000 384.000000 0.100481 0.452165
376.000000 384.000000 0.175842 0.452165
241.000000 385.000000 -0.248063 0.455305
244.000000 385.000000 -0.238643 0.455305
297.000000 385.000000 -0.072221 0.455305
301.000000 385.000000 -0.059661 0.455305
333.000000 385.000000 0.040820 0.455305
602.000000 385.000000 0.885490 0.455305
630.000000 385.000000 0.973412 0.455305
21.000000 386.000000 -0.938871 0.458445
98.000000 386.000000 -0.697088 0.458445
146.000000 386.000000 -0.546366 0.458445
176.000000 386.000000 -0.452165 0.458445
218.000000 386.000000 -0.320284 0.458445
335.000000 386.000000 0.047101 0.458445
361.000000 386.000000 0.128742 0.458445
379.000000 386.000000 0.185262 0.458445
451.000000 386.000000 0.411345 0.458445
169.000000 387.000000 -0.474146 0.461585
246.000000 387.000000 -0.232363 0.461585
252.000000 387.000000 -0.213523 0.461585
384.000000 387.000000 0.200962 0.461585
305.000000 388.000000 -0.047101 0.464725
106.000000 389.000000 -0.671968 0.467866
123.000000 389.000000 -0.618587 0.467866
226.000000 389.000000 -0.295163 0.467866
275.000000 389.000000 -0.141302 0.467866
615.000000 389.000000 0.926311 0.467866
281.000000 390.000000 -0.122461 0.471006
343.000000 390.000000 0.072221 0.471006
370.000000 390.000000 0.157002 0.471006
438.000000 390.000000 0.370524 0.471006
451.000000 390.000000 0.411345 0.471006
595.000000 390.000000 0.863510 0.471006
236.000000 391.000000 -0.263763 0.474146
290.000000 391.000000 -0.094201 0.474146
296.000000 391.000000 -0.075361 0.474146
319.000000 391.000000 -0.003140 0.474146
358.000000 391.000000 0.119321 0.474146
80.000000 392.000000 -0.753609 0.477286
181.000000 392.000000 -0.436465 0.477286
305.000000 392.000000 -0.047101 0.477286
310.000000 392.000000 -0.031400 0.477286
383.000000 392.000000 0.197822 0.477286
175.000000 393.000000 -0.455305 0.480426
213.000000 393.000000 -0.335984 0.480426
227.000000 393.000000 -0.292023 0.480426
265.000000 393.000000 -0.172702 0.480426
333.000000 393.000000 0.040820 0.480426
337.000000 393.000000 0.053381 0.480426
353.000000 393.000000 0.103621 0.480426
376.000000 393.000000 0.175842 0.480426
379.000000 393.000000 0.185262 0.480426
427.000000 393.000000 0.335984 0.480426
460.000000 393.000000 0.439605 0.480426
462.000000 393.000000 0.445885 0.480426
619.000000 393.000000 0.938871 0.480426
218.000000 394.000000 -0.320284 0.483566
335.000000 394.000000 0.047101 0.483566
409.000000 394.000000 0.279463 0.483566
470.000000 394.000000 0.471006 0.483566
569.000000 394.000000 0.781869 0.483566
592.000000 394.000000 0.854090 0.483566
621.000000 394.000000 0.945151 0.483566
90.000000 395.000000 -0.722209 0.486706
251.000000 395.000000 -0.216663 0.486706
290.000000 395.000000 -0.094201 0.486706
371.000000 395.000000 0.160142 0.486706
376.000000 395.000000 0.175842 0.486706
541.000000 395.000000 0.693948 0.486706
198.000000 396.000000 -0.383085 0.489846
287.000000 396.000000 -0.103621 0.489846
319.000000 396.000000 -0.003140 0.489846
343.000000 396.000000 0.072221 0.489846
444.000000 396.000000 0.389365 0.489846
140.000000 397.000000 -0.565207 0.492986
262.000000 397.000000 -0.182122 0.492986
281.000000 397.000000 -0.122461 0.492986
297.000000 397.000000 -0.072221 0.492986
359.000000 397.000000 0.122461 0.492986
381.000000 397.000000 0.191542 0.492986
453.000000 397.000000 0.417625 0.492986
586.000000 397.000000 0.835250 0.492986
179.000000 398.000000 -0.442745 0.496126
217.000000 398.000000 -0.323424 0.496126
290.000000 398.000000 -0.094201 0.496126
415.000000 398.000000 0.298304 0.496126
425.000000 398.000000 0.329704 0.496126
433.000000 398.000000 0.354824 0.496126
254.000000 399.000000 -0.207242 0.499266
292.000000 399.000000 -0.087921 0.499266
421.000000 399.000000 0.317144 0.499266
494.000000 399.000000 0.546366 0.499266
203.000000 400.000000 -0.367384 0.502406
231.000000 400.000000 -0.279463 0.502406
269.000000 400.000000 -0.160142 0.502406
274.000000 400.000000 -0.144442 0.502406
488.000000 400.000000 0.527526 0.502406
498.000000 400.000000 0.558927 0.502406
137.000000 401.000000 -0.574627 0.505546
212.000000 401.000000 -0.339124 0.505546
298.000000 401.000000 -0.069081 0.505546
303.000000 401.000000 -0.053381 0.505546
321.000000 401.000000 0.003140 0.505546
467.000000 401.000000 0.461585 0.505546
491.000000 401.000000 0.536946 0.505546
223.000000 402.000000 -0.304584 0.508686
236.000000 402.000000 -0.263763 0.508686
254.000000 402.000000 -0.207242 0.508686
273.000000 402.000000 -0.147582 0.508686
277.000000 402.000000 -0.135022 0.508686
323.000000 402.000000 0.009420 0.508686
351.000000 402.000000 0.097341 0.508686
375.000000 402.000000 0.172702 0.508686
421.000000 402.000000 0.317144 0.508686
432.000000 402.000000 0.351684 0.508686
165.000000 403.000000 -0.486706 0.511826
250.000000 403.000000 -0.219803 0.511826
284.000000 403.000000 -0.113041 0.511826
358.000000 403.000000 0.119321 0.511826
424.000000 403.000000 0.326564 0.511826
569.000000 403.000000 0.781869 0.511826
592.000000 403.000000 0.854090 0.511826
159.000000 404.000000 -0.505546 0.514966
301.000000 404.000000 -0.059661 0.514966
336.000000 404.000000 0.050241 0.514966
354.000000 404.000000 0.106761 0.514966
114.000000 405.000000 -0.646848 0.518106
229.000000 405.000000 -0.285743 0.518106
254.000000 405.000000 -0.207242 0.518106
261.000000 405.000000 -0.185262 0.518106
264.000000 405.000000 -0.175842 0.518106
351.000000 405.000000 0.097341 0.518106
391.000000 405.000000 0.222943 0.518106
410.000000 405.000000 0.282603 0.518106
628.000000 405.000000 0.967131 0.518106
92.000000 406.000000 -0.715928 0.521246
246.000000 406.000000 -0.232363 0.521246
272.000000 406.000000 -0.150722 0.521246
285.000000 406.000000 -0.109901 0.521246
332.000000 406.000000 0.037680 0.521246
424.000000 406.000000 0.326564 0.521246
481.000000 406.000000 0.505546 0.521246
484.000000 406.000000 0.514966 0.521246
238.000000 407.000000 -0.257483 0.524386
258.000000 407.000000 -0.194682 0.524386
280.000000 407.000000 -0.125601 0.524386
283.000000 407.000000 -0.116181 0.524386
289.000000 407.000000 -0.097341 0.524386
307.000000 407.000000 -0.040820 0.524386
343.000000 407.000000 0.072221 0.524386
356.000000 407.000000 0.113041 0.524386
326.000000 408.000000 0.018840 0.527526
606.000000 408.000000 0.898051 0.527526
633.000000 408.000000 0.982832 0.527526
258.000000 409.000000 -0.194682 0.530666
317.000000 409.000000 -0.009420 0.530666
356.000000 409.000000 0.113041 0.530666
376.000000 409.000000 0.175842 0.530666
466.000000 409.000000 0.458445 0.530666
39.000000 410.000000 -0.882350 0.533806
154.000000 410.000000 -0.521246 0.533806
271.000000 410.000000 -0.153862 0.533806
273.000000 410.000000 -0.147582 0.533806
446.000000 410.000000 0.395645 0.533806
593.000000 410.000000 0.857230 0.533806
53.000000 411.000000 -0.838390 0.536946
130.000000 411.000000 -0.596607 0.536946
369.000000 411.000000 0.153862 0.536946
171.000000 412.000000 -0.467866 0.540086
222.000000 412.000000 -0.307724 0.540086
232.000000 412.000000 -0.276323 0.540086
372.000000 412.000000 0.163282 0.540086
453.000000 412.000000 0.417625 0.540086
616.000000 412.000000 0.929451 0.540086
194.000000 413.000000 -0.395645 0.543226
199.000000 413.000000 -0.379945 0.543226
282.000000 413.000000 -0.119321 0.543226
307.000000 413.000000 -0.040820 0.543226
309.000000 413.000000 -0.034540 0.543226
313.000000 413.000000 -0.021980 0.543226
392.000000 413.000000 0.226083 0.543226
458.000000 413.000000 0.433325 0.543226
496.000000 413.000000 0.552647 0.543226
145.000000 414.000000 -0.549506 0.546366
362.000000 414.000000 0.131882 0.546366
512.000000 414.000000 0.602887 0.546366
170.000000 415.000000 -0.471006 0.549506
175.000000 415.000000 -0.455305 0.549506
247.000000 415.000000 -0.229223 0.549506
270.000000 415.000000 -0.157002 0.549506
285.000000 415.000000 -0.109901 0.549506
388.000000 415.000000 0.213523 0.549506
412.000000 415.000000 0.288883 0.549506
16.000000 416.000000 -0.954571 0.552647
211.000000 416.000000 -0.342264 0.552647
265.000000 416.000000 -0.172702 0.552647
421.000000 416.000000 0.317144 0.552647
465.000000 416.000000 0.455305 0.552647
488.000000 416.000000 0.527526 0.552647
38.000000 417.000000 -0.885490 0.555787
57.000000 417.000000 -0.825830 0.555787
116.000000 417.000000 -0.640568 0.555787
259.000000 417.000000 -0.191542 0.555787
409.000000 417.000000 0.279463 0.555787
471.000000 417.000000 0.474146 0.555787
193.000000 418.000000 -0.398785 0.558927
307.000000 418.000000 -0.040820 0.558927
25.000000 419.000000 -0.926311 0.562067
43.000000 419.000000 -0.869790 0.562067
71.000000 419.000000 -0.781869 0.562067
85.000000 419.000000 -0.737909 0.562067
178.000000 419.000000 -0.445885 0.562067
213.000000 419.000000 -0.335984 0.562067
287.000000 419.000000 -0.103621 0.562067
353.000000 419.000000 0.103621 0.562067
362.000000 419.000000 0.131882 0.562067
369.000000 419.000000 0.153862 0.562067
387.000000 419.000000 0.210382 0.562067
410.000000 419.000000 0.282603 0.562067
412.000000 419.000000 0.288883 0.562067
498.000000 419.000000 0.558927 0.562067
528.000000 419.000000 0.653128 0.562067
532.000000 419.000000 0.665688 0.562067
11.000000 420.000000 -0.970271 0.565207
53.000000 420.000000 -0.838390 0.565207
103.000000 420.000000 -0.681388 0.565207
218.000000 420.000000 -0.320284 0.565207
294.000000 420.000000 -0.081641 0.565207
396.000000 420.000000 0.238643 0.565207
443.000000 420.000000 0.386225 0.565207
511.000000 420.000000 0.599747 0.565207
514.000000 420.000000 0.609167 0.565207
560.000000 420.000000 0.753609 0.565207
627.000000 420.000000 0.963991 0.565207
179.000000 421.000000 -0.442745 0.568347
205.000000 421.000000 -0.361104 0.568347
343.000000 421.000000 0.072221 0.568347
375.000000 421.000000 0.172702 0.568347
237.000000 422.000000 -0.260623 0.571487
395.000000 422.000000 0.235503 0.571487
601.000000 422.000000 0.882350 0.571487
252.000000 423.000000 -0.213523 0.574627
275.000000 423.000000 -0.141302 0.574627
397.000000 423.000000 0.241783 0.574627
452.000000 423.000000 0.414485 0.574627
461.000000 423.000000 0.442745 0.574627
62.000000 424.000000 -0.810130 0.577767
301.000000 424.000000 -0.059661 0.577767
622.000000 424.000000 0.948291 0.577767
211.000000 425.000000 -0.342264 0.580907
251.000000 425.000000 -0.216663 0.580907
353.000000 425.000000 0.103621 0.580907
545.000000 425.000000 0.706508 0.580907
624.000000 425.000000 0.954571 0.580907
206.000000 426.000000 -0.357964 0.584047
258.000000 426.000000 -0.194682 0.584047
281.000000 426.000000 -0.122461 0.584047
211.000000 427.000000 -0.342264 0.587187
222.000000 427.000000 -0.307724 0.587187
333.000000 427.000000 0.040820 0.587187
217.000000 428.000000 -0.323424 0.590327
358.000000 428.000000 0.119321 0.590327
373.000000 428.000000 0.166422 0.590327
382.000000 428.000000 0.194682 0.590327
490.000000 428.000000 0.533806 0.590327
363.000000 429.000000 0.135022 0.593467
273.000000 430.000000 -0.147582 0.596607
370.000000 430.000000 0.157002 0.596607
619.000000 430.000000 0.938871 0.596607
130.000000 431.000000 -0.596607 0.599747
214.000000 431.000000 -0.332844 0.599747
232.000000 431.000000 -0.276323 0.599747
286.000000 431.000000 -0.106761 0.599747
402.000000 431.000000 0.257483 0.599747
422.000000 431.000000 0.320284 0.599747
501.000000 431.000000 0.568347 0.599747
206.000000 432.000000 -0.357964 0.602887
239.000000 432.000000 -0.254343 0.602887
246.000000 432.000000 -0.232363 0.602887
394.000000 432.000000 0.232363 0.602887
418.000000 432.000000 0.307724 0.602887
358.000000 433.000000 0.119321 0.606027
634.000000 433.000000 0.985972 0.606027
120.000000 434.000000 -0.628007 0.609167
201.000000 434.000000 -0.373664 0.609167
265.000000 434.000000 -0.172702 0.609167
25.000000 435.000000 -0.926311 0.612307
258.000000 435.000000 -0.194682 0.612307
326.000000 435.000000 0.018840 0.612307
343.000000 435.000000 0.072221 0.612307
421.000000 435.000000 0.317144 0.612307
181.000000 436.000000 -0.436465 0.615447
209.000000 436.000000 -0.348544 0.615447
630.000000 436.000000 0.973412 0.615447
430.000000 437.000000 0.345404 0.618587
614.000000 437.000000 0.923171 0.618587
245.000000 438.000000 -0.235503 0.621727
287.000000 438.000000 -0.103621 0.621727
298.000000 438.000000 -0.069081 0.621727
378.000000 438.000000 0.182122 0.621727
382.000000 439.000000 0.194682 0.624867
407.000000 439.000000 0.273183 0.624867
411.000000 439.000000 0.285743 0.624867
250.000000 440.000000 -0.219803 0.628007
262.000000 440.000000 -0.182122 0.628007
282.000000 440.000000 -0.119321 0.628007
148.000000 441.000000 -0.540086 0.631147
159.000000 441.000000 -0.505546 0.631147
190.000000 441.000000 -0.408205 0.631147
203.000000 441.000000 -0.367384 0.631147
246.000000 441.000000 -0.232363 0.631147
264.000000 441.000000 -0.175842 0.631147
482.000000 441.000000 0.508686 0.631147
79.000000 442.000000 -0.756749 0.634288
181.000000 442.000000 -0.436465 0.634288
299.000000 443.000000 -0.065941 0.637428
415.000000 443.000000 0.298304 0.637428
508.000000 443.000000 0.590327 0.637428
7.000000 444.000000 -0.982832 0.640568
34.000000 444.000000 -0.898051 0.640568
136.000000 444.000000 -0.577767 0.640568
197.000000 444.000000 -0.386225 0.640568
297.000000 444.000000 -0.072221 0.640568
338.000000 444.000000 0.056521 0.640568
466.000000 444.000000 0.458445 0.640568
559.000000 444.000000 0.750469 0.640568
593.000000 444.000000 0.857230 0.640568
268.000000 445.000000 -0.163282 0.643708
421.000000 445.000000 0.317144 0.643708
587.000000 446.000000 0.838390 0.646848
608.000000 446.000000 0.904331 0.646848
235.000000 447.000000 -0.266903 0.649988
262.000000 447.000000 -0.182122 0.649988
369.000000 447.000000 0.153862 0.649988
389.000000 447.000000 0.216663 0.649988
270.000000 448.000000 -0.157002 0.653128
197.000000 449.000000 -0.386225 0.656268
201.000000 449.000000 -0.373664 0.656268
326.000000 449.000000 0.018840 0.656268
354.000000 449.000000 0.106761 0.656268
631.000000 449.000000 0.976552 0.656268
107.000000 450.000000 -0.668828 0.659408
176.000000 450.000000 -0.452165 0.659408
244.000000 450.000000 -0.238643 0.659408
52.000000 451.000000 -0.841530 0.662548
186.000000 451.000000 -0.420765 0.662548
355.000000 451.000000 0.109901 0.662548
434.000000 451.000000 0.357964 0.662548
179.000000 452.000000 -0.442745 0.665688
375.000000 452.000000 0.172702 0.665688
596.000000 452.000000 0.866650 0.665688
92.000000 453.000000 -0.715928 0.668828
155.000000 453.000000 -0.518106 0.668828
303.000000 453.000000 -0.053381 0.668828
342.000000 453.000000 0.069081 0.668828
418.000000 453.000000 0.307724 0.668828
299.000000 454.000000 -0.065941 0.671968
377.000000 454.000000 0.178982 0.671968
379.000000 454.000000 0.185262 0.671968
232.000000 455.000000 -0.276323 0.675108
237.000000 455.000000 -0.260623 0.675108
462.000000 455.000000 0.445885 0.675108
619.000000 455.000000 0.938871 0.675108
278.000000 456.000000 -0.131882 0.678248
379.000000 457.000000 0.185262 0.681388
190.000000 458.000000 -0.408205 0.684528
211.000000 458.000000 -0.342264 0.684528
250.000000 458.000000 -0.219803 0.684528
271.000000 458.000000 -0.153862 0.684528
144.000000 459.000000 -0.552647 0.687668
292.000000 459.000000 -0.087921 0.687668
320.000000 459.000000 -0.000000 0.687668
546.000000 459.000000 0.709648 0.687668
208.000000 460.000000 -0.351684 0.690808
312.000000 460.000000 -0.025120 0.690808
357.000000 460.000000 0.116181 0.690808
194.000000 461.000000 -0.395645 0.693948
365.000000 461.000000 0.141302 0.693948
348.000000 463.000000 0.087921 0.700228
619.000000 463.000000 0.938871 0.700228
273.000000 464.000000 -0.147582 0.703368
374.000000 464.000000 0.169562 0.703368
141.000000 465.000000 -0.562067 0.706508
356.000000 465.000000 0.113041 0.706508
467.000000 465.000000 0.461585 0.706508
66.000000 466.000000 -0.797569 0.709648
489.000000 466.000000 0.530666 0.709648
121.000000 467.000000 -0.624867 0.712788
188.000000 467.000000 -0.414485 0.712788
241.000000 467.000000 -0.248063 0.712788
313.000000 468.000000 -0.021980 0.715928
355.000000 468.000000 0.109901 0.715928
372.000000 468.000000 0.163282 0.715928
544.000000 468.000000 0.703368 0.715928
584.000000 468.000000 0.828970 0.715928
184.000000 470.000000 -0.427045 0.722209
294.000000 470.000000 -0.081641 0.722209
332.000000 471.000000 0.037680 0.725349
222.000000 472.000000 -0.307724 0.728489
132.000000 473.000000 -0.590327 0.731629
387.000000 473.000000 0.210382 0.731629
137.000000 474.000000 -0.574627 0.734769
294.000000 474.000000 -0.081641 0.734769
396.000000 474.000000 0.238643 0.734769
399.000000 474.000000 0.248063 0.734769
464.000000 474.000000 0.452165 0.734769
66.000000 475.000000 -0.797569 0.737909
450.000000 475.000000 0.408205 0.737909
546.000000 475.000000 0.709648 0.737909
179.000000 476.000000 -0.442745 0.741049
