 0 1663161608.523746 1.237026 -0.706018 3.160531 1.237026 -0.706018 3.160531 0.940227 -0.031227 0.224097 -0.254516 0.940227 -0.031227 0.224097 -0.254516 -1 0.000000 0.000000 0.000000 0.000000 0.000000 0.000000 0.000000 0.000000 2440
 1 1663161608.637748 1.574807 -0.863961 3.161289 1.574807 -0.863961 3.161289 0.949414 -0.046343 0.206716 -0.231804 0.949414 -0.046343 0.206716 -0.231804 -1 0.000000 0.000000 0.000000 0.000000 0.000000 0.000000 0.000000 0.000000 2543
 2 1663161608.787751 2.090849 -1.071975 3.129401 2.090849 -1.071975 3.129401 0.961678 -0.061617 0.185567 -0.192210 0.961678 -0.061617 0.185567 -0.192210 -1 0.000000 0.000000 0.000000 0.000000 0.000000 0.000000 0.000000 0.000000 2581
 3 1663161608.898754 2.523178 -1.219800 3.088080 2.523178 -1.219800 3.088080 0.969749 -0.071283 0.170562 -0.159417 0.969749 -0.071283 0.170562 -0.159417 -1 0.000000 0.000000 0.000000 0.000000 0.000000 0.000000 0.000000 0.000000 2483
 4 1663161608.988756 2.903763 -1.332290 3.047206 2.903763 -1.332290 3.047206 0.975039 -0.078611 0.159924 -0.132452 0.975039 -0.078611 0.159924 -0.132452 -1 0.000000 0.000000 0.000000 0.000000 0.000000 0.000000 0.000000 0.000000 2531
 5 1663161609.207760 3.936415 -1.563431 2.936433 3.936415 -1.563431 2.936433 0.983112 -0.094326 0.140133 -0.070395 0.983112 -0.094326 0.140133 -0.070395 -1 0.000000 0.000000 0.000000 0.000000 0.000000 0.000000 0.000000 0.000000 2456
 6 1663161609.318763 4.514049 -1.649977 2.882328 4.514049 -1.649977 2.882328 0.985213 -0.100781 0.131977 -0.042202 0.985213 -0.100781 0.131977 -0.042202 -1 0.000000 0.000000 0.000000 0.000000 0.000000 0.000000 0.000000 0.000000 2524
 7 1663161609.447766 5.227939 -1.718493 2.828259 5.227939 -1.718493 2.828259 0.986482 -0.106280 0.124103 -0.012511 0.986482 -0.106280 0.124103 -0.012511 -1 0.000000 0.000000 0.000000 0.000000 0.000000 0.000000 0.000000 0.000000 2596
 8 1663161609.558768 5.876773 -1.746640 2.793278 5.876773 -1.746640 2.793278 0.987005 -0.108773 0.117799 0.010624 0.987005 -0.108773 0.117799 0.010624 -1 0.000000 0.000000 0.000000 0.000000 0.000000 0.000000 0.000000 0.000000 2436
 9 1663161609.687771 6.668188 -1.740859 2.769919 6.668188 -1.740859 2.769919 0.987251 -0.108601 0.110994 0.034953 0.987251 -0.108601 0.110994 0.034953 -1 0.000000 0.000000 0.000000 0.000000 0.000000 0.000000 0.000000 0.000000 2400
 10 1663161609.747772 7.049082 -1.723666 2.766245 7.049082 -1.723666 2.766245 0.987326 -0.107209 0.107853 0.045395 0.987326 -0.107209 0.107853 0.045395 -1 0.000000 0.000000 0.000000 0.000000 0.000000 0.000000 0.000000 0.000000 2378
 11 1663161609.828774 7.575347 -1.685851 2.769009 7.575347 -1.685851 2.769009 0.987404 -0.103877 0.103981 0.058572 0.987404 -0.103877 0.103981 0.058572 -1 0.000000 0.000000 0.000000 0.000000 0.000000 0.000000 0.000000 0.000000 2186
 12 1663161609.948776 8.378778 -1.599850 2.789714 8.378778 -1.599850 2.789714 0.987574 -0.095785 0.098639 0.076116 0.987574 -0.095785 0.098639 0.076116 -1 0.000000 0.000000 0.000000 0.000000 0.000000 0.000000 0.000000 0.000000 2049
 13 1663161610.029778 8.935924 -1.522737 2.814672 8.935924 -1.522737 2.814672 0.987816 -0.088330 0.094423 0.086610 0.987816 -0.088330 0.094423 0.086610 -1 0.000000 0.000000 0.000000 0.000000 0.000000 0.000000 0.000000 0.000000 2077
 14 1663161610.128780 9.631794 -1.409567 2.856519 9.631794 -1.409567 2.856519 0.988095 -0.077395 0.090264 0.097621 0.988095 -0.077395 0.090264 0.097621 -1 0.000000 0.000000 0.000000 0.000000 0.000000 0.000000 0.000000 0.000000 1978
 15 1663161610.269783 10.648316 -1.217690 2.935024 10.648316 -1.217690 2.935024 0.988916 -0.058145 0.081160 0.109894 0.988916 -0.058145 0.081160 0.109894 -1 0.000000 0.000000 0.000000 0.000000 0.000000 0.000000 0.000000 0.000000 1803
 16 1663161610.368785 11.377566 -1.065964 3.001241 11.377566 -1.065964 3.001241 0.989588 -0.042346 0.074510 0.115629 0.989588 -0.042346 0.074510 0.115629 -1 0.000000 0.000000 0.000000 0.000000 0.000000 0.000000 0.000000 0.000000 1784
 17 1663161610.458787 12.050207 -0.919373 3.067584 12.050207 -0.919373 3.067584 0.990080 -0.026660 0.070644 0.118490 0.990080 -0.026660 0.070644 0.118490 -1 0.000000 0.000000 0.000000 0.000000 0.000000 0.000000 0.000000 0.000000 1729
 18 1663161610.608790 13.189232 -0.664957 3.186161 13.189232 -0.664957 3.186161 0.991168 0.002820 0.059683 0.118390 0.991168 0.002820 0.059683 0.118390 -1 0.000000 0.000000 0.000000 0.000000 0.000000 0.000000 0.000000 0.000000 1331
 19 1663161610.749793 14.276753 -0.425402 3.300297 14.276753 -0.425402 3.300297 0.991698 0.032926 0.052811 0.112530 0.991698 0.032926 0.052811 0.112530 -1 0.000000 0.000000 0.000000 0.000000 0.000000 0.000000 0.000000 0.000000 1358
 20 1663161610.869796 15.212783 -0.230334 3.393744 15.212783 -0.230334 3.393744 0.991958 0.059694 0.042900 0.103031 0.991958 0.059694 0.042900 0.103031 -1 0.000000 0.000000 0.000000 0.000000 0.000000 0.000000 0.000000 0.000000 1490
 21 1663161611.037799 16.535275 0.014962 3.509453 16.535275 0.014962 3.509453 0.991321 0.096066 0.032410 0.083685 0.991321 0.096066 0.032410 0.083685 -1 0.000000 0.000000 0.000000 0.000000 0.000000 0.000000 0.000000 0.000000 1551
 22 1663161611.178802 17.652418 0.184302 3.585042 17.652418 0.184302 3.585042 0.990119 0.122606 0.026125 0.062847 0.990119 0.122606 0.026125 0.062847 -1 0.000000 0.000000 0.000000 0.000000 0.000000 0.000000 0.000000 0.000000 1662
 23 1663161611.328806 18.844690 0.317853 3.636540 18.844690 0.317853 3.636540 0.988744 0.143240 0.021991 0.037202 0.988744 0.143240 0.021991 0.037202 -1 0.000000 0.000000 0.000000 0.000000 0.000000 0.000000 0.000000 0.000000 1559
 24 1663161611.397807 19.393694 0.361187 3.648710 19.393694 0.361187 3.648710 0.988292 0.149152 0.020719 0.024550 0.988292 0.149152 0.020719 0.024550 -1 0.000000 0.000000 0.000000 0.000000 0.000000 0.000000 0.000000 0.000000 1647
 25 1663161611.529810 20.443842 0.410344 3.650288 20.443842 0.410344 3.650288 0.987992 0.153234 0.019776 -0.000306 0.987992 0.153234 0.019776 -0.000306 -1 0.000000 0.000000 0.000000 0.000000 0.000000 0.000000 0.000000 0.000000 1704
 26 1663161611.658813 21.468861 0.415009 3.623922 21.468861 0.415009 3.623922 0.988369 0.148828 0.019289 -0.024576 0.988369 0.148828 0.019289 -0.024576 -1 0.000000 0.000000 0.000000 0.000000 0.000000 0.000000 0.000000 0.000000 1769
 27 1663161611.799816 22.586498 0.372455 3.564784 22.586498 0.372455 3.564784 0.989205 0.136522 0.019590 -0.049512 0.989205 0.136522 0.019590 -0.049512 -1 0.000000 0.000000 0.000000 0.000000 0.000000 0.000000 0.000000 0.000000 1980
 28 1663161611.907818 23.440081 0.308401 3.499928 23.440081 0.308401 3.499928 0.989973 0.123014 0.019238 -0.066711 0.989973 0.123014 0.019238 -0.066711 -1 0.000000 0.000000 0.000000 0.000000 0.000000 0.000000 0.000000 0.000000 2064
 29 1663161612.099822 24.951334 0.135499 3.349513 24.951334 0.135499 3.349513 0.991274 0.093357 0.018650 -0.091172 0.991274 0.093357 0.018650 -0.091172 -1 0.000000 0.000000 0.000000 0.000000 0.000000 0.000000 0.000000 0.000000 1925
 30 1663161612.249825 26.126316 -0.042508 3.208085 26.126316 -0.042508 3.208085 0.992159 0.067250 0.016836 -0.103990 0.992159 0.067250 0.016836 -0.103990 -1 0.000000 0.000000 0.000000 0.000000 0.000000 0.000000 0.000000 0.000000 1735
 31 1663161612.378828 27.132826 -0.217508 3.075603 27.132826 -0.217508 3.075603 0.992798 0.044208 0.015497 -0.110264 0.992798 0.044208 0.015497 -0.110264 -1 0.000000 0.000000 0.000000 0.000000 0.000000 0.000000 0.000000 0.000000 1789
 32 1663161612.528831 28.299042 -0.437024 2.915393 28.299042 -0.437024 2.915393 0.993412 0.017910 0.014733 -0.112223 0.993412 0.017910 0.014733 -0.112223 -1 0.000000 0.000000 0.000000 0.000000 0.000000 0.000000 0.000000 0.000000 1726
 33 1663161612.678834 29.461842 -0.663313 2.755362 29.461842 -0.663313 2.755362 0.993892 -0.006819 0.015903 -0.108988 0.993892 -0.006819 0.015903 -0.108988 -1 0.000000 0.000000 0.000000 0.000000 0.000000 0.000000 0.000000 0.000000 1869
 34 1663161612.807837 30.460091 -0.855009 2.623109 30.460091 -0.855009 2.623109 0.994322 -0.026562 0.010419 -0.102519 0.994322 -0.026562 0.010419 -0.102519 -1 0.000000 0.000000 0.000000 0.000000 0.000000 0.000000 0.000000 0.000000 2138
 35 1663161612.948840 31.548990 -1.052959 2.489522 31.548990 -1.052959 2.489522 0.994643 -0.045277 0.010911 -0.092287 0.994643 -0.045277 0.010911 -0.092287 -1 0.000000 0.000000 0.000000 0.000000 0.000000 0.000000 0.000000 0.000000 2421
 36 1663161613.107844 32.775387 -1.252007 2.358136 32.775387 -1.252007 2.358136 0.994950 -0.062522 0.013951 -0.077273 0.994950 -0.062522 0.013951 -0.077273 -1 0.000000 0.000000 0.000000 0.000000 0.000000 0.000000 0.000000 0.000000 2643
 37 1663161613.218846 33.631687 -1.370784 2.281126 33.631687 -1.370784 2.281126 0.995134 -0.072061 0.016956 -0.065029 0.995134 -0.072061 0.016956 -0.065029 -1 0.000000 0.000000 0.000000 0.000000 0.000000 0.000000 0.000000 0.000000 2926
 38 1663161613.407850 35.092140 -1.526572 2.181690 35.092140 -1.526572 2.181690 0.995472 -0.082824 0.021396 -0.041441 0.995472 -0.082824 0.021396 -0.041441 -1 0.000000 0.000000 0.000000 0.000000 0.000000 0.000000 0.000000 0.000000 3010
 39 1663161613.518852 35.952141 -1.587851 2.142752 35.952141 -1.587851 2.142752 0.995624 -0.086126 0.024655 -0.026591 0.995624 -0.086126 0.024655 -0.026591 -1 0.000000 0.000000 0.000000 0.000000 0.000000 0.000000 0.000000 0.000000 3075
 40 1663161613.656855 37.024521 -1.631197 2.114021 37.024521 -1.631197 2.114021 0.995738 -0.087514 0.028098 -0.007653 0.995738 -0.087514 0.028098 -0.007653 -1 0.000000 0.000000 0.000000 0.000000 0.000000 0.000000 0.000000 0.000000 2701
 41 1663161613.746857 37.726189 -1.639728 2.106269 37.726189 -1.639728 2.106269 0.995721 -0.086895 0.031122 0.004559 0.995721 -0.086895 0.031122 0.004559 -1 0.000000 0.000000 0.000000 0.000000 0.000000 0.000000 0.000000 0.000000 2546
 42 1663161613.947861 39.300972 -1.604304 2.115217 39.300972 -1.604304 2.115217 0.995713 -0.081089 0.032059 0.030856 0.995713 -0.081089 0.032059 0.030856 -1 0.000000 0.000000 0.000000 0.000000 0.000000 0.000000 0.000000 0.000000 2556
 43 1663161614.106865 40.553379 -1.526950 2.141971 40.553379 -1.526950 2.141971 0.995626 -0.072630 0.032412 0.049021 0.995626 -0.072630 0.032412 0.049021 -1 0.000000 0.000000 0.000000 0.000000 0.000000 0.000000 0.000000 0.000000 2720
 44 1663161614.217867 41.430679 -1.450219 2.167482 41.430679 -1.450219 2.167482 0.995567 -0.064860 0.032748 0.059729 0.995567 -0.064860 0.032748 0.059729 -1 0.000000 0.000000 0.000000 0.000000 0.000000 0.000000 0.000000 0.000000 2832
 45 1663161614.358870 42.548141 -1.329865 2.204403 42.548141 -1.329865 2.204403 0.995683 -0.052678 0.028738 0.070808 0.995683 -0.052678 0.028738 0.070808 -1 0.000000 0.000000 0.000000 0.000000 0.000000 0.000000 0.000000 0.000000 3020
 46 1663161614.466873 43.405575 -1.223503 2.233852 43.405575 -1.223503 2.233852 0.995794 -0.042119 0.026421 0.076953 0.995794 -0.042119 0.026421 0.076953 -1 0.000000 0.000000 0.000000 0.000000 0.000000 0.000000 0.000000 0.000000 3140
 47 1663161614.598875 44.454052 -1.081092 2.268770 44.454052 -1.081092 2.268770 0.996079 -0.027603 0.019355 0.081789 0.996079 -0.027603 0.019355 0.081789 -1 0.000000 0.000000 0.000000 0.000000 0.000000 0.000000 0.000000 0.000000 3038
 48 1663161614.667877 45.001720 -1.002853 2.285757 45.001720 -1.002853 2.285757 0.996245 -0.019476 0.014577 0.083094 0.996245 -0.019476 0.014577 0.083094 -1 0.000000 0.000000 0.000000 0.000000 0.000000 0.000000 0.000000 0.000000 3026
 49 1663161614.817880 46.189011 -0.828419 2.317935 46.189011 -0.828419 2.317935 0.996543 -0.000859 0.001294 0.083060 0.996543 -0.000859 0.001294 0.083060 -1 0.000000 0.000000 0.000000 0.000000 0.000000 0.000000 0.000000 0.000000 2745
 50 1663161614.937883 47.132851 -0.689169 2.337661 47.132851 -0.689169 2.337661 0.996589 0.014663 -0.012148 0.080299 0.996589 0.014663 -0.012148 0.080299 -1 0.000000 0.000000 0.000000 0.000000 0.000000 0.000000 0.000000 0.000000 2547
 51 1663161615.006884 47.671806 -0.611100 2.346173 47.671806 -0.611100 2.346173 0.996479 0.023723 -0.020855 0.077665 0.996479 0.023723 -0.020855 0.077665 -1 0.000000 0.000000 0.000000 0.000000 0.000000 0.000000 0.000000 0.000000 2427
 52 1663161615.186888 49.059608 -0.421383 2.358283 49.059608 -0.421383 2.358283 0.995776 0.047125 -0.040620 0.067521 0.995776 0.047125 -0.040620 0.067521 -1 0.000000 0.000000 0.000000 0.000000 0.000000 0.000000 0.000000 0.000000 2148
 53 1663161615.318891 50.055702 -0.301717 2.358545 50.055702 -0.301717 2.358545 0.994743 0.063930 -0.055989 0.057140 0.994743 0.063930 -0.055989 0.057140 -1 0.000000 0.000000 0.000000 0.000000 0.000000 0.000000 0.000000 0.000000 1902
 54 1663161615.426893 50.853367 -0.220640 2.354209 50.853367 -0.220640 2.354209 0.993618 0.077280 -0.067482 0.046881 0.993618 0.077280 -0.067482 0.046881 -1 0.000000 0.000000 0.000000 0.000000 0.000000 0.000000 0.000000 0.000000 1953
 55 1663161615.567896 51.866776 -0.143056 2.343676 51.866776 -0.143056 2.343676 0.991751 0.094025 -0.081459 0.030885 0.991751 0.094025 -0.081459 0.030885 -1 0.000000 0.000000 0.000000 0.000000 0.000000 0.000000 0.000000 0.000000 2088
 56 1663161615.708899 52.843258 -0.103542 2.329124 52.843258 -0.103542 2.329124 0.989436 0.109887 -0.093851 0.011534 0.989436 0.109887 -0.093851 0.011534 -1 0.000000 0.000000 0.000000 0.000000 0.000000 0.000000 0.000000 0.000000 2222
 57 1663161615.858902 53.835350 -0.110181 2.310973 53.835350 -0.110181 2.310973 0.986480 0.125794 -0.104183 -0.013418 0.986480 0.125794 -0.104183 -0.013418 -1 0.000000 0.000000 0.000000 0.000000 0.000000 0.000000 0.000000 0.000000 2271
 58 1663161616.047906 55.007542 -0.200097 2.286901 55.007542 -0.200097 2.286901 0.981732 0.144404 -0.112069 -0.052832 0.981732 0.144404 -0.112069 -0.052832 -1 0.000000 0.000000 0.000000 0.000000 0.000000 0.000000 0.000000 0.000000 2370
 59 1663161616.167909 55.702213 -0.309294 2.272476 55.702213 -0.309294 2.272476 0.977731 0.155327 -0.113830 -0.083422 0.977731 0.155327 -0.113830 -0.083422 -1 0.000000 0.000000 0.000000 0.000000 0.000000 0.000000 0.000000 0.000000 2405
 60 1663161616.278911 56.308056 -0.448989 2.260784 56.308056 -0.448989 2.260784 0.972958 0.164758 -0.112871 -0.116047 0.972958 0.164758 -0.112871 -0.116047 -1 0.000000 0.000000 0.000000 0.000000 0.000000 0.000000 0.000000 0.000000 2497
 61 1663161616.368913 56.772335 -0.590749 2.253075 56.772335 -0.590749 2.253075 0.968052 0.171999 -0.109897 -0.145650 0.968052 0.171999 -0.109897 -0.145650 -1 0.000000 0.000000 0.000000 0.000000 0.000000 0.000000 0.000000 0.000000 2624
 62 1663161616.527916 57.531796 -0.905981 2.244842 57.531796 -0.905981 2.244842 0.956216 0.183347 -0.100268 -0.204890 0.956216 0.183347 -0.100268 -0.204890 -1 0.000000 0.000000 0.000000 0.000000 0.000000 0.000000 0.000000 0.000000 2957
 63 1663161616.656919 58.090042 -1.224340 2.244645 58.090042 -1.224340 2.244645 0.942736 0.190568 -0.089007 -0.258863 0.942736 0.190568 -0.089007 -0.258863 -1 0.000000 0.000000 0.000000 0.000000 0.000000 0.000000 0.000000 0.000000 3323
 64 1663161616.746921 58.448696 -1.480262 2.248618 58.448696 -1.480262 2.248618 0.930898 0.194524 -0.079388 -0.298808 0.930898 0.194524 -0.079388 -0.298808 -1 0.000000 0.000000 0.000000 0.000000 0.000000 0.000000 0.000000 0.000000 3241
 65 1663161616.848923 58.824829 -1.804118 2.257652 58.824829 -1.804118 2.257652 0.914961 0.197502 -0.067318 -0.345409 0.914961 0.197502 -0.067318 -0.345409 -1 0.000000 0.000000 0.000000 0.000000 0.000000 0.000000 0.000000 0.000000 3167
 66 1663161616.938925 59.130409 -2.119658 2.269770 59.130409 -2.119658 2.269770 0.898794 0.198906 -0.055687 -0.386659 0.898794 0.198906 -0.055687 -0.386659 -1 0.000000 0.000000 0.000000 0.000000 0.000000 0.000000 0.000000 0.000000 3001
 67 1663161617.088928 59.586864 -2.706956 2.298261 59.586864 -2.706956 2.298261 0.868380 0.198092 -0.035727 -0.453210 0.868380 0.198092 -0.035727 -0.453210 -1 0.000000 0.000000 0.000000 0.000000 0.000000 0.000000 0.000000 0.000000 2927
 68 1663161617.226932 59.951561 -3.313503 2.332613 59.951561 -3.313503 2.332613 0.838414 0.193795 -0.018066 -0.509096 0.838414 0.193795 -0.018066 -0.509096 -1 0.000000 0.000000 0.000000 0.000000 0.000000 0.000000 0.000000 0.000000 2995
 69 1663161617.328934 60.189335 -3.801259 2.362237 60.189335 -3.801259 2.362237 0.816508 0.188227 -0.006427 -0.545750 0.816508 0.188227 -0.006427 -0.545750 -1 0.000000 0.000000 0.000000 0.000000 0.000000 0.000000 0.000000 0.000000 3105
 70 1663161617.466937 60.471367 -4.512307 2.407129 60.471367 -4.512307 2.407129 0.789065 0.178802 0.008031 -0.587657 0.789065 0.178802 0.008031 -0.587657 -1 0.000000 0.000000 0.000000 0.000000 0.000000 0.000000 0.000000 0.000000 3291
 71 1663161617.517938 60.564850 -4.789435 2.424917 60.564850 -4.789435 2.424917 0.779920 0.174602 0.012608 -0.600900 0.779920 0.174602 0.012608 -0.600900 -1 0.000000 0.000000 0.000000 0.000000 0.000000 0.000000 0.000000 0.000000 3314
 72 1663161617.628940 60.749905 -5.418184 2.465586 60.749905 -5.418184 2.465586 0.762347 0.164675 0.021651 -0.625492 0.762347 0.164675 0.021651 -0.625492 -1 0.000000 0.000000 0.000000 0.000000 0.000000 0.000000 0.000000 0.000000 3534
 73 1663161617.718942 60.882862 -5.952670 2.500287 60.882862 -5.952670 2.500287 0.750694 0.155236 0.027251 -0.641574 0.750694 0.155236 0.027251 -0.641574 -1 0.000000 0.000000 0.000000 0.000000 0.000000 0.000000 0.000000 0.000000 3724
 74 1663161617.817944 61.013256 -6.564694 2.539975 61.013256 -6.564694 2.539975 0.740601 0.144232 0.032487 -0.655478 0.740601 0.144232 0.032487 -0.655478 -1 0.000000 0.000000 0.000000 0.000000 0.000000 0.000000 0.000000 0.000000 3812
 75 1663161617.967947 61.183460 -7.536658 2.602667 61.183460 -7.536658 2.602667 0.730433 0.127266 0.039818 -0.669840 0.730433 0.127266 0.039818 -0.669840 -1 0.000000 0.000000 0.000000 0.000000 0.000000 0.000000 0.000000 0.000000 3961
 76 1663161618.096950 61.308296 -8.411968 2.658340 61.308296 -8.411968 2.658340 0.726045 0.111067 0.044129 -0.677181 0.726045 0.111067 0.044129 -0.677181 -1 0.000000 0.000000 0.000000 0.000000 0.000000 0.000000 0.000000 0.000000 4072
 77 1663161618.198952 61.396149 -9.127257 2.702978 61.396149 -9.127257 2.702978 0.724820 0.098052 0.047206 -0.680289 0.724820 0.098052 0.047206 -0.680289 -1 0.000000 0.000000 0.000000 0.000000 0.000000 0.000000 0.000000 0.000000 4059
 78 1663161618.396956 61.548611 -10.566525 2.789615 61.548611 -10.566525 2.789615 0.726537 0.072524 0.052659 -0.681257 0.726537 0.072524 0.052659 -0.681257 -1 0.000000 0.000000 0.000000 0.000000 0.000000 0.000000 0.000000 0.000000 3909
 79 1663161618.576960 61.678272 -11.923158 2.865718 61.678272 -11.923158 2.865718 0.731186 0.048391 0.055889 -0.678160 0.731186 0.048391 0.055889 -0.678160 -1 0.000000 0.000000 0.000000 0.000000 0.000000 0.000000 0.000000 0.000000 4071
 80 1663161618.678962 61.752728 -12.707876 2.906538 61.752728 -12.707876 2.906538 0.734597 0.034799 0.057196 -0.675192 0.734597 0.034799 0.057196 -0.675192 -1 0.000000 0.000000 0.000000 0.000000 0.000000 0.000000 0.000000 0.000000 4003
 81 1663161618.738964 61.797943 -13.173795 2.929470 61.797943 -13.173795 2.929470 0.736774 0.027082 0.057980 -0.673104 0.736774 0.027082 0.057980 -0.673104 -1 0.000000 0.000000 0.000000 0.000000 0.000000 0.000000 0.000000 0.000000 4088
 82 1663161618.867966 61.900875 -14.184102 2.975351 61.900875 -14.184102 2.975351 0.741843 0.010573 0.058705 -0.667916 0.741843 0.010573 0.058705 -0.667916 -1 0.000000 0.000000 0.000000 0.000000 0.000000 0.000000 0.000000 0.000000 4183
 83 1663161618.966969 61.986973 -14.965322 3.006768 61.986973 -14.965322 3.006768 0.746014 -0.001566 0.058620 -0.663344 0.746014 -0.001566 0.058620 -0.663344 -1 0.000000 0.000000 0.000000 0.000000 0.000000 0.000000 0.000000 0.000000 4388
 84 1663161619.077971 62.092827 -15.844942 3.037376 62.092827 -15.844942 3.037376 0.750859 -0.013300 0.059156 -0.657673 0.750859 -0.013300 0.059156 -0.657673 -1 0.000000 0.000000 0.000000 0.000000 0.000000 0.000000 0.000000 0.000000 4314
 85 1663161619.308976 62.351845 -17.678097 3.082176 62.351845 -17.678097 3.082176 0.761865 -0.035977 0.055573 -0.644344 0.761865 -0.035977 0.055573 -0.644344 -1 0.000000 0.000000 0.000000 0.000000 0.000000 0.000000 0.000000 0.000000 4329
 86 1663161619.416978 62.493324 -18.531548 3.093275 62.493324 -18.531548 3.093275 0.767338 -0.044645 0.052374 -0.637539 0.767338 -0.044645 0.052374 -0.637539 -1 0.000000 0.000000 0.000000 0.000000 0.000000 0.000000 0.000000 0.000000 4216
 87 1663161619.506980 62.621883 -19.239075 3.097355 62.621883 -19.239075 3.097355 0.771867 -0.048939 0.051357 -0.631814 0.771867 -0.048939 0.051357 -0.631814 -1 0.000000 0.000000 0.000000 0.000000 0.000000 0.000000 0.000000 0.000000 4250
 88 1663161619.698984 62.929169 -20.733173 3.089684 62.929169 -20.733173 3.089684 0.782057 -0.058165 0.041702 -0.619084 0.782057 -0.058165 0.041702 -0.619084 -1 0.000000 0.000000 0.000000 0.000000 0.000000 0.000000 0.000000 0.000000 4060
 89 1663161619.836987 63.176979 -21.790123 3.070407 63.176979 -21.790123 3.070407 0.789215 -0.060551 0.033687 -0.610196 0.789215 -0.060551 0.033687 -0.610196 -1 0.000000 0.000000 0.000000 0.000000 0.000000 0.000000 0.000000 0.000000 4058
 90 1663161619.986990 63.469635 -22.919750 3.037213 63.469635 -22.919750 3.037213 0.796446 -0.057879 0.024804 -0.601422 0.796446 -0.057879 0.024804 -0.601422 -1 0.000000 0.000000 0.000000 0.000000 0.000000 0.000000 0.000000 0.000000 4021
 91 1663161620.166994 63.847443 -24.246742 2.982167 63.847443 -24.246742 2.982167 0.803916 -0.051368 0.007453 -0.592473 0.803916 -0.051368 0.007453 -0.592473 -1 0.000000 0.000000 0.000000 0.000000 0.000000 0.000000 0.000000 0.000000 4040
 92 1663161620.307997 64.157028 -25.262621 2.929180 64.157028 -25.262621 2.929180 0.808080 -0.041904 -0.009361 -0.587506 0.808080 -0.041904 -0.009361 -0.587506 -1 0.000000 0.000000 0.000000 0.000000 0.000000 0.000000 0.000000 0.000000 3650
 93 1663161620.548002 64.689240 -26.942720 2.824059 64.689240 -26.942720 2.824059 0.809778 -0.013112 -0.039535 -0.585256 0.809778 -0.013112 -0.039535 -0.585256 -1 0.000000 0.000000 0.000000 0.000000 0.000000 0.000000 0.000000 0.000000 3412
 94 1663161620.746006 65.105629 -28.286480 2.728540 65.105629 -28.286480 2.728540 0.803777 0.017055 -0.066151 -0.590995 0.803777 0.017055 -0.066151 -0.590995 -1 0.000000 0.000000 0.000000 0.000000 0.000000 0.000000 0.000000 0.000000 3425
 95 1663161620.938011 65.459908 -29.559244 2.634321 65.459908 -29.559244 2.634321 0.790226 0.047486 -0.088055 -0.604594 0.790226 0.047486 -0.088055 -0.604594 -1 0.000000 0.000000 0.000000 0.000000 0.000000 0.000000 0.000000 0.000000 3430
 96 1663161621.058013 65.644485 -30.342825 2.577282 65.644485 -30.342825 2.577282 0.777703 0.065762 -0.097810 -0.617484 0.777703 0.065762 -0.097810 -0.617484 -1 0.000000 0.000000 0.000000 0.000000 0.000000 0.000000 0.000000 0.000000 3467
 97 1663161621.166015 65.780449 -31.042221 2.528740 65.780449 -31.042221 2.528740 0.763840 0.081045 -0.103385 -0.631895 0.763840 0.081045 -0.103385 -0.631895 -1 0.000000 0.000000 0.000000 0.000000 0.000000 0.000000 0.000000 0.000000 3510
 98 1663161621.298018 65.902313 -31.891663 2.474902 65.902313 -31.891663 2.474902 0.743767 0.097149 -0.105863 -0.652813 0.743767 0.097149 -0.105863 -0.652813 -1 0.000000 0.000000 0.000000 0.000000 0.000000 0.000000 0.000000 0.000000 3472
 99 1663161621.448021 65.975655 -32.852840 2.423917 65.975655 -32.852840 2.423917 0.717585 0.112062 -0.101696 -0.679832 0.717585 0.112062 -0.101696 -0.679832 -1 0.000000 0.000000 0.000000 0.000000 0.000000 0.000000 0.000000 0.000000 3337
 100 1663161621.586025 65.978371 -33.736462 2.389439 65.978371 -33.736462 2.389439 0.691313 0.119484 -0.092719 -0.706550 0.691313 0.119484 -0.092719 -0.706550 -1 0.000000 0.000000 0.000000 0.000000 0.000000 0.000000 0.000000 0.000000 3315
 101 1663161621.718027 65.922729 -34.583561 2.369799 65.922729 -34.583561 2.369799 0.665973 0.120267 -0.078959 -0.731971 0.665973 0.120267 -0.078959 -0.731971 -1 0.000000 0.000000 0.000000 0.000000 0.000000 0.000000 0.000000 0.000000 3239
 102 1663161621.868031 65.794739 -35.550915 2.364702 65.794739 -35.550915 2.364702 0.639467 0.110848 -0.057911 -0.758578 0.639467 0.110848 -0.057911 -0.758578 -1 0.000000 0.000000 0.000000 0.000000 0.000000 0.000000 0.000000 0.000000 3192
 103 1663161622.018034 65.608299 -36.525291 2.378097 65.608299 -36.525291 2.378097 0.618372 0.088364 -0.032260 -0.780236 0.618372 0.088364 -0.032260 -0.780236 -1 0.000000 0.000000 0.000000 0.000000 0.000000 0.000000 0.000000 0.000000 3179
 104 1663161622.156037 65.399490 -37.428753 2.406204 65.399490 -37.428753 2.406204 0.605815 0.058021 -0.006410 -0.793461 0.605815 0.058021 -0.006410 -0.793461 -1 0.000000 0.000000 0.000000 0.000000 0.000000 0.000000 0.000000 0.000000 3104
 105 1663161622.306040 65.151657 -38.418320 2.452869 65.151657 -38.418320 2.452869 0.600888 0.017809 0.022327 -0.798823 0.600888 0.017809 0.022327 -0.798823 -1 0.000000 0.000000 0.000000 0.000000 0.000000 0.000000 0.000000 0.000000 2888
 106 1663161622.387042 65.016708 -38.955692 2.484543 65.016708 -38.955692 2.484543 0.602101 -0.004620 0.038437 -0.797481 0.602101 -0.004620 0.038437 -0.797481 -1 0.000000 0.000000 0.000000 0.000000 0.000000 0.000000 0.000000 0.000000 2897
 107 1663161622.477043 64.871712 -39.554996 2.524567 64.871712 -39.554996 2.524567 0.606524 -0.029894 0.055626 -0.792553 0.606524 -0.029894 0.055626 -0.792553 -1 0.000000 0.000000 0.000000 0.000000 0.000000 0.000000 0.000000 0.000000 2750
 108 1663161622.537045 64.780403 -39.955673 2.553843 64.780403 -39.955673 2.553843 0.611138 -0.045825 0.067064 -0.787346 0.611138 -0.045825 0.067064 -0.787346 -1 0.000000 0.000000 0.000000 0.000000 0.000000 0.000000 0.000000 0.000000 2894
 109 1663161622.666048 64.606239 -40.819771 2.622977 64.606239 -40.819771 2.622977 0.625160 -0.076160 0.090951 -0.771429 0.625160 -0.076160 0.090951 -0.771429 -1 0.000000 0.000000 0.000000 0.000000 0.000000 0.000000 0.000000 0.000000 2948
 110 1663161622.777050 64.488823 -41.565712 2.688205 64.488823 -41.565712 2.688205 0.641143 -0.096202 0.110459 -0.753313 0.641143 -0.096202 0.110459 -0.753313 -1 0.000000 0.000000 0.000000 0.000000 0.000000 0.000000 0.000000 0.000000 2952
 111 1663161622.867052 64.421043 -42.171974 2.744220 64.421043 -42.171974 2.744220 0.656429 -0.107863 0.124645 -0.736159 0.656429 -0.107863 0.124645 -0.736159 -1 0.000000 0.000000 0.000000 0.000000 0.000000 0.000000 0.000000 0.000000 3112
 112 1663161623.008055 64.371887 -43.124252 2.836159 64.371887 -43.124252 2.836159 0.683818 -0.117118 0.142621 -0.705929 0.683818 -0.117118 0.142621 -0.705929 -1 0.000000 0.000000 0.000000 0.000000 0.000000 0.000000 0.000000 0.000000 2976
 113 1663161623.116057 64.385559 -43.855705 2.908850 64.385559 -43.855705 2.908850 0.706579 -0.115345 0.153166 -0.681162 0.706579 -0.115345 0.153166 -0.681162 -1 0.000000 0.000000 0.000000 0.000000 0.000000 0.000000 0.000000 0.000000 2931
 114 1663161623.248060 64.464813 -44.752728 2.998650 64.464813 -44.752728 2.998650 0.735582 -0.105439 0.158791 -0.650067 0.735582 -0.105439 0.158791 -0.650067 -1 0.000000 0.000000 0.000000 0.000000 0.000000 0.000000 0.000000 0.000000 2797
 115 1663161623.407063 64.648743 -45.838940 3.105334 64.648743 -45.838940 3.105334 0.769437 -0.085605 0.154667 -0.613773 0.769437 -0.085605 0.154667 -0.613773 -1 0.000000 0.000000 0.000000 0.000000 0.000000 0.000000 0.000000 0.000000 2706
 116 1663161623.536066 64.862404 -46.725655 3.188283 64.862404 -46.725655 3.188283 0.793568 -0.064898 0.143151 -0.587831 0.793568 -0.064898 0.143151 -0.587831 -1 0.000000 0.000000 0.000000 0.000000 0.000000 0.000000 0.000000 0.000000 2743
 117 1663161623.638068 65.066406 -47.430782 3.250306 65.066406 -47.430782 3.250306 0.809628 -0.047193 0.127521 -0.570976 0.809628 -0.047193 0.127521 -0.570976 -1 0.000000 0.000000 0.000000 0.000000 0.000000 0.000000 0.000000 0.000000 2912
 118 1663161623.827072 65.507149 -48.747505 3.354130 65.507149 -48.747505 3.354130 0.829792 -0.011201 0.086436 -0.551224 0.829792 -0.011201 0.086436 -0.551224 -1 0.000000 0.000000 0.000000 0.000000 0.000000 0.000000 0.000000 0.000000 2809
 119 1663161623.977075 65.893120 -49.802551 3.423975 65.893120 -49.802551 3.423975 0.835538 0.019396 0.044626 -0.547274 0.835538 0.019396 0.044626 -0.547274 -1 0.000000 0.000000 0.000000 0.000000 0.000000 0.000000 0.000000 0.000000 2956
 120 1663161624.166080 66.388222 -51.145164 3.492324 66.388222 -51.145164 3.492324 0.828931 0.058469 -0.014302 -0.556102 0.828931 0.058469 -0.014302 -0.556102 -1 0.000000 0.000000 0.000000 0.000000 0.000000 0.000000 0.000000 0.000000 3167
 121 1663161624.247081 66.592987 -51.724949 3.513664 66.592987 -51.724949 3.513664 0.821567 0.074845 -0.039367 -0.563805 0.821567 0.074845 -0.039367 -0.563805 -1 0.000000 0.000000 0.000000 0.000000 0.000000 0.000000 0.000000 0.000000 3538
 122 1663161624.367084 66.877609 -52.588215 3.535204 66.877609 -52.588215 3.535204 0.806321 0.097899 -0.073602 -0.578657 0.806321 0.097899 -0.073602 -0.578657 -1 0.000000 0.000000 0.000000 0.000000 0.000000 0.000000 0.000000 0.000000 3373
 123 1663161624.457086 67.070648 -53.238647 3.542795 67.070648 -53.238647 3.542795 0.791983 0.113167 -0.096597 -0.592137 0.791983 0.113167 -0.096597 -0.592137 -1 0.000000 0.000000 0.000000 0.000000 0.000000 0.000000 0.000000 0.000000 3314
 124 1663161624.586088 67.307594 -54.174229 3.540205 67.307594 -54.174229 3.540205 0.768118 0.130877 -0.123877 -0.614427 0.768118 0.130877 -0.123877 -0.614427 -1 0.000000 0.000000 0.000000 0.000000 0.000000 0.000000 0.000000 0.000000 3043
 125 1663161624.676090 67.440102 -54.828239 3.529085 67.440102 -54.828239 3.529085 0.749841 0.141064 -0.137759 -0.631555 0.749841 0.141064 -0.137759 -0.631555 -1 0.000000 0.000000 0.000000 0.000000 0.000000 0.000000 0.000000 0.000000 2893
 126 1663161624.757092 67.533386 -55.416992 3.512843 67.533386 -55.416992 3.512843 0.732530 0.148812 -0.146749 -0.647857 0.732530 0.148812 -0.146749 -0.647857 -1 0.000000 0.000000 0.000000 0.000000 0.000000 0.000000 0.000000 0.000000 2631
 127 1663161624.868094 67.617920 -56.222851 3.481660 67.617920 -56.222851 3.481660 0.707399 0.156060 -0.155712 -0.671554 0.707399 0.156060 -0.155712 -0.671554 -1 0.000000 0.000000 0.000000 0.000000 0.000000 0.000000 0.000000 0.000000 2686
 128 1663161624.976097 67.649147 -57.004322 3.442378 67.649147 -57.004322 3.442378 0.681539 0.160802 -0.161296 -0.695436 0.681539 0.160802 -0.161296 -0.695436 -1 0.000000 0.000000 0.000000 0.000000 0.000000 0.000000 0.000000 0.000000 2750
 129 1663161625.108100 67.615707 -57.953049 3.384042 67.615707 -57.953049 3.384042 0.648027 0.163263 -0.165886 -0.725181 0.648027 0.163263 -0.165886 -0.725181 -1 0.000000 0.000000 0.000000 0.000000 0.000000 0.000000 0.000000 0.000000 2727
 130 1663161625.288103 67.439285 -59.228260 3.289864 67.439285 -59.228260 3.289864 0.599787 0.163136 -0.168796 -0.764951 0.599787 0.163136 -0.168796 -0.764951 -1 0.000000 0.000000 0.000000 0.000000 0.000000 0.000000 0.000000 0.000000 2581
 131 1663161625.396106 67.260239 -59.978855 3.227262 67.260239 -59.978855 3.227262 0.569787 0.160762 -0.169637 -0.787859 0.569787 0.160762 -0.169637 -0.787859 -1 0.000000 0.000000 0.000000 0.000000 0.000000 0.000000 0.000000 0.000000 2444
 132 1663161625.498108 67.041077 -60.674866 3.165223 67.041077 -60.674866 3.165223 0.541170 0.157666 -0.169708 -0.808378 0.541170 0.157666 -0.169708 -0.808378 -1 0.000000 0.000000 0.000000 0.000000 0.000000 0.000000 0.000000 0.000000 2533
 133 1663161625.636111 66.668678 -61.592495 3.078504 66.668678 -61.592495 3.078504 0.502101 0.149940 -0.170065 -0.834560 0.502101 0.149940 -0.170065 -0.834560 -1 0.000000 0.000000 0.000000 0.000000 0.000000 0.000000 0.000000 0.000000 2699
 134 1663161625.756113 66.276375 -62.363716 3.002224 66.276375 -62.363716 3.002224 -0.468570 -0.142256 0.169785 0.855207 -0.468570 -0.142256 0.169785 0.855207 -1 0.000000 0.000000 0.000000 0.000000 0.000000 0.000000 0.000000 0.000000 2977
 135 1663161625.828115 66.011635 -62.812855 2.956779 66.011635 -62.812855 2.956779 -0.448783 -0.137295 0.169428 0.866625 -0.448783 -0.137295 0.169428 0.866625 -1 0.000000 0.000000 0.000000 0.000000 0.000000 0.000000 0.000000 0.000000 3063
 136 1663161625.978118 65.393051 -63.712017 2.864594 65.393051 -63.712017 2.864594 -0.408445 -0.125476 0.168546 0.888268 -0.408445 -0.125476 0.168546 0.888268 -1 0.000000 0.000000 0.000000 0.000000 0.000000 0.000000 0.000000 0.000000 3092
 137 1663161626.056120 65.037506 -64.158371 2.818768 65.037506 -64.158371 2.818768 -0.388111 -0.119460 0.167854 0.898290 -0.388111 -0.119460 0.167854 0.898290 -1 0.000000 0.000000 0.000000 0.000000 0.000000 0.000000 0.000000 0.000000 3114
 138 1663161626.167122 64.494263 -64.766548 2.757054 64.494263 -64.766548 2.757054 -0.359834 -0.110510 0.166752 0.911318 -0.359834 -0.110510 0.166752 0.911318 -1 0.000000 0.000000 0.000000 0.000000 0.000000 0.000000 0.000000 0.000000 3268
 139 1663161626.248124 64.071846 -65.189278 2.715158 64.071846 -65.189278 2.715158 -0.339789 -0.104611 0.165677 0.919865 -0.339789 -0.104611 0.165677 0.919865 -1 0.000000 0.000000 0.000000 0.000000 0.000000 0.000000 0.000000 0.000000 3219
 140 1663161626.407127 63.184048 -65.964638 2.642241 63.184048 -65.964638 2.642241 -0.302052 -0.096830 0.162415 0.934350 -0.302052 -0.096830 0.162415 0.934350 -1 0.000000 0.000000 0.000000 0.000000 0.000000 0.000000 0.000000 0.000000 3185
 141 1663161626.467129 62.830120 -66.237984 2.618353 62.830120 -66.237984 2.618353 -0.288047 -0.093643 0.161109 0.939310 -0.288047 -0.093643 0.161109 0.939310 -1 0.000000 0.000000 0.000000 0.000000 0.000000 0.000000 0.000000 0.000000 3177
 142 1663161626.596131 62.036884 -66.789207 2.574235 62.036884 -66.789207 2.574235 -0.257933 -0.084566 0.158598 0.949298 -0.257933 -0.084566 0.158598 0.949298 -1 0.000000 0.000000 0.000000 0.000000 0.000000 0.000000 0.000000 0.000000 3215
 143 1663161626.677133 61.518059 -67.109474 2.551839 61.518059 -67.109474 2.551839 -0.239377 -0.079667 0.156616 0.954894 -0.239377 -0.079667 0.156616 0.954894 -1 0.000000 0.000000 0.000000 0.000000 0.000000 0.000000 0.000000 0.000000 3245
 144 1663161626.785135 60.803963 -67.505074 2.528526 60.803963 -67.505074 2.528526 -0.214726 -0.071760 0.153831 0.961810 -0.214726 -0.071760 0.153831 0.961810 -1 0.000000 0.000000 0.000000 0.000000 0.000000 0.000000 0.000000 0.000000 3216
 145 1663161626.926138 59.838089 -67.967262 2.509636 59.838089 -67.967262 2.509636 -0.183812 -0.065115 0.148708 0.969463 -0.183812 -0.065115 0.148708 0.969463 -1 0.000000 0.000000 0.000000 0.000000 0.000000 0.000000 0.000000 0.000000 2938
 146 1663161627.025141 59.140003 -68.255417 2.504192 59.140003 -68.255417 2.504192 -0.162905 -0.061476 0.144296 0.974095 -0.162905 -0.061476 0.144296 0.974095 -1 0.000000 0.000000 0.000000 0.000000 0.000000 0.000000 0.000000 0.000000 2952
 147 1663161627.145143 58.274513 -68.565468 2.505982 58.274513 -68.565468 2.505982 -0.138684 -0.058541 0.138202 0.978897 -0.138684 -0.058541 0.138202 0.978897 -1 0.000000 0.000000 0.000000 0.000000 0.000000 0.000000 0.000000 0.000000 2926
 148 1663161627.277146 57.300888 -68.858749 2.518008 57.300888 -68.858749 2.518008 -0.113464 -0.055351 0.130800 0.983338 -0.113464 -0.055351 0.130800 0.983338 -1 0.000000 0.000000 0.000000 0.000000 0.000000 0.000000 0.000000 0.000000 3087
 149 1663161627.367148 56.625675 -69.031281 2.531785 56.625675 -69.031281 2.531785 -0.097137 -0.052193 0.125479 0.985949 -0.097137 -0.052193 0.125479 0.985949 -1 0.000000 0.000000 0.000000 0.000000 0.000000 0.000000 0.000000 0.000000 2872
 150 1663161627.505151 55.575066 -69.254967 2.560904 55.575066 -69.254967 2.560904 -0.074063 -0.048921 0.116776 0.989184 -0.074063 -0.048921 0.116776 0.989184 -1 0.000000 0.000000 0.000000 0.000000 0.000000 0.000000 0.000000 0.000000 2869
 151 1663161627.616153 54.718506 -69.401115 2.590612 54.718506 -69.401115 2.590612 -0.057145 -0.046014 0.109365 0.991290 -0.057145 -0.046014 0.109365 0.991290 -1 0.000000 0.000000 0.000000 0.000000 0.000000 0.000000 0.000000 0.000000 2980
 152 1663161627.727155 53.853470 -69.519333 2.625117 53.853470 -69.519333 2.625117 -0.041665 -0.041901 0.101625 0.993066 -0.041665 -0.041901 0.101625 0.993066 -1 0.000000 0.000000 0.000000 0.000000 0.000000 0.000000 0.000000 0.000000 2941
 153 1663161627.886159 52.602718 -69.644257 2.681555 52.602718 -69.644257 2.681555 -0.022466 -0.037605 0.089833 0.994993 -0.022466 -0.037605 0.089833 0.994993 -1 0.000000 0.000000 0.000000 0.000000 0.000000 0.000000 0.000000 0.000000 2997
 154 1663161627.976161 51.889927 -69.693954 2.716391 51.889927 -69.693954 2.716391 -0.013082 -0.035369 0.082843 0.995849 -0.013082 -0.035369 0.082843 0.995849 -1 0.000000 0.000000 0.000000 0.000000 0.000000 0.000000 0.000000 0.000000 3072
 155 1663161628.117164 50.768074 -69.744926 2.773880 50.768074 -69.744926 2.773880 -0.000346 -0.030423 0.071514 0.996975 -0.000346 -0.030423 0.071514 0.996975 -1 0.000000 0.000000 0.000000 0.000000 0.000000 0.000000 0.000000 0.000000 3136
 156 1663161628.327168 49.090538 -69.769463 2.862973 49.090538 -69.769463 2.862973 0.014014 -0.023774 0.053990 0.998160 0.014014 -0.023774 0.053990 0.998160 -1 0.000000 0.000000 0.000000 0.000000 0.000000 0.000000 0.000000 0.000000 3201
 157 1663161628.447171 48.130657 -69.761375 2.913949 48.130657 -69.761375 2.913949 0.019845 -0.020974 0.043849 0.998621 0.019845 -0.020974 0.043849 0.998621 -1 0.000000 0.000000 0.000000 0.000000 0.000000 0.000000 0.000000 0.000000 3236
 158 1663161628.636175 46.619652 -69.724899 2.991458 46.619652 -69.724899 2.991458 0.025805 -0.018039 0.028117 0.999109 0.025805 -0.018039 0.028117 0.999109 -1 0.000000 0.000000 0.000000 0.000000 0.000000 0.000000 0.000000 0.000000 3308
 159 1663161628.747177 45.733433 -69.693855 3.034149 45.733433 -69.693855 3.034149 0.027613 -0.017076 0.019267 0.999287 0.027613 -0.017076 0.019267 0.999287 -1 0.000000 0.000000 0.000000 0.000000 0.000000 0.000000 0.000000 0.000000 3167
 160 1663161628.825179 45.111362 -69.669258 3.062432 45.111362 -69.669258 3.062432 0.028214 -0.015821 0.013299 0.999388 0.028214 -0.015821 0.013299 0.999388 -1 0.000000 0.000000 0.000000 0.000000 0.000000 0.000000 0.000000 0.000000 3096
 161 1663161628.987182 43.821609 -69.614204 3.115755 43.821609 -69.614204 3.115755 0.027782 -0.015810 0.001860 0.999487 0.027782 -0.015810 0.001860 0.999487 -1 0.000000 0.000000 0.000000 0.000000 0.000000 0.000000 0.000000 0.000000 3149
 162 1663161629.077184 43.106342 -69.582947 3.141793 43.106342 -69.582947 3.141793 0.026673 -0.015544 -0.003822 0.999516 0.026673 -0.015544 -0.003822 0.999516 -1 0.000000 0.000000 0.000000 0.000000 0.000000 0.000000 0.000000 0.000000 2996
 163 1663161629.266188 41.607090 -69.520454 3.187222 41.607090 -69.520454 3.187222 0.022642 -0.016815 -0.013772 0.999507 0.022642 -0.016815 -0.013772 0.999507 -1 0.000000 0.000000 0.000000 0.000000 0.000000 0.000000 0.000000 0.000000 3145
 164 1663161629.416192 40.419395 -69.477303 3.213976 40.419395 -69.477303 3.213976 0.018145 -0.019423 -0.019556 0.999455 0.018145 -0.019423 -0.019556 0.999455 -1 0.000000 0.000000 0.000000 0.000000 0.000000 0.000000 0.000000 0.000000 3267
 165 1663161629.575195 39.161358 -69.440765 3.233397 39.161358 -69.440765 3.233397 0.012469 -0.021570 -0.023891 0.999404 0.012469 -0.021570 -0.023891 0.999404 -1 0.000000 0.000000 0.000000 0.000000 0.000000 0.000000 0.000000 0.000000 3241
 166 1663161629.746198 37.808086 -69.414330 3.244562 37.808086 -69.414330 3.244562 0.005788 -0.025238 -0.026855 0.999304 0.005788 -0.025238 -0.026855 0.999304 -1 0.000000 0.000000 0.000000 0.000000 0.000000 0.000000 0.000000 0.000000 3102
 167 1663161629.896202 36.618874 -69.403381 3.246384 36.618874 -69.403381 3.246384 0.000068 -0.041996 -0.029068 0.998695 0.000068 -0.041996 -0.029068 0.998695 -1 0.000000 0.000000 0.000000 0.000000 0.000000 0.000000 0.000000 0.000000 3059
 168 1663161630.007204 35.733978 -69.403130 3.241976 35.733978 -69.403130 3.241976 -0.004159 -0.055267 -0.030303 0.998003 -0.004159 -0.055267 -0.030303 0.998003 -1 0.000000 0.000000 0.000000 0.000000 0.000000 0.000000 0.000000 0.000000 3113
 169 1663161630.145207 34.624615 -69.412636 3.230040 34.624615 -69.412636 3.230040 -0.010938 -0.011978 -0.028958 0.999449 -0.010938 -0.011978 -0.028958 0.999449 -1 0.000000 0.000000 0.000000 0.000000 0.000000 0.000000 0.000000 0.000000 3283
 170 1663161630.277210 33.568851 -69.431541 3.217630 33.568851 -69.431541 3.217630 -0.019442 0.120274 -0.023662 0.992268 -0.019442 0.120274 -0.023662 0.992268 -1 0.000000 0.000000 0.000000 0.000000 0.000000 0.000000 0.000000 0.000000 3685
 171 1663161630.385212 32.741764 -69.452812 3.215725 32.741764 -69.452812 3.215725 -0.026468 0.263322 -0.017471 0.964187 -0.026468 0.263322 -0.017471 0.964187 -1 0.000000 0.000000 0.000000 0.000000 0.000000 0.000000 0.000000 0.000000 3337
 172 1663161630.517215 31.843876 -69.482346 3.233330 31.843876 -69.482346 3.233330 -0.032976 0.409496 -0.010227 0.911659 -0.032976 0.409496 -0.010227 0.911659 -1 0.000000 0.000000 0.000000 0.000000 0.000000 0.000000 0.000000 0.000000 2901
 173 1663161630.637218 31.194403 -69.507561 3.253463 31.194403 -69.507561 3.253463 -0.036583 0.474967 -0.005481 0.879226 -0.036583 0.474967 -0.005481 0.879226 -1 0.000000 0.000000 0.000000 0.000000 0.000000 0.000000 0.000000 0.000000 2784
 174 1663161630.895223 30.404987 -69.542351 3.231520 30.404987 -69.542351 3.231520 -0.038080 0.393617 -0.000693 0.918485 -0.038080 0.393617 -0.000693 0.918485 -1 0.000000 0.000000 0.000000 0.000000 0.000000 0.000000 0.000000 0.000000 3167
 175 1663161631.045226 30.259180 -69.550407 3.190818 30.259180 -69.550407 3.190818 -0.035277 0.257348 0.002084 0.965672 -0.035277 0.257348 0.002084 0.965672 -1 0.000000 0.000000 0.000000 0.000000 0.000000 0.000000 0.000000 0.000000 3100
 176 1663161631.177229 30.243389 -69.552536 3.158983 30.243389 -69.552536 3.158983 -0.031214 0.132383 0.002907 0.990703 -0.031214 0.132383 0.002907 0.990703 -1 0.000000 0.000000 0.000000 0.000000 0.000000 0.000000 0.000000 0.000000 3102
 177 1663161631.327232 30.286194 -69.551727 3.136865 30.286194 -69.551727 3.136865 -0.026451 0.023206 0.001904 0.999379 -0.026451 0.023206 0.001904 0.999379 -1 0.000000 0.000000 0.000000 0.000000 0.000000 0.000000 0.000000 0.000000 3176
 178 1663161631.426234 30.324324 -69.550362 3.130508 30.324324 -69.550362 3.130508 -0.023963 -0.020803 0.000792 0.999496 -0.023963 -0.020803 0.000792 0.999496 -1 0.000000 0.000000 0.000000 0.000000 0.000000 0.000000 0.000000 0.000000 2814
 179 1663161631.525236 30.358814 -69.548882 3.129047 30.358814 -69.548882 3.129047 -0.022225 -0.043559 -0.000186 0.998804 -0.022225 -0.043559 -0.000186 0.998804 -1 0.000000 0.000000 0.000000 0.000000 0.000000 0.000000 0.000000 0.000000 2699
 180 1663161631.705240 30.399307 -69.546951 3.133445 30.399307 -69.546951 3.133445 -0.020891 -0.045906 -0.000998 0.998727 -0.020891 -0.045906 -0.000998 0.998727 -1 0.000000 0.000000 0.000000 0.000000 0.000000 0.000000 0.000000 0.000000 2649
 181 1663161631.897244 30.411417 -69.546150 3.141073 30.411417 -69.546150 3.141073 -0.021300 -0.023718 -0.000742 0.999492 -0.021300 -0.023718 -0.000742 0.999492 -1 0.000000 0.000000 0.000000 0.000000 0.000000 0.000000 0.000000 0.000000 2713
 182 1663161631.987246 30.410040 -69.546150 3.144303 30.410040 -69.546150 3.144303 -0.021838 -0.012897 -0.000487 0.999678 -0.021838 -0.012897 -0.000487 0.999678 -1 0.000000 0.000000 0.000000 0.000000 0.000000 0.000000 0.000000 0.000000 2761
 183 1663161632.125249 30.404322 -69.546379 3.148220 30.404322 -69.546379 3.148220 -0.022797 -0.000620 -0.000159 0.999740 -0.022797 -0.000620 -0.000159 0.999740 -1 0.000000 0.000000 0.000000 0.000000 0.000000 0.000000 0.000000 0.000000 2887
