60.000000 3.000000 -0.816410 -0.744189
64.000000 3.000000 -0.803850 -0.744189
106.000000 3.000000 -0.671968 -0.744189
122.000000 3.000000 -0.621727 -0.744189
168.000000 3.000000 -0.477286 -0.744189
172.000000 3.000000 -0.464725 -0.744189
212.000000 3.000000 -0.339124 -0.744189
73.000000 4.000000 -0.775589 -0.741049
143.000000 4.000000 -0.555787 -0.741049
234.000000 4.000000 -0.270043 -0.741049
274.000000 4.000000 -0.144442 -0.741049
288.000000 4.000000 -0.100481 -0.741049
304.000000 4.000000 -0.050241 -0.741049
346.000000 4.000000 0.081641 -0.741049
67.000000 5.000000 -0.794429 -0.737909
69.000000 5.000000 -0.788149 -0.737909
87.000000 5.000000 -0.731629 -0.737909
100.000000 5.000000 -0.690808 -0.737909
199.000000 5.000000 -0.379945 -0.737909
219.000000 5.000000 -0.317144 -0.737909
231.000000 5.000000 -0.279463 -0.737909
268.000000 5.000000 -0.163282 -0.737909
314.000000 5.000000 -0.018840 -0.737909
588.000000 5.000000 0.841530 -0.737909
79.000000 6.000000 -0.756749 -0.734769
106.000000 6.000000 -0.671968 -0.734769
144.000000 6.000000 -0.552647 -0.734769
163.000000 6.000000 -0.492986 -0.734769
349.000000 6.000000 0.091061 -0.734769
570.000000 6.000000 0.785009 -0.734769
55.000000 7.000000 -0.832110 -0.731629
84.000000 7.000000 -0.741049 -0.731629
155.000000 7.000000 -0.518106 -0.731629
175.000000 7.000000 -0.455305 -0.731629
582.000000 7.000000 0.822690 -0.731629
203.000000 8.000000 -0.367384 -0.728489
239.000000 8.000000 -0.254343 -0.728489
304.000000 8.000000 -0.050241 -0.728489
432.000000 8.000000 0.351684 -0.728489
442.000000 8.000000 0.383085 -0.728489
93.000000 9.000000 -0.712788 -0.725349
99.000000 9.000000 -0.693948 -0.725349
144.000000 9.000000 -0.552647 -0.725349
603.000000 9.000000 0.888631 -0.725349
87.000000 10.000000 -0.731629 -0.722209
107.000000 10.000000 -0.668828 -0.722209
100.000000 11.000000 -0.690808 -0.719069
210.000000 11.000000 -0.345404 -0.719069
253.000000 11.000000 -0.210382 -0.719069
600.000000 11.000000 0.879210 -0.719069
61.000000 12.000000 -0.813270 -0.715928
77.000000 12.000000 -0.763029 -0.715928
250.000000 12.000000 -0.219803 -0.715928
275.000000 12.000000 -0.141302 -0.715928
297.000000 12.000000 -0.072221 -0.715928
128.000000 13.000000 -0.602887 -0.712788
133.000000 13.000000 -0.587187 -0.712788
146.000000 13.000000 -0.546366 -0.712788
536.000000 13.000000 0.678248 -0.712788
609.000000 13.000000 0.907471 -0.712788
66.000000 14.000000 -0.797569 -0.709648
144.000000 14.000000 -0.552647 -0.709648
296.000000 14.000000 -0.075361 -0.709648
304.000000 14.000000 -0.050241 -0.709648
70.000000 15.000000 -0.785009 -0.706508
227.000000 15.000000 -0.292023 -0.706508
128.000000 16.000000 -0.602887 -0.703368
238.000000 16.000000 -0.257483 -0.703368
277.000000 16.000000 -0.135022 -0.703368
529.000000 16.000000 0.656268 -0.703368
235.000000 17.000000 -0.266903 -0.700228
122.000000 18.000000 -0.621727 -0.697088
125.000000 18.000000 -0.612307 -0.697088
143.000000 18.000000 -0.555787 -0.697088
173.000000 18.000000 -0.461585 -0.697088
246.000000 18.000000 -0.232363 -0.697088
252.000000 18.000000 -0.213523 -0.697088
87.000000 19.000000 -0.731629 -0.693948
128.000000 19.000000 -0.602887 -0.693948
130.000000 19.000000 -0.596607 -0.693948
306.000000 19.000000 -0.043961 -0.693948
92.000000 20.000000 -0.715928 -0.690808
136.000000 20.000000 -0.577767 -0.690808
138.000000 20.000000 -0.571487 -0.690808
151.000000 20.000000 -0.530666 -0.690808
224.000000 20.000000 -0.301444 -0.690808
296.000000 20.000000 -0.075361 -0.690808
4.000000 21.000000 -0.992252 -0.687668
6.000000 21.000000 -0.985972 -0.687668
62.000000 21.000000 -0.810130 -0.687668
147.000000 21.000000 -0.543226 -0.687668
143.000000 22.000000 -0.555787 -0.684528
256.000000 22.000000 -0.200962 -0.684528
359.000000 22.000000 0.122461 -0.684528
7.000000 23.000000 -0.982832 -0.681388
118.000000 23.000000 -0.634288 -0.681388
274.000000 23.000000 -0.144442 -0.681388
67.000000 24.000000 -0.794429 -0.678248
111.000000 24.000000 -0.656268 -0.678248
155.000000 24.000000 -0.518106 -0.678248
251.000000 24.000000 -0.216663 -0.678248
116.000000 25.000000 -0.640568 -0.675108
125.000000 25.000000 -0.612307 -0.675108
137.000000 25.000000 -0.574627 -0.675108
302.000000 25.000000 -0.056521 -0.675108
24.000000 26.000000 -0.929451 -0.671968
120.000000 26.000000 -0.628007 -0.671968
160.000000 26.000000 -0.502406 -0.671968
173.000000 26.000000 -0.461585 -0.671968
6.000000 27.000000 -0.985972 -0.668828
67.000000 27.000000 -0.794429 -0.668828
80.000000 27.000000 -0.753609 -0.668828
125.000000 27.000000 -0.612307 -0.668828
166.000000 27.000000 -0.483566 -0.668828
213.000000 27.000000 -0.335984 -0.668828
240.000000 27.000000 -0.251203 -0.668828
96.000000 28.000000 -0.703368 -0.665688
120.000000 28.000000 -0.628007 -0.665688
129.000000 28.000000 -0.599747 -0.665688
170.000000 28.000000 -0.471006 -0.665688
341.000000 28.000000 0.065941 -0.665688
490.000000 28.000000 0.533806 -0.665688
27.000000 29.000000 -0.920031 -0.662548
89.000000 29.000000 -0.725349 -0.662548
151.000000 29.000000 -0.530666 -0.662548
177.000000 29.000000 -0.449025 -0.662548
201.000000 29.000000 -0.373664 -0.662548
245.000000 29.000000 -0.235503 -0.662548
547.000000 29.000000 0.712788 -0.662548
85.000000 30.000000 -0.737909 -0.659408
128.000000 30.000000 -0.602887 -0.659408
133.000000 30.000000 -0.587187 -0.659408
138.000000 30.000000 -0.571487 -0.659408
296.000000 30.000000 -0.075361 -0.659408
538.000000 30.000000 0.684528 -0.659408
20.000000 31.000000 -0.942011 -0.656268
22.000000 31.000000 -0.935731 -0.656268
143.000000 31.000000 -0.555787 -0.656268
6.000000 32.000000 -0.985972 -0.653128
27.000000 32.000000 -0.920031 -0.653128
138.000000 32.000000 -0.571487 -0.653128
180.000000 32.000000 -0.439605 -0.653128
185.000000 32.000000 -0.423905 -0.653128
244.000000 32.000000 -0.238643 -0.653128
434.000000 32.000000 0.357964 -0.653128
134.000000 33.000000 -0.584047 -0.649988
239.000000 33.000000 -0.254343 -0.649988
90.000000 34.000000 -0.722209 -0.646848
147.000000 34.000000 -0.543226 -0.646848
156.000000 34.000000 -0.514966 -0.646848
273.000000 34.000000 -0.147582 -0.646848
299.000000 34.000000 -0.065941 -0.646848
92.000000 35.000000 -0.715928 -0.643708
188.000000 35.000000 -0.414485 -0.643708
232.000000 35.000000 -0.276323 -0.643708
285.000000 35.000000 -0.109901 -0.643708
125.000000 36.000000 -0.612307 -0.640568
151.000000 36.000000 -0.530666 -0.640568
218.000000 36.000000 -0.320284 -0.640568
290.000000 36.000000 -0.094201 -0.640568
474.000000 36.000000 0.483566 -0.640568
95.000000 37.000000 -0.706508 -0.637428
164.000000 37.000000 -0.489846 -0.637428
29.000000 38.000000 -0.913751 -0.634288
37.000000 38.000000 -0.888631 -0.634288
108.000000 38.000000 -0.665688 -0.634288
132.000000 38.000000 -0.590327 -0.634288
172.000000 38.000000 -0.464725 -0.634288
200.000000 38.000000 -0.376804 -0.634288
223.000000 38.000000 -0.304584 -0.634288
15.000000 39.000000 -0.957711 -0.631147
102.000000 39.000000 -0.684528 -0.631147
137.000000 39.000000 -0.574627 -0.631147
220.000000 39.000000 -0.314004 -0.631147
153.000000 40.000000 -0.524386 -0.628007
204.000000 40.000000 -0.364244 -0.628007
244.000000 40.000000 -0.238643 -0.628007
261.000000 40.000000 -0.185262 -0.628007
281.000000 40.000000 -0.122461 -0.628007
592.000000 40.000000 0.854090 -0.628007
125.000000 41.000000 -0.612307 -0.624867
239.000000 41.000000 -0.254343 -0.624867
246.000000 41.000000 -0.232363 -0.624867
259.000000 41.000000 -0.191542 -0.624867
112.000000 42.000000 -0.653128 -0.621727
161.000000 42.000000 -0.499266 -0.621727
251.000000 42.000000 -0.216663 -0.621727
21.000000 43.000000 -0.938871 -0.618587
134.000000 43.000000 -0.584047 -0.618587
157.000000 43.000000 -0.511826 -0.618587
101.000000 44.000000 -0.687668 -0.615447
129.000000 44.000000 -0.599747 -0.615447
137.000000 44.000000 -0.574627 -0.615447
200.000000 44.000000 -0.376804 -0.615447
247.000000 44.000000 -0.229223 -0.615447
302.000000 44.000000 -0.056521 -0.615447
145.000000 45.000000 -0.549506 -0.612307
241.000000 45.000000 -0.248063 -0.612307
90.000000 46.000000 -0.722209 -0.609167
111.000000 46.000000 -0.656268 -0.609167
116.000000 46.000000 -0.640568 -0.609167
178.000000 46.000000 -0.445885 -0.609167
231.000000 46.000000 -0.279463 -0.609167
635.000000 46.000000 0.989112 -0.609167
84.000000 47.000000 -0.741049 -0.606027
107.000000 47.000000 -0.668828 -0.606027
146.000000 47.000000 -0.546366 -0.606027
163.000000 47.000000 -0.492986 -0.606027
226.000000 47.000000 -0.295163 -0.606027
237.000000 47.000000 -0.260623 -0.606027
278.000000 47.000000 -0.131882 -0.606027
96.000000 48.000000 -0.703368 -0.602887
154.000000 48.000000 -0.521246 -0.602887
352.000000 48.000000 0.100481 -0.602887
86.000000 49.000000 -0.734769 -0.599747
130.000000 49.000000 -0.596607 -0.599747
35.000000 50.000000 -0.894911 -0.596607
104.000000 50.000000 -0.678248 -0.596607
153.000000 50.000000 -0.524386 -0.596607
247.000000 50.000000 -0.229223 -0.596607
265.000000 50.000000 -0.172702 -0.596607
278.000000 50.000000 -0.131882 -0.596607
118.000000 51.000000 -0.634288 -0.593467
125.000000 51.000000 -0.612307 -0.593467
135.000000 51.000000 -0.580907 -0.593467
138.000000 51.000000 -0.571487 -0.593467
183.000000 51.000000 -0.430185 -0.593467
194.000000 51.000000 -0.395645 -0.593467
281.000000 51.000000 -0.122461 -0.593467
190.000000 52.000000 -0.408205 -0.590327
251.000000 52.000000 -0.216663 -0.590327
297.000000 52.000000 -0.072221 -0.590327
593.000000 52.000000 0.857230 -0.590327
81.000000 53.000000 -0.750469 -0.587187
84.000000 53.000000 -0.741049 -0.587187
115.000000 53.000000 -0.643708 -0.587187
119.000000 53.000000 -0.631147 -0.587187
227.000000 53.000000 -0.292023 -0.587187
26.000000 54.000000 -0.923171 -0.584047
76.000000 54.000000 -0.766169 -0.584047
89.000000 54.000000 -0.725349 -0.584047
96.000000 54.000000 -0.703368 -0.584047
105.000000 54.000000 -0.675108 -0.584047
153.000000 54.000000 -0.524386 -0.584047
187.000000 54.000000 -0.417625 -0.584047
231.000000 54.000000 -0.279463 -0.584047
236.000000 54.000000 -0.263763 -0.584047
253.000000 54.000000 -0.210382 -0.584047
352.000000 54.000000 0.100481 -0.584047
469.000000 54.000000 0.467866 -0.584047
85.000000 55.000000 -0.737909 -0.580907
110.000000 55.000000 -0.659408 -0.580907
125.000000 55.000000 -0.612307 -0.580907
246.000000 55.000000 -0.232363 -0.580907
287.000000 55.000000 -0.103621 -0.580907
568.000000 55.000000 0.778729 -0.580907
103.000000 56.000000 -0.681388 -0.577767
131.000000 56.000000 -0.593467 -0.577767
140.000000 56.000000 -0.565207 -0.577767
144.000000 56.000000 -0.552647 -0.577767
162.000000 56.000000 -0.496126 -0.577767
231.000000 56.000000 -0.279463 -0.577767
253.000000 56.000000 -0.210382 -0.577767
348.000000 56.000000 0.087921 -0.577767
74.000000 57.000000 -0.772449 -0.574627
136.000000 57.000000 -0.577767 -0.574627
239.000000 57.000000 -0.254343 -0.574627
76.000000 58.000000 -0.766169 -0.571487
96.000000 58.000000 -0.703368 -0.571487
111.000000 58.000000 -0.656268 -0.571487
226.000000 58.000000 -0.295163 -0.571487
122.000000 59.000000 -0.621727 -0.568347
132.000000 59.000000 -0.590327 -0.568347
242.000000 59.000000 -0.244923 -0.568347
258.000000 59.000000 -0.194682 -0.568347
138.000000 60.000000 -0.571487 -0.565207
191.000000 60.000000 -0.405065 -0.565207
251.000000 60.000000 -0.216663 -0.565207
264.000000 60.000000 -0.175842 -0.565207
85.000000 61.000000 -0.737909 -0.562067
102.000000 61.000000 -0.684528 -0.562067
202.000000 61.000000 -0.370524 -0.562067
207.000000 61.000000 -0.354824 -0.562067
246.000000 61.000000 -0.232363 -0.562067
568.000000 61.000000 0.778729 -0.562067
132.000000 62.000000 -0.590327 -0.558927
138.000000 62.000000 -0.571487 -0.558927
146.000000 62.000000 -0.546366 -0.558927
239.000000 62.000000 -0.254343 -0.558927
243.000000 62.000000 -0.241783 -0.558927
254.000000 62.000000 -0.207242 -0.558927
258.000000 62.000000 -0.194682 -0.558927
144.000000 63.000000 -0.552647 -0.555787
175.000000 63.000000 -0.455305 -0.555787
247.000000 63.000000 -0.229223 -0.555787
264.000000 63.000000 -0.175842 -0.555787
122.000000 64.000000 -0.621727 -0.552647
124.000000 64.000000 -0.615447 -0.552647
138.000000 64.000000 -0.571487 -0.552647
180.000000 64.000000 -0.439605 -0.552647
229.000000 64.000000 -0.285743 -0.552647
72.000000 65.000000 -0.778729 -0.549506
111.000000 65.000000 -0.656268 -0.549506
128.000000 65.000000 -0.602887 -0.549506
188.000000 65.000000 -0.414485 -0.549506
235.000000 65.000000 -0.266903 -0.549506
115.000000 66.000000 -0.643708 -0.546366
211.000000 66.000000 -0.342264 -0.546366
232.000000 66.000000 -0.276323 -0.546366
247.000000 66.000000 -0.229223 -0.546366
264.000000 66.000000 -0.175842 -0.546366
153.000000 67.000000 -0.524386 -0.543226
200.000000 67.000000 -0.376804 -0.543226
16.000000 68.000000 -0.954571 -0.540086
49.000000 68.000000 -0.850950 -0.540086
202.000000 68.000000 -0.370524 -0.540086
234.000000 68.000000 -0.270043 -0.540086
239.000000 68.000000 -0.254343 -0.540086
96.000000 69.000000 -0.703368 -0.536946
128.000000 69.000000 -0.602887 -0.536946
144.000000 69.000000 -0.552647 -0.536946
190.000000 69.000000 -0.408205 -0.536946
253.000000 69.000000 -0.210382 -0.536946
260.000000 69.000000 -0.188402 -0.536946
270.000000 69.000000 -0.157002 -0.536946
114.000000 70.000000 -0.646848 -0.533806
202.000000 70.000000 -0.370524 -0.533806
246.000000 70.000000 -0.232363 -0.533806
256.000000 70.000000 -0.200962 -0.533806
86.000000 71.000000 -0.734769 -0.530666
149.000000 71.000000 -0.536946 -0.530666
178.000000 72.000000 -0.445885 -0.527526
207.000000 72.000000 -0.354824 -0.527526
239.000000 72.000000 -0.254343 -0.527526
290.000000 72.000000 -0.094201 -0.527526
489.000000 72.000000 0.530666 -0.527526
69.000000 73.000000 -0.788149 -0.524386
73.000000 73.000000 -0.775589 -0.524386
192.000000 73.000000 -0.401925 -0.524386
212.000000 73.000000 -0.339124 -0.524386
232.000000 73.000000 -0.276323 -0.524386
258.000000 73.000000 -0.194682 -0.524386
299.000000 73.000000 -0.065941 -0.524386
16.000000 74.000000 -0.954571 -0.521246
53.000000 74.000000 -0.838390 -0.521246
149.000000 74.000000 -0.536946 -0.521246
210.000000 74.000000 -0.345404 -0.521246
217.000000 74.000000 -0.323424 -0.521246
230.000000 74.000000 -0.282603 -0.521246
247.000000 74.000000 -0.229223 -0.521246
18.000000 75.000000 -0.948291 -0.518106
172.000000 75.000000 -0.464725 -0.518106
258.000000 75.000000 -0.194682 -0.518106
63.000000 76.000000 -0.806990 -0.514966
109.000000 76.000000 -0.662548 -0.514966
209.000000 76.000000 -0.348544 -0.514966
216.000000 76.000000 -0.326564 -0.514966
223.000000 76.000000 -0.304584 -0.514966
234.000000 76.000000 -0.270043 -0.514966
252.000000 76.000000 -0.213523 -0.514966
74.000000 77.000000 -0.772449 -0.511826
87.000000 77.000000 -0.731629 -0.511826
533.000000 77.000000 0.668828 -0.511826
235.000000 78.000000 -0.266903 -0.508686
239.000000 78.000000 -0.254343 -0.508686
280.000000 78.000000 -0.125601 -0.508686
39.000000 79.000000 -0.882350 -0.505546
73.000000 79.000000 -0.775589 -0.505546
87.000000 79.000000 -0.731629 -0.505546
145.000000 79.000000 -0.549506 -0.505546
186.000000 79.000000 -0.420765 -0.505546
201.000000 79.000000 -0.373664 -0.505546
227.000000 79.000000 -0.292023 -0.505546
256.000000 79.000000 -0.200962 -0.505546
263.000000 79.000000 -0.178982 -0.505546
315.000000 79.000000 -0.015700 -0.505546
373.000000 79.000000 0.166422 -0.505546
611.000000 79.000000 0.913751 -0.505546
628.000000 79.000000 0.967131 -0.505546
44.000000 80.000000 -0.866650 -0.502406
141.000000 80.000000 -0.562067 -0.502406
204.000000 80.000000 -0.364244 -0.502406
223.000000 80.000000 -0.304584 -0.502406
236.000000 80.000000 -0.263763 -0.502406
247.000000 80.000000 -0.229223 -0.502406
252.000000 80.000000 -0.213523 -0.502406
298.000000 80.000000 -0.069081 -0.502406
65.000000 81.000000 -0.800709 -0.499266
228.000000 81.000000 -0.288883 -0.499266
91.000000 82.000000 -0.719069 -0.496126
99.000000 82.000000 -0.693948 -0.496126
141.000000 82.000000 -0.562067 -0.496126
234.000000 82.000000 -0.270043 -0.496126
241.000000 82.000000 -0.248063 -0.496126
276.000000 82.000000 -0.138162 -0.496126
298.000000 82.000000 -0.069081 -0.496126
332.000000 82.000000 0.037680 -0.496126
57.000000 83.000000 -0.825830 -0.492986
94.000000 83.000000 -0.709648 -0.492986
215.000000 83.000000 -0.329704 -0.492986
287.000000 83.000000 -0.103621 -0.492986
538.000000 83.000000 0.684528 -0.492986
104.000000 84.000000 -0.678248 -0.489846
107.000000 84.000000 -0.668828 -0.489846
110.000000 84.000000 -0.659408 -0.489846
112.000000 84.000000 -0.653128 -0.489846
161.000000 84.000000 -0.499266 -0.489846
205.000000 84.000000 -0.361104 -0.489846
211.000000 84.000000 -0.342264 -0.489846
228.000000 84.000000 -0.288883 -0.489846
239.000000 84.000000 -0.254343 -0.489846
263.000000 84.000000 -0.178982 -0.489846
341.000000 84.000000 0.065941 -0.489846
4.000000 85.000000 -0.992252 -0.486706
7.000000 85.000000 -0.982832 -0.486706
93.000000 85.000000 -0.712788 -0.486706
101.000000 85.000000 -0.687668 -0.486706
119.000000 85.000000 -0.631147 -0.486706
145.000000 85.000000 -0.549506 -0.486706
232.000000 85.000000 -0.276323 -0.486706
247.000000 85.000000 -0.229223 -0.486706
597.000000 85.000000 0.869790 -0.486706
126.000000 86.000000 -0.609167 -0.483566
181.000000 86.000000 -0.436465 -0.483566
269.000000 86.000000 -0.160142 -0.483566
308.000000 86.000000 -0.037680 -0.483566
93.000000 87.000000 -0.712788 -0.480426
107.000000 87.000000 -0.668828 -0.480426
157.000000 87.000000 -0.511826 -0.480426
176.000000 87.000000 -0.452165 -0.480426
204.000000 87.000000 -0.364244 -0.480426
258.000000 87.000000 -0.194682 -0.480426
468.000000 87.000000 0.464725 -0.480426
587.000000 87.000000 0.838390 -0.480426
77.000000 88.000000 -0.763029 -0.477286
88.000000 88.000000 -0.728489 -0.477286
130.000000 88.000000 -0.596607 -0.477286
140.000000 88.000000 -0.565207 -0.477286
83.000000 89.000000 -0.744189 -0.474146
91.000000 89.000000 -0.719069 -0.474146
147.000000 89.000000 -0.543226 -0.474146
228.000000 89.000000 -0.288883 -0.474146
235.000000 89.000000 -0.266903 -0.474146
239.000000 89.000000 -0.254343 -0.474146
86.000000 90.000000 -0.734769 -0.471006
263.000000 90.000000 -0.178982 -0.471006
76.000000 91.000000 -0.766169 -0.467866
91.000000 91.000000 -0.719069 -0.467866
99.000000 91.000000 -0.693948 -0.467866
128.000000 91.000000 -0.602887 -0.467866
167.000000 91.000000 -0.480426 -0.467866
227.000000 91.000000 -0.292023 -0.467866
233.000000 91.000000 -0.273183 -0.467866
268.000000 91.000000 -0.163282 -0.467866
113.000000 92.000000 -0.649988 -0.464725
136.000000 92.000000 -0.577767 -0.464725
270.000000 92.000000 -0.157002 -0.464725
279.000000 92.000000 -0.128742 -0.464725
86.000000 93.000000 -0.734769 -0.461585
89.000000 93.000000 -0.725349 -0.461585
145.000000 93.000000 -0.549506 -0.461585
177.000000 93.000000 -0.449025 -0.461585
226.000000 93.000000 -0.295163 -0.461585
240.000000 93.000000 -0.251203 -0.461585
343.000000 93.000000 0.072221 -0.461585
91.000000 94.000000 -0.719069 -0.458445
253.000000 94.000000 -0.210382 -0.458445
256.000000 94.000000 -0.200962 -0.458445
271.000000 94.000000 -0.153862 -0.458445
143.000000 95.000000 -0.555787 -0.455305
220.000000 95.000000 -0.314004 -0.455305
225.000000 95.000000 -0.298304 -0.455305
277.000000 95.000000 -0.135022 -0.455305
78.000000 96.000000 -0.759889 -0.452165
149.000000 96.000000 -0.536946 -0.452165
183.000000 96.000000 -0.430185 -0.452165
283.000000 96.000000 -0.116181 -0.452165
523.000000 96.000000 0.637428 -0.452165
97.000000 97.000000 -0.700228 -0.449025
100.000000 97.000000 -0.690808 -0.449025
117.000000 97.000000 -0.637428 -0.449025
141.000000 97.000000 -0.562067 -0.449025
152.000000 97.000000 -0.527526 -0.449025
289.000000 97.000000 -0.097341 -0.449025
78.000000 98.000000 -0.759889 -0.445885
105.000000 98.000000 -0.675108 -0.445885
108.000000 98.000000 -0.665688 -0.445885
123.000000 98.000000 -0.618587 -0.445885
127.000000 98.000000 -0.606027 -0.445885
190.000000 98.000000 -0.408205 -0.445885
236.000000 98.000000 -0.263763 -0.445885
68.000000 99.000000 -0.791289 -0.442745
76.000000 99.000000 -0.766169 -0.442745
80.000000 99.000000 -0.753609 -0.442745
132.000000 99.000000 -0.590327 -0.442745
138.000000 99.000000 -0.571487 -0.442745
142.000000 99.000000 -0.558927 -0.442745
151.000000 99.000000 -0.530666 -0.442745
156.000000 99.000000 -0.514966 -0.442745
192.000000 99.000000 -0.401925 -0.442745
223.000000 99.000000 -0.304584 -0.442745
248.000000 99.000000 -0.226083 -0.442745
186.000000 100.000000 -0.420765 -0.439605
189.000000 100.000000 -0.411345 -0.439605
218.000000 100.000000 -0.320284 -0.439605
225.000000 100.000000 -0.298304 -0.439605
229.000000 100.000000 -0.285743 -0.439605
317.000000 100.000000 -0.009420 -0.439605
71.000000 101.000000 -0.781869 -0.436465
126.000000 101.000000 -0.609167 -0.436465
192.000000 101.000000 -0.401925 -0.436465
199.000000 101.000000 -0.379945 -0.436465
620.000000 101.000000 0.942011 -0.436465
68.000000 102.000000 -0.791289 -0.433325
129.000000 102.000000 -0.599747 -0.433325
134.000000 102.000000 -0.584047 -0.433325
153.000000 102.000000 -0.524386 -0.433325
202.000000 102.000000 -0.370524 -0.433325
224.000000 102.000000 -0.301444 -0.433325
288.000000 102.000000 -0.100481 -0.433325
413.000000 102.000000 0.292023 -0.433325
137.000000 103.000000 -0.574627 -0.430185
140.000000 103.000000 -0.565207 -0.430185
159.000000 103.000000 -0.505546 -0.430185
166.000000 103.000000 -0.483566 -0.430185
207.000000 103.000000 -0.354824 -0.430185
211.000000 103.000000 -0.342264 -0.430185
219.000000 103.000000 -0.317144 -0.430185
226.000000 103.000000 -0.295163 -0.430185
172.000000 104.000000 -0.464725 -0.427045
214.000000 104.000000 -0.332844 -0.427045
69.000000 105.000000 -0.788149 -0.423905
72.000000 105.000000 -0.778729 -0.423905
159.000000 105.000000 -0.505546 -0.423905
227.000000 105.000000 -0.292023 -0.423905
260.000000 105.000000 -0.188402 -0.423905
66.000000 106.000000 -0.797569 -0.420765
182.000000 106.000000 -0.433325 -0.420765
250.000000 106.000000 -0.219803 -0.420765
459.000000 106.000000 0.436465 -0.420765
106.000000 107.000000 -0.671968 -0.417625
191.000000 107.000000 -0.405065 -0.417625
218.000000 107.000000 -0.320284 -0.417625
227.000000 107.000000 -0.292023 -0.417625
257.000000 107.000000 -0.197822 -0.417625
199.000000 108.000000 -0.379945 -0.414485
202.000000 108.000000 -0.370524 -0.414485
235.000000 108.000000 -0.266903 -0.414485
262.000000 109.000000 -0.182122 -0.411345
59.000000 110.000000 -0.819550 -0.408205
219.000000 110.000000 -0.317144 -0.408205
236.000000 110.000000 -0.263763 -0.408205
62.000000 111.000000 -0.810130 -0.405065
146.000000 111.000000 -0.546366 -0.405065
155.000000 111.000000 -0.518106 -0.405065
294.000000 111.000000 -0.081641 -0.405065
313.000000 111.000000 -0.021980 -0.405065
344.000000 111.000000 0.075361 -0.405065
55.000000 112.000000 -0.832110 -0.401925
159.000000 112.000000 -0.505546 -0.401925
169.000000 112.000000 -0.474146 -0.401925
179.000000 112.000000 -0.442745 -0.401925
152.000000 113.000000 -0.527526 -0.398785
167.000000 113.000000 -0.480426 -0.398785
215.000000 113.000000 -0.329704 -0.398785
341.000000 113.000000 0.065941 -0.398785
55.000000 114.000000 -0.832110 -0.395645
159.000000 114.000000 -0.505546 -0.395645
163.000000 114.000000 -0.492986 -0.395645
197.000000 114.000000 -0.386225 -0.395645
217.000000 114.000000 -0.323424 -0.395645
237.000000 114.000000 -0.260623 -0.395645
57.000000 115.000000 -0.825830 -0.392505
170.000000 115.000000 -0.471006 -0.392505
173.000000 116.000000 -0.461585 -0.389365
55.000000 117.000000 -0.832110 -0.386225
216.000000 117.000000 -0.326564 -0.386225
218.000000 117.000000 -0.320284 -0.386225
222.000000 117.000000 -0.307724 -0.386225
310.000000 117.000000 -0.031400 -0.386225
506.000000 117.000000 0.584047 -0.386225
513.000000 117.000000 0.606027 -0.386225
41.000000 118.000000 -0.876070 -0.383085
49.000000 118.000000 -0.850950 -0.383085
169.000000 118.000000 -0.474146 -0.383085
172.000000 118.000000 -0.464725 -0.383085
212.000000 118.000000 -0.339124 -0.383085
255.000000 118.000000 -0.204102 -0.383085
297.000000 118.000000 -0.072221 -0.383085
501.000000 118.000000 0.568347 -0.383085
52.000000 119.000000 -0.841530 -0.379945
167.000000 120.000000 -0.480426 -0.376804
241.000000 120.000000 -0.248063 -0.376804
74.000000 121.000000 -0.772449 -0.373664
168.000000 122.000000 -0.477286 -0.370524
172.000000 122.000000 -0.464725 -0.370524
58.000000 123.000000 -0.822690 -0.367384
174.000000 123.000000 -0.458445 -0.367384
213.000000 123.000000 -0.335984 -0.367384
308.000000 123.000000 -0.037680 -0.367384
105.000000 124.000000 -0.675108 -0.364244
209.000000 124.000000 -0.348544 -0.364244
42.000000 125.000000 -0.872930 -0.361104
240.000000 125.000000 -0.251203 -0.361104
31.000000 126.000000 -0.907471 -0.357964
53.000000 126.000000 -0.838390 -0.357964
126.000000 126.000000 -0.609167 -0.357964
175.000000 126.000000 -0.455305 -0.357964
245.000000 126.000000 -0.235503 -0.357964
600.000000 126.000000 0.879210 -0.357964
303.000000 127.000000 -0.053381 -0.354824
314.000000 127.000000 -0.018840 -0.354824
533.000000 127.000000 0.668828 -0.354824
207.000000 128.000000 -0.354824 -0.351684
219.000000 128.000000 -0.317144 -0.351684
233.000000 128.000000 -0.273183 -0.351684
246.000000 128.000000 -0.232363 -0.351684
27.000000 129.000000 -0.920031 -0.348544
158.000000 129.000000 -0.508686 -0.348544
174.000000 129.000000 -0.458445 -0.348544
169.000000 130.000000 -0.474146 -0.345404
245.000000 130.000000 -0.235503 -0.345404
338.000000 130.000000 0.056521 -0.345404
305.000000 131.000000 -0.047101 -0.342264
204.000000 132.000000 -0.364244 -0.339124
206.000000 132.000000 -0.357964 -0.339124
234.000000 132.000000 -0.270043 -0.339124
285.000000 132.000000 -0.109901 -0.339124
335.000000 132.000000 0.047101 -0.339124
577.000000 132.000000 0.806990 -0.339124
35.000000 133.000000 -0.894911 -0.335984
202.000000 133.000000 -0.370524 -0.335984
226.000000 133.000000 -0.295163 -0.335984
324.000000 133.000000 0.012560 -0.335984
571.000000 133.000000 0.788149 -0.335984
32.000000 134.000000 -0.904331 -0.332844
155.000000 134.000000 -0.518106 -0.332844
179.000000 134.000000 -0.442745 -0.332844
230.000000 134.000000 -0.282603 -0.332844
34.000000 135.000000 -0.898051 -0.329704
542.000000 135.000000 0.697088 -0.329704
37.000000 136.000000 -0.888631 -0.326564
45.000000 137.000000 -0.863510 -0.323424
173.000000 137.000000 -0.461585 -0.323424
236.000000 137.000000 -0.263763 -0.323424
259.000000 137.000000 -0.191542 -0.323424
286.000000 137.000000 -0.106761 -0.323424
52.000000 138.000000 -0.841530 -0.320284
157.000000 138.000000 -0.511826 -0.320284
67.000000 139.000000 -0.794429 -0.317144
183.000000 140.000000 -0.430185 -0.314004
433.000000 140.000000 0.354824 -0.314004
224.000000 141.000000 -0.301444 -0.310864
195.000000 142.000000 -0.392505 -0.307724
242.000000 142.000000 -0.244923 -0.307724
296.000000 142.000000 -0.075361 -0.307724
311.000000 142.000000 -0.028260 -0.307724
37.000000 143.000000 -0.888631 -0.304584
65.000000 143.000000 -0.800709 -0.304584
84.000000 143.000000 -0.741049 -0.304584
113.000000 143.000000 -0.649988 -0.304584
115.000000 143.000000 -0.643708 -0.304584
186.000000 143.000000 -0.420765 -0.304584
203.000000 143.000000 -0.367384 -0.304584
307.000000 143.000000 -0.040820 -0.304584
329.000000 143.000000 0.028260 -0.304584
98.000000 144.000000 -0.697088 -0.301444
100.000000 144.000000 -0.690808 -0.301444
107.000000 145.000000 -0.668828 -0.298304
229.000000 145.000000 -0.285743 -0.298304
242.000000 145.000000 -0.244923 -0.298304
418.000000 145.000000 0.307724 -0.298304
98.000000 146.000000 -0.697088 -0.295163
188.000000 146.000000 -0.414485 -0.295163
232.000000 146.000000 -0.276323 -0.295163
235.000000 146.000000 -0.266903 -0.295163
103.000000 147.000000 -0.681388 -0.292023
194.000000 147.000000 -0.395645 -0.292023
226.000000 147.000000 -0.295163 -0.292023
241.000000 147.000000 -0.248063 -0.292023
338.000000 148.000000 0.056521 -0.288883
229.000000 149.000000 -0.285743 -0.285743
253.000000 149.000000 -0.210382 -0.285743
556.000000 149.000000 0.741049 -0.285743
224.000000 150.000000 -0.301444 -0.282603
258.000000 150.000000 -0.194682 -0.282603
332.000000 150.000000 0.037680 -0.282603
146.000000 151.000000 -0.546366 -0.279463
234.000000 151.000000 -0.270043 -0.279463
242.000000 151.000000 -0.244923 -0.279463
457.000000 151.000000 0.430185 -0.279463
553.000000 151.000000 0.731629 -0.279463
555.000000 151.000000 0.737909 -0.279463
58.000000 152.000000 -0.822690 -0.276323
227.000000 152.000000 -0.292023 -0.276323
60.000000 153.000000 -0.816410 -0.273183
82.000000 153.000000 -0.747329 -0.273183
258.000000 153.000000 -0.194682 -0.273183
51.000000 154.000000 -0.844670 -0.270043
58.000000 154.000000 -0.822690 -0.270043
486.000000 154.000000 0.521246 -0.270043
550.000000 155.000000 0.722209 -0.266903
573.000000 155.000000 0.794429 -0.266903
179.000000 156.000000 -0.442745 -0.263763
205.000000 156.000000 -0.361104 -0.263763
541.000000 156.000000 0.693948 -0.263763
70.000000 157.000000 -0.785009 -0.260623
86.000000 157.000000 -0.734769 -0.260623
243.000000 157.000000 -0.241783 -0.260623
332.000000 157.000000 0.037680 -0.260623
336.000000 157.000000 0.050241 -0.260623
4.000000 158.000000 -0.992252 -0.257483
54.000000 158.000000 -0.835250 -0.257483
59.000000 158.000000 -0.819550 -0.257483
258.000000 158.000000 -0.194682 -0.257483
623.000000 158.000000 0.951431 -0.257483
38.000000 159.000000 -0.885490 -0.254343
76.000000 159.000000 -0.766169 -0.254343
46.000000 160.000000 -0.860370 -0.251203
257.000000 160.000000 -0.197822 -0.251203
290.000000 160.000000 -0.094201 -0.251203
70.000000 161.000000 -0.785009 -0.248063
192.000000 161.000000 -0.401925 -0.248063
241.000000 161.000000 -0.248063 -0.248063
249.000000 161.000000 -0.222943 -0.248063
44.000000 162.000000 -0.866650 -0.244923
47.000000 162.000000 -0.857230 -0.244923
160.000000 162.000000 -0.502406 -0.244923
180.000000 162.000000 -0.439605 -0.244923
69.000000 163.000000 -0.788149 -0.241783
154.000000 163.000000 -0.521246 -0.241783
257.000000 163.000000 -0.197822 -0.241783
244.000000 164.000000 -0.238643 -0.238643
194.000000 165.000000 -0.395645 -0.235503
246.000000 165.000000 -0.232363 -0.235503
251.000000 165.000000 -0.216663 -0.235503
323.000000 165.000000 0.009420 -0.235503
78.000000 166.000000 -0.759889 -0.232363
95.000000 166.000000 -0.706508 -0.232363
185.000000 166.000000 -0.423905 -0.232363
196.000000 166.000000 -0.389365 -0.232363
257.000000 166.000000 -0.197822 -0.232363
68.000000 167.000000 -0.791289 -0.229223
98.000000 167.000000 -0.697088 -0.229223
145.000000 167.000000 -0.549506 -0.229223
198.000000 167.000000 -0.383085 -0.229223
8.000000 168.000000 -0.979692 -0.226083
181.000000 168.000000 -0.436465 -0.226083
206.000000 168.000000 -0.357964 -0.226083
29.000000 169.000000 -0.913751 -0.222943
31.000000 169.000000 -0.907471 -0.222943
185.000000 169.000000 -0.423905 -0.222943
221.000000 169.000000 -0.310864 -0.222943
254.000000 169.000000 -0.207242 -0.222943
180.000000 170.000000 -0.439605 -0.219803
189.000000 171.000000 -0.411345 -0.216663
199.000000 171.000000 -0.379945 -0.216663
574.000000 171.000000 0.797569 -0.216663
39.000000 172.000000 -0.882350 -0.213523
268.000000 172.000000 -0.163282 -0.213523
337.000000 172.000000 0.053381 -0.213523
346.000000 172.000000 0.081641 -0.213523
544.000000 172.000000 0.703368 -0.213523
572.000000 172.000000 0.791289 -0.213523
44.000000 173.000000 -0.866650 -0.210382
63.000000 173.000000 -0.806990 -0.210382
299.000000 173.000000 -0.065941 -0.210382
324.000000 173.000000 0.012560 -0.210382
186.000000 174.000000 -0.420765 -0.207242
192.000000 174.000000 -0.401925 -0.207242
37.000000 175.000000 -0.888631 -0.204102
133.000000 175.000000 -0.587187 -0.204102
295.000000 175.000000 -0.078501 -0.204102
496.000000 175.000000 0.552647 -0.204102
58.000000 176.000000 -0.822690 -0.200962
84.000000 176.000000 -0.741049 -0.200962
192.000000 176.000000 -0.401925 -0.200962
568.000000 176.000000 0.778729 -0.200962
591.000000 176.000000 0.850950 -0.200962
13.000000 177.000000 -0.963991 -0.197822
121.000000 177.000000 -0.624867 -0.197822
148.000000 177.000000 -0.540086 -0.197822
82.000000 178.000000 -0.747329 -0.194682
143.000000 179.000000 -0.555787 -0.191542
32.000000 180.000000 -0.904331 -0.188402
192.000000 180.000000 -0.401925 -0.188402
63.000000 181.000000 -0.806990 -0.185262
55.000000 182.000000 -0.832110 -0.182122
67.000000 182.000000 -0.794429 -0.182122
395.000000 182.000000 0.235503 -0.182122
606.000000 182.000000 0.898051 -0.182122
108.000000 184.000000 -0.665688 -0.175842
395.000000 184.000000 0.235503 -0.175842
615.000000 184.000000 0.926311 -0.175842
22.000000 185.000000 -0.935731 -0.172702
28.000000 185.000000 -0.916891 -0.172702
35.000000 185.000000 -0.894911 -0.172702
38.000000 185.000000 -0.885490 -0.172702
71.000000 185.000000 -0.781869 -0.172702
551.000000 186.000000 0.725349 -0.169562
36.000000 187.000000 -0.891771 -0.166422
74.000000 187.000000 -0.772449 -0.166422
12.000000 189.000000 -0.967131 -0.160142
32.000000 189.000000 -0.904331 -0.160142
327.000000 189.000000 0.021980 -0.160142
544.000000 189.000000 0.703368 -0.160142
25.000000 190.000000 -0.926311 -0.157002
41.000000 190.000000 -0.876070 -0.157002
180.000000 190.000000 -0.439605 -0.157002
324.000000 190.000000 0.012560 -0.157002
585.000000 190.000000 0.832110 -0.157002
108.000000 191.000000 -0.665688 -0.153862
328.000000 191.000000 0.025120 -0.153862
14.000000 192.000000 -0.960851 -0.150722
153.000000 192.000000 -0.524386 -0.150722
155.000000 192.000000 -0.518106 -0.150722
267.000000 192.000000 -0.166422 -0.150722
7.000000 193.000000 -0.982832 -0.147582
37.000000 193.000000 -0.888631 -0.147582
289.000000 193.000000 -0.097341 -0.147582
57.000000 194.000000 -0.825830 -0.144442
25.000000 195.000000 -0.926311 -0.141302
60.000000 195.000000 -0.816410 -0.141302
73.000000 195.000000 -0.775589 -0.141302
149.000000 195.000000 -0.536946 -0.141302
323.000000 195.000000 0.009420 -0.141302
347.000000 196.000000 0.084781 -0.138162
122.000000 197.000000 -0.621727 -0.135022
515.000000 197.000000 0.612307 -0.135022
203.000000 198.000000 -0.367384 -0.131882
352.000000 198.000000 0.100481 -0.131882
498.000000 198.000000 0.558927 -0.131882
32.000000 199.000000 -0.904331 -0.128742
72.000000 199.000000 -0.778729 -0.128742
166.000000 199.000000 -0.483566 -0.128742
239.000000 199.000000 -0.254343 -0.128742
381.000000 199.000000 0.191542 -0.128742
16.000000 200.000000 -0.954571 -0.125601
51.000000 200.000000 -0.844670 -0.125601
87.000000 200.000000 -0.731629 -0.125601
223.000000 200.000000 -0.304584 -0.125601
23.000000 201.000000 -0.932591 -0.122461
96.000000 201.000000 -0.703368 -0.122461
143.000000 201.000000 -0.555787 -0.122461
184.000000 201.000000 -0.427045 -0.122461
190.000000 201.000000 -0.408205 -0.122461
196.000000 201.000000 -0.389365 -0.122461
46.000000 202.000000 -0.860370 -0.119321
226.000000 202.000000 -0.295163 -0.119321
341.000000 202.000000 0.065941 -0.119321
61.000000 203.000000 -0.813270 -0.116181
124.000000 203.000000 -0.615447 -0.116181
136.000000 203.000000 -0.577767 -0.116181
186.000000 203.000000 -0.420765 -0.116181
189.000000 203.000000 -0.411345 -0.116181
191.000000 203.000000 -0.405065 -0.116181
224.000000 203.000000 -0.301444 -0.116181
549.000000 203.000000 0.719069 -0.116181
610.000000 203.000000 0.910611 -0.116181
148.000000 204.000000 -0.540086 -0.113041
13.000000 205.000000 -0.963991 -0.109901
15.000000 205.000000 -0.957711 -0.109901
98.000000 205.000000 -0.697088 -0.109901
141.000000 205.000000 -0.562067 -0.109901
448.000000 205.000000 0.401925 -0.109901
556.000000 205.000000 0.741049 -0.109901
48.000000 206.000000 -0.854090 -0.106761
81.000000 206.000000 -0.750469 -0.106761
106.000000 206.000000 -0.671968 -0.106761
171.000000 206.000000 -0.467866 -0.106761
573.000000 207.000000 0.794429 -0.103621
596.000000 207.000000 0.866650 -0.103621
29.000000 208.000000 -0.913751 -0.100481
196.000000 208.000000 -0.389365 -0.100481
34.000000 209.000000 -0.898051 -0.097341
42.000000 209.000000 -0.872930 -0.097341
227.000000 209.000000 -0.292023 -0.097341
103.000000 211.000000 -0.681388 -0.091061
90.000000 212.000000 -0.722209 -0.087921
148.000000 212.000000 -0.540086 -0.087921
154.000000 212.000000 -0.521246 -0.087921
602.000000 212.000000 0.885490 -0.087921
78.000000 213.000000 -0.759889 -0.084781
94.000000 213.000000 -0.709648 -0.084781
175.000000 213.000000 -0.455305 -0.084781
389.000000 213.000000 0.216663 -0.084781
56.000000 214.000000 -0.828970 -0.081641
62.000000 214.000000 -0.810130 -0.081641
167.000000 214.000000 -0.480426 -0.081641
171.000000 215.000000 -0.467866 -0.078501
351.000000 215.000000 0.097341 -0.078501
452.000000 215.000000 0.414485 -0.078501
625.000000 215.000000 0.957711 -0.078501
54.000000 216.000000 -0.835250 -0.075361
269.000000 216.000000 -0.160142 -0.075361
339.000000 216.000000 0.059661 -0.075361
68.000000 217.000000 -0.791289 -0.072221
73.000000 217.000000 -0.775589 -0.072221
102.000000 217.000000 -0.684528 -0.072221
353.000000 217.000000 0.103621 -0.072221
373.000000 217.000000 0.166422 -0.072221
16.000000 218.000000 -0.954571 -0.069081
54.000000 218.000000 -0.835250 -0.069081
174.000000 218.000000 -0.458445 -0.069081
356.000000 218.000000 0.113041 -0.069081
156.000000 219.000000 -0.514966 -0.065941
230.000000 219.000000 -0.282603 -0.065941
400.000000 219.000000 0.251203 -0.065941
10.000000 220.000000 -0.973412 -0.062801
48.000000 220.000000 -0.854090 -0.062801
110.000000 220.000000 -0.659408 -0.062801
232.000000 220.000000 -0.276323 -0.062801
23.000000 221.000000 -0.932591 -0.059661
21.000000 222.000000 -0.938871 -0.056521
379.000000 222.000000 0.185262 -0.056521
404.000000 222.000000 0.263763 -0.056521
497.000000 222.000000 0.555787 -0.056521
501.000000 222.000000 0.568347 -0.056521
608.000000 222.000000 0.904331 -0.056521
629.000000 222.000000 0.970271 -0.056521
369.000000 223.000000 0.153862 -0.053381
524.000000 223.000000 0.640568 -0.053381
224.000000 224.000000 -0.301444 -0.050241
504.000000 224.000000 0.577767 -0.050241
363.000000 225.000000 0.135022 -0.047101
367.000000 225.000000 0.147582 -0.047101
383.000000 225.000000 0.197822 -0.047101
27.000000 226.000000 -0.920031 -0.043961
76.000000 226.000000 -0.766169 -0.043961
206.000000 226.000000 -0.357964 -0.043961
299.000000 226.000000 -0.065941 -0.043961
385.000000 226.000000 0.204102 -0.043961
112.000000 227.000000 -0.653128 -0.040820
122.000000 227.000000 -0.621727 -0.040820
15.000000 228.000000 -0.957711 -0.037680
194.000000 228.000000 -0.395645 -0.037680
214.000000 228.000000 -0.332844 -0.037680
216.000000 228.000000 -0.326564 -0.037680
234.000000 228.000000 -0.270043 -0.037680
6.000000 229.000000 -0.985972 -0.034540
167.000000 229.000000 -0.480426 -0.034540
230.000000 229.000000 -0.282603 -0.034540
582.000000 229.000000 0.822690 -0.034540
223.000000 230.000000 -0.304584 -0.031400
350.000000 230.000000 0.094201 -0.031400
517.000000 230.000000 0.618587 -0.031400
588.000000 230.000000 0.841530 -0.031400
112.000000 231.000000 -0.653128 -0.028260
123.000000 231.000000 -0.618587 -0.028260
225.000000 231.000000 -0.298304 -0.028260
227.000000 231.000000 -0.292023 -0.028260
240.000000 232.000000 -0.251203 -0.025120
510.000000 232.000000 0.596607 -0.025120
56.000000 233.000000 -0.828970 -0.021980
224.000000 233.000000 -0.301444 -0.021980
235.000000 233.000000 -0.266903 -0.021980
5.000000 234.000000 -0.989112 -0.018840
241.000000 234.000000 -0.248063 -0.018840
112.000000 235.000000 -0.653128 -0.015700
134.000000 235.000000 -0.584047 -0.015700
422.000000 235.000000 0.320284 -0.015700
258.000000 236.000000 -0.194682 -0.012560
26.000000 238.000000 -0.923171 -0.006280
87.000000 238.000000 -0.731629 -0.006280
184.000000 238.000000 -0.427045 -0.006280
250.000000 238.000000 -0.219803 -0.006280
559.000000 238.000000 0.750469 -0.006280
106.000000 239.000000 -0.671968 -0.003140
165.000000 239.000000 -0.486706 -0.003140
387.000000 239.000000 0.210382 -0.003140
57.000000 240.000000 -0.825830 0.000000
84.000000 240.000000 -0.741049 0.000000
299.000000 240.000000 -0.065941 0.000000
209.000000 241.000000 -0.348544 0.003140
9.000000 242.000000 -0.976552 0.006280
33.000000 242.000000 -0.901191 0.006280
81.000000 242.000000 -0.750469 0.006280
158.000000 242.000000 -0.508686 0.006280
282.000000 242.000000 -0.119321 0.006280
61.000000 243.000000 -0.813270 0.009420
95.000000 243.000000 -0.706508 0.009420
120.000000 243.000000 -0.628007 0.009420
392.000000 243.000000 0.226083 0.009420
3.000000 244.000000 -0.995392 0.012560
18.000000 244.000000 -0.948291 0.012560
399.000000 244.000000 0.248063 0.012560
9.000000 245.000000 -0.976552 0.015700
307.000000 245.000000 -0.040820 0.015700
15.000000 246.000000 -0.957711 0.018840
17.000000 246.000000 -0.951431 0.018840
46.000000 246.000000 -0.860370 0.018840
52.000000 246.000000 -0.841530 0.018840
551.000000 246.000000 0.725349 0.018840
54.000000 247.000000 -0.835250 0.021980
92.000000 247.000000 -0.715928 0.021980
247.000000 247.000000 -0.229223 0.021980
369.000000 247.000000 0.153862 0.021980
30.000000 248.000000 -0.910611 0.025120
75.000000 248.000000 -0.769309 0.025120
78.000000 248.000000 -0.759889 0.025120
593.000000 248.000000 0.857230 0.025120
47.000000 249.000000 -0.857230 0.028260
62.000000 249.000000 -0.810130 0.028260
234.000000 249.000000 -0.270043 0.028260
576.000000 249.000000 0.803850 0.028260
50.000000 250.000000 -0.847810 0.031400
314.000000 250.000000 -0.018840 0.031400
425.000000 250.000000 0.329704 0.031400
25.000000 251.000000 -0.926311 0.034540
569.000000 251.000000 0.781869 0.034540
15.000000 252.000000 -0.957711 0.037680
31.000000 252.000000 -0.907471 0.037680
61.000000 252.000000 -0.813270 0.037680
70.000000 252.000000 -0.785009 0.037680
331.000000 252.000000 0.034540 0.037680
405.000000 252.000000 0.266903 0.037680
427.000000 252.000000 0.335984 0.037680
52.000000 253.000000 -0.841530 0.040820
60.000000 254.000000 -0.816410 0.043961
254.000000 254.000000 -0.207242 0.043961
326.000000 254.000000 0.018840 0.043961
564.000000 254.000000 0.766169 0.043961
602.000000 254.000000 0.885490 0.043961
19.000000 255.000000 -0.945151 0.047101
57.000000 255.000000 -0.825830 0.047101
233.000000 255.000000 -0.273183 0.047101
242.000000 255.000000 -0.244923 0.047101
414.000000 255.000000 0.295163 0.047101
12.000000 256.000000 -0.967131 0.050241
266.000000 256.000000 -0.169562 0.050241
416.000000 256.000000 0.301444 0.050241
9.000000 257.000000 -0.976552 0.053381
52.000000 257.000000 -0.841530 0.053381
61.000000 257.000000 -0.813270 0.053381
257.000000 257.000000 -0.197822 0.053381
291.000000 257.000000 -0.091061 0.053381
5.000000 258.000000 -0.989112 0.056521
54.000000 258.000000 -0.835250 0.056521
51.000000 259.000000 -0.844670 0.059661
60.000000 259.000000 -0.816410 0.059661
248.000000 259.000000 -0.226083 0.059661
416.000000 259.000000 0.301444 0.059661
14.000000 260.000000 -0.960851 0.062801
29.000000 260.000000 -0.913751 0.062801
77.000000 261.000000 -0.763029 0.065941
86.000000 261.000000 -0.734769 0.065941
196.000000 261.000000 -0.389365 0.065941
240.000000 261.000000 -0.251203 0.065941
242.000000 261.000000 -0.244923 0.065941
276.000000 261.000000 -0.138162 0.065941
432.000000 261.000000 0.351684 0.065941
483.000000 261.000000 0.511826 0.065941
21.000000 262.000000 -0.938871 0.069081
25.000000 262.000000 -0.926311 0.069081
51.000000 262.000000 -0.844670 0.069081
53.000000 262.000000 -0.838390 0.069081
71.000000 262.000000 -0.781869 0.069081
366.000000 262.000000 0.144442 0.069081
421.000000 262.000000 0.317144 0.069081
616.000000 262.000000 0.929451 0.069081
4.000000 263.000000 -0.992252 0.072221
17.000000 263.000000 -0.951431 0.072221
27.000000 263.000000 -0.920031 0.072221
378.000000 263.000000 0.182122 0.072221
91.000000 264.000000 -0.719069 0.075361
322.000000 264.000000 0.006280 0.075361
594.000000 264.000000 0.860370 0.075361
241.000000 265.000000 -0.248063 0.078501
243.000000 265.000000 -0.241783 0.078501
265.000000 265.000000 -0.172702 0.078501
98.000000 266.000000 -0.697088 0.081641
315.000000 266.000000 -0.015700 0.081641
429.000000 266.000000 0.342264 0.081641
267.000000 267.000000 -0.166422 0.084781
318.000000 267.000000 -0.006280 0.084781
342.000000 267.000000 0.069081 0.084781
345.000000 267.000000 0.078501 0.084781
14.000000 268.000000 -0.960851 0.087921
18.000000 268.000000 -0.948291 0.087921
94.000000 268.000000 -0.709648 0.087921
291.000000 268.000000 -0.091061 0.087921
510.000000 268.000000 0.596607 0.087921
4.000000 269.000000 -0.992252 0.091061
42.000000 269.000000 -0.872930 0.091061
57.000000 269.000000 -0.825830 0.091061
254.000000 269.000000 -0.207242 0.091061
265.000000 269.000000 -0.172702 0.091061
84.000000 270.000000 -0.741049 0.094201
289.000000 270.000000 -0.097341 0.094201
3.000000 271.000000 -0.995392 0.097341
94.000000 271.000000 -0.709648 0.097341
250.000000 271.000000 -0.219803 0.097341
338.000000 271.000000 0.056521 0.097341
358.000000 271.000000 0.119321 0.097341
5.000000 272.000000 -0.989112 0.100481
71.000000 272.000000 -0.781869 0.100481
246.000000 272.000000 -0.232363 0.100481
367.000000 272.000000 0.147582 0.100481
434.000000 272.000000 0.357964 0.100481
530.000000 272.000000 0.659408 0.100481
7.000000 273.000000 -0.982832 0.103621
19.000000 273.000000 -0.945151 0.103621
39.000000 273.000000 -0.882350 0.103621
76.000000 273.000000 -0.766169 0.103621
277.000000 273.000000 -0.135022 0.103621
611.000000 273.000000 0.913751 0.103621
25.000000 274.000000 -0.926311 0.106761
62.000000 274.000000 -0.810130 0.106761
78.000000 274.000000 -0.759889 0.106761
241.000000 274.000000 -0.248063 0.106761
295.000000 274.000000 -0.078501 0.106761
87.000000 275.000000 -0.731629 0.109901
92.000000 275.000000 -0.715928 0.109901
239.000000 275.000000 -0.254343 0.109901
344.000000 275.000000 0.075361 0.109901
442.000000 275.000000 0.383085 0.109901
46.000000 276.000000 -0.860370 0.113041
189.000000 276.000000 -0.411345 0.113041
250.000000 276.000000 -0.219803 0.113041
334.000000 276.000000 0.043961 0.113041
13.000000 278.000000 -0.963991 0.119321
234.000000 278.000000 -0.270043 0.119321
250.000000 278.000000 -0.219803 0.119321
259.000000 278.000000 -0.191542 0.119321
313.000000 278.000000 -0.021980 0.119321
335.000000 278.000000 0.047101 0.119321
87.000000 279.000000 -0.731629 0.122461
195.000000 279.000000 -0.392505 0.122461
277.000000 279.000000 -0.135022 0.122461
301.000000 279.000000 -0.059661 0.122461
329.000000 279.000000 0.028260 0.122461
76.000000 280.000000 -0.766169 0.125601
223.000000 280.000000 -0.304584 0.125601
249.000000 280.000000 -0.222943 0.125601
343.000000 280.000000 0.072221 0.125601
4.000000 281.000000 -0.992252 0.128742
66.000000 281.000000 -0.797569 0.128742
69.000000 281.000000 -0.788149 0.128742
260.000000 281.000000 -0.188402 0.128742
284.000000 281.000000 -0.113041 0.128742
298.000000 281.000000 -0.069081 0.128742
312.000000 281.000000 -0.025120 0.128742
452.000000 281.000000 0.414485 0.128742
184.000000 282.000000 -0.427045 0.131882
197.000000 282.000000 -0.386225 0.131882
220.000000 282.000000 -0.314004 0.131882
252.000000 282.000000 -0.213523 0.131882
268.000000 282.000000 -0.163282 0.131882
278.000000 282.000000 -0.131882 0.131882
449.000000 282.000000 0.405065 0.131882
40.000000 283.000000 -0.879210 0.135022
48.000000 283.000000 -0.854090 0.135022
84.000000 283.000000 -0.741049 0.135022
250.000000 283.000000 -0.219803 0.135022
206.000000 284.000000 -0.357964 0.138162
215.000000 284.000000 -0.329704 0.138162
456.000000 284.000000 0.427045 0.138162
219.000000 285.000000 -0.317144 0.141302
243.000000 285.000000 -0.241783 0.141302
247.000000 285.000000 -0.229223 0.141302
254.000000 285.000000 -0.207242 0.141302
453.000000 285.000000 0.417625 0.141302
76.000000 286.000000 -0.766169 0.144442
460.000000 286.000000 0.439605 0.144442
226.000000 287.000000 -0.295163 0.147582
261.000000 287.000000 -0.185262 0.147582
321.000000 287.000000 0.003140 0.147582
15.000000 288.000000 -0.957711 0.150722
79.000000 288.000000 -0.756749 0.150722
252.000000 288.000000 -0.213523 0.150722
460.000000 288.000000 0.439605 0.150722
76.000000 289.000000 -0.766169 0.153862
125.000000 289.000000 -0.612307 0.153862
238.000000 289.000000 -0.257483 0.153862
7.000000 290.000000 -0.982832 0.157002
144.000000 290.000000 -0.552647 0.157002
227.000000 290.000000 -0.292023 0.157002
277.000000 290.000000 -0.135022 0.157002
312.000000 290.000000 -0.025120 0.157002
630.000000 290.000000 0.973412 0.157002
106.000000 291.000000 -0.671968 0.160142
147.000000 291.000000 -0.543226 0.160142
286.000000 291.000000 -0.106761 0.160142
324.000000 291.000000 0.012560 0.160142
462.000000 291.000000 0.445885 0.160142
263.000000 292.000000 -0.178982 0.163282
4.000000 293.000000 -0.992252 0.166422
31.000000 293.000000 -0.907471 0.166422
78.000000 293.000000 -0.759889 0.166422
89.000000 293.000000 -0.725349 0.166422
186.000000 293.000000 -0.420765 0.166422
255.000000 293.000000 -0.204102 0.166422
274.000000 293.000000 -0.144442 0.166422
285.000000 293.000000 -0.109901 0.166422
527.000000 293.000000 0.649988 0.166422
14.000000 294.000000 -0.960851 0.169562
126.000000 294.000000 -0.609167 0.169562
135.000000 294.000000 -0.580907 0.169562
234.000000 294.000000 -0.270043 0.169562
240.000000 294.000000 -0.251203 0.169562
246.000000 294.000000 -0.232363 0.169562
467.000000 294.000000 0.461585 0.169562
191.000000 295.000000 -0.405065 0.172702
196.000000 295.000000 -0.389365 0.172702
513.000000 295.000000 0.606027 0.172702
538.000000 295.000000 0.684528 0.172702
108.000000 296.000000 -0.665688 0.175842
323.000000 296.000000 0.009420 0.175842
469.000000 296.000000 0.467866 0.175842
31.000000 297.000000 -0.907471 0.178982
86.000000 297.000000 -0.734769 0.178982
110.000000 297.000000 -0.659408 0.178982
270.000000 297.000000 -0.157002 0.178982
277.000000 297.000000 -0.135022 0.178982
473.000000 297.000000 0.480426 0.178982
67.000000 298.000000 -0.794429 0.182122
239.000000 298.000000 -0.254343 0.182122
496.000000 298.000000 0.552647 0.182122
564.000000 298.000000 0.766169 0.182122
127.000000 299.000000 -0.606027 0.185262
159.000000 299.000000 -0.505546 0.185262
235.000000 299.000000 -0.266903 0.185262
289.000000 299.000000 -0.097341 0.185262
477.000000 299.000000 0.492986 0.185262
92.000000 300.000000 -0.715928 0.188402
199.000000 300.000000 -0.379945 0.188402
322.000000 300.000000 0.006280 0.188402
326.000000 300.000000 0.018840 0.188402
10.000000 301.000000 -0.973412 0.191542
141.000000 301.000000 -0.562067 0.191542
216.000000 301.000000 -0.326564 0.191542
232.000000 301.000000 -0.276323 0.191542
240.000000 301.000000 -0.251203 0.191542
249.000000 301.000000 -0.222943 0.191542
277.000000 301.000000 -0.135022 0.191542
307.000000 301.000000 -0.040820 0.191542
597.000000 301.000000 0.869790 0.191542
605.000000 301.000000 0.894911 0.191542
632.000000 301.000000 0.979692 0.191542
30.000000 302.000000 -0.910611 0.194682
51.000000 302.000000 -0.844670 0.194682
56.000000 302.000000 -0.828970 0.194682
169.000000 302.000000 -0.474146 0.194682
251.000000 302.000000 -0.216663 0.194682
369.000000 302.000000 0.153862 0.194682
97.000000 303.000000 -0.700228 0.197822
121.000000 303.000000 -0.624867 0.197822
175.000000 303.000000 -0.455305 0.197822
266.000000 303.000000 -0.169562 0.197822
302.000000 303.000000 -0.056521 0.197822
478.000000 303.000000 0.496126 0.197822
482.000000 303.000000 0.508686 0.197822
484.000000 303.000000 0.514966 0.197822
559.000000 303.000000 0.750469 0.197822
37.000000 304.000000 -0.888631 0.200962
72.000000 304.000000 -0.778729 0.200962
100.000000 304.000000 -0.690808 0.200962
191.000000 304.000000 -0.405065 0.200962
193.000000 304.000000 -0.398785 0.200962
281.000000 304.000000 -0.122461 0.200962
83.000000 305.000000 -0.744189 0.204102
185.000000 305.000000 -0.423905 0.204102
187.000000 305.000000 -0.417625 0.204102
195.000000 305.000000 -0.392505 0.204102
197.000000 305.000000 -0.386225 0.204102
270.000000 305.000000 -0.157002 0.204102
376.000000 305.000000 0.175842 0.204102
50.000000 306.000000 -0.847810 0.207242
128.000000 306.000000 -0.602887 0.207242
176.000000 306.000000 -0.452165 0.207242
181.000000 306.000000 -0.436465 0.207242
189.000000 306.000000 -0.411345 0.207242
291.000000 306.000000 -0.091061 0.207242
330.000000 306.000000 0.031400 0.207242
580.000000 306.000000 0.816410 0.207242
103.000000 307.000000 -0.681388 0.210382
131.000000 307.000000 -0.593467 0.210382
268.000000 307.000000 -0.163282 0.210382
508.000000 307.000000 0.590327 0.210382
27.000000 308.000000 -0.920031 0.213523
29.000000 308.000000 -0.913751 0.213523
56.000000 308.000000 -0.828970 0.213523
76.000000 308.000000 -0.766169 0.213523
198.000000 308.000000 -0.383085 0.213523
205.000000 308.000000 -0.361104 0.213523
276.000000 308.000000 -0.138162 0.213523
316.000000 308.000000 -0.012560 0.213523
41.000000 309.000000 -0.876070 0.216663
81.000000 309.000000 -0.750469 0.216663
136.000000 309.000000 -0.577767 0.216663
170.000000 309.000000 -0.471006 0.216663
185.000000 309.000000 -0.423905 0.216663
192.000000 309.000000 -0.401925 0.216663
58.000000 310.000000 -0.822690 0.219803
166.000000 310.000000 -0.483566 0.219803
187.000000 310.000000 -0.417625 0.219803
273.000000 310.000000 -0.147582 0.219803
278.000000 310.000000 -0.131882 0.219803
280.000000 310.000000 -0.125601 0.219803
290.000000 310.000000 -0.094201 0.219803
299.000000 310.000000 -0.065941 0.219803
338.000000 310.000000 0.056521 0.219803
352.000000 310.000000 0.100481 0.219803
293.000000 311.000000 -0.084781 0.222943
635.000000 311.000000 0.989112 0.222943
24.000000 312.000000 -0.929451 0.226083
43.000000 312.000000 -0.869790 0.226083
47.000000 312.000000 -0.857230 0.226083
50.000000 312.000000 -0.847810 0.226083
99.000000 312.000000 -0.693948 0.226083
113.000000 312.000000 -0.649988 0.226083
140.000000 312.000000 -0.565207 0.226083
157.000000 312.000000 -0.511826 0.226083
171.000000 312.000000 -0.467866 0.226083
264.000000 312.000000 -0.175842 0.226083
309.000000 312.000000 -0.034540 0.226083
588.000000 312.000000 0.841530 0.226083
142.000000 313.000000 -0.558927 0.229223
211.000000 313.000000 -0.342264 0.229223
223.000000 313.000000 -0.304584 0.229223
251.000000 313.000000 -0.216663 0.229223
274.000000 313.000000 -0.144442 0.229223
51.000000 314.000000 -0.844670 0.232363
63.000000 314.000000 -0.806990 0.232363
175.000000 314.000000 -0.455305 0.232363
202.000000 314.000000 -0.370524 0.232363
314.000000 314.000000 -0.018840 0.232363
329.000000 314.000000 0.028260 0.232363
100.000000 315.000000 -0.690808 0.235503
149.000000 315.000000 -0.536946 0.235503
196.000000 315.000000 -0.389365 0.235503
318.000000 315.000000 -0.006280 0.235503
332.000000 315.000000 0.037680 0.235503
361.000000 315.000000 0.128742 0.235503
496.000000 315.000000 0.552647 0.235503
628.000000 315.000000 0.967131 0.235503
41.000000 316.000000 -0.876070 0.238643
57.000000 316.000000 -0.825830 0.238643
104.000000 316.000000 -0.678248 0.238643
119.000000 316.000000 -0.631147 0.238643
121.000000 316.000000 -0.624867 0.238643
201.000000 316.000000 -0.373664 0.238643
221.000000 316.000000 -0.310864 0.238643
308.000000 316.000000 -0.037680 0.238643
502.000000 316.000000 0.571487 0.238643
37.000000 317.000000 -0.888631 0.241783
210.000000 317.000000 -0.345404 0.241783
272.000000 317.000000 -0.150722 0.241783
499.000000 317.000000 0.562067 0.241783
22.000000 318.000000 -0.935731 0.244923
102.000000 318.000000 -0.684528 0.244923
202.000000 318.000000 -0.370524 0.244923
413.000000 318.000000 0.292023 0.244923
501.000000 318.000000 0.568347 0.244923
28.000000 319.000000 -0.916891 0.248063
50.000000 319.000000 -0.847810 0.248063
93.000000 319.000000 -0.712788 0.248063
104.000000 319.000000 -0.678248 0.248063
119.000000 319.000000 -0.631147 0.248063
215.000000 319.000000 -0.329704 0.248063
293.000000 319.000000 -0.084781 0.248063
577.000000 319.000000 0.806990 0.248063
20.000000 320.000000 -0.942011 0.251203
31.000000 320.000000 -0.907471 0.251203
58.000000 320.000000 -0.822690 0.251203
72.000000 320.000000 -0.778729 0.251203
79.000000 320.000000 -0.756749 0.251203
81.000000 320.000000 -0.750469 0.251203
113.000000 320.000000 -0.649988 0.251203
170.000000 320.000000 -0.471006 0.251203
228.000000 320.000000 -0.288883 0.251203
238.000000 320.000000 -0.257483 0.251203
241.000000 320.000000 -0.248063 0.251203
265.000000 320.000000 -0.172702 0.251203
102.000000 321.000000 -0.684528 0.254343
182.000000 321.000000 -0.433325 0.254343
198.000000 321.000000 -0.383085 0.254343
218.000000 321.000000 -0.320284 0.254343
223.000000 321.000000 -0.304584 0.254343
250.000000 321.000000 -0.219803 0.254343
274.000000 321.000000 -0.144442 0.254343
307.000000 321.000000 -0.040820 0.254343
349.000000 321.000000 0.091061 0.254343
12.000000 322.000000 -0.967131 0.257483
49.000000 322.000000 -0.850950 0.257483
63.000000 322.000000 -0.806990 0.257483
161.000000 322.000000 -0.499266 0.257483
177.000000 322.000000 -0.449025 0.257483
201.000000 322.000000 -0.373664 0.257483
204.000000 322.000000 -0.364244 0.257483
296.000000 322.000000 -0.075361 0.257483
342.000000 322.000000 0.069081 0.257483
174.000000 323.000000 -0.458445 0.260623
213.000000 323.000000 -0.335984 0.260623
264.000000 323.000000 -0.175842 0.260623
326.000000 323.000000 0.018840 0.260623
568.000000 323.000000 0.778729 0.260623
55.000000 324.000000 -0.832110 0.263763
79.000000 324.000000 -0.756749 0.263763
82.000000 324.000000 -0.747329 0.263763
89.000000 324.000000 -0.725349 0.263763
114.000000 324.000000 -0.646848 0.263763
132.000000 324.000000 -0.590327 0.263763
350.000000 324.000000 0.094201 0.263763
508.000000 324.000000 0.590327 0.263763
70.000000 325.000000 -0.785009 0.266903
250.000000 325.000000 -0.219803 0.266903
263.000000 325.000000 -0.178982 0.266903
282.000000 325.000000 -0.119321 0.266903
54.000000 326.000000 -0.835250 0.270043
67.000000 326.000000 -0.794429 0.270043
72.000000 326.000000 -0.778729 0.270043
170.000000 326.000000 -0.471006 0.270043
198.000000 326.000000 -0.383085 0.270043
215.000000 326.000000 -0.329704 0.270043
221.000000 326.000000 -0.310864 0.270043
12.000000 327.000000 -0.967131 0.273183
41.000000 327.000000 -0.876070 0.273183
75.000000 327.000000 -0.769309 0.273183
200.000000 327.000000 -0.376804 0.273183
289.000000 327.000000 -0.097341 0.273183
412.000000 327.000000 0.288883 0.273183
31.000000 328.000000 -0.907471 0.276323
47.000000 328.000000 -0.857230 0.276323
87.000000 328.000000 -0.731629 0.276323
144.000000 328.000000 -0.552647 0.276323
187.000000 328.000000 -0.417625 0.276323
225.000000 328.000000 -0.298304 0.276323
228.000000 328.000000 -0.288883 0.276323
246.000000 328.000000 -0.232363 0.276323
258.000000 328.000000 -0.194682 0.276323
287.000000 328.000000 -0.103621 0.276323
339.000000 328.000000 0.059661 0.276323
515.000000 328.000000 0.612307 0.276323
4.000000 329.000000 -0.992252 0.279463
26.000000 329.000000 -0.923171 0.279463
117.000000 329.000000 -0.637428 0.279463
126.000000 329.000000 -0.609167 0.279463
6.000000 330.000000 -0.985972 0.282603
21.000000 330.000000 -0.938871 0.282603
75.000000 330.000000 -0.769309 0.282603
190.000000 330.000000 -0.408205 0.282603
223.000000 330.000000 -0.304584 0.282603
238.000000 330.000000 -0.257483 0.282603
283.000000 330.000000 -0.116181 0.282603
324.000000 330.000000 0.012560 0.282603
420.000000 330.000000 0.314004 0.282603
463.000000 330.000000 0.449025 0.282603
258.000000 331.000000 -0.194682 0.285743
306.000000 331.000000 -0.043961 0.285743
466.000000 331.000000 0.458445 0.285743
620.000000 331.000000 0.942011 0.285743
5.000000 332.000000 -0.989112 0.288883
19.000000 332.000000 -0.945151 0.288883
26.000000 332.000000 -0.923171 0.288883
35.000000 332.000000 -0.894911 0.288883
80.000000 332.000000 -0.753609 0.288883
188.000000 332.000000 -0.414485 0.288883
196.000000 332.000000 -0.389365 0.288883
220.000000 332.000000 -0.314004 0.288883
268.000000 332.000000 -0.163282 0.288883
270.000000 332.000000 -0.157002 0.288883
276.000000 332.000000 -0.138162 0.288883
287.000000 332.000000 -0.103621 0.288883
314.000000 332.000000 -0.018840 0.288883
28.000000 333.000000 -0.916891 0.292023
163.000000 333.000000 -0.492986 0.292023
222.000000 333.000000 -0.307724 0.292023
19.000000 334.000000 -0.945151 0.295163
22.000000 334.000000 -0.935731 0.295163
215.000000 334.000000 -0.329704 0.295163
225.000000 334.000000 -0.298304 0.295163
313.000000 334.000000 -0.021980 0.295163
388.000000 334.000000 0.213523 0.295163
9.000000 335.000000 -0.976552 0.298304
183.000000 335.000000 -0.430185 0.298304
208.000000 335.000000 -0.351684 0.298304
526.000000 335.000000 0.646848 0.298304
39.000000 336.000000 -0.882350 0.301444
136.000000 336.000000 -0.577767 0.301444
172.000000 336.000000 -0.464725 0.301444
192.000000 336.000000 -0.401925 0.301444
293.000000 336.000000 -0.084781 0.301444
188.000000 337.000000 -0.414485 0.304584
190.000000 337.000000 -0.408205 0.304584
288.000000 337.000000 -0.100481 0.304584
315.000000 337.000000 -0.015700 0.304584
528.000000 337.000000 0.653128 0.304584
14.000000 338.000000 -0.960851 0.307724
17.000000 338.000000 -0.951431 0.307724
86.000000 338.000000 -0.734769 0.307724
174.000000 338.000000 -0.458445 0.307724
260.000000 338.000000 -0.188402 0.307724
264.000000 338.000000 -0.175842 0.307724
294.000000 338.000000 -0.081641 0.307724
22.000000 339.000000 -0.935731 0.310864
31.000000 339.000000 -0.907471 0.310864
171.000000 339.000000 -0.467866 0.310864
201.000000 339.000000 -0.373664 0.310864
222.000000 339.000000 -0.307724 0.310864
242.000000 339.000000 -0.244923 0.310864
535.000000 339.000000 0.675108 0.310864
45.000000 340.000000 -0.863510 0.314004
124.000000 340.000000 -0.615447 0.314004
174.000000 340.000000 -0.458445 0.314004
196.000000 340.000000 -0.389365 0.314004
217.000000 340.000000 -0.323424 0.314004
250.000000 340.000000 -0.219803 0.314004
258.000000 340.000000 -0.194682 0.314004
295.000000 340.000000 -0.078501 0.314004
507.000000 340.000000 0.587187 0.314004
533.000000 340.000000 0.668828 0.314004
537.000000 340.000000 0.681388 0.314004
555.000000 340.000000 0.737909 0.314004
47.000000 341.000000 -0.857230 0.317144
140.000000 341.000000 -0.565207 0.317144
229.000000 341.000000 -0.285743 0.317144
239.000000 341.000000 -0.254343 0.317144
288.000000 341.000000 -0.100481 0.317144
413.000000 341.000000 0.292023 0.317144
60.000000 342.000000 -0.816410 0.320284
88.000000 342.000000 -0.728489 0.320284
186.000000 342.000000 -0.420765 0.320284
270.000000 342.000000 -0.157002 0.320284
275.000000 342.000000 -0.141302 0.320284
536.000000 342.000000 0.678248 0.320284
39.000000 343.000000 -0.882350 0.323424
41.000000 343.000000 -0.876070 0.323424
73.000000 343.000000 -0.775589 0.323424
211.000000 343.000000 -0.342264 0.323424
223.000000 343.000000 -0.304584 0.323424
225.000000 343.000000 -0.298304 0.323424
227.000000 343.000000 -0.292023 0.323424
237.000000 343.000000 -0.260623 0.323424
543.000000 343.000000 0.700228 0.323424
45.000000 344.000000 -0.863510 0.326564
49.000000 344.000000 -0.850950 0.326564
93.000000 344.000000 -0.712788 0.326564
142.000000 344.000000 -0.558927 0.326564
161.000000 344.000000 -0.499266 0.326564
239.000000 344.000000 -0.254343 0.326564
55.000000 345.000000 -0.832110 0.329704
60.000000 345.000000 -0.816410 0.329704
157.000000 345.000000 -0.511826 0.329704
159.000000 345.000000 -0.505546 0.329704
313.000000 345.000000 -0.021980 0.329704
408.000000 345.000000 0.276323 0.329704
538.000000 345.000000 0.684528 0.329704
186.000000 346.000000 -0.420765 0.332844
189.000000 346.000000 -0.411345 0.332844
232.000000 346.000000 -0.276323 0.332844
294.000000 346.000000 -0.081641 0.332844
381.000000 346.000000 0.191542 0.332844
23.000000 347.000000 -0.932591 0.335984
53.000000 347.000000 -0.838390 0.335984
55.000000 347.000000 -0.832110 0.335984
60.000000 347.000000 -0.816410 0.335984
102.000000 347.000000 -0.684528 0.335984
168.000000 347.000000 -0.477286 0.335984
240.000000 347.000000 -0.251203 0.335984
257.000000 347.000000 -0.197822 0.335984
282.000000 347.000000 -0.119321 0.335984
10.000000 348.000000 -0.973412 0.339124
213.000000 348.000000 -0.335984 0.339124
18.000000 349.000000 -0.948291 0.342264
93.000000 349.000000 -0.712788 0.342264
132.000000 349.000000 -0.590327 0.342264
154.000000 349.000000 -0.521246 0.342264
200.000000 349.000000 -0.376804 0.342264
315.000000 349.000000 -0.015700 0.342264
32.000000 350.000000 -0.904331 0.345404
49.000000 350.000000 -0.850950 0.345404
277.000000 350.000000 -0.135022 0.345404
287.000000 350.000000 -0.103621 0.345404
82.000000 351.000000 -0.747329 0.348544
114.000000 351.000000 -0.646848 0.348544
240.000000 351.000000 -0.251203 0.348544
292.000000 351.000000 -0.087921 0.348544
319.000000 351.000000 -0.003140 0.348544
575.000000 351.000000 0.800709 0.348544
581.000000 351.000000 0.819550 0.348544
27.000000 352.000000 -0.920031 0.351684
163.000000 352.000000 -0.492986 0.351684
184.000000 352.000000 -0.427045 0.351684
215.000000 352.000000 -0.329704 0.351684
231.000000 352.000000 -0.279463 0.351684
257.000000 352.000000 -0.197822 0.351684
606.000000 352.000000 0.898051 0.351684
219.000000 353.000000 -0.317144 0.354824
224.000000 353.000000 -0.301444 0.354824
226.000000 353.000000 -0.295163 0.354824
270.000000 353.000000 -0.157002 0.354824
321.000000 353.000000 0.003140 0.354824
327.000000 353.000000 0.021980 0.354824
551.000000 353.000000 0.725349 0.354824
572.000000 353.000000 0.791289 0.354824
23.000000 354.000000 -0.932591 0.357964
40.000000 354.000000 -0.879210 0.357964
69.000000 354.000000 -0.788149 0.357964
117.000000 354.000000 -0.637428 0.357964
136.000000 354.000000 -0.577767 0.357964
141.000000 354.000000 -0.562067 0.357964
161.000000 354.000000 -0.499266 0.357964
202.000000 354.000000 -0.370524 0.357964
295.000000 354.000000 -0.078501 0.357964
553.000000 354.000000 0.731629 0.357964
12.000000 355.000000 -0.967131 0.361104
204.000000 355.000000 -0.364244 0.361104
210.000000 355.000000 -0.345404 0.361104
555.000000 355.000000 0.737909 0.361104
576.000000 355.000000 0.803850 0.361104
63.000000 356.000000 -0.806990 0.364244
229.000000 356.000000 -0.285743 0.364244
269.000000 356.000000 -0.160142 0.364244
495.000000 356.000000 0.549506 0.364244
60.000000 357.000000 -0.816410 0.367384
100.000000 357.000000 -0.690808 0.367384
225.000000 357.000000 -0.298304 0.367384
247.000000 357.000000 -0.229223 0.367384
325.000000 357.000000 0.015700 0.367384
117.000000 358.000000 -0.637428 0.370524
208.000000 358.000000 -0.351684 0.370524
211.000000 358.000000 -0.342264 0.370524
213.000000 358.000000 -0.335984 0.370524
243.000000 358.000000 -0.241783 0.370524
333.000000 358.000000 0.040820 0.370524
558.000000 358.000000 0.747329 0.370524
36.000000 359.000000 -0.891771 0.373664
85.000000 359.000000 -0.737909 0.373664
151.000000 359.000000 -0.530666 0.373664
192.000000 359.000000 -0.401925 0.373664
220.000000 359.000000 -0.314004 0.373664
233.000000 359.000000 -0.273183 0.373664
256.000000 359.000000 -0.200962 0.373664
268.000000 359.000000 -0.163282 0.373664
275.000000 359.000000 -0.141302 0.373664
403.000000 359.000000 0.260623 0.373664
122.000000 360.000000 -0.621727 0.376804
184.000000 360.000000 -0.427045 0.376804
189.000000 360.000000 -0.411345 0.376804
382.000000 360.000000 0.194682 0.376804
67.000000 361.000000 -0.794429 0.379945
76.000000 361.000000 -0.766169 0.379945
194.000000 361.000000 -0.395645 0.379945
250.000000 361.000000 -0.219803 0.379945
270.000000 361.000000 -0.157002 0.379945
314.000000 361.000000 -0.018840 0.379945
393.000000 361.000000 0.229223 0.379945
561.000000 361.000000 0.756749 0.379945
563.000000 361.000000 0.763029 0.379945
35.000000 362.000000 -0.894911 0.383085
64.000000 362.000000 -0.803850 0.383085
82.000000 362.000000 -0.747329 0.383085
154.000000 362.000000 -0.521246 0.383085
179.000000 362.000000 -0.442745 0.383085
186.000000 362.000000 -0.420765 0.383085
213.000000 362.000000 -0.335984 0.383085
307.000000 362.000000 -0.040820 0.383085
403.000000 362.000000 0.260623 0.383085
528.000000 362.000000 0.653128 0.383085
88.000000 363.000000 -0.728489 0.386225
141.000000 363.000000 -0.562067 0.386225
182.000000 363.000000 -0.433325 0.386225
206.000000 363.000000 -0.357964 0.386225
328.000000 363.000000 0.025120 0.386225
596.000000 363.000000 0.866650 0.386225
192.000000 364.000000 -0.401925 0.389365
203.000000 364.000000 -0.367384 0.389365
241.000000 364.000000 -0.248063 0.389365
417.000000 364.000000 0.304584 0.389365
455.000000 364.000000 0.423905 0.389365
576.000000 364.000000 0.803850 0.389365
29.000000 365.000000 -0.913751 0.392505
41.000000 365.000000 -0.876070 0.392505
227.000000 365.000000 -0.292023 0.392505
238.000000 365.000000 -0.257483 0.392505
281.000000 365.000000 -0.122461 0.392505
336.000000 365.000000 0.050241 0.392505
387.000000 365.000000 0.210382 0.392505
403.000000 365.000000 0.260623 0.392505
599.000000 365.000000 0.876070 0.392505
46.000000 366.000000 -0.860370 0.395645
61.000000 366.000000 -0.813270 0.395645
88.000000 366.000000 -0.728489 0.395645
93.000000 366.000000 -0.712788 0.395645
111.000000 366.000000 -0.656268 0.395645
160.000000 366.000000 -0.502406 0.395645
208.000000 366.000000 -0.351684 0.395645
262.000000 366.000000 -0.182122 0.395645
439.000000 366.000000 0.373664 0.395645
86.000000 367.000000 -0.734769 0.398785
96.000000 367.000000 -0.703368 0.398785
117.000000 367.000000 -0.637428 0.398785
143.000000 367.000000 -0.555787 0.398785
197.000000 367.000000 -0.386225 0.398785
204.000000 367.000000 -0.364244 0.398785
252.000000 367.000000 -0.213523 0.398785
259.000000 367.000000 -0.191542 0.398785
323.000000 367.000000 0.009420 0.398785
331.000000 367.000000 0.034540 0.398785
467.000000 367.000000 0.461585 0.398785
33.000000 368.000000 -0.901191 0.401925
125.000000 368.000000 -0.612307 0.401925
300.000000 368.000000 -0.062801 0.401925
304.000000 368.000000 -0.050241 0.401925
600.000000 368.000000 0.879210 0.401925
604.000000 368.000000 0.891771 0.401925
87.000000 369.000000 -0.731629 0.405065
101.000000 369.000000 -0.687668 0.405065
150.000000 369.000000 -0.533806 0.405065
241.000000 369.000000 -0.248063 0.405065
302.000000 369.000000 -0.056521 0.405065
332.000000 369.000000 0.037680 0.405065
616.000000 369.000000 0.929451 0.405065
29.000000 370.000000 -0.913751 0.408205
74.000000 370.000000 -0.772449 0.408205
162.000000 370.000000 -0.496126 0.408205
576.000000 370.000000 0.803850 0.408205
19.000000 371.000000 -0.945151 0.411345
26.000000 371.000000 -0.923171 0.411345
158.000000 371.000000 -0.508686 0.411345
204.000000 371.000000 -0.364244 0.411345
206.000000 371.000000 -0.357964 0.411345
230.000000 371.000000 -0.282603 0.411345
246.000000 371.000000 -0.232363 0.411345
275.000000 371.000000 -0.141302 0.411345
282.000000 371.000000 -0.119321 0.411345
583.000000 371.000000 0.825830 0.411345
8.000000 372.000000 -0.979692 0.414485
30.000000 372.000000 -0.910611 0.414485
49.000000 372.000000 -0.850950 0.414485
170.000000 372.000000 -0.471006 0.414485
244.000000 372.000000 -0.238643 0.414485
266.000000 372.000000 -0.169562 0.414485
383.000000 372.000000 0.197822 0.414485
592.000000 372.000000 0.854090 0.414485
599.000000 372.000000 0.876070 0.414485
3.000000 373.000000 -0.995392 0.417625
34.000000 373.000000 -0.898051 0.417625
41.000000 373.000000 -0.876070 0.417625
111.000000 373.000000 -0.656268 0.417625
121.000000 373.000000 -0.624867 0.417625
156.000000 373.000000 -0.514966 0.417625
193.000000 373.000000 -0.398785 0.417625
228.000000 373.000000 -0.288883 0.417625
294.000000 373.000000 -0.081641 0.417625
391.000000 373.000000 0.222943 0.417625
628.000000 373.000000 0.967131 0.417625
22.000000 374.000000 -0.935731 0.420765
147.000000 374.000000 -0.543226 0.420765
171.000000 374.000000 -0.467866 0.420765
201.000000 374.000000 -0.373664 0.420765
208.000000 374.000000 -0.351684 0.420765
265.000000 374.000000 -0.172702 0.420765
300.000000 374.000000 -0.062801 0.420765
314.000000 374.000000 -0.018840 0.420765
455.000000 374.000000 0.423905 0.420765
559.000000 374.000000 0.750469 0.420765
73.000000 375.000000 -0.775589 0.423905
121.000000 375.000000 -0.624867 0.423905
136.000000 375.000000 -0.577767 0.423905
175.000000 375.000000 -0.455305 0.423905
179.000000 375.000000 -0.442745 0.423905
235.000000 375.000000 -0.266903 0.423905
239.000000 376.000000 -0.254343 0.427045
266.000000 376.000000 -0.169562 0.427045
586.000000 376.000000 0.835250 0.427045
590.000000 376.000000 0.847810 0.427045
15.000000 377.000000 -0.957711 0.430185
23.000000 377.000000 -0.932591 0.430185
39.000000 377.000000 -0.882350 0.430185
145.000000 377.000000 -0.549506 0.430185
182.000000 377.000000 -0.433325 0.430185
382.000000 377.000000 0.194682 0.430185
408.000000 377.000000 0.276323 0.430185
434.000000 377.000000 0.357964 0.430185
18.000000 378.000000 -0.948291 0.433325
35.000000 378.000000 -0.894911 0.433325
54.000000 378.000000 -0.835250 0.433325
193.000000 378.000000 -0.398785 0.433325
210.000000 378.000000 -0.345404 0.433325
236.000000 378.000000 -0.263763 0.433325
389.000000 378.000000 0.216663 0.433325
5.000000 379.000000 -0.989112 0.436465
40.000000 379.000000 -0.879210 0.436465
83.000000 379.000000 -0.744189 0.436465
160.000000 379.000000 -0.502406 0.436465
175.000000 379.000000 -0.455305 0.436465
181.000000 379.000000 -0.436465 0.436465
220.000000 379.000000 -0.314004 0.436465
267.000000 379.000000 -0.166422 0.436465
348.000000 379.000000 0.087921 0.436465
378.000000 379.000000 0.182122 0.436465
35.000000 380.000000 -0.894911 0.439605
154.000000 380.000000 -0.521246 0.439605
190.000000 380.000000 -0.408205 0.439605
216.000000 380.000000 -0.326564 0.439605
269.000000 380.000000 -0.160142 0.439605
308.000000 380.000000 -0.037680 0.439605
325.000000 380.000000 0.015700 0.439605
327.000000 380.000000 0.021980 0.439605
531.000000 380.000000 0.662548 0.439605
13.000000 381.000000 -0.963991 0.442745
81.000000 381.000000 -0.750469 0.442745
91.000000 381.000000 -0.719069 0.442745
142.000000 381.000000 -0.558927 0.442745
163.000000 381.000000 -0.492986 0.442745
178.000000 381.000000 -0.445885 0.442745
218.000000 381.000000 -0.320284 0.442745
288.000000 381.000000 -0.100481 0.442745
347.000000 381.000000 0.084781 0.442745
95.000000 382.000000 -0.706508 0.445885
199.000000 382.000000 -0.379945 0.445885
235.000000 382.000000 -0.266903 0.445885
313.000000 382.000000 -0.021980 0.445885
77.000000 383.000000 -0.763029 0.449025
112.000000 383.000000 -0.653128 0.449025
134.000000 383.000000 -0.584047 0.449025
183.000000 383.000000 -0.430185 0.449025
188.000000 383.000000 -0.414485 0.449025
195.000000 383.000000 -0.392505 0.449025
221.000000 383.000000 -0.310864 0.449025
373.000000 383.000000 0.166422 0.449025
584.000000 383.000000 0.828970 0.449025
66.000000 384.000000 -0.797569 0.452165
68.000000 384.000000 -0.791289 0.452165
89.000000 384.000000 -0.725349 0.452165
127.000000 384.000000 -0.606027 0.452165
150.000000 384.000000 -0.533806 0.452165
161.000000 384.000000 -0.499266 0.452165
218.000000 384.000000 -0.320284 0.452165
351.000000 384.000000 0.097341 0.452165
11.000000 385.000000 -0.970271 0.455305
17.000000 385.000000 -0.951431 0.455305
21.000000 385.000000 -0.938871 0.455305
47.000000 385.000000 -0.857230 0.455305
112.000000 385.000000 -0.653128 0.455305
130.000000 385.000000 -0.596607 0.455305
200.000000 385.000000 -0.376804 0.455305
205.000000 385.000000 -0.361104 0.455305
208.000000 385.000000 -0.351684 0.455305
227.000000 385.000000 -0.292023 0.455305
235.000000 385.000000 -0.266903 0.455305
254.000000 385.000000 -0.207242 0.455305
310.000000 385.000000 -0.031400 0.455305
332.000000 385.000000 0.037680 0.455305
575.000000 385.000000 0.800709 0.455305
13.000000 386.000000 -0.963991 0.458445
114.000000 386.000000 -0.646848 0.458445
148.000000 386.000000 -0.540086 0.458445
170.000000 386.000000 -0.471006 0.458445
175.000000 386.000000 -0.455305 0.458445
189.000000 386.000000 -0.411345 0.458445
262.000000 386.000000 -0.182122 0.458445
595.000000 386.000000 0.863510 0.458445
599.000000 386.000000 0.876070 0.458445
631.000000 386.000000 0.976552 0.458445
9.000000 387.000000 -0.976552 0.461585
80.000000 387.000000 -0.753609 0.461585
100.000000 387.000000 -0.690808 0.461585
351.000000 387.000000 0.097341 0.461585
616.000000 387.000000 0.929451 0.461585
139.000000 388.000000 -0.568347 0.464725
152.000000 388.000000 -0.527526 0.464725
243.000000 388.000000 -0.241783 0.464725
293.000000 388.000000 -0.084781 0.464725
314.000000 388.000000 -0.018840 0.464725
589.000000 388.000000 0.844670 0.464725
13.000000 389.000000 -0.963991 0.467866
76.000000 389.000000 -0.766169 0.467866
114.000000 389.000000 -0.646848 0.467866
167.000000 389.000000 -0.480426 0.467866
202.000000 389.000000 -0.370524 0.467866
204.000000 389.000000 -0.364244 0.467866
251.000000 389.000000 -0.216663 0.467866
318.000000 389.000000 -0.006280 0.467866
356.000000 389.000000 0.113041 0.467866
602.000000 389.000000 0.885490 0.467866
636.000000 389.000000 0.992252 0.467866
10.000000 390.000000 -0.973412 0.471006
72.000000 390.000000 -0.778729 0.471006
120.000000 390.000000 -0.628007 0.471006
183.000000 390.000000 -0.430185 0.471006
199.000000 390.000000 -0.379945 0.471006
221.000000 390.000000 -0.310864 0.471006
228.000000 390.000000 -0.288883 0.471006
258.000000 390.000000 -0.194682 0.471006
600.000000 390.000000 0.879210 0.471006
607.000000 390.000000 0.901191 0.471006
19.000000 391.000000 -0.945151 0.474146
543.000000 391.000000 0.700228 0.474146
587.000000 391.000000 0.838390 0.474146
626.000000 391.000000 0.960851 0.474146
628.000000 391.000000 0.967131 0.474146
50.000000 392.000000 -0.847810 0.477286
95.000000 392.000000 -0.706508 0.477286
105.000000 392.000000 -0.675108 0.477286
125.000000 392.000000 -0.612307 0.477286
176.000000 392.000000 -0.452165 0.477286
188.000000 392.000000 -0.414485 0.477286
245.000000 392.000000 -0.235503 0.477286
605.000000 392.000000 0.894911 0.477286
38.000000 393.000000 -0.885490 0.480426
184.000000 393.000000 -0.427045 0.480426
207.000000 393.000000 -0.354824 0.480426
222.000000 393.000000 -0.307724 0.480426
238.000000 393.000000 -0.257483 0.480426
322.000000 393.000000 0.006280 0.480426
341.000000 393.000000 0.065941 0.480426
603.000000 393.000000 0.888631 0.480426
25.000000 394.000000 -0.926311 0.483566
31.000000 394.000000 -0.907471 0.483566
77.000000 394.000000 -0.763029 0.483566
155.000000 394.000000 -0.518106 0.483566
157.000000 394.000000 -0.511826 0.483566
268.000000 394.000000 -0.163282 0.483566
290.000000 394.000000 -0.094201 0.483566
543.000000 394.000000 0.700228 0.483566
581.000000 394.000000 0.819550 0.483566
609.000000 394.000000 0.907471 0.483566
614.000000 394.000000 0.923171 0.483566
20.000000 395.000000 -0.942011 0.486706
123.000000 395.000000 -0.618587 0.486706
170.000000 395.000000 -0.471006 0.486706
209.000000 395.000000 -0.348544 0.486706
225.000000 395.000000 -0.298304 0.486706
245.000000 395.000000 -0.235503 0.486706
333.000000 395.000000 0.040820 0.486706
586.000000 395.000000 0.835250 0.486706
612.000000 395.000000 0.916891 0.486706
618.000000 395.000000 0.935731 0.486706
49.000000 396.000000 -0.850950 0.489846
237.000000 396.000000 -0.260623 0.489846
241.000000 396.000000 -0.248063 0.489846
276.000000 396.000000 -0.138162 0.489846
3.000000 397.000000 -0.995392 0.492986
18.000000 397.000000 -0.948291 0.492986
54.000000 397.000000 -0.835250 0.492986
84.000000 397.000000 -0.741049 0.492986
86.000000 397.000000 -0.734769 0.492986
247.000000 397.000000 -0.229223 0.492986
267.000000 397.000000 -0.166422 0.492986
492.000000 397.000000 0.540086 0.492986
22.000000 398.000000 -0.935731 0.496126
122.000000 398.000000 -0.621727 0.496126
166.000000 398.000000 -0.483566 0.496126
200.000000 398.000000 -0.376804 0.496126
362.000000 398.000000 0.131882 0.496126
575.000000 398.000000 0.800709 0.496126
73.000000 399.000000 -0.775589 0.499266
188.000000 399.000000 -0.414485 0.499266
257.000000 399.000000 -0.197822 0.499266
579.000000 399.000000 0.813270 0.499266
587.000000 399.000000 0.838390 0.499266
623.000000 399.000000 0.951431 0.499266
29.000000 400.000000 -0.913751 0.502406
50.000000 400.000000 -0.847810 0.502406
79.000000 400.000000 -0.756749 0.502406
111.000000 400.000000 -0.656268 0.502406
286.000000 400.000000 -0.106761 0.502406
628.000000 400.000000 0.967131 0.502406
53.000000 401.000000 -0.838390 0.505546
71.000000 401.000000 -0.781869 0.505546
148.000000 401.000000 -0.540086 0.505546
293.000000 401.000000 -0.084781 0.505546
298.000000 401.000000 -0.069081 0.505546
437.000000 401.000000 0.367384 0.505546
575.000000 401.000000 0.800709 0.505546
589.000000 401.000000 0.844670 0.505546
600.000000 401.000000 0.879210 0.505546
615.000000 401.000000 0.926311 0.505546
3.000000 402.000000 -0.995392 0.508686
27.000000 402.000000 -0.920031 0.508686
83.000000 402.000000 -0.744189 0.508686
201.000000 402.000000 -0.373664 0.508686
205.000000 402.000000 -0.361104 0.508686
233.000000 402.000000 -0.273183 0.508686
568.000000 402.000000 0.778729 0.508686
617.000000 402.000000 0.932591 0.508686
629.000000 402.000000 0.970271 0.508686
118.000000 403.000000 -0.634288 0.511826
169.000000 403.000000 -0.474146 0.511826
174.000000 403.000000 -0.458445 0.511826
301.000000 403.000000 -0.059661 0.511826
561.000000 403.000000 0.756749 0.511826
621.000000 403.000000 0.945151 0.511826
66.000000 404.000000 -0.797569 0.514966
91.000000 404.000000 -0.719069 0.514966
201.000000 404.000000 -0.373664 0.514966
221.000000 404.000000 -0.310864 0.514966
252.000000 404.000000 -0.213523 0.514966
569.000000 404.000000 0.781869 0.514966
619.000000 404.000000 0.938871 0.514966
624.000000 404.000000 0.954571 0.514966
13.000000 405.000000 -0.963991 0.518106
115.000000 405.000000 -0.643708 0.518106
148.000000 405.000000 -0.540086 0.518106
369.000000 405.000000 0.153862 0.518106
616.000000 405.000000 0.929451 0.518106
629.000000 405.000000 0.970271 0.518106
111.000000 406.000000 -0.656268 0.521246
207.000000 406.000000 -0.354824 0.521246
218.000000 406.000000 -0.320284 0.521246
231.000000 406.000000 -0.279463 0.521246
249.000000 406.000000 -0.222943 0.521246
255.000000 406.000000 -0.204102 0.521246
266.000000 406.000000 -0.169562 0.521246
559.000000 406.000000 0.750469 0.521246
562.000000 406.000000 0.759889 0.521246
622.000000 406.000000 0.948291 0.521246
635.000000 406.000000 0.989112 0.521246
29.000000 407.000000 -0.913751 0.524386
33.000000 407.000000 -0.901191 0.524386
91.000000 407.000000 -0.719069 0.524386
117.000000 407.000000 -0.637428 0.524386
145.000000 407.000000 -0.549506 0.524386
172.000000 407.000000 -0.464725 0.524386
182.000000 407.000000 -0.433325 0.524386
226.000000 407.000000 -0.295163 0.524386
300.000000 407.000000 -0.062801 0.524386
347.000000 407.000000 0.084781 0.524386
586.000000 407.000000 0.835250 0.524386
624.000000 407.000000 0.954571 0.524386
3.000000 408.000000 -0.995392 0.527526
99.000000 408.000000 -0.693948 0.527526
120.000000 408.000000 -0.628007 0.527526
150.000000 408.000000 -0.533806 0.527526
185.000000 408.000000 -0.423905 0.527526
553.000000 408.000000 0.731629 0.527526
559.000000 408.000000 0.750469 0.527526
621.000000 408.000000 0.945151 0.527526
31.000000 409.000000 -0.907471 0.530666
141.000000 409.000000 -0.562067 0.530666
157.000000 409.000000 -0.511826 0.530666
192.000000 409.000000 -0.401925 0.530666
223.000000 409.000000 -0.304584 0.530666
229.000000 409.000000 -0.285743 0.530666
236.000000 409.000000 -0.263763 0.530666
257.000000 409.000000 -0.197822 0.530666
565.000000 409.000000 0.769309 0.530666
585.000000 409.000000 0.832110 0.530666
626.000000 409.000000 0.960851 0.530666
630.000000 409.000000 0.973412 0.530666
635.000000 409.000000 0.989112 0.530666
59.000000 410.000000 -0.819550 0.533806
447.000000 410.000000 0.398785 0.533806
575.000000 410.000000 0.800709 0.533806
19.000000 411.000000 -0.945151 0.536946
37.000000 411.000000 -0.888631 0.536946
79.000000 411.000000 -0.756749 0.536946
106.000000 411.000000 -0.671968 0.536946
146.000000 411.000000 -0.546366 0.536946
152.000000 411.000000 -0.527526 0.536946
174.000000 411.000000 -0.458445 0.536946
197.000000 411.000000 -0.386225 0.536946
224.000000 411.000000 -0.301444 0.536946
454.000000 411.000000 0.420765 0.536946
629.000000 411.000000 0.970271 0.536946
7.000000 412.000000 -0.982832 0.540086
162.000000 412.000000 -0.496126 0.540086
268.000000 412.000000 -0.163282 0.540086
634.000000 412.000000 0.985972 0.540086
54.000000 413.000000 -0.835250 0.543226
83.000000 413.000000 -0.744189 0.543226
90.000000 413.000000 -0.722209 0.543226
172.000000 413.000000 -0.464725 0.543226
187.000000 413.000000 -0.417625 0.543226
231.000000 413.000000 -0.279463 0.543226
313.000000 413.000000 -0.021980 0.543226
620.000000 413.000000 0.942011 0.543226
632.000000 413.000000 0.979692 0.543226
85.000000 414.000000 -0.737909 0.546366
119.000000 414.000000 -0.631147 0.546366
177.000000 414.000000 -0.449025 0.546366
183.000000 414.000000 -0.430185 0.546366
192.000000 414.000000 -0.401925 0.546366
194.000000 414.000000 -0.395645 0.546366
196.000000 414.000000 -0.389365 0.546366
307.000000 414.000000 -0.040820 0.546366
634.000000 414.000000 0.985972 0.546366
10.000000 415.000000 -0.973412 0.549506
173.000000 415.000000 -0.461585 0.549506
5.000000 416.000000 -0.989112 0.552647
46.000000 416.000000 -0.860370 0.552647
102.000000 416.000000 -0.684528 0.552647
149.000000 416.000000 -0.536946 0.552647
151.000000 416.000000 -0.530666 0.552647
219.000000 416.000000 -0.317144 0.552647
299.000000 416.000000 -0.065941 0.552647
585.000000 416.000000 0.832110 0.552647
37.000000 417.000000 -0.888631 0.555787
117.000000 417.000000 -0.637428 0.555787
331.000000 417.000000 0.034540 0.555787
612.000000 417.000000 0.916891 0.555787
635.000000 417.000000 0.989112 0.555787
86.000000 418.000000 -0.734769 0.558927
184.000000 418.000000 -0.427045 0.558927
338.000000 418.000000 0.056521 0.558927
524.000000 418.000000 0.640568 0.558927
42.000000 419.000000 -0.872930 0.562067
54.000000 419.000000 -0.835250 0.562067
81.000000 419.000000 -0.750469 0.562067
162.000000 419.000000 -0.496126 0.562067
169.000000 419.000000 -0.474146 0.562067
188.000000 419.000000 -0.414485 0.562067
192.000000 419.000000 -0.401925 0.562067
598.000000 419.000000 0.872930 0.562067
617.000000 419.000000 0.932591 0.562067
251.000000 420.000000 -0.216663 0.565207
259.000000 420.000000 -0.191542 0.565207
342.000000 420.000000 0.069081 0.565207
605.000000 420.000000 0.894911 0.565207
36.000000 421.000000 -0.891771 0.568347
55.000000 421.000000 -0.832110 0.568347
88.000000 421.000000 -0.728489 0.568347
178.000000 421.000000 -0.445885 0.568347
263.000000 421.000000 -0.178982 0.568347
285.000000 421.000000 -0.109901 0.568347
330.000000 421.000000 0.031400 0.568347
9.000000 422.000000 -0.976552 0.571487
184.000000 422.000000 -0.427045 0.571487
294.000000 422.000000 -0.081641 0.571487
23.000000 423.000000 -0.932591 0.574627
87.000000 423.000000 -0.731629 0.574627
90.000000 423.000000 -0.722209 0.574627
188.000000 423.000000 -0.414485 0.574627
192.000000 423.000000 -0.401925 0.574627
254.000000 423.000000 -0.207242 0.574627
260.000000 423.000000 -0.188402 0.574627
266.000000 423.000000 -0.169562 0.574627
277.000000 423.000000 -0.135022 0.574627
333.000000 423.000000 0.040820 0.574627
602.000000 423.000000 0.885490 0.574627
40.000000 424.000000 -0.879210 0.577767
620.000000 424.000000 0.942011 0.577767
18.000000 425.000000 -0.948291 0.580907
36.000000 425.000000 -0.891771 0.580907
189.000000 425.000000 -0.411345 0.580907
252.000000 425.000000 -0.213523 0.580907
268.000000 425.000000 -0.163282 0.580907
353.000000 425.000000 0.103621 0.580907
371.000000 425.000000 0.160142 0.580907
585.000000 425.000000 0.832110 0.580907
51.000000 426.000000 -0.844670 0.584047
74.000000 426.000000 -0.772449 0.584047
89.000000 426.000000 -0.725349 0.584047
179.000000 426.000000 -0.442745 0.584047
262.000000 426.000000 -0.182122 0.584047
290.000000 426.000000 -0.094201 0.584047
604.000000 426.000000 0.891771 0.584047
613.000000 426.000000 0.920031 0.584047
625.000000 426.000000 0.957711 0.584047
15.000000 427.000000 -0.957711 0.587187
111.000000 427.000000 -0.656268 0.587187
183.000000 427.000000 -0.430185 0.587187
186.000000 427.000000 -0.420765 0.587187
193.000000 427.000000 -0.398785 0.587187
231.000000 427.000000 -0.279463 0.587187
244.000000 427.000000 -0.238643 0.587187
265.000000 427.000000 -0.172702 0.587187
615.000000 427.000000 0.926311 0.587187
82.000000 428.000000 -0.747329 0.590327
91.000000 428.000000 -0.719069 0.590327
116.000000 428.000000 -0.640568 0.590327
198.000000 428.000000 -0.383085 0.590327
202.000000 428.000000 -0.370524 0.590327
617.000000 428.000000 0.932591 0.590327
10.000000 429.000000 -0.973412 0.593467
60.000000 429.000000 -0.816410 0.593467
191.000000 429.000000 -0.405065 0.593467
245.000000 429.000000 -0.235503 0.593467
255.000000 429.000000 -0.204102 0.593467
275.000000 429.000000 -0.141302 0.593467
338.000000 429.000000 0.056521 0.593467
516.000000 429.000000 0.615447 0.593467
88.000000 430.000000 -0.728489 0.596607
181.000000 430.000000 -0.436465 0.596607
233.000000 430.000000 -0.273183 0.596607
553.000000 430.000000 0.731629 0.596607
592.000000 430.000000 0.854090 0.596607
609.000000 430.000000 0.907471 0.596607
615.000000 430.000000 0.926311 0.596607
625.000000 430.000000 0.957711 0.596607
62.000000 431.000000 -0.810130 0.599747
85.000000 431.000000 -0.737909 0.599747
97.000000 431.000000 -0.700228 0.599747
99.000000 431.000000 -0.693948 0.599747
192.000000 431.000000 -0.401925 0.599747
202.000000 431.000000 -0.370524 0.599747
3.000000 432.000000 -0.995392 0.602887
23.000000 432.000000 -0.932591 0.602887
39.000000 432.000000 -0.882350 0.602887
44.000000 432.000000 -0.866650 0.602887
48.000000 432.000000 -0.854090 0.602887
325.000000 432.000000 0.015700 0.602887
524.000000 432.000000 0.640568 0.602887
634.000000 432.000000 0.985972 0.602887
33.000000 433.000000 -0.901191 0.606027
193.000000 433.000000 -0.398785 0.606027
341.000000 433.000000 0.065941 0.606027
583.000000 433.000000 0.825830 0.606027
19.000000 434.000000 -0.945151 0.609167
76.000000 434.000000 -0.766169 0.609167
199.000000 434.000000 -0.379945 0.609167
315.000000 434.000000 -0.015700 0.609167
324.000000 434.000000 0.012560 0.609167
348.000000 434.000000 0.087921 0.609167
120.000000 435.000000 -0.628007 0.612307
23.000000 436.000000 -0.932591 0.615447
68.000000 436.000000 -0.791289 0.615447
88.000000 436.000000 -0.728489 0.615447
194.000000 436.000000 -0.395645 0.615447
244.000000 436.000000 -0.238643 0.615447
272.000000 436.000000 -0.150722 0.615447
456.000000 436.000000 0.427045 0.615447
32.000000 437.000000 -0.904331 0.618587
42.000000 437.000000 -0.872930 0.618587
106.000000 437.000000 -0.671968 0.618587
604.000000 437.000000 0.891771 0.618587
76.000000 438.000000 -0.766169 0.621727
91.000000 438.000000 -0.719069 0.621727
188.000000 438.000000 -0.414485 0.621727
196.000000 438.000000 -0.389365 0.621727
44.000000 439.000000 -0.866650 0.624867
52.000000 439.000000 -0.841530 0.624867
88.000000 439.000000 -0.728489 0.624867
194.000000 439.000000 -0.395645 0.624867
201.000000 439.000000 -0.373664 0.624867
247.000000 439.000000 -0.229223 0.624867
624.000000 439.000000 0.954571 0.624867
8.000000 440.000000 -0.979692 0.628007
24.000000 440.000000 -0.929451 0.628007
37.000000 440.000000 -0.888631 0.628007
521.000000 440.000000 0.631147 0.628007
533.000000 440.000000 0.668828 0.628007
542.000000 440.000000 0.697088 0.628007
577.000000 440.000000 0.806990 0.628007
93.000000 441.000000 -0.712788 0.631147
121.000000 441.000000 -0.624867 0.631147
480.000000 441.000000 0.502406 0.631147
65.000000 442.000000 -0.800709 0.634288
81.000000 442.000000 -0.750469 0.634288
100.000000 442.000000 -0.690808 0.634288
117.000000 442.000000 -0.637428 0.634288
119.000000 442.000000 -0.631147 0.634288
199.000000 442.000000 -0.379945 0.634288
208.000000 442.000000 -0.351684 0.634288
492.000000 442.000000 0.540086 0.634288
626.000000 442.000000 0.960851 0.634288
87.000000 443.000000 -0.731629 0.637428
205.000000 443.000000 -0.361104 0.637428
618.000000 443.000000 0.935731 0.637428
52.000000 444.000000 -0.841530 0.640568
61.000000 444.000000 -0.813270 0.640568
372.000000 444.000000 0.163282 0.640568
57.000000 445.000000 -0.825830 0.643708
98.000000 445.000000 -0.697088 0.643708
200.000000 445.000000 -0.376804 0.643708
242.000000 445.000000 -0.244923 0.643708
360.000000 445.000000 0.125601 0.643708
26.000000 446.000000 -0.923171 0.646848
46.000000 446.000000 -0.860370 0.646848
123.000000 446.000000 -0.618587 0.646848
251.000000 446.000000 -0.216663 0.646848
53.000000 447.000000 -0.838390 0.649988
56.000000 447.000000 -0.828970 0.649988
60.000000 447.000000 -0.816410 0.649988
185.000000 447.000000 -0.423905 0.649988
341.000000 447.000000 0.065941 0.649988
45.000000 448.000000 -0.863510 0.653128
88.000000 448.000000 -0.728489 0.653128
241.000000 448.000000 -0.248063 0.653128
623.000000 448.000000 0.951431 0.653128
635.000000 448.000000 0.989112 0.653128
21.000000 449.000000 -0.938871 0.656268
60.000000 449.000000 -0.816410 0.656268
124.000000 449.000000 -0.615447 0.656268
181.000000 449.000000 -0.436465 0.656268
192.000000 449.000000 -0.401925 0.656268
30.000000 450.000000 -0.910611 0.659408
42.000000 450.000000 -0.872930 0.659408
49.000000 450.000000 -0.850950 0.659408
314.000000 450.000000 -0.018840 0.659408
379.000000 450.000000 0.185262 0.659408
90.000000 451.000000 -0.722209 0.662548
103.000000 451.000000 -0.681388 0.662548
120.000000 451.000000 -0.628007 0.662548
209.000000 451.000000 -0.348544 0.662548
241.000000 451.000000 -0.248063 0.662548
271.000000 451.000000 -0.153862 0.662548
359.000000 451.000000 0.122461 0.662548
636.000000 451.000000 0.992252 0.662548
12.000000 452.000000 -0.967131 0.665688
185.000000 452.000000 -0.423905 0.665688
188.000000 452.000000 -0.414485 0.665688
455.000000 452.000000 0.423905 0.665688
623.000000 452.000000 0.951431 0.665688
630.000000 452.000000 0.973412 0.665688
43.000000 453.000000 -0.869790 0.668828
72.000000 453.000000 -0.778729 0.668828
124.000000 453.000000 -0.615447 0.668828
241.000000 453.000000 -0.248063 0.668828
257.000000 453.000000 -0.197822 0.668828
261.000000 453.000000 -0.185262 0.668828
16.000000 454.000000 -0.954571 0.671968
121.000000 454.000000 -0.624867 0.671968
238.000000 454.000000 -0.257483 0.671968
277.000000 454.000000 -0.135022 0.671968
383.000000 454.000000 0.197822 0.671968
190.000000 455.000000 -0.408205 0.675108
244.000000 455.000000 -0.238643 0.675108
255.000000 455.000000 -0.204102 0.675108
287.000000 455.000000 -0.103621 0.675108
483.000000 455.000000 0.511826 0.675108
17.000000 456.000000 -0.951431 0.678248
80.000000 456.000000 -0.753609 0.678248
87.000000 456.000000 -0.731629 0.678248
199.000000 456.000000 -0.379945 0.678248
202.000000 456.000000 -0.370524 0.678248
233.000000 456.000000 -0.273183 0.678248
316.000000 456.000000 -0.012560 0.678248
324.000000 456.000000 0.012560 0.678248
13.000000 457.000000 -0.963991 0.681388
194.000000 457.000000 -0.395645 0.681388
209.000000 457.000000 -0.348544 0.681388
222.000000 457.000000 -0.307724 0.681388
261.000000 457.000000 -0.185262 0.681388
352.000000 457.000000 0.100481 0.681388
439.000000 457.000000 0.373664 0.681388
32.000000 458.000000 -0.904331 0.684528
48.000000 458.000000 -0.854090 0.684528
65.000000 458.000000 -0.800709 0.684528
87.000000 458.000000 -0.731629 0.684528
184.000000 458.000000 -0.427045 0.684528
196.000000 458.000000 -0.389365 0.684528
257.000000 458.000000 -0.197822 0.684528
22.000000 459.000000 -0.935731 0.687668
58.000000 459.000000 -0.822690 0.687668
122.000000 459.000000 -0.621727 0.687668
134.000000 459.000000 -0.584047 0.687668
207.000000 459.000000 -0.354824 0.687668
211.000000 459.000000 -0.342264 0.687668
238.000000 459.000000 -0.257483 0.687668
428.000000 459.000000 0.339124 0.687668
553.000000 459.000000 0.731629 0.687668
13.000000 460.000000 -0.963991 0.690808
471.000000 460.000000 0.474146 0.690808
37.000000 461.000000 -0.888631 0.693948
81.000000 461.000000 -0.750469 0.693948
150.000000 461.000000 -0.533806 0.693948
209.000000 461.000000 -0.348544 0.693948
216.000000 461.000000 -0.326564 0.693948
231.000000 461.000000 -0.279463 0.693948
456.000000 461.000000 0.427045 0.693948
518.000000 461.000000 0.621727 0.693948
564.000000 461.000000 0.766169 0.693948
7.000000 462.000000 -0.982832 0.697088
16.000000 462.000000 -0.954571 0.697088
23.000000 462.000000 -0.932591 0.697088
122.000000 462.000000 -0.621727 0.697088
184.000000 462.000000 -0.427045 0.697088
233.000000 462.000000 -0.273183 0.697088
338.000000 462.000000 0.056521 0.697088
390.000000 462.000000 0.219803 0.697088
214.000000 463.000000 -0.332844 0.700228
598.000000 463.000000 0.872930 0.700228
617.000000 463.000000 0.932591 0.700228
6.000000 464.000000 -0.985972 0.703368
11.000000 464.000000 -0.970271 0.703368
16.000000 464.000000 -0.954571 0.703368
83.000000 464.000000 -0.744189 0.703368
150.000000 464.000000 -0.533806 0.703368
189.000000 464.000000 -0.411345 0.703368
194.000000 464.000000 -0.395645 0.703368
209.000000 464.000000 -0.348544 0.703368
220.000000 464.000000 -0.314004 0.703368
229.000000 464.000000 -0.285743 0.703368
233.000000 464.000000 -0.273183 0.703368
265.000000 464.000000 -0.172702 0.703368
282.000000 464.000000 -0.119321 0.703368
490.000000 465.000000 0.533806 0.706508
594.000000 465.000000 0.860370 0.706508
20.000000 466.000000 -0.942011 0.709648
24.000000 466.000000 -0.929451 0.709648
212.000000 466.000000 -0.339124 0.709648
223.000000 466.000000 -0.304584 0.709648
226.000000 466.000000 -0.295163 0.709648
151.000000 467.000000 -0.530666 0.712788
195.000000 467.000000 -0.392505 0.712788
625.000000 467.000000 0.957711 0.712788
49.000000 468.000000 -0.850950 0.715928
72.000000 468.000000 -0.778729 0.715928
178.000000 468.000000 -0.445885 0.715928
205.000000 468.000000 -0.361104 0.715928
5.000000 469.000000 -0.989112 0.719069
201.000000 469.000000 -0.373664 0.719069
219.000000 469.000000 -0.317144 0.719069
238.000000 469.000000 -0.257483 0.719069
242.000000 469.000000 -0.244923 0.719069
10.000000 470.000000 -0.973412 0.722209
18.000000 470.000000 -0.948291 0.722209
20.000000 470.000000 -0.942011 0.722209
24.000000 470.000000 -0.929451 0.722209
48.000000 470.000000 -0.854090 0.722209
187.000000 470.000000 -0.417625 0.722209
199.000000 470.000000 -0.379945 0.722209
67.000000 471.000000 -0.794429 0.725349
136.000000 471.000000 -0.577767 0.725349
151.000000 471.000000 -0.530666 0.725349
191.000000 471.000000 -0.405065 0.725349
3.000000 472.000000 -0.995392 0.728489
25.000000 472.000000 -0.926311 0.728489
81.000000 472.000000 -0.750469 0.728489
183.000000 472.000000 -0.430185 0.728489
259.000000 472.000000 -0.191542 0.728489
353.000000 472.000000 0.103621 0.728489
18.000000 473.000000 -0.948291 0.731629
49.000000 473.000000 -0.850950 0.731629
51.000000 473.000000 -0.844670 0.731629
67.000000 473.000000 -0.794429 0.731629
199.000000 473.000000 -0.379945 0.731629
203.000000 473.000000 -0.367384 0.731629
263.000000 473.000000 -0.178982 0.731629
276.000000 473.000000 -0.138162 0.731629
283.000000 473.000000 -0.116181 0.731629
636.000000 473.000000 0.992252 0.731629
21.000000 474.000000 -0.938871 0.734769
46.000000 474.000000 -0.860370 0.734769
257.000000 474.000000 -0.197822 0.734769
271.000000 474.000000 -0.153862 0.734769
529.000000 474.000000 0.656268 0.734769
79.000000 475.000000 -0.756749 0.737909
121.000000 475.000000 -0.624867 0.737909
21.000000 476.000000 -0.938871 0.741049
25.000000 476.000000 -0.926311 0.741049
49.000000 476.000000 -0.850950 0.741049
187.000000 476.000000 -0.417625 0.741049
194.000000 476.000000 -0.395645 0.741049
255.000000 476.000000 -0.204102 0.741049
262.000000 476.000000 -0.182122 0.741049
