492.000000 3.000000 0.540086 -0.744189
497.000000 3.000000 0.555787 -0.744189
586.000000 3.000000 0.835250 -0.744189
633.000000 3.000000 0.982832 -0.744189
495.000000 4.000000 0.549506 -0.741049
486.000000 5.000000 0.521246 -0.737909
520.000000 5.000000 0.628007 -0.737909
545.000000 5.000000 0.706508 -0.737909
578.000000 5.000000 0.810130 -0.737909
629.000000 5.000000 0.970271 -0.737909
467.000000 6.000000 0.461585 -0.734769
469.000000 6.000000 0.467866 -0.734769
529.000000 7.000000 0.656268 -0.731629
495.000000 8.000000 0.549506 -0.728489
557.000000 8.000000 0.744189 -0.728489
452.000000 9.000000 0.414485 -0.725349
471.000000 9.000000 0.474146 -0.725349
523.000000 9.000000 0.637428 -0.725349
553.000000 10.000000 0.731629 -0.722209
589.000000 10.000000 0.844670 -0.722209
476.000000 11.000000 0.489846 -0.719069
456.000000 12.000000 0.427045 -0.715928
554.000000 12.000000 0.734769 -0.715928
566.000000 12.000000 0.772449 -0.715928
582.000000 12.000000 0.822690 -0.715928
633.000000 12.000000 0.982832 -0.715928
471.000000 13.000000 0.474146 -0.712788
477.000000 13.000000 0.492986 -0.712788
548.000000 13.000000 0.715928 -0.712788
611.000000 13.000000 0.913751 -0.712788
474.000000 14.000000 0.483566 -0.709648
499.000000 14.000000 0.562067 -0.709648
557.000000 14.000000 0.744189 -0.709648
588.000000 14.000000 0.841530 -0.709648
635.000000 14.000000 0.989112 -0.709648
453.000000 15.000000 0.417625 -0.706508
515.000000 15.000000 0.612307 -0.706508
525.000000 15.000000 0.643708 -0.706508
455.000000 16.000000 0.423905 -0.703368
469.000000 16.000000 0.467866 -0.703368
541.000000 16.000000 0.693948 -0.703368
498.000000 17.000000 0.558927 -0.700228
630.000000 17.000000 0.973412 -0.700228
635.000000 17.000000 0.989112 -0.700228
475.000000 18.000000 0.486706 -0.697088
524.000000 18.000000 0.640568 -0.697088
557.000000 18.000000 0.744189 -0.697088
559.000000 19.000000 0.750469 -0.693948
602.000000 19.000000 0.885490 -0.693948
455.000000 20.000000 0.423905 -0.690808
625.000000 20.000000 0.957711 -0.690808
439.000000 21.000000 0.373664 -0.687668
585.000000 21.000000 0.832110 -0.687668
475.000000 22.000000 0.486706 -0.684528
500.000000 22.000000 0.565207 -0.684528
454.000000 23.000000 0.420765 -0.681388
535.000000 23.000000 0.675108 -0.681388
559.000000 23.000000 0.750469 -0.681388
620.000000 23.000000 0.942011 -0.681388
502.000000 24.000000 0.571487 -0.678248
455.000000 25.000000 0.423905 -0.675108
441.000000 26.000000 0.379945 -0.671968
476.000000 26.000000 0.489846 -0.671968
566.000000 26.000000 0.772449 -0.671968
592.000000 26.000000 0.854090 -0.671968
596.000000 26.000000 0.866650 -0.671968
457.000000 27.000000 0.430185 -0.668828
502.000000 27.000000 0.571487 -0.668828
442.000000 28.000000 0.383085 -0.665688
477.000000 28.000000 0.492986 -0.665688
528.000000 29.000000 0.653128 -0.662548
562.000000 29.000000 0.759889 -0.662548
565.000000 29.000000 0.769309 -0.662548
470.000000 30.000000 0.471006 -0.659408
531.000000 30.000000 0.662548 -0.659408
436.000000 31.000000 0.364244 -0.656268
457.000000 31.000000 0.430185 -0.656268
510.000000 31.000000 0.596607 -0.656268
607.000000 31.000000 0.901191 -0.656268
481.000000 32.000000 0.505546 -0.653128
504.000000 32.000000 0.577767 -0.653128
507.000000 32.000000 0.587187 -0.653128
569.000000 32.000000 0.781869 -0.653128
464.000000 33.000000 0.452165 -0.649988
599.000000 33.000000 0.876070 -0.649988
439.000000 34.000000 0.373664 -0.646848
442.000000 34.000000 0.383085 -0.646848
459.000000 35.000000 0.436465 -0.643708
462.000000 35.000000 0.445885 -0.643708
533.000000 35.000000 0.668828 -0.643708
425.000000 36.000000 0.329704 -0.640568
439.000000 36.000000 0.373664 -0.640568
483.000000 36.000000 0.511826 -0.640568
488.000000 36.000000 0.527526 -0.640568
506.000000 36.000000 0.584047 -0.640568
599.000000 36.000000 0.876070 -0.640568
443.000000 37.000000 0.386225 -0.637428
438.000000 38.000000 0.370524 -0.634288
600.000000 38.000000 0.879210 -0.634288
627.000000 38.000000 0.963991 -0.634288
462.000000 39.000000 0.445885 -0.631147
535.000000 40.000000 0.675108 -0.628007
426.000000 41.000000 0.332844 -0.624867
443.000000 41.000000 0.386225 -0.624867
482.000000 41.000000 0.508686 -0.624867
485.000000 41.000000 0.518106 -0.624867
571.000000 41.000000 0.788149 -0.624867
445.000000 42.000000 0.392505 -0.621727
512.000000 42.000000 0.602887 -0.621727
425.000000 43.000000 0.329704 -0.618587
466.000000 43.000000 0.458445 -0.618587
565.000000 43.000000 0.769309 -0.618587
430.000000 44.000000 0.345404 -0.615447
568.000000 44.000000 0.778729 -0.615447
487.000000 45.000000 0.524386 -0.612307
538.000000 45.000000 0.684528 -0.612307
604.000000 45.000000 0.891771 -0.612307
447.000000 46.000000 0.398785 -0.609167
511.000000 46.000000 0.599747 -0.609167
519.000000 46.000000 0.624867 -0.609167
560.000000 46.000000 0.753609 -0.609167
619.000000 46.000000 0.938871 -0.609167
423.000000 47.000000 0.323424 -0.606027
465.000000 47.000000 0.455305 -0.606027
468.000000 47.000000 0.464725 -0.606027
420.000000 48.000000 0.314004 -0.602887
429.000000 48.000000 0.342264 -0.602887
457.000000 48.000000 0.430185 -0.602887
487.000000 48.000000 0.524386 -0.602887
557.000000 48.000000 0.744189 -0.602887
602.000000 48.000000 0.885490 -0.602887
447.000000 49.000000 0.398785 -0.599747
537.000000 49.000000 0.681388 -0.599747
412.000000 50.000000 0.288883 -0.596607
501.000000 50.000000 0.568347 -0.596607
554.000000 50.000000 0.734769 -0.596607
571.000000 50.000000 0.788149 -0.596607
625.000000 50.000000 0.957711 -0.596607
512.000000 51.000000 0.602887 -0.593467
573.000000 51.000000 0.794429 -0.593467
432.000000 52.000000 0.351684 -0.590327
448.000000 52.000000 0.401925 -0.590327
466.000000 52.000000 0.458445 -0.590327
468.000000 52.000000 0.464725 -0.590327
487.000000 52.000000 0.524386 -0.590327
514.000000 52.000000 0.609167 -0.590327
496.000000 53.000000 0.552647 -0.587187
560.000000 53.000000 0.753609 -0.587187
571.000000 53.000000 0.788149 -0.587187
414.000000 54.000000 0.295163 -0.584047
449.000000 54.000000 0.405065 -0.584047
489.000000 55.000000 0.530666 -0.580907
515.000000 55.000000 0.612307 -0.580907
573.000000 55.000000 0.794429 -0.580907
634.000000 55.000000 0.985972 -0.580907
432.000000 56.000000 0.351684 -0.577767
436.000000 56.000000 0.364244 -0.577767
469.000000 56.000000 0.467866 -0.577767
545.000000 56.000000 0.706508 -0.577767
566.000000 56.000000 0.772449 -0.577767
417.000000 57.000000 0.304584 -0.574627
420.000000 57.000000 0.314004 -0.574627
450.000000 57.000000 0.408205 -0.574627
464.000000 57.000000 0.452165 -0.574627
543.000000 57.000000 0.700228 -0.574627
434.000000 58.000000 0.357964 -0.571487
452.000000 58.000000 0.414485 -0.571487
550.000000 58.000000 0.722209 -0.571487
436.000000 59.000000 0.364244 -0.568347
490.000000 59.000000 0.533806 -0.568347
493.000000 59.000000 0.543226 -0.568347
500.000000 59.000000 0.565207 -0.568347
517.000000 59.000000 0.618587 -0.568347
541.000000 59.000000 0.693948 -0.568347
625.000000 59.000000 0.957711 -0.568347
636.000000 59.000000 0.992252 -0.568347
470.000000 60.000000 0.471006 -0.565207
473.000000 60.000000 0.480426 -0.565207
520.000000 60.000000 0.628007 -0.565207
544.000000 60.000000 0.703368 -0.565207
553.000000 60.000000 0.731629 -0.565207
576.000000 60.000000 0.803850 -0.565207
603.000000 60.000000 0.888631 -0.565207
607.000000 60.000000 0.901191 -0.565207
427.000000 61.000000 0.335984 -0.562067
454.000000 61.000000 0.420765 -0.562067
579.000000 61.000000 0.813270 -0.562067
457.000000 62.000000 0.430185 -0.558927
436.000000 63.000000 0.364244 -0.555787
473.000000 63.000000 0.480426 -0.555787
476.000000 63.000000 0.489846 -0.555787
486.000000 63.000000 0.521246 -0.555787
495.000000 63.000000 0.549506 -0.555787
523.000000 63.000000 0.637428 -0.555787
628.000000 63.000000 0.967131 -0.555787
423.000000 64.000000 0.323424 -0.552647
553.000000 64.000000 0.731629 -0.552647
582.000000 64.000000 0.822690 -0.552647
626.000000 64.000000 0.960851 -0.552647
437.000000 65.000000 0.367384 -0.549506
474.000000 65.000000 0.483566 -0.549506
535.000000 65.000000 0.675108 -0.549506
546.000000 65.000000 0.709648 -0.549506
551.000000 65.000000 0.725349 -0.549506
623.000000 65.000000 0.951431 -0.549506
495.000000 66.000000 0.549506 -0.546366
337.000000 67.000000 0.053381 -0.543226
456.000000 67.000000 0.427045 -0.543226
614.000000 67.000000 0.923171 -0.543226
424.000000 68.000000 0.326564 -0.540086
477.000000 68.000000 0.492986 -0.540086
497.000000 68.000000 0.555787 -0.540086
618.000000 68.000000 0.935731 -0.540086
458.000000 69.000000 0.433325 -0.536946
508.000000 69.000000 0.590327 -0.536946
439.000000 70.000000 0.373664 -0.533806
518.000000 70.000000 0.621727 -0.533806
524.000000 70.000000 0.640568 -0.533806
548.000000 70.000000 0.715928 -0.533806
614.000000 70.000000 0.923171 -0.533806
622.000000 70.000000 0.948291 -0.533806
505.000000 71.000000 0.580907 -0.530666
555.000000 71.000000 0.737909 -0.530666
476.000000 72.000000 0.489846 -0.527526
499.000000 72.000000 0.562067 -0.527526
425.000000 73.000000 0.329704 -0.524386
457.000000 73.000000 0.430185 -0.524386
502.000000 73.000000 0.571487 -0.524386
584.000000 73.000000 0.828970 -0.524386
612.000000 73.000000 0.916891 -0.524386
440.000000 74.000000 0.376804 -0.521246
517.000000 74.000000 0.618587 -0.521246
522.000000 74.000000 0.634288 -0.521246
532.000000 74.000000 0.665688 -0.521246
580.000000 74.000000 0.816410 -0.521246
426.000000 75.000000 0.332844 -0.518106
442.000000 75.000000 0.383085 -0.518106
458.000000 75.000000 0.433325 -0.518106
499.000000 75.000000 0.562067 -0.518106
551.000000 75.000000 0.725349 -0.518106
342.000000 76.000000 0.069081 -0.514966
518.000000 76.000000 0.621727 -0.514966
625.000000 76.000000 0.957711 -0.514966
459.000000 77.000000 0.436465 -0.511826
610.000000 77.000000 0.910611 -0.511826
443.000000 78.000000 0.386225 -0.508686
525.000000 78.000000 0.643708 -0.508686
550.000000 78.000000 0.722209 -0.508686
612.000000 78.000000 0.916891 -0.508686
620.000000 78.000000 0.942011 -0.508686
625.000000 78.000000 0.957711 -0.508686
343.000000 79.000000 0.072221 -0.505546
429.000000 79.000000 0.342264 -0.505546
444.000000 80.000000 0.389365 -0.502406
480.000000 80.000000 0.502406 -0.502406
604.000000 80.000000 0.891771 -0.502406
606.000000 80.000000 0.898051 -0.502406
430.000000 81.000000 0.345404 -0.499266
446.000000 81.000000 0.395645 -0.499266
501.000000 81.000000 0.568347 -0.499266
585.000000 81.000000 0.832110 -0.499266
601.000000 81.000000 0.882350 -0.499266
612.000000 81.000000 0.916891 -0.499266
621.000000 81.000000 0.945151 -0.499266
460.000000 82.000000 0.439605 -0.496126
463.000000 82.000000 0.449025 -0.496126
481.000000 82.000000 0.505546 -0.496126
514.000000 83.000000 0.609167 -0.492986
527.000000 83.000000 0.649988 -0.492986
587.000000 83.000000 0.838390 -0.492986
608.000000 83.000000 0.904331 -0.492986
627.000000 83.000000 0.963991 -0.492986
482.000000 84.000000 0.508686 -0.489846
502.000000 84.000000 0.571487 -0.489846
561.000000 84.000000 0.756749 -0.489846
582.000000 84.000000 0.822690 -0.489846
589.000000 84.000000 0.844670 -0.489846
599.000000 84.000000 0.876070 -0.489846
318.000000 85.000000 -0.006280 -0.486706
464.000000 85.000000 0.452165 -0.486706
469.000000 85.000000 0.467866 -0.486706
485.000000 85.000000 0.518106 -0.486706
505.000000 85.000000 0.580907 -0.486706
559.000000 85.000000 0.750469 -0.486706
579.000000 85.000000 0.813270 -0.486706
607.000000 85.000000 0.901191 -0.486706
614.000000 85.000000 0.923171 -0.486706
625.000000 85.000000 0.957711 -0.486706
313.000000 86.000000 -0.021980 -0.483566
320.000000 86.000000 -0.000000 -0.483566
334.000000 86.000000 0.043961 -0.483566
605.000000 86.000000 0.894911 -0.483566
448.000000 87.000000 0.401925 -0.480426
529.000000 87.000000 0.656268 -0.480426
556.000000 87.000000 0.741049 -0.480426
599.000000 87.000000 0.876070 -0.480426
609.000000 87.000000 0.907471 -0.480426
285.000000 88.000000 -0.109901 -0.477286
314.000000 88.000000 -0.018840 -0.477286
507.000000 88.000000 0.587187 -0.477286
532.000000 88.000000 0.665688 -0.477286
554.000000 88.000000 0.734769 -0.477286
322.000000 89.000000 0.006280 -0.474146
433.000000 89.000000 0.354824 -0.474146
451.000000 89.000000 0.411345 -0.474146
467.000000 89.000000 0.461585 -0.474146
602.000000 89.000000 0.885490 -0.474146
605.000000 89.000000 0.894911 -0.474146
485.000000 90.000000 0.518106 -0.471006
554.000000 90.000000 0.734769 -0.471006
557.000000 90.000000 0.744189 -0.471006
607.000000 90.000000 0.901191 -0.471006
262.000000 91.000000 -0.182122 -0.467866
535.000000 91.000000 0.675108 -0.467866
603.000000 91.000000 0.888631 -0.467866
612.000000 91.000000 0.916891 -0.467866
259.000000 92.000000 -0.191542 -0.464725
433.000000 92.000000 0.354824 -0.464725
507.000000 92.000000 0.587187 -0.464725
256.000000 93.000000 -0.200962 -0.461585
449.000000 93.000000 0.405065 -0.461585
468.000000 93.000000 0.464725 -0.461585
489.000000 93.000000 0.530666 -0.461585
613.000000 93.000000 0.920031 -0.461585
297.000000 94.000000 -0.072221 -0.458445
435.000000 94.000000 0.361104 -0.458445
509.000000 94.000000 0.593467 -0.458445
560.000000 94.000000 0.753609 -0.458445
595.000000 94.000000 0.863510 -0.458445
609.000000 94.000000 0.907471 -0.458445
451.000000 95.000000 0.411345 -0.455305
600.000000 95.000000 0.879210 -0.455305
623.000000 95.000000 0.951431 -0.455305
633.000000 95.000000 0.982832 -0.455305
293.000000 96.000000 -0.084781 -0.452165
436.000000 96.000000 0.364244 -0.452165
602.000000 96.000000 0.885490 -0.452165
487.000000 97.000000 0.524386 -0.449025
518.000000 97.000000 0.621727 -0.449025
626.000000 97.000000 0.960851 -0.449025
630.000000 97.000000 0.973412 -0.449025
287.000000 98.000000 -0.103621 -0.445885
327.000000 98.000000 0.021980 -0.445885
511.000000 98.000000 0.599747 -0.445885
537.000000 98.000000 0.681388 -0.445885
619.000000 98.000000 0.938871 -0.445885
319.000000 99.000000 -0.003140 -0.442745
533.000000 99.000000 0.668828 -0.442745
564.000000 99.000000 0.766169 -0.442745
236.000000 100.000000 -0.263763 -0.439605
439.000000 100.000000 0.373664 -0.439605
453.000000 100.000000 0.417625 -0.439605
489.000000 100.000000 0.530666 -0.439605
492.000000 100.000000 0.540086 -0.439605
627.000000 100.000000 0.963991 -0.439605
470.000000 101.000000 0.471006 -0.436465
509.000000 101.000000 0.593467 -0.436465
535.000000 101.000000 0.675108 -0.436465
605.000000 101.000000 0.894911 -0.436465
355.000000 102.000000 0.109901 -0.433325
491.000000 102.000000 0.536946 -0.433325
528.000000 102.000000 0.653128 -0.433325
560.000000 102.000000 0.753609 -0.433325
579.000000 102.000000 0.813270 -0.433325
622.000000 102.000000 0.948291 -0.433325
636.000000 102.000000 0.992252 -0.433325
444.000000 103.000000 0.389365 -0.430185
454.000000 103.000000 0.420765 -0.430185
457.000000 103.000000 0.430185 -0.430185
606.000000 103.000000 0.898051 -0.430185
620.000000 103.000000 0.942011 -0.430185
471.000000 104.000000 0.474146 -0.427045
487.000000 104.000000 0.524386 -0.427045
356.000000 105.000000 0.113041 -0.423905
474.000000 105.000000 0.483566 -0.423905
485.000000 105.000000 0.518106 -0.423905
491.000000 105.000000 0.536946 -0.423905
615.000000 105.000000 0.926311 -0.423905
454.000000 106.000000 0.420765 -0.420765
519.000000 106.000000 0.624867 -0.420765
532.000000 106.000000 0.665688 -0.420765
570.000000 106.000000 0.785009 -0.420765
588.000000 106.000000 0.841530 -0.420765
627.000000 106.000000 0.963991 -0.420765
482.000000 107.000000 0.508686 -0.417625
512.000000 107.000000 0.602887 -0.417625
610.000000 107.000000 0.910611 -0.417625
312.000000 108.000000 -0.025120 -0.414485
457.000000 108.000000 0.430185 -0.414485
475.000000 108.000000 0.486706 -0.414485
492.000000 108.000000 0.540086 -0.414485
589.000000 108.000000 0.844670 -0.414485
613.000000 108.000000 0.920031 -0.414485
631.000000 108.000000 0.976552 -0.414485
263.000000 109.000000 -0.178982 -0.411345
496.000000 109.000000 0.552647 -0.411345
566.000000 109.000000 0.772449 -0.411345
329.000000 110.000000 0.028260 -0.408205
443.000000 110.000000 0.386225 -0.408205
477.000000 110.000000 0.492986 -0.408205
513.000000 110.000000 0.606027 -0.408205
539.000000 110.000000 0.687668 -0.408205
561.000000 110.000000 0.756749 -0.408205
579.000000 110.000000 0.813270 -0.408205
603.000000 110.000000 0.888631 -0.408205
612.000000 110.000000 0.916891 -0.408205
628.000000 110.000000 0.967131 -0.408205
632.000000 110.000000 0.979692 -0.408205
268.000000 111.000000 -0.163282 -0.405065
461.000000 111.000000 0.442745 -0.405065
475.000000 111.000000 0.486706 -0.405065
517.000000 111.000000 0.618587 -0.405065
542.000000 111.000000 0.697088 -0.405065
563.000000 111.000000 0.763029 -0.405065
573.000000 111.000000 0.794429 -0.405065
607.000000 111.000000 0.901191 -0.405065
615.000000 111.000000 0.926311 -0.405065
338.000000 112.000000 0.056521 -0.401925
598.000000 112.000000 0.872930 -0.401925
333.000000 113.000000 0.040820 -0.398785
477.000000 113.000000 0.492986 -0.398785
523.000000 113.000000 0.637428 -0.398785
594.000000 113.000000 0.860370 -0.398785
602.000000 113.000000 0.885490 -0.398785
613.000000 113.000000 0.920031 -0.398785
339.000000 114.000000 0.059661 -0.395645
604.000000 114.000000 0.891771 -0.395645
623.000000 114.000000 0.951431 -0.395645
327.000000 115.000000 0.021980 -0.392505
334.000000 115.000000 0.043961 -0.392505
445.000000 115.000000 0.392505 -0.392505
459.000000 115.000000 0.436465 -0.392505
518.000000 115.000000 0.621727 -0.392505
606.000000 115.000000 0.898051 -0.392505
325.000000 116.000000 0.015700 -0.389365
479.000000 116.000000 0.499266 -0.389365
578.000000 116.000000 0.810130 -0.389365
590.000000 116.000000 0.847810 -0.389365
329.000000 117.000000 0.028260 -0.386225
354.000000 117.000000 0.106761 -0.386225
461.000000 117.000000 0.442745 -0.386225
495.000000 117.000000 0.549506 -0.386225
499.000000 117.000000 0.562067 -0.386225
550.000000 117.000000 0.722209 -0.386225
558.000000 117.000000 0.747329 -0.386225
562.000000 117.000000 0.759889 -0.386225
598.000000 117.000000 0.872930 -0.386225
612.000000 117.000000 0.916891 -0.386225
5.000000 118.000000 -0.989112 -0.383085
187.000000 118.000000 -0.417625 -0.383085
566.000000 118.000000 0.772449 -0.383085
7.000000 119.000000 -0.982832 -0.379945
478.000000 119.000000 0.496126 -0.379945
590.000000 119.000000 0.847810 -0.379945
598.000000 119.000000 0.872930 -0.379945
521.000000 120.000000 0.631147 -0.376804
557.000000 120.000000 0.744189 -0.376804
588.000000 120.000000 0.841530 -0.376804
613.000000 120.000000 0.920031 -0.376804
255.000000 121.000000 -0.204102 -0.373664
324.000000 121.000000 0.012560 -0.373664
449.000000 121.000000 0.405065 -0.373664
498.000000 121.000000 0.558927 -0.373664
611.000000 121.000000 0.913751 -0.373664
200.000000 122.000000 -0.376804 -0.370524
311.000000 122.000000 -0.028260 -0.370524
463.000000 122.000000 0.449025 -0.370524
479.000000 122.000000 0.499266 -0.370524
581.000000 122.000000 0.819550 -0.370524
609.000000 122.000000 0.907471 -0.370524
450.000000 123.000000 0.408205 -0.367384
519.000000 123.000000 0.624867 -0.367384
527.000000 123.000000 0.649988 -0.367384
540.000000 123.000000 0.690808 -0.367384
573.000000 123.000000 0.794429 -0.367384
602.000000 123.000000 0.885490 -0.367384
607.000000 123.000000 0.901191 -0.367384
305.000000 124.000000 -0.047101 -0.364244
312.000000 124.000000 -0.025120 -0.364244
464.000000 124.000000 0.452165 -0.364244
480.000000 124.000000 0.502406 -0.364244
500.000000 124.000000 0.565207 -0.364244
192.000000 125.000000 -0.401925 -0.361104
241.000000 125.000000 -0.248063 -0.361104
467.000000 125.000000 0.461585 -0.361104
541.000000 125.000000 0.693948 -0.361104
579.000000 125.000000 0.813270 -0.361104
300.000000 126.000000 -0.062801 -0.357964
306.000000 126.000000 -0.043961 -0.357964
308.000000 126.000000 -0.037680 -0.357964
569.000000 126.000000 0.781869 -0.357964
587.000000 126.000000 0.838390 -0.357964
202.000000 127.000000 -0.370524 -0.354824
541.000000 127.000000 0.693948 -0.354824
550.000000 127.000000 0.722209 -0.354824
575.000000 127.000000 0.800709 -0.354824
4.000000 128.000000 -0.992252 -0.351684
194.000000 128.000000 -0.395645 -0.351684
198.000000 128.000000 -0.383085 -0.351684
204.000000 128.000000 -0.364244 -0.351684
302.000000 128.000000 -0.056521 -0.351684
452.000000 128.000000 0.414485 -0.351684
481.000000 128.000000 0.505546 -0.351684
484.000000 128.000000 0.514966 -0.351684
514.000000 128.000000 0.609167 -0.351684
570.000000 128.000000 0.785009 -0.351684
628.000000 128.000000 0.967131 -0.351684
154.000000 129.000000 -0.521246 -0.348544
366.000000 129.000000 0.144442 -0.348544
368.000000 129.000000 0.150722 -0.348544
466.000000 129.000000 0.458445 -0.348544
502.000000 129.000000 0.571487 -0.348544
582.000000 129.000000 0.822690 -0.348544
511.000000 130.000000 0.599747 -0.345404
590.000000 130.000000 0.847810 -0.345404
3.000000 131.000000 -0.995392 -0.342264
191.000000 131.000000 -0.405065 -0.342264
195.000000 131.000000 -0.392505 -0.342264
260.000000 131.000000 -0.188402 -0.342264
354.000000 131.000000 0.106761 -0.342264
367.000000 131.000000 0.147582 -0.342264
453.000000 131.000000 0.417625 -0.342264
486.000000 131.000000 0.521246 -0.342264
506.000000 131.000000 0.584047 -0.342264
543.000000 131.000000 0.700228 -0.342264
545.000000 131.000000 0.706508 -0.342264
567.000000 131.000000 0.775589 -0.342264
577.000000 131.000000 0.806990 -0.342264
587.000000 131.000000 0.838390 -0.342264
369.000000 132.000000 0.153862 -0.339124
467.000000 132.000000 0.461585 -0.339124
582.000000 132.000000 0.822690 -0.339124
300.000000 133.000000 -0.062801 -0.335984
367.000000 133.000000 0.147582 -0.335984
470.000000 133.000000 0.471006 -0.335984
518.000000 133.000000 0.621727 -0.335984
544.000000 133.000000 0.703368 -0.335984
565.000000 133.000000 0.769309 -0.335984
575.000000 133.000000 0.800709 -0.335984
585.000000 133.000000 0.832110 -0.335984
9.000000 134.000000 -0.976552 -0.332844
457.000000 134.000000 0.430185 -0.332844
463.000000 134.000000 0.449025 -0.332844
550.000000 134.000000 0.722209 -0.332844
559.000000 134.000000 0.750469 -0.332844
4.000000 136.000000 -0.992252 -0.326564
454.000000 136.000000 0.420765 -0.326564
469.000000 136.000000 0.467866 -0.326564
488.000000 136.000000 0.527526 -0.326564
513.000000 136.000000 0.606027 -0.326564
525.000000 136.000000 0.643708 -0.326564
560.000000 136.000000 0.753609 -0.326564
458.000000 137.000000 0.433325 -0.323424
527.000000 137.000000 0.649988 -0.323424
536.000000 137.000000 0.678248 -0.323424
546.000000 137.000000 0.709648 -0.323424
549.000000 137.000000 0.719069 -0.323424
558.000000 137.000000 0.747329 -0.323424
568.000000 137.000000 0.778729 -0.323424
4.000000 138.000000 -0.992252 -0.320284
11.000000 138.000000 -0.970271 -0.320284
60.000000 138.000000 -0.816410 -0.320284
244.000000 139.000000 -0.238643 -0.317144
470.000000 139.000000 0.471006 -0.317144
576.000000 139.000000 0.803850 -0.317144
62.000000 140.000000 -0.810130 -0.314004
166.000000 140.000000 -0.483566 -0.314004
174.000000 140.000000 -0.458445 -0.314004
220.000000 140.000000 -0.314004 -0.314004
515.000000 140.000000 0.612307 -0.314004
552.000000 140.000000 0.728489 -0.314004
563.000000 140.000000 0.763029 -0.314004
573.000000 140.000000 0.794429 -0.314004
22.000000 141.000000 -0.935731 -0.310864
346.000000 141.000000 0.081641 -0.310864
487.000000 141.000000 0.524386 -0.310864
568.000000 141.000000 0.778729 -0.310864
458.000000 142.000000 0.433325 -0.307724
475.000000 142.000000 0.486706 -0.307724
353.000000 143.000000 0.103621 -0.304584
479.000000 143.000000 0.499266 -0.304584
485.000000 143.000000 0.518106 -0.304584
503.000000 143.000000 0.574627 -0.304584
548.000000 143.000000 0.715928 -0.304584
558.000000 143.000000 0.747329 -0.304584
251.000000 144.000000 -0.216663 -0.301444
342.000000 144.000000 0.069081 -0.301444
460.000000 144.000000 0.439605 -0.301444
471.000000 144.000000 0.474146 -0.301444
498.000000 144.000000 0.558927 -0.301444
556.000000 144.000000 0.741049 -0.301444
175.000000 145.000000 -0.455305 -0.298304
348.000000 145.000000 0.087921 -0.298304
513.000000 145.000000 0.606027 -0.298304
517.000000 145.000000 0.618587 -0.298304
545.000000 145.000000 0.706508 -0.298304
191.000000 146.000000 -0.405065 -0.295163
246.000000 146.000000 -0.232363 -0.295163
492.000000 146.000000 0.540086 -0.295163
509.000000 146.000000 0.593467 -0.295163
542.000000 146.000000 0.697088 -0.295163
244.000000 147.000000 -0.238643 -0.292023
346.000000 147.000000 0.081641 -0.292023
481.000000 147.000000 0.505546 -0.292023
490.000000 147.000000 0.533806 -0.292023
540.000000 147.000000 0.690808 -0.292023
253.000000 148.000000 -0.210382 -0.288883
344.000000 148.000000 0.075361 -0.288883
560.000000 148.000000 0.753609 -0.288883
565.000000 148.000000 0.769309 -0.288883
239.000000 149.000000 -0.254343 -0.285743
248.000000 149.000000 -0.226083 -0.285743
367.000000 149.000000 0.147582 -0.285743
483.000000 149.000000 0.511826 -0.285743
517.000000 149.000000 0.618587 -0.285743
537.000000 149.000000 0.681388 -0.285743
568.000000 149.000000 0.778729 -0.285743
35.000000 150.000000 -0.894911 -0.282603
369.000000 150.000000 0.153862 -0.282603
460.000000 150.000000 0.439605 -0.282603
525.000000 150.000000 0.643708 -0.282603
535.000000 150.000000 0.675108 -0.282603
546.000000 150.000000 0.709648 -0.282603
566.000000 150.000000 0.772449 -0.282603
246.000000 151.000000 -0.232363 -0.279463
325.000000 151.000000 0.015700 -0.279463
458.000000 151.000000 0.433325 -0.279463
533.000000 151.000000 0.668828 -0.279463
544.000000 151.000000 0.703368 -0.279463
555.000000 151.000000 0.737909 -0.279463
627.000000 151.000000 0.963991 -0.279463
39.000000 152.000000 -0.882350 -0.276323
320.000000 152.000000 -0.000000 -0.276323
485.000000 152.000000 0.518106 -0.276323
200.000000 153.000000 -0.376804 -0.273183
241.000000 153.000000 -0.248063 -0.273183
530.000000 153.000000 0.659408 -0.273183
566.000000 153.000000 0.772449 -0.273183
207.000000 154.000000 -0.354824 -0.270043
327.000000 154.000000 0.021980 -0.270043
458.000000 154.000000 0.433325 -0.270043
501.000000 154.000000 0.568347 -0.270043
519.000000 154.000000 0.624867 -0.270043
528.000000 154.000000 0.653128 -0.270043
484.000000 155.000000 0.514966 -0.266903
495.000000 155.000000 0.549506 -0.266903
526.000000 155.000000 0.646848 -0.266903
537.000000 155.000000 0.681388 -0.266903
233.000000 156.000000 -0.273183 -0.263763
315.000000 156.000000 -0.015700 -0.263763
5.000000 157.000000 -0.989112 -0.260623
322.000000 157.000000 0.006280 -0.260623
448.000000 157.000000 0.401925 -0.260623
452.000000 157.000000 0.414485 -0.260623
472.000000 157.000000 0.477286 -0.260623
508.000000 157.000000 0.590327 -0.260623
526.000000 157.000000 0.646848 -0.260623
290.000000 158.000000 -0.094201 -0.257483
382.000000 158.000000 0.194682 -0.257483
480.000000 158.000000 0.502406 -0.257483
487.000000 158.000000 0.524386 -0.257483
497.000000 158.000000 0.555787 -0.257483
532.000000 158.000000 0.665688 -0.257483
316.000000 159.000000 -0.012560 -0.254343
319.000000 159.000000 -0.003140 -0.254343
447.000000 159.000000 0.398785 -0.254343
449.000000 159.000000 0.405065 -0.254343
477.000000 159.000000 0.492986 -0.254343
491.000000 159.000000 0.536946 -0.254343
527.000000 159.000000 0.649988 -0.254343
43.000000 160.000000 -0.869790 -0.251203
518.000000 160.000000 0.621727 -0.251203
76.000000 161.000000 -0.766169 -0.248063
383.000000 161.000000 0.197822 -0.248063
451.000000 161.000000 0.411345 -0.248063
516.000000 161.000000 0.615447 -0.248063
297.000000 162.000000 -0.072221 -0.244923
302.000000 162.000000 -0.056521 -0.244923
367.000000 162.000000 0.147582 -0.244923
471.000000 162.000000 0.474146 -0.244923
488.000000 162.000000 0.527526 -0.244923
524.000000 162.000000 0.640568 -0.244923
499.000000 163.000000 0.562067 -0.241783
507.000000 163.000000 0.587187 -0.241783
512.000000 163.000000 0.602887 -0.241783
291.000000 164.000000 -0.091061 -0.238643
295.000000 164.000000 -0.078501 -0.238643
311.000000 164.000000 -0.028260 -0.238643
382.000000 164.000000 0.194682 -0.238643
510.000000 164.000000 0.596607 -0.238643
52.000000 165.000000 -0.841530 -0.235503
329.000000 165.000000 0.028260 -0.235503
488.000000 165.000000 0.527526 -0.235503
79.000000 166.000000 -0.756749 -0.232363
384.000000 166.000000 0.200962 -0.232363
443.000000 166.000000 0.386225 -0.232363
445.000000 166.000000 0.392505 -0.232363
507.000000 166.000000 0.587187 -0.232363
518.000000 166.000000 0.621727 -0.232363
540.000000 166.000000 0.690808 -0.232363
603.000000 166.000000 0.888631 -0.232363
69.000000 167.000000 -0.788149 -0.229223
286.000000 167.000000 -0.106761 -0.229223
299.000000 167.000000 -0.065941 -0.229223
379.000000 167.000000 0.185262 -0.229223
453.000000 167.000000 0.417625 -0.229223
492.000000 167.000000 0.540086 -0.229223
497.000000 167.000000 0.555787 -0.229223
505.000000 167.000000 0.580907 -0.229223
538.000000 167.000000 0.684528 -0.229223
547.000000 167.000000 0.712788 -0.229223
80.000000 168.000000 -0.753609 -0.226083
446.000000 168.000000 0.395645 -0.226083
535.000000 168.000000 0.675108 -0.226083
295.000000 169.000000 -0.078501 -0.222943
366.000000 169.000000 0.144442 -0.222943
426.000000 169.000000 0.332844 -0.222943
489.000000 169.000000 0.530666 -0.222943
502.000000 169.000000 0.571487 -0.222943
513.000000 169.000000 0.606027 -0.222943
81.000000 170.000000 -0.750469 -0.219803
183.000000 170.000000 -0.430185 -0.219803
293.000000 170.000000 -0.084781 -0.219803
423.000000 170.000000 0.323424 -0.219803
454.000000 170.000000 0.420765 -0.219803
492.000000 170.000000 0.540086 -0.219803
26.000000 171.000000 -0.923171 -0.216663
268.000000 171.000000 -0.163282 -0.216663
288.000000 171.000000 -0.100481 -0.216663
361.000000 171.000000 0.128742 -0.216663
367.000000 171.000000 0.147582 -0.216663
421.000000 171.000000 0.317144 -0.216663
436.000000 172.000000 0.364244 -0.213523
487.000000 172.000000 0.524386 -0.213523
508.000000 172.000000 0.590327 -0.213523
89.000000 173.000000 -0.725349 -0.210382
356.000000 173.000000 0.113041 -0.210382
417.000000 173.000000 0.304584 -0.210382
485.000000 173.000000 0.518106 -0.210382
498.000000 173.000000 0.558927 -0.210382
506.000000 173.000000 0.584047 -0.210382
83.000000 174.000000 -0.744189 -0.207242
362.000000 174.000000 0.131882 -0.207242
456.000000 174.000000 0.427045 -0.207242
424.000000 175.000000 0.326564 -0.204102
482.000000 175.000000 0.508686 -0.204102
262.000000 176.000000 -0.182122 -0.200962
267.000000 176.000000 -0.166422 -0.200962
357.000000 176.000000 0.116181 -0.200962
360.000000 176.000000 0.125601 -0.200962
412.000000 176.000000 0.288883 -0.200962
415.000000 176.000000 0.298304 -0.200962
472.000000 176.000000 0.477286 -0.200962
480.000000 176.000000 0.502406 -0.200962
265.000000 177.000000 -0.172702 -0.197822
478.000000 177.000000 0.496126 -0.197822
490.000000 177.000000 0.533806 -0.197822
260.000000 178.000000 -0.188402 -0.194682
391.000000 178.000000 0.222943 -0.194682
416.000000 178.000000 0.301444 -0.194682
446.000000 178.000000 0.395645 -0.194682
476.000000 178.000000 0.489846 -0.194682
501.000000 178.000000 0.568347 -0.194682
43.000000 179.000000 -0.869790 -0.191542
60.000000 179.000000 -0.816410 -0.191542
255.000000 179.000000 -0.204102 -0.191542
269.000000 179.000000 -0.160142 -0.191542
459.000000 179.000000 0.436465 -0.191542
467.000000 179.000000 0.461585 -0.191542
486.000000 179.000000 0.521246 -0.191542
66.000000 180.000000 -0.797569 -0.188402
335.000000 180.000000 0.047101 -0.188402
417.000000 180.000000 0.304584 -0.188402
473.000000 180.000000 0.480426 -0.188402
44.000000 181.000000 -0.866650 -0.185262
100.000000 181.000000 -0.690808 -0.185262
256.000000 181.000000 -0.200962 -0.185262
280.000000 181.000000 -0.125601 -0.185262
340.000000 181.000000 0.062801 -0.185262
378.000000 181.000000 0.182122 -0.185262
449.000000 181.000000 0.405065 -0.185262
471.000000 181.000000 0.474146 -0.185262
483.000000 181.000000 0.511826 -0.185262
95.000000 182.000000 -0.706508 -0.182122
265.000000 182.000000 -0.172702 -0.182122
306.000000 182.000000 -0.043961 -0.182122
334.000000 182.000000 0.043961 -0.182122
394.000000 182.000000 0.232363 -0.182122
418.000000 182.000000 0.307724 -0.182122
431.000000 182.000000 0.348544 -0.182122
457.000000 182.000000 0.430185 -0.182122
212.000000 183.000000 -0.339124 -0.178982
263.000000 183.000000 -0.178982 -0.178982
341.000000 183.000000 0.065941 -0.178982
427.000000 183.000000 0.335984 -0.178982
466.000000 183.000000 0.458445 -0.178982
468.000000 183.000000 0.464725 -0.178982
271.000000 184.000000 -0.153862 -0.175842
419.000000 184.000000 0.310864 -0.175842
478.000000 184.000000 0.496126 -0.175842
258.000000 185.000000 -0.194682 -0.172702
337.000000 185.000000 0.053381 -0.172702
437.000000 185.000000 0.367384 -0.172702
451.000000 185.000000 0.411345 -0.172702
465.000000 185.000000 0.455305 -0.172702
476.000000 185.000000 0.489846 -0.172702
330.000000 186.000000 0.031400 -0.169562
412.000000 186.000000 0.288883 -0.169562
420.000000 186.000000 0.314004 -0.169562
454.000000 186.000000 0.420765 -0.169562
456.000000 186.000000 0.427045 -0.169562
399.000000 187.000000 0.248063 -0.166422
408.000000 187.000000 0.276323 -0.166422
627.000000 187.000000 0.963991 -0.166422
234.000000 188.000000 -0.270043 -0.163282
331.000000 188.000000 0.034540 -0.163282
386.000000 188.000000 0.207242 -0.163282
421.000000 188.000000 0.317144 -0.163282
423.000000 188.000000 0.323424 -0.163282
436.000000 188.000000 0.364244 -0.163282
459.000000 188.000000 0.436465 -0.163282
462.000000 188.000000 0.445885 -0.163282
470.000000 188.000000 0.471006 -0.163282
486.000000 188.000000 0.521246 -0.163282
559.000000 188.000000 0.750469 -0.163282
561.000000 188.000000 0.756749 -0.163282
110.000000 189.000000 -0.659408 -0.160142
289.000000 189.000000 -0.097341 -0.160142
334.000000 189.000000 0.043961 -0.160142
427.000000 189.000000 0.335984 -0.160142
230.000000 190.000000 -0.282603 -0.157002
456.000000 190.000000 0.427045 -0.157002
462.000000 190.000000 0.445885 -0.157002
106.000000 191.000000 -0.671968 -0.153862
228.000000 191.000000 -0.288883 -0.153862
417.000000 191.000000 0.304584 -0.153862
465.000000 191.000000 0.455305 -0.153862
566.000000 191.000000 0.772449 -0.153862
378.000000 192.000000 0.182122 -0.150722
423.000000 192.000000 0.323424 -0.150722
431.000000 192.000000 0.348544 -0.150722
452.000000 192.000000 0.414485 -0.150722
463.000000 192.000000 0.449025 -0.150722
227.000000 193.000000 -0.292023 -0.147582
444.000000 193.000000 0.389365 -0.147582
450.000000 193.000000 0.408205 -0.147582
312.000000 194.000000 -0.025120 -0.144442
322.000000 194.000000 0.006280 -0.144442
379.000000 194.000000 0.185262 -0.144442
435.000000 194.000000 0.361104 -0.144442
448.000000 194.000000 0.401925 -0.144442
469.000000 194.000000 0.467866 -0.144442
481.000000 194.000000 0.505546 -0.144442
563.000000 194.000000 0.763029 -0.144442
59.000000 195.000000 -0.819550 -0.141302
126.000000 195.000000 -0.609167 -0.141302
259.000000 195.000000 -0.191542 -0.141302
287.000000 195.000000 -0.103621 -0.141302
307.000000 195.000000 -0.040820 -0.141302
363.000000 195.000000 0.135022 -0.141302
442.000000 195.000000 0.383085 -0.141302
446.000000 195.000000 0.395645 -0.141302
459.000000 195.000000 0.436465 -0.141302
478.000000 195.000000 0.496126 -0.141302
115.000000 196.000000 -0.643708 -0.138162
314.000000 196.000000 -0.018840 -0.138162
423.000000 196.000000 0.323424 -0.138162
456.000000 196.000000 0.427045 -0.138162
49.000000 197.000000 -0.850950 -0.135022
61.000000 197.000000 -0.813270 -0.135022
84.000000 197.000000 -0.741049 -0.135022
341.000000 197.000000 0.065941 -0.135022
379.000000 197.000000 0.185262 -0.135022
426.000000 197.000000 0.332844 -0.135022
439.000000 197.000000 0.373664 -0.135022
443.000000 197.000000 0.386225 -0.135022
476.000000 197.000000 0.489846 -0.135022
63.000000 198.000000 -0.806990 -0.131882
116.000000 198.000000 -0.640568 -0.131882
301.000000 198.000000 -0.059661 -0.131882
381.000000 198.000000 0.191542 -0.131882
390.000000 198.000000 0.219803 -0.131882
424.000000 198.000000 0.326564 -0.131882
429.000000 198.000000 0.342264 -0.131882
441.000000 198.000000 0.379945 -0.131882
556.000000 198.000000 0.741049 -0.131882
97.000000 199.000000 -0.700228 -0.128742
121.000000 199.000000 -0.624867 -0.128742
224.000000 199.000000 -0.301444 -0.128742
226.000000 199.000000 -0.295163 -0.128742
310.000000 199.000000 -0.031400 -0.128742
451.000000 199.000000 0.411345 -0.128742
371.000000 200.000000 0.160142 -0.125601
376.000000 200.000000 0.175842 -0.125601
382.000000 200.000000 0.194682 -0.125601
410.000000 200.000000 0.282603 -0.125601
438.000000 200.000000 0.370524 -0.125601
98.000000 201.000000 -0.697088 -0.122461
126.000000 201.000000 -0.609167 -0.122461
243.000000 201.000000 -0.241783 -0.122461
247.000000 201.000000 -0.229223 -0.122461
400.000000 201.000000 0.251203 -0.122461
425.000000 201.000000 0.329704 -0.122461
431.000000 201.000000 0.348544 -0.122461
436.000000 201.000000 0.364244 -0.122461
303.000000 202.000000 -0.053381 -0.119321
383.000000 202.000000 0.197822 -0.119321
392.000000 202.000000 0.226083 -0.119321
446.000000 202.000000 0.395645 -0.119321
99.000000 203.000000 -0.693948 -0.116181
195.000000 203.000000 -0.392505 -0.116181
214.000000 203.000000 -0.332844 -0.116181
433.000000 203.000000 0.354824 -0.116181
444.000000 203.000000 0.389365 -0.116181
454.000000 203.000000 0.420765 -0.116181
508.000000 203.000000 0.590327 -0.116181
549.000000 203.000000 0.719069 -0.116181
38.000000 204.000000 -0.885490 -0.113041
79.000000 204.000000 -0.756749 -0.113041
107.000000 204.000000 -0.668828 -0.113041
201.000000 204.000000 -0.373664 -0.113041
267.000000 204.000000 -0.166422 -0.113041
282.000000 204.000000 -0.119321 -0.113041
384.000000 204.000000 0.200962 -0.113041
431.000000 204.000000 0.348544 -0.113041
131.000000 205.000000 -0.593467 -0.109901
36.000000 206.000000 -0.891771 -0.106761
101.000000 206.000000 -0.687668 -0.106761
368.000000 206.000000 0.150722 -0.106761
377.000000 206.000000 0.178982 -0.106761
382.000000 206.000000 0.194682 -0.106761
385.000000 206.000000 0.204102 -0.106761
11.000000 207.000000 -0.970271 -0.103621
373.000000 207.000000 0.166422 -0.103621
426.000000 207.000000 0.332844 -0.103621
435.000000 207.000000 0.361104 -0.103621
437.000000 207.000000 0.367384 -0.103621
52.000000 208.000000 -0.841530 -0.100481
383.000000 208.000000 0.197822 -0.100481
116.000000 209.000000 -0.640568 -0.097341
275.000000 209.000000 -0.141302 -0.097341
278.000000 209.000000 -0.131882 -0.097341
429.000000 209.000000 0.342264 -0.097341
434.000000 209.000000 0.357964 -0.097341
285.000000 210.000000 -0.109901 -0.094201
420.000000 210.000000 0.314004 -0.094201
279.000000 211.000000 -0.128742 -0.091061
345.000000 211.000000 0.078501 -0.091061
385.000000 211.000000 0.204102 -0.091061
418.000000 211.000000 0.307724 -0.091061
433.000000 211.000000 0.354824 -0.091061
537.000000 211.000000 0.681388 -0.091061
416.000000 212.000000 0.301444 -0.087921
428.000000 212.000000 0.339124 -0.087921
10.000000 213.000000 -0.973412 -0.084781
69.000000 213.000000 -0.788149 -0.084781
111.000000 213.000000 -0.656268 -0.084781
272.000000 213.000000 -0.150722 -0.084781
280.000000 213.000000 -0.125601 -0.084781
414.000000 213.000000 0.295163 -0.084781
338.000000 214.000000 0.056521 -0.081641
437.000000 214.000000 0.367384 -0.081641
125.000000 215.000000 -0.612307 -0.078501
386.000000 215.000000 0.207242 -0.078501
411.000000 215.000000 0.285743 -0.078501
274.000000 216.000000 -0.144442 -0.075361
339.000000 216.000000 0.059661 -0.075361
349.000000 216.000000 0.091061 -0.075361
409.000000 216.000000 0.279463 -0.075361
422.000000 216.000000 0.320284 -0.075361
121.000000 217.000000 -0.624867 -0.072221
337.000000 217.000000 0.053381 -0.072221
387.000000 217.000000 0.210382 -0.072221
390.000000 217.000000 0.219803 -0.072221
437.000000 217.000000 0.367384 -0.072221
346.000000 218.000000 0.081641 -0.069081
406.000000 218.000000 0.270043 -0.069081
418.000000 218.000000 0.307724 -0.069081
132.000000 219.000000 -0.590327 -0.065941
381.000000 219.000000 0.191542 -0.065941
388.000000 219.000000 0.213523 -0.065941
404.000000 219.000000 0.263763 -0.065941
416.000000 219.000000 0.301444 -0.065941
3.000000 220.000000 -0.995392 -0.062801
11.000000 220.000000 -0.970271 -0.062801
341.000000 220.000000 0.065941 -0.062801
402.000000 220.000000 0.257483 -0.062801
414.000000 220.000000 0.295163 -0.062801
47.000000 221.000000 -0.857230 -0.059661
263.000000 221.000000 -0.178982 -0.059661
339.000000 221.000000 0.059661 -0.059661
388.000000 221.000000 0.213523 -0.059661
129.000000 222.000000 -0.599747 -0.056521
249.000000 222.000000 -0.222943 -0.056521
252.000000 222.000000 -0.213523 -0.056521
342.000000 222.000000 0.069081 -0.056521
398.000000 222.000000 0.244923 -0.056521
411.000000 222.000000 0.285743 -0.056521
138.000000 223.000000 -0.571487 -0.053381
235.000000 223.000000 -0.266903 -0.053381
247.000000 223.000000 -0.229223 -0.053381
389.000000 223.000000 0.216663 -0.053381
408.000000 224.000000 0.276323 -0.050241
242.000000 225.000000 -0.244923 -0.047101
244.000000 225.000000 -0.238643 -0.047101
248.000000 225.000000 -0.226083 -0.047101
254.000000 225.000000 -0.207242 -0.047101
315.000000 225.000000 -0.015700 -0.047101
380.000000 225.000000 0.188402 -0.047101
394.000000 225.000000 0.232363 -0.047101
406.000000 225.000000 0.270043 -0.047101
262.000000 226.000000 -0.182122 -0.043961
344.000000 226.000000 0.075361 -0.043961
136.000000 227.000000 -0.577767 -0.040820
245.000000 227.000000 -0.235503 -0.040820
252.000000 227.000000 -0.213523 -0.040820
305.000000 227.000000 -0.047101 -0.040820
361.000000 227.000000 0.128742 -0.040820
389.000000 227.000000 0.216663 -0.040820
6.000000 228.000000 -0.985972 -0.037680
240.000000 228.000000 -0.251203 -0.037680
345.000000 228.000000 0.078501 -0.037680
352.000000 228.000000 0.100481 -0.037680
384.000000 228.000000 0.200962 -0.037680
400.000000 228.000000 0.251203 -0.037680
436.000000 228.000000 0.364244 -0.037680
141.000000 229.000000 -0.562067 -0.034540
250.000000 229.000000 -0.219803 -0.034540
381.000000 229.000000 0.191542 -0.034540
386.000000 229.000000 0.207242 -0.034540
114.000000 230.000000 -0.646848 -0.031400
303.000000 230.000000 -0.053381 -0.031400
321.000000 230.000000 0.003140 -0.031400
334.000000 230.000000 0.043961 -0.031400
397.000000 230.000000 0.241783 -0.031400
407.000000 230.000000 0.273183 -0.031400
20.000000 231.000000 -0.942011 -0.028260
242.000000 231.000000 -0.244923 -0.028260
382.000000 231.000000 0.194682 -0.028260
393.000000 231.000000 0.229223 -0.028260
115.000000 232.000000 -0.643708 -0.025120
309.000000 232.000000 -0.034540 -0.025120
343.000000 232.000000 0.072221 -0.025120
347.000000 232.000000 0.084781 -0.025120
376.000000 232.000000 0.175842 -0.025120
437.000000 232.000000 0.367384 -0.025120
345.000000 233.000000 0.078501 -0.021980
359.000000 233.000000 0.122461 -0.021980
373.000000 233.000000 0.166422 -0.021980
379.000000 233.000000 0.185262 -0.021980
81.000000 234.000000 -0.750469 -0.018840
297.000000 234.000000 -0.072221 -0.018840
377.000000 234.000000 0.178982 -0.018840
399.000000 234.000000 0.248063 -0.018840
123.000000 235.000000 -0.618587 -0.015700
313.000000 235.000000 -0.021980 -0.015700
362.000000 235.000000 0.131882 -0.015700
375.000000 235.000000 0.172702 -0.015700
303.000000 236.000000 -0.053381 -0.012560
405.000000 236.000000 0.266903 -0.012560
73.000000 237.000000 -0.775589 -0.009420
118.000000 237.000000 -0.634288 -0.009420
217.000000 237.000000 -0.323424 -0.009420
317.000000 237.000000 -0.009420 -0.009420
372.000000 237.000000 0.163282 -0.009420
385.000000 237.000000 0.204102 -0.009420
401.000000 237.000000 0.254343 -0.009420
409.000000 237.000000 0.279463 -0.009420
633.000000 237.000000 0.982832 -0.009420
636.000000 237.000000 0.992252 -0.009420
132.000000 238.000000 -0.590327 -0.006280
290.000000 238.000000 -0.094201 -0.006280
319.000000 238.000000 -0.003140 -0.006280
354.000000 238.000000 0.106761 -0.006280
370.000000 238.000000 0.157002 -0.006280
383.000000 238.000000 0.197822 -0.006280
627.000000 238.000000 0.963991 -0.006280
119.000000 239.000000 -0.631147 -0.003140
294.000000 239.000000 -0.081641 -0.003140
303.000000 239.000000 -0.053381 -0.003140
306.000000 239.000000 -0.043961 -0.003140
349.000000 239.000000 0.091061 -0.003140
368.000000 239.000000 0.150722 -0.003140
555.000000 239.000000 0.737909 -0.003140
631.000000 239.000000 0.976552 -0.003140
139.000000 240.000000 -0.568347 0.000000
347.000000 240.000000 0.084781 0.000000
355.000000 240.000000 0.109901 0.000000
380.000000 240.000000 0.188402 0.000000
600.000000 240.000000 0.879210 0.000000
607.000000 240.000000 0.901191 0.000000
610.000000 240.000000 0.910611 0.000000
612.000000 240.000000 0.916891 0.000000
614.000000 240.000000 0.923171 0.000000
622.000000 240.000000 0.948291 0.000000
294.000000 241.000000 -0.081641 0.003140
365.000000 241.000000 0.141302 0.003140
378.000000 241.000000 0.182122 0.003140
589.000000 241.000000 0.844670 0.003140
591.000000 241.000000 0.850950 0.003140
594.000000 241.000000 0.860370 0.003140
617.000000 241.000000 0.932591 0.003140
60.000000 242.000000 -0.816410 0.006280
120.000000 242.000000 -0.628007 0.006280
351.000000 242.000000 0.097341 0.006280
363.000000 242.000000 0.135022 0.006280
376.000000 242.000000 0.175842 0.006280
597.000000 242.000000 0.869790 0.006280
605.000000 242.000000 0.894911 0.006280
145.000000 243.000000 -0.549506 0.009420
295.000000 243.000000 -0.078501 0.009420
335.000000 243.000000 0.047101 0.009420
574.000000 243.000000 0.797569 0.009420
578.000000 243.000000 0.810130 0.009420
581.000000 243.000000 0.819550 0.009420
585.000000 243.000000 0.832110 0.009420
587.000000 243.000000 0.838390 0.009420
608.000000 243.000000 0.904331 0.009420
129.000000 244.000000 -0.599747 0.012560
244.000000 244.000000 -0.238643 0.012560
352.000000 244.000000 0.100481 0.012560
360.000000 244.000000 0.125601 0.012560
372.000000 244.000000 0.163282 0.012560
555.000000 244.000000 0.737909 0.012560
571.000000 244.000000 0.788149 0.012560
597.000000 244.000000 0.869790 0.012560
603.000000 244.000000 0.888631 0.012560
150.000000 245.000000 -0.533806 0.015700
335.000000 245.000000 0.047101 0.015700
349.000000 245.000000 0.091061 0.015700
534.000000 245.000000 0.671968 0.015700
547.000000 245.000000 0.712788 0.015700
550.000000 245.000000 0.722209 0.015700
553.000000 245.000000 0.731629 0.015700
558.000000 245.000000 0.747329 0.015700
3.000000 246.000000 -0.995392 0.018840
136.000000 246.000000 -0.577767 0.018840
142.000000 246.000000 -0.558927 0.018840
314.000000 246.000000 -0.018840 0.018840
523.000000 246.000000 0.637428 0.018840
538.000000 246.000000 0.684528 0.018840
543.000000 246.000000 0.700228 0.018840
295.000000 247.000000 -0.078501 0.021980
339.000000 247.000000 0.059661 0.021980
368.000000 247.000000 0.150722 0.021980
517.000000 247.000000 0.618587 0.021980
520.000000 247.000000 0.628007 0.021980
526.000000 247.000000 0.646848 0.021980
530.000000 247.000000 0.659408 0.021980
586.000000 247.000000 0.835250 0.021980
353.000000 248.000000 0.103621 0.025120
355.000000 248.000000 0.109901 0.025120
366.000000 248.000000 0.144442 0.025120
611.000000 248.000000 0.913751 0.025120
618.000000 248.000000 0.935731 0.025120
268.000000 249.000000 -0.163282 0.028260
298.000000 249.000000 -0.069081 0.028260
314.000000 249.000000 -0.018840 0.028260
325.000000 249.000000 0.015700 0.028260
364.000000 249.000000 0.138162 0.028260
487.000000 249.000000 0.524386 0.028260
591.000000 249.000000 0.850950 0.028260
600.000000 249.000000 0.879210 0.028260
627.000000 249.000000 0.963991 0.028260
6.000000 250.000000 -0.985972 0.031400
278.000000 250.000000 -0.131882 0.031400
349.000000 250.000000 0.091061 0.031400
362.000000 250.000000 0.131882 0.031400
479.000000 250.000000 0.499266 0.031400
20.000000 251.000000 -0.942011 0.034540
149.000000 251.000000 -0.536946 0.034540
347.000000 251.000000 0.084781 0.034540
474.000000 251.000000 0.483566 0.034540
490.000000 251.000000 0.533806 0.034540
499.000000 251.000000 0.562067 0.034540
615.000000 251.000000 0.926311 0.034540
5.000000 252.000000 -0.989112 0.037680
239.000000 252.000000 -0.254343 0.037680
345.000000 252.000000 0.078501 0.037680
352.000000 252.000000 0.100481 0.037680
357.000000 252.000000 0.116181 0.037680
448.000000 252.000000 0.401925 0.037680
453.000000 252.000000 0.417625 0.037680
593.000000 252.000000 0.857230 0.037680
34.000000 253.000000 -0.898051 0.040820
154.000000 253.000000 -0.521246 0.040820
343.000000 253.000000 0.072221 0.040820
347.000000 253.000000 0.084781 0.040820
442.000000 253.000000 0.383085 0.040820
461.000000 253.000000 0.442745 0.040820
488.000000 253.000000 0.527526 0.040820
632.000000 253.000000 0.979692 0.040820
294.000000 254.000000 -0.081641 0.043961
406.000000 254.000000 0.270043 0.043961
432.000000 254.000000 0.351684 0.043961
437.000000 254.000000 0.367384 0.043961
570.000000 254.000000 0.785009 0.043961
303.000000 255.000000 -0.053381 0.047101
339.000000 255.000000 0.059661 0.047101
382.000000 255.000000 0.194682 0.047101
401.000000 255.000000 0.254343 0.047101
415.000000 255.000000 0.298304 0.047101
446.000000 255.000000 0.395645 0.047101
479.000000 255.000000 0.499266 0.047101
584.000000 255.000000 0.828970 0.047101
264.000000 256.000000 -0.175842 0.050241
301.000000 256.000000 -0.059661 0.050241
337.000000 256.000000 0.053381 0.050241
361.000000 256.000000 0.128742 0.050241
434.000000 256.000000 0.357964 0.050241
437.000000 256.000000 0.367384 0.050241
439.000000 256.000000 0.373664 0.050241
564.000000 256.000000 0.766169 0.050241
604.000000 256.000000 0.891771 0.050241
307.000000 257.000000 -0.040820 0.053381
335.000000 257.000000 0.047101 0.053381
378.000000 257.000000 0.182122 0.053381
388.000000 257.000000 0.213523 0.053381
403.000000 257.000000 0.260623 0.053381
410.000000 257.000000 0.282603 0.053381
429.000000 257.000000 0.342264 0.053381
476.000000 257.000000 0.489846 0.053381
482.000000 257.000000 0.508686 0.053381
542.000000 257.000000 0.697088 0.053381
623.000000 257.000000 0.951431 0.053381
626.000000 257.000000 0.960851 0.053381
280.000000 258.000000 -0.125601 0.056521
348.000000 258.000000 0.087921 0.056521
386.000000 258.000000 0.207242 0.056521
397.000000 258.000000 0.241783 0.056521
441.000000 258.000000 0.379945 0.056521
443.000000 258.000000 0.386225 0.056521
515.000000 258.000000 0.612307 0.056521
553.000000 258.000000 0.731629 0.056521
560.000000 258.000000 0.753609 0.056521
587.000000 258.000000 0.838390 0.056521
621.000000 258.000000 0.945151 0.056521
15.000000 259.000000 -0.957711 0.059661
262.000000 259.000000 -0.182122 0.059661
322.000000 259.000000 0.006280 0.059661
380.000000 259.000000 0.188402 0.059661
429.000000 259.000000 0.342264 0.059661
433.000000 259.000000 0.354824 0.059661
436.000000 259.000000 0.364244 0.059661
471.000000 259.000000 0.474146 0.059661
633.000000 259.000000 0.982832 0.059661
301.000000 260.000000 -0.059661 0.062801
365.000000 260.000000 0.141302 0.062801
408.000000 260.000000 0.276323 0.062801
424.000000 260.000000 0.326564 0.062801
446.000000 260.000000 0.395645 0.062801
20.000000 261.000000 -0.942011 0.065941
28.000000 261.000000 -0.916891 0.065941
308.000000 261.000000 -0.037680 0.065941
328.000000 261.000000 0.025120 0.065941
342.000000 261.000000 0.069081 0.065941
401.000000 261.000000 0.254343 0.065941
403.000000 261.000000 0.260623 0.065941
406.000000 261.000000 0.270043 0.065941
520.000000 261.000000 0.628007 0.065941
531.000000 261.000000 0.662548 0.065941
597.000000 261.000000 0.869790 0.065941
599.000000 261.000000 0.876070 0.065941
610.000000 261.000000 0.910611 0.065941
630.000000 261.000000 0.973412 0.065941
360.000000 262.000000 0.125601 0.069081
366.000000 262.000000 0.144442 0.069081
370.000000 262.000000 0.157002 0.069081
378.000000 262.000000 0.182122 0.069081
380.000000 262.000000 0.188402 0.069081
477.000000 262.000000 0.492986 0.069081
573.000000 262.000000 0.794429 0.069081
595.000000 262.000000 0.863510 0.069081
248.000000 263.000000 -0.226083 0.072221
270.000000 263.000000 -0.157002 0.072221
426.000000 263.000000 0.332844 0.072221
436.000000 263.000000 0.364244 0.072221
518.000000 263.000000 0.621727 0.072221
133.000000 264.000000 -0.587187 0.075361
338.000000 264.000000 0.056521 0.075361
388.000000 264.000000 0.213523 0.075361
404.000000 264.000000 0.263763 0.075361
418.000000 264.000000 0.307724 0.075361
442.000000 264.000000 0.383085 0.075361
568.000000 264.000000 0.778729 0.075361
140.000000 265.000000 -0.565207 0.078501
245.000000 265.000000 -0.235503 0.078501
353.000000 265.000000 0.103621 0.078501
364.000000 265.000000 0.138162 0.078501
147.000000 266.000000 -0.543226 0.081641
153.000000 266.000000 -0.524386 0.081641
158.000000 266.000000 -0.508686 0.081641
225.000000 266.000000 -0.298304 0.081641
334.000000 266.000000 0.043961 0.081641
415.000000 266.000000 0.298304 0.081641
522.000000 266.000000 0.634288 0.081641
565.000000 266.000000 0.769309 0.081641
587.000000 266.000000 0.838390 0.081641
595.000000 266.000000 0.863510 0.081641
162.000000 267.000000 -0.496126 0.084781
259.000000 267.000000 -0.191542 0.084781
271.000000 267.000000 -0.153862 0.084781
286.000000 267.000000 -0.106761 0.084781
304.000000 267.000000 -0.050241 0.084781
361.000000 267.000000 0.128742 0.084781
394.000000 267.000000 0.232363 0.084781
540.000000 267.000000 0.690808 0.084781
610.000000 267.000000 0.910611 0.084781
135.000000 268.000000 -0.580907 0.087921
235.000000 268.000000 -0.266903 0.087921
277.000000 268.000000 -0.135022 0.087921
317.000000 268.000000 -0.009420 0.087921
331.000000 268.000000 0.034540 0.087921
359.000000 268.000000 0.122461 0.087921
386.000000 268.000000 0.207242 0.087921
442.000000 268.000000 0.383085 0.087921
569.000000 268.000000 0.781869 0.087921
225.000000 269.000000 -0.298304 0.091061
243.000000 269.000000 -0.241783 0.091061
247.000000 269.000000 -0.229223 0.091061
253.000000 269.000000 -0.210382 0.091061
310.000000 269.000000 -0.031400 0.091061
329.000000 269.000000 0.028260 0.091061
357.000000 269.000000 0.116181 0.091061
388.000000 269.000000 0.213523 0.091061
503.000000 269.000000 0.574627 0.091061
518.000000 269.000000 0.621727 0.091061
541.000000 269.000000 0.693948 0.091061
549.000000 269.000000 0.719069 0.091061
136.000000 270.000000 -0.577767 0.094201
266.000000 270.000000 -0.169562 0.094201
313.000000 270.000000 -0.021980 0.094201
327.000000 270.000000 0.021980 0.094201
403.000000 270.000000 0.260623 0.094201
537.000000 270.000000 0.681388 0.094201
585.000000 270.000000 0.832110 0.094201
244.000000 271.000000 -0.238643 0.097341
280.000000 271.000000 -0.125601 0.097341
354.000000 271.000000 0.106761 0.097341
450.000000 271.000000 0.408205 0.097341
486.000000 271.000000 0.521246 0.097341
488.000000 271.000000 0.527526 0.097341
542.000000 271.000000 0.697088 0.097341
562.000000 271.000000 0.759889 0.097341
599.000000 271.000000 0.876070 0.097341
627.000000 271.000000 0.963991 0.097341
310.000000 272.000000 -0.031400 0.100481
324.000000 272.000000 0.012560 0.100481
352.000000 272.000000 0.100481 0.100481
380.000000 272.000000 0.188402 0.100481
398.000000 272.000000 0.244923 0.100481
420.000000 272.000000 0.314004 0.100481
577.000000 272.000000 0.806990 0.100481
609.000000 272.000000 0.907471 0.100481
165.000000 273.000000 -0.486706 0.103621
259.000000 273.000000 -0.191542 0.103621
308.000000 273.000000 -0.037680 0.103621
322.000000 273.000000 0.006280 0.103621
388.000000 273.000000 0.213523 0.103621
408.000000 273.000000 0.276323 0.103621
433.000000 273.000000 0.354824 0.103621
580.000000 273.000000 0.816410 0.103621
612.000000 273.000000 0.916891 0.103621
157.000000 274.000000 -0.511826 0.106761
249.000000 274.000000 -0.222943 0.106761
273.000000 274.000000 -0.147582 0.106761
285.000000 274.000000 -0.109901 0.106761
306.000000 274.000000 -0.043961 0.106761
349.000000 274.000000 0.091061 0.106761
370.000000 274.000000 0.157002 0.106761
450.000000 274.000000 0.408205 0.106761
468.000000 274.000000 0.464725 0.106761
487.000000 274.000000 0.524386 0.106761
620.000000 274.000000 0.942011 0.106761
146.000000 275.000000 -0.546366 0.109901
152.000000 275.000000 -0.527526 0.109901
162.000000 275.000000 -0.496126 0.109901
262.000000 275.000000 -0.182122 0.109901
304.000000 275.000000 -0.050241 0.109901
347.000000 275.000000 0.084781 0.109901
379.000000 275.000000 0.185262 0.109901
382.000000 275.000000 0.194682 0.109901
402.000000 275.000000 0.257483 0.109901
490.000000 275.000000 0.533806 0.109901
500.000000 275.000000 0.565207 0.109901
530.000000 275.000000 0.659408 0.109901
532.000000 275.000000 0.665688 0.109901
540.000000 275.000000 0.690808 0.109901
623.000000 275.000000 0.951431 0.109901
139.000000 276.000000 -0.568347 0.113041
232.000000 276.000000 -0.276323 0.113041
234.000000 276.000000 -0.270043 0.113041
246.000000 276.000000 -0.232363 0.113041
250.000000 276.000000 -0.219803 0.113041
267.000000 276.000000 -0.166422 0.113041
316.000000 276.000000 -0.012560 0.113041
373.000000 276.000000 0.166422 0.113041
425.000000 276.000000 0.329704 0.113041
453.000000 276.000000 0.417625 0.113041
521.000000 276.000000 0.631147 0.113041
560.000000 276.000000 0.753609 0.113041
613.000000 276.000000 0.920031 0.113041
632.000000 276.000000 0.979692 0.113041
314.000000 277.000000 -0.018840 0.116181
440.000000 277.000000 0.376804 0.116181
456.000000 277.000000 0.427045 0.116181
565.000000 277.000000 0.769309 0.116181
249.000000 278.000000 -0.222943 0.119321
298.000000 278.000000 -0.069081 0.119321
342.000000 278.000000 0.069081 0.119321
368.000000 278.000000 0.150722 0.119321
492.000000 278.000000 0.540086 0.119321
538.000000 278.000000 0.684528 0.119321
230.000000 279.000000 -0.282603 0.122461
284.000000 279.000000 -0.113041 0.122461
296.000000 279.000000 -0.075361 0.122461
311.000000 279.000000 -0.028260 0.122461
337.000000 279.000000 0.053381 0.122461
442.000000 279.000000 0.383085 0.122461
480.000000 279.000000 0.502406 0.122461
502.000000 279.000000 0.571487 0.122461
573.000000 279.000000 0.794429 0.122461
597.000000 279.000000 0.869790 0.122461
619.000000 279.000000 0.938871 0.122461
626.000000 279.000000 0.960851 0.122461
309.000000 280.000000 -0.034540 0.125601
316.000000 280.000000 -0.012560 0.125601
339.000000 280.000000 0.059661 0.125601
379.000000 280.000000 0.185262 0.125601
440.000000 280.000000 0.376804 0.125601
536.000000 280.000000 0.678248 0.125601
561.000000 280.000000 0.756749 0.125601
575.000000 280.000000 0.800709 0.125601
606.000000 280.000000 0.898051 0.125601
267.000000 281.000000 -0.166422 0.128742
307.000000 281.000000 -0.040820 0.128742
337.000000 281.000000 0.053381 0.128742
362.000000 281.000000 0.131882 0.128742
372.000000 281.000000 0.163282 0.128742
377.000000 281.000000 0.178982 0.128742
399.000000 281.000000 0.248063 0.128742
506.000000 281.000000 0.584047 0.128742
528.000000 281.000000 0.653128 0.128742
630.000000 281.000000 0.973412 0.128742
243.000000 282.000000 -0.241783 0.131882
254.000000 282.000000 -0.207242 0.131882
349.000000 282.000000 0.091061 0.131882
390.000000 282.000000 0.219803 0.131882
410.000000 282.000000 0.282603 0.131882
423.000000 282.000000 0.323424 0.131882
488.000000 282.000000 0.527526 0.131882
635.000000 282.000000 0.989112 0.131882
232.000000 283.000000 -0.276323 0.135022
304.000000 283.000000 -0.050241 0.135022
314.000000 283.000000 -0.018840 0.135022
326.000000 283.000000 0.018840 0.135022
421.000000 283.000000 0.317144 0.135022
601.000000 283.000000 0.882350 0.135022
605.000000 283.000000 0.894911 0.135022
625.000000 283.000000 0.957711 0.135022
627.000000 283.000000 0.963991 0.135022
230.000000 284.000000 -0.282603 0.138162
252.000000 284.000000 -0.213523 0.138162
302.000000 284.000000 -0.056521 0.138162
319.000000 284.000000 -0.003140 0.138162
332.000000 284.000000 0.037680 0.138162
347.000000 284.000000 0.084781 0.138162
412.000000 284.000000 0.288883 0.138162
521.000000 284.000000 0.631147 0.138162
581.000000 284.000000 0.819550 0.138162
585.000000 284.000000 0.832110 0.138162
635.000000 284.000000 0.989112 0.138162
258.000000 285.000000 -0.194682 0.141302
344.000000 285.000000 0.075361 0.141302
511.000000 285.000000 0.599747 0.141302
579.000000 285.000000 0.813270 0.141302
633.000000 285.000000 0.982832 0.141302
221.000000 286.000000 -0.310864 0.144442
299.000000 286.000000 -0.065941 0.144442
316.000000 286.000000 -0.012560 0.144442
388.000000 286.000000 0.213523 0.144442
588.000000 286.000000 0.841530 0.144442
623.000000 286.000000 0.951431 0.144442
259.000000 287.000000 -0.191542 0.147582
282.000000 287.000000 -0.119321 0.147582
290.000000 287.000000 -0.094201 0.147582
297.000000 287.000000 -0.072221 0.147582
327.000000 287.000000 0.021980 0.147582
342.000000 287.000000 0.069081 0.147582
374.000000 287.000000 0.169562 0.147582
580.000000 287.000000 0.816410 0.147582
173.000000 288.000000 -0.461585 0.150722
190.000000 288.000000 -0.408205 0.150722
230.000000 288.000000 -0.282603 0.150722
295.000000 288.000000 -0.078501 0.150722
325.000000 288.000000 0.015700 0.150722
394.000000 288.000000 0.232363 0.150722
412.000000 288.000000 0.288883 0.150722
482.000000 288.000000 0.508686 0.150722
578.000000 288.000000 0.810130 0.150722
586.000000 288.000000 0.835250 0.150722
604.000000 288.000000 0.891771 0.150722
170.000000 289.000000 -0.471006 0.153862
246.000000 289.000000 -0.232363 0.153862
256.000000 289.000000 -0.200962 0.153862
315.000000 289.000000 -0.015700 0.153862
354.000000 289.000000 0.106761 0.153862
602.000000 289.000000 0.885490 0.153862
612.000000 289.000000 0.916891 0.153862
627.000000 289.000000 0.963991 0.153862
180.000000 290.000000 -0.439605 0.157002
188.000000 290.000000 -0.414485 0.157002
277.000000 290.000000 -0.135022 0.157002
292.000000 290.000000 -0.087921 0.157002
337.000000 290.000000 0.053381 0.157002
369.000000 290.000000 0.153862 0.157002
498.000000 290.000000 0.558927 0.157002
167.000000 291.000000 -0.480426 0.160142
256.000000 291.000000 -0.200962 0.160142
271.000000 291.000000 -0.153862 0.160142
301.000000 291.000000 -0.059661 0.160142
320.000000 291.000000 -0.000000 0.160142
608.000000 291.000000 0.904331 0.160142
613.000000 291.000000 0.920031 0.160142
624.000000 291.000000 0.954571 0.160142
274.000000 292.000000 -0.144442 0.163282
379.000000 292.000000 0.185262 0.163282
389.000000 292.000000 0.216663 0.163282
611.000000 292.000000 0.913751 0.163282
162.000000 293.000000 -0.496126 0.166422
176.000000 293.000000 -0.452165 0.166422
182.000000 293.000000 -0.433325 0.166422
272.000000 293.000000 -0.150722 0.166422
287.000000 293.000000 -0.103621 0.166422
332.000000 293.000000 0.037680 0.166422
367.000000 293.000000 0.147582 0.166422
369.000000 293.000000 0.153862 0.166422
580.000000 293.000000 0.816410 0.166422
173.000000 294.000000 -0.461585 0.169562
239.000000 294.000000 -0.254343 0.169562
250.000000 294.000000 -0.219803 0.169562
285.000000 294.000000 -0.109901 0.169562
315.000000 294.000000 -0.015700 0.169562
330.000000 294.000000 0.031400 0.169562
340.000000 294.000000 0.062801 0.169562
372.000000 294.000000 0.163282 0.169562
485.000000 294.000000 0.518106 0.169562
578.000000 294.000000 0.810130 0.169562
612.000000 294.000000 0.916891 0.169562
157.000000 295.000000 -0.511826 0.172702
253.000000 295.000000 -0.210382 0.172702
268.000000 295.000000 -0.163282 0.172702
313.000000 295.000000 -0.021980 0.172702
453.000000 295.000000 0.417625 0.172702
631.000000 295.000000 0.976552 0.172702
169.000000 296.000000 -0.474146 0.175842
183.000000 296.000000 -0.430185 0.175842
255.000000 296.000000 -0.204102 0.175842
282.000000 296.000000 -0.119321 0.175842
327.000000 296.000000 0.021980 0.175842
338.000000 296.000000 0.056521 0.175842
389.000000 296.000000 0.216663 0.175842
603.000000 296.000000 0.888631 0.175842
617.000000 296.000000 0.932591 0.175842
203.000000 297.000000 -0.367384 0.178982
213.000000 297.000000 -0.335984 0.178982
260.000000 297.000000 -0.188402 0.178982
280.000000 297.000000 -0.125601 0.178982
310.000000 297.000000 -0.031400 0.178982
325.000000 297.000000 0.015700 0.178982
364.000000 297.000000 0.138162 0.178982
415.000000 297.000000 0.298304 0.178982
630.000000 297.000000 0.973412 0.178982
151.000000 298.000000 -0.530666 0.182122
264.000000 298.000000 -0.175842 0.182122
278.000000 298.000000 -0.131882 0.182122
308.000000 298.000000 -0.037680 0.182122
331.000000 298.000000 0.034540 0.182122
344.000000 298.000000 0.075361 0.182122
350.000000 298.000000 0.094201 0.182122
391.000000 298.000000 0.222943 0.182122
236.000000 299.000000 -0.263763 0.185262
262.000000 299.000000 -0.182122 0.185262
321.000000 299.000000 0.003140 0.185262
452.000000 299.000000 0.414485 0.185262
499.000000 299.000000 0.562067 0.185262
511.000000 299.000000 0.599747 0.185262
616.000000 299.000000 0.929451 0.185262
250.000000 300.000000 -0.219803 0.188402
260.000000 300.000000 -0.188402 0.188402
275.000000 300.000000 -0.141302 0.188402
305.000000 300.000000 -0.047101 0.188402
341.000000 300.000000 0.065941 0.188402
385.000000 300.000000 0.204102 0.188402
455.000000 300.000000 0.423905 0.188402
160.000000 301.000000 -0.502406 0.191542
187.000000 301.000000 -0.417625 0.191542
273.000000 301.000000 -0.147582 0.191542
303.000000 301.000000 -0.053381 0.191542
447.000000 301.000000 0.398785 0.191542
507.000000 301.000000 0.587187 0.191542
584.000000 301.000000 0.828970 0.191542
153.000000 302.000000 -0.524386 0.194682
166.000000 302.000000 -0.483566 0.194682
191.000000 302.000000 -0.405065 0.194682
211.000000 302.000000 -0.342264 0.194682
342.000000 302.000000 0.069081 0.194682
359.000000 302.000000 0.122461 0.194682
366.000000 302.000000 0.144442 0.194682
451.000000 302.000000 0.411345 0.194682
208.000000 303.000000 -0.351684 0.197822
221.000000 303.000000 -0.310864 0.197822
254.000000 303.000000 -0.207242 0.197822
300.000000 303.000000 -0.062801 0.197822
506.000000 303.000000 0.584047 0.197822
154.000000 304.000000 -0.521246 0.200962
194.000000 304.000000 -0.395645 0.200962
240.000000 304.000000 -0.251203 0.200962
268.000000 304.000000 -0.163282 0.200962
298.000000 304.000000 -0.069081 0.200962
322.000000 304.000000 0.006280 0.200962
355.000000 304.000000 0.109901 0.200962
444.000000 304.000000 0.389365 0.200962
499.000000 304.000000 0.562067 0.200962
503.000000 304.000000 0.574627 0.200962
590.000000 304.000000 0.847810 0.200962
605.000000 304.000000 0.894911 0.200962
179.000000 305.000000 -0.442745 0.204102
190.000000 305.000000 -0.408205 0.204102
251.000000 305.000000 -0.216663 0.204102
265.000000 305.000000 -0.172702 0.204102
326.000000 305.000000 0.018840 0.204102
388.000000 305.000000 0.213523 0.204102
579.000000 305.000000 0.813270 0.204102
601.000000 305.000000 0.882350 0.204102
173.000000 306.000000 -0.461585 0.207242
249.000000 306.000000 -0.222943 0.207242
272.000000 306.000000 -0.150722 0.207242
316.000000 306.000000 -0.012560 0.207242
344.000000 306.000000 0.075361 0.207242
379.000000 306.000000 0.185262 0.207242
441.000000 306.000000 0.379945 0.207242
194.000000 307.000000 -0.395645 0.210382
213.000000 307.000000 -0.335984 0.210382
247.000000 307.000000 -0.229223 0.210382
270.000000 307.000000 -0.157002 0.210382
293.000000 307.000000 -0.084781 0.210382
385.000000 307.000000 0.204102 0.210382
489.000000 307.000000 0.530666 0.210382
501.000000 307.000000 0.568347 0.210382
260.000000 308.000000 -0.188402 0.213523
262.000000 308.000000 -0.182122 0.213523
332.000000 308.000000 0.037680 0.213523
581.000000 308.000000 0.819550 0.213523
619.000000 308.000000 0.938871 0.213523
176.000000 309.000000 -0.452165 0.216663
195.000000 309.000000 -0.392505 0.216663
197.000000 309.000000 -0.386225 0.216663
214.000000 309.000000 -0.332844 0.216663
244.000000 309.000000 -0.238643 0.216663
248.000000 309.000000 -0.226083 0.216663
258.000000 309.000000 -0.194682 0.216663
267.000000 309.000000 -0.166422 0.216663
455.000000 309.000000 0.423905 0.216663
461.000000 309.000000 0.442745 0.216663
493.000000 309.000000 0.543226 0.216663
627.000000 309.000000 0.963991 0.216663
242.000000 310.000000 -0.244923 0.219803
288.000000 310.000000 -0.100481 0.219803
338.000000 310.000000 0.056521 0.219803
360.000000 310.000000 0.125601 0.219803
438.000000 310.000000 0.370524 0.219803
446.000000 310.000000 0.395645 0.219803
473.000000 310.000000 0.480426 0.219803
581.000000 310.000000 0.819550 0.219803
199.000000 311.000000 -0.379945 0.222943
240.000000 311.000000 -0.251203 0.222943
244.000000 311.000000 -0.238643 0.222943
264.000000 311.000000 -0.175842 0.222943
274.000000 311.000000 -0.144442 0.222943
286.000000 311.000000 -0.106761 0.222943
377.000000 311.000000 0.178982 0.222943
427.000000 311.000000 0.335984 0.222943
436.000000 311.000000 0.364244 0.222943
564.000000 311.000000 0.766169 0.222943
578.000000 311.000000 0.810130 0.222943
593.000000 311.000000 0.857230 0.222943
617.000000 311.000000 0.932591 0.222943
238.000000 312.000000 -0.257483 0.226083
269.000000 312.000000 -0.160142 0.226083
284.000000 312.000000 -0.113041 0.226083
169.000000 313.000000 -0.474146 0.229223
198.000000 313.000000 -0.383085 0.229223
252.000000 313.000000 -0.213523 0.229223
265.000000 313.000000 -0.172702 0.229223
337.000000 313.000000 0.053381 0.229223
346.000000 313.000000 0.081641 0.229223
487.000000 313.000000 0.524386 0.229223
572.000000 313.000000 0.791289 0.229223
235.000000 314.000000 -0.266903 0.232363
270.000000 314.000000 -0.157002 0.232363
281.000000 314.000000 -0.122461 0.232363
420.000000 314.000000 0.314004 0.232363
197.000000 315.000000 -0.386225 0.235503
233.000000 315.000000 -0.273183 0.235503
266.000000 315.000000 -0.169562 0.235503
279.000000 315.000000 -0.128742 0.235503
339.000000 315.000000 0.059661 0.235503
354.000000 315.000000 0.106761 0.235503
578.000000 315.000000 0.810130 0.235503
200.000000 316.000000 -0.376804 0.238643
248.000000 316.000000 -0.226083 0.238643
271.000000 316.000000 -0.153862 0.238643
475.000000 316.000000 0.486706 0.238643
560.000000 316.000000 0.753609 0.238643
597.000000 316.000000 0.869790 0.238643
8.000000 317.000000 -0.979692 0.241783
196.000000 317.000000 -0.389365 0.241783
228.000000 317.000000 -0.288883 0.241783
244.000000 317.000000 -0.238643 0.241783
265.000000 317.000000 -0.172702 0.241783
573.000000 317.000000 0.794429 0.241783
594.000000 317.000000 0.860370 0.241783
226.000000 318.000000 -0.295163 0.244923
312.000000 318.000000 -0.025120 0.244923
383.000000 318.000000 0.197822 0.244923
442.000000 318.000000 0.383085 0.244923
457.000000 318.000000 0.430185 0.244923
460.000000 318.000000 0.439605 0.244923
589.000000 318.000000 0.844670 0.244923
15.000000 319.000000 -0.957711 0.248063
224.000000 319.000000 -0.301444 0.248063
241.000000 319.000000 -0.248063 0.248063
274.000000 319.000000 -0.144442 0.248063
304.000000 319.000000 -0.050241 0.248063
310.000000 319.000000 -0.031400 0.248063
364.000000 319.000000 0.138162 0.248063
404.000000 319.000000 0.263763 0.248063
473.000000 319.000000 0.480426 0.248063
484.000000 319.000000 0.514966 0.248063
635.000000 319.000000 0.989112 0.248063
222.000000 320.000000 -0.307724 0.251203
239.000000 320.000000 -0.254343 0.251203
481.000000 320.000000 0.505546 0.251203
633.000000 320.000000 0.982832 0.251203
237.000000 321.000000 -0.260623 0.254343
341.000000 321.000000 0.065941 0.254343
450.000000 321.000000 0.408205 0.254343
561.000000 321.000000 0.756749 0.254343
620.000000 321.000000 0.942011 0.254343
188.000000 322.000000 -0.414485 0.257483
201.000000 322.000000 -0.373664 0.257483
209.000000 322.000000 -0.348544 0.257483
219.000000 322.000000 -0.317144 0.257483
310.000000 322.000000 -0.031400 0.257483
326.000000 322.000000 0.018840 0.257483
355.000000 322.000000 0.109901 0.257483
570.000000 322.000000 0.785009 0.257483
12.000000 323.000000 -0.967131 0.260623
217.000000 323.000000 -0.323424 0.260623
225.000000 323.000000 -0.298304 0.260623
266.000000 323.000000 -0.169562 0.260623
333.000000 323.000000 0.040820 0.260623
349.000000 323.000000 0.091061 0.260623
576.000000 323.000000 0.803850 0.260623
184.000000 324.000000 -0.427045 0.263763
245.000000 324.000000 -0.235503 0.263763
293.000000 324.000000 -0.084781 0.263763
376.000000 324.000000 0.175842 0.263763
411.000000 324.000000 0.285743 0.263763
4.000000 325.000000 -0.992252 0.266903
214.000000 325.000000 -0.332844 0.266903
322.000000 325.000000 0.006280 0.266903
555.000000 325.000000 0.737909 0.266903
191.000000 326.000000 -0.405065 0.270043
193.000000 326.000000 -0.398785 0.270043
196.000000 326.000000 -0.389365 0.270043
233.000000 326.000000 -0.273183 0.270043
261.000000 326.000000 -0.185262 0.270043
277.000000 326.000000 -0.135022 0.270043
281.000000 326.000000 -0.122461 0.270043
283.000000 326.000000 -0.116181 0.270043
419.000000 326.000000 0.310864 0.270043
551.000000 326.000000 0.725349 0.270043
583.000000 326.000000 0.825830 0.270043
187.000000 327.000000 -0.417625 0.273183
275.000000 327.000000 -0.141302 0.273183
436.000000 327.000000 0.364244 0.273183
441.000000 327.000000 0.379945 0.273183
205.000000 328.000000 -0.361104 0.276323
311.000000 328.000000 -0.028260 0.276323
323.000000 328.000000 0.009420 0.276323
379.000000 328.000000 0.185262 0.276323
407.000000 328.000000 0.273183 0.276323
636.000000 328.000000 0.992252 0.276323
184.000000 329.000000 -0.427045 0.279463
221.000000 329.000000 -0.310864 0.279463
256.000000 329.000000 -0.200962 0.279463
272.000000 329.000000 -0.150722 0.279463
419.000000 329.000000 0.310864 0.279463
270.000000 330.000000 -0.157002 0.282603
294.000000 330.000000 -0.081641 0.282603
351.000000 330.000000 0.097341 0.282603
380.000000 330.000000 0.188402 0.282603
384.000000 330.000000 0.200962 0.282603
252.000000 331.000000 -0.213523 0.285743
305.000000 331.000000 -0.047101 0.285743
382.000000 331.000000 0.194682 0.285743
403.000000 331.000000 0.260623 0.285743
412.000000 331.000000 0.288883 0.285743
543.000000 331.000000 0.700228 0.285743
600.000000 331.000000 0.879210 0.285743
633.000000 331.000000 0.982832 0.285743
250.000000 332.000000 -0.219803 0.288883
267.000000 332.000000 -0.166422 0.288883
452.000000 332.000000 0.414485 0.288883
533.000000 332.000000 0.668828 0.288883
566.000000 332.000000 0.772449 0.288883
582.000000 332.000000 0.822690 0.288883
183.000000 333.000000 -0.430185 0.292023
187.000000 333.000000 -0.417625 0.292023
190.000000 333.000000 -0.408205 0.292023
199.000000 333.000000 -0.379945 0.292023
201.000000 333.000000 -0.373664 0.292023
265.000000 333.000000 -0.172702 0.292023
378.000000 333.000000 0.182122 0.292023
627.000000 333.000000 0.963991 0.292023
197.000000 334.000000 -0.386225 0.295163
263.000000 334.000000 -0.178982 0.295163
403.000000 334.000000 0.260623 0.295163
431.000000 334.000000 0.348544 0.295163
246.000000 335.000000 -0.232363 0.298304
311.000000 335.000000 -0.028260 0.298304
593.000000 335.000000 0.857230 0.298304
632.000000 335.000000 0.979692 0.298304
194.000000 336.000000 -0.395645 0.301444
260.000000 336.000000 -0.188402 0.301444
272.000000 336.000000 -0.150722 0.301444
408.000000 336.000000 0.276323 0.301444
414.000000 336.000000 0.295163 0.301444
521.000000 336.000000 0.631147 0.301444
559.000000 336.000000 0.750469 0.301444
281.000000 337.000000 -0.122461 0.304584
373.000000 337.000000 0.166422 0.304584
460.000000 337.000000 0.439605 0.304584
191.000000 338.000000 -0.405065 0.307724
304.000000 338.000000 -0.050241 0.307724
189.000000 339.000000 -0.411345 0.310864
217.000000 339.000000 -0.323424 0.310864
265.000000 339.000000 -0.172702 0.310864
285.000000 339.000000 -0.109901 0.310864
317.000000 339.000000 -0.009420 0.310864
426.000000 339.000000 0.332844 0.310864
187.000000 340.000000 -0.417625 0.314004
246.000000 340.000000 -0.232363 0.314004
254.000000 340.000000 -0.207242 0.314004
269.000000 340.000000 -0.160142 0.314004
364.000000 340.000000 0.138162 0.314004
374.000000 340.000000 0.169562 0.314004
185.000000 341.000000 -0.423905 0.317144
252.000000 341.000000 -0.213523 0.317144
378.000000 341.000000 0.182122 0.317144
409.000000 341.000000 0.279463 0.317144
455.000000 341.000000 0.423905 0.317144
629.000000 341.000000 0.970271 0.317144
633.000000 341.000000 0.982832 0.317144
183.000000 342.000000 -0.430185 0.320284
250.000000 342.000000 -0.219803 0.320284
371.000000 342.000000 0.160142 0.320284
393.000000 342.000000 0.229223 0.320284
524.000000 342.000000 0.640568 0.320284
401.000000 343.000000 0.254343 0.323424
409.000000 343.000000 0.279463 0.323424
514.000000 343.000000 0.609167 0.323424
203.000000 344.000000 -0.367384 0.326564
237.000000 344.000000 -0.260623 0.326564
247.000000 344.000000 -0.229223 0.326564
262.000000 344.000000 -0.182122 0.326564
358.000000 344.000000 0.119321 0.326564
389.000000 344.000000 0.216663 0.326564
454.000000 344.000000 0.420765 0.326564
569.000000 344.000000 0.781869 0.326564
245.000000 345.000000 -0.235503 0.329704
290.000000 345.000000 -0.094201 0.329704
398.000000 345.000000 0.244923 0.329704
500.000000 345.000000 0.565207 0.329704
223.000000 346.000000 -0.304584 0.332844
243.000000 346.000000 -0.241783 0.332844
296.000000 346.000000 -0.075361 0.332844
343.000000 346.000000 0.072221 0.332844
371.000000 346.000000 0.160142 0.332844
623.000000 346.000000 0.951431 0.332844
239.000000 347.000000 -0.254343 0.335984
259.000000 347.000000 -0.191542 0.335984
345.000000 347.000000 0.078501 0.335984
439.000000 347.000000 0.373664 0.335984
443.000000 347.000000 0.386225 0.335984
449.000000 347.000000 0.405065 0.335984
612.000000 347.000000 0.916891 0.335984
286.000000 348.000000 -0.106761 0.339124
361.000000 348.000000 0.128742 0.339124
509.000000 348.000000 0.593467 0.339124
238.000000 349.000000 -0.257483 0.342264
310.000000 349.000000 -0.031400 0.342264
617.000000 349.000000 0.932591 0.342264
128.000000 350.000000 -0.602887 0.345404
332.000000 350.000000 0.037680 0.345404
515.000000 350.000000 0.612307 0.345404
152.000000 351.000000 -0.527526 0.348544
246.000000 351.000000 -0.232363 0.348544
260.000000 351.000000 -0.188402 0.348544
357.000000 351.000000 0.116181 0.348544
592.000000 351.000000 0.854090 0.348544
233.000000 352.000000 -0.273183 0.351684
249.000000 352.000000 -0.222943 0.351684
335.000000 352.000000 0.047101 0.351684
350.000000 352.000000 0.094201 0.351684
394.000000 352.000000 0.232363 0.351684
437.000000 352.000000 0.367384 0.351684
519.000000 352.000000 0.624867 0.351684
27.000000 353.000000 -0.920031 0.354824
218.000000 353.000000 -0.320284 0.354824
284.000000 353.000000 -0.113041 0.354824
483.000000 353.000000 0.511826 0.354824
230.000000 354.000000 -0.282603 0.357964
252.000000 354.000000 -0.213523 0.357964
473.000000 354.000000 0.480426 0.357964
257.000000 355.000000 -0.197822 0.361104
268.000000 355.000000 -0.163282 0.361104
333.000000 355.000000 0.040820 0.361104
408.000000 355.000000 0.276323 0.361104
410.000000 355.000000 0.282603 0.361104
413.000000 355.000000 0.292023 0.361104
477.000000 355.000000 0.492986 0.361104
514.000000 355.000000 0.609167 0.361104
220.000000 356.000000 -0.314004 0.364244
302.000000 356.000000 -0.056521 0.364244
368.000000 356.000000 0.150722 0.364244
415.000000 356.000000 0.298304 0.364244
455.000000 356.000000 0.423905 0.364244
462.000000 356.000000 0.445885 0.364244
597.000000 356.000000 0.869790 0.364244
607.000000 356.000000 0.901191 0.364244
609.000000 356.000000 0.907471 0.364244
211.000000 357.000000 -0.342264 0.367384
365.000000 357.000000 0.141302 0.367384
402.000000 357.000000 0.257483 0.367384
409.000000 357.000000 0.279463 0.367384
513.000000 357.000000 0.606027 0.367384
604.000000 357.000000 0.891771 0.367384
612.000000 357.000000 0.916891 0.367384
629.000000 357.000000 0.970271 0.367384
247.000000 358.000000 -0.229223 0.370524
253.000000 358.000000 -0.210382 0.370524
265.000000 358.000000 -0.172702 0.370524
308.000000 358.000000 -0.037680 0.370524
312.000000 358.000000 -0.025120 0.370524
350.000000 358.000000 0.094201 0.370524
357.000000 358.000000 0.116181 0.370524
368.000000 358.000000 0.150722 0.370524
584.000000 358.000000 0.828970 0.370524
601.000000 358.000000 0.882350 0.370524
636.000000 358.000000 0.992252 0.370524
222.000000 359.000000 -0.307724 0.373664
335.000000 359.000000 0.047101 0.373664
345.000000 359.000000 0.078501 0.373664
432.000000 359.000000 0.351684 0.373664
462.000000 359.000000 0.445885 0.373664
477.000000 359.000000 0.492986 0.373664
561.000000 359.000000 0.756749 0.373664
576.000000 359.000000 0.803850 0.373664
603.000000 359.000000 0.888631 0.373664
139.000000 360.000000 -0.568347 0.376804
220.000000 360.000000 -0.314004 0.376804
245.000000 360.000000 -0.235503 0.376804
283.000000 360.000000 -0.116181 0.376804
386.000000 360.000000 0.207242 0.376804
456.000000 360.000000 0.427045 0.376804
537.000000 360.000000 0.681388 0.376804
549.000000 360.000000 0.719069 0.376804
556.000000 360.000000 0.741049 0.376804
202.000000 361.000000 -0.370524 0.379945
249.000000 361.000000 -0.222943 0.379945
305.000000 361.000000 -0.047101 0.379945
368.000000 361.000000 0.150722 0.379945
411.000000 361.000000 0.285743 0.379945
440.000000 361.000000 0.376804 0.379945
217.000000 362.000000 -0.323424 0.383085
272.000000 362.000000 -0.150722 0.383085
322.000000 362.000000 0.006280 0.383085
327.000000 362.000000 0.021980 0.383085
333.000000 362.000000 0.040820 0.383085
405.000000 362.000000 0.266903 0.383085
464.000000 362.000000 0.452165 0.383085
337.000000 363.000000 0.053381 0.386225
473.000000 363.000000 0.480426 0.386225
525.000000 363.000000 0.643708 0.386225
617.000000 363.000000 0.932591 0.386225
196.000000 364.000000 -0.389365 0.389365
214.000000 364.000000 -0.332844 0.389365
365.000000 364.000000 0.141302 0.389365
516.000000 364.000000 0.615447 0.389365
251.000000 365.000000 -0.216663 0.392505
296.000000 365.000000 -0.075361 0.392505
330.000000 365.000000 0.031400 0.392505
369.000000 365.000000 0.153862 0.392505
392.000000 365.000000 0.226083 0.392505
570.000000 365.000000 0.785009 0.392505
576.000000 365.000000 0.803850 0.392505
621.000000 365.000000 0.945151 0.392505
211.000000 366.000000 -0.342264 0.395645
240.000000 366.000000 -0.251203 0.395645
275.000000 366.000000 -0.141302 0.395645
355.000000 366.000000 0.109901 0.395645
617.000000 366.000000 0.932591 0.395645
209.000000 367.000000 -0.348544 0.398785
250.000000 367.000000 -0.219803 0.398785
362.000000 367.000000 0.131882 0.398785
389.000000 367.000000 0.216663 0.398785
491.000000 367.000000 0.536946 0.398785
234.000000 368.000000 -0.270043 0.401925
505.000000 368.000000 0.580907 0.401925
521.000000 368.000000 0.631147 0.401925
581.000000 368.000000 0.819550 0.401925
206.000000 369.000000 -0.357964 0.405065
204.000000 370.000000 -0.364244 0.408205
232.000000 370.000000 -0.276323 0.408205
251.000000 370.000000 -0.216663 0.408205
255.000000 370.000000 -0.204102 0.408205
435.000000 370.000000 0.361104 0.408205
451.000000 370.000000 0.411345 0.408205
458.000000 370.000000 0.433325 0.408205
202.000000 371.000000 -0.370524 0.411345
257.000000 371.000000 -0.197822 0.411345
260.000000 371.000000 -0.188402 0.411345
294.000000 371.000000 -0.081641 0.411345
357.000000 371.000000 0.116181 0.411345
618.000000 371.000000 0.935731 0.411345
238.000000 372.000000 -0.257483 0.414485
398.000000 372.000000 0.244923 0.414485
438.000000 372.000000 0.370524 0.414485
578.000000 372.000000 0.810130 0.414485
612.000000 372.000000 0.916891 0.414485
199.000000 373.000000 -0.379945 0.417625
241.000000 373.000000 -0.248063 0.417625
255.000000 373.000000 -0.204102 0.417625
348.000000 373.000000 0.087921 0.417625
224.000000 374.000000 -0.301444 0.420765
235.000000 374.000000 -0.266903 0.420765
246.000000 374.000000 -0.232363 0.420765
315.000000 374.000000 -0.015700 0.420765
496.000000 374.000000 0.552647 0.420765
521.000000 374.000000 0.631147 0.420765
606.000000 374.000000 0.898051 0.420765
252.000000 375.000000 -0.213523 0.423905
280.000000 375.000000 -0.125601 0.423905
326.000000 375.000000 0.018840 0.423905
358.000000 375.000000 0.119321 0.423905
375.000000 375.000000 0.172702 0.423905
577.000000 375.000000 0.806990 0.423905
273.000000 376.000000 -0.147582 0.427045
297.000000 376.000000 -0.072221 0.427045
322.000000 376.000000 0.006280 0.427045
400.000000 376.000000 0.251203 0.427045
453.000000 376.000000 0.417625 0.427045
459.000000 376.000000 0.436465 0.427045
278.000000 377.000000 -0.131882 0.430185
348.000000 377.000000 0.087921 0.430185
475.000000 377.000000 0.486706 0.430185
581.000000 377.000000 0.819550 0.430185
249.000000 378.000000 -0.222943 0.433325
267.000000 378.000000 -0.166422 0.433325
363.000000 378.000000 0.135022 0.433325
373.000000 378.000000 0.166422 0.433325
457.000000 378.000000 0.430185 0.433325
613.000000 378.000000 0.920031 0.433325
244.000000 379.000000 -0.238643 0.436465
342.000000 379.000000 0.069081 0.436465
345.000000 379.000000 0.078501 0.436465
625.000000 379.000000 0.957711 0.436465
227.000000 380.000000 -0.292023 0.439605
350.000000 380.000000 0.094201 0.439605
405.000000 380.000000 0.266903 0.439605
494.000000 380.000000 0.546366 0.439605
186.000000 381.000000 -0.420765 0.442745
236.000000 381.000000 -0.263763 0.442745
357.000000 381.000000 0.116181 0.442745
196.000000 382.000000 -0.389365 0.445885
285.000000 382.000000 -0.109901 0.445885
347.000000 382.000000 0.084781 0.445885
385.000000 382.000000 0.204102 0.445885
393.000000 382.000000 0.229223 0.445885
336.000000 383.000000 0.050241 0.449025
341.000000 383.000000 0.065941 0.449025
350.000000 383.000000 0.094201 0.449025
363.000000 383.000000 0.135022 0.449025
372.000000 383.000000 0.163282 0.449025
604.000000 383.000000 0.891771 0.449025
630.000000 383.000000 0.973412 0.449025
248.000000 384.000000 -0.226083 0.452165
287.000000 384.000000 -0.103621 0.452165
421.000000 384.000000 0.317144 0.452165
179.000000 385.000000 -0.442745 0.455305
196.000000 385.000000 -0.389365 0.455305
224.000000 385.000000 -0.301444 0.455305
243.000000 385.000000 -0.241783 0.455305
257.000000 385.000000 -0.197822 0.455305
399.000000 385.000000 0.248063 0.455305
415.000000 385.000000 0.298304 0.455305
59.000000 386.000000 -0.819550 0.458445
230.000000 386.000000 -0.282603 0.458445
418.000000 386.000000 0.307724 0.458445
488.000000 386.000000 0.527526 0.458445
219.000000 387.000000 -0.317144 0.461585
241.000000 387.000000 -0.248063 0.461585
371.000000 387.000000 0.160142 0.461585
379.000000 387.000000 0.185262 0.461585
397.000000 387.000000 0.241783 0.461585
635.000000 387.000000 0.989112 0.461585
59.000000 388.000000 -0.819550 0.464725
263.000000 388.000000 -0.178982 0.464725
429.000000 388.000000 0.342264 0.464725
597.000000 388.000000 0.869790 0.464725
218.000000 389.000000 -0.320284 0.467866
265.000000 389.000000 -0.172702 0.467866
419.000000 389.000000 0.310864 0.467866
438.000000 389.000000 0.370524 0.467866
543.000000 389.000000 0.700228 0.467866
223.000000 390.000000 -0.304584 0.471006
250.000000 390.000000 -0.219803 0.471006
431.000000 390.000000 0.348544 0.471006
216.000000 391.000000 -0.326564 0.474146
313.000000 391.000000 -0.021980 0.474146
340.000000 391.000000 0.062801 0.474146
383.000000 391.000000 0.197822 0.474146
387.000000 391.000000 0.210382 0.474146
498.000000 391.000000 0.558927 0.474146
513.000000 391.000000 0.606027 0.474146
517.000000 391.000000 0.618587 0.474146
606.000000 392.000000 0.898051 0.477286
434.000000 393.000000 0.357964 0.480426
285.000000 394.000000 -0.109901 0.483566
313.000000 394.000000 -0.021980 0.483566
636.000000 394.000000 0.992252 0.483566
231.000000 395.000000 -0.279463 0.486706
233.000000 395.000000 -0.273183 0.486706
352.000000 395.000000 0.100481 0.486706
210.000000 396.000000 -0.345404 0.489846
249.000000 396.000000 -0.222943 0.489846
327.000000 397.000000 0.021980 0.492986
355.000000 397.000000 0.109901 0.492986
379.000000 397.000000 0.185262 0.492986
605.000000 397.000000 0.894911 0.492986
211.000000 398.000000 -0.342264 0.496126
218.000000 398.000000 -0.320284 0.496126
237.000000 398.000000 -0.260623 0.496126
247.000000 398.000000 -0.229223 0.496126
315.000000 398.000000 -0.015700 0.496126
359.000000 398.000000 0.122461 0.496126
231.000000 399.000000 -0.279463 0.499266
171.000000 400.000000 -0.467866 0.502406
281.000000 400.000000 -0.122461 0.502406
317.000000 400.000000 -0.009420 0.502406
506.000000 400.000000 0.584047 0.502406
211.000000 401.000000 -0.342264 0.505546
423.000000 401.000000 0.323424 0.505546
500.000000 401.000000 0.565207 0.505546
594.000000 401.000000 0.860370 0.505546
216.000000 402.000000 -0.326564 0.508686
376.000000 402.000000 0.175842 0.508686
417.000000 402.000000 0.304584 0.508686
612.000000 403.000000 0.916891 0.511826
228.000000 404.000000 -0.288883 0.514966
300.000000 404.000000 -0.062801 0.514966
310.000000 404.000000 -0.031400 0.514966
373.000000 404.000000 0.166422 0.514966
393.000000 404.000000 0.229223 0.514966
423.000000 404.000000 0.323424 0.514966
509.000000 404.000000 0.593467 0.514966
544.000000 404.000000 0.703368 0.514966
617.000000 404.000000 0.932591 0.514966
314.000000 405.000000 -0.018840 0.518106
417.000000 405.000000 0.304584 0.518106
452.000000 405.000000 0.414485 0.518106
489.000000 405.000000 0.530666 0.518106
636.000000 405.000000 0.992252 0.518106
233.000000 406.000000 -0.273183 0.521246
297.000000 406.000000 -0.072221 0.521246
325.000000 406.000000 0.015700 0.521246
330.000000 406.000000 0.031400 0.521246
334.000000 406.000000 0.043961 0.521246
366.000000 406.000000 0.144442 0.521246
199.000000 407.000000 -0.379945 0.524386
368.000000 407.000000 0.150722 0.524386
375.000000 407.000000 0.172702 0.524386
220.000000 408.000000 -0.314004 0.527526
299.000000 408.000000 -0.065941 0.527526
306.000000 408.000000 -0.043961 0.527526
380.000000 408.000000 0.188402 0.527526
329.000000 409.000000 0.028260 0.530666
372.000000 409.000000 0.163282 0.530666
459.000000 409.000000 0.436465 0.530666
531.000000 409.000000 0.662548 0.530666
593.000000 409.000000 0.857230 0.530666
184.000000 410.000000 -0.427045 0.533806
225.000000 410.000000 -0.298304 0.533806
394.000000 410.000000 0.232363 0.533806
230.000000 411.000000 -0.282603 0.536946
273.000000 411.000000 -0.147582 0.536946
331.000000 411.000000 0.034540 0.536946
485.000000 411.000000 0.518106 0.536946
501.000000 411.000000 0.568347 0.536946
275.000000 412.000000 -0.141302 0.540086
283.000000 412.000000 -0.116181 0.540086
300.000000 412.000000 -0.062801 0.540086
414.000000 412.000000 0.295163 0.540086
461.000000 412.000000 0.442745 0.540086
566.000000 412.000000 0.772449 0.540086
229.000000 413.000000 -0.285743 0.543226
241.000000 413.000000 -0.248063 0.543226
279.000000 413.000000 -0.128742 0.543226
291.000000 413.000000 -0.091061 0.543226
577.000000 413.000000 0.806990 0.543226
269.000000 414.000000 -0.160142 0.546366
299.000000 414.000000 -0.065941 0.546366
628.000000 414.000000 0.967131 0.546366
238.000000 415.000000 -0.257483 0.549506
281.000000 416.000000 -0.122461 0.552647
137.000000 417.000000 -0.574627 0.555787
209.000000 417.000000 -0.348544 0.555787
134.000000 418.000000 -0.584047 0.558927
582.000000 418.000000 0.822690 0.558927
193.000000 419.000000 -0.398785 0.562067
314.000000 419.000000 -0.018840 0.562067
484.000000 419.000000 0.514966 0.562067
15.000000 420.000000 -0.957711 0.565207
133.000000 420.000000 -0.587187 0.565207
135.000000 420.000000 -0.580907 0.565207
270.000000 420.000000 -0.157002 0.565207
298.000000 420.000000 -0.069081 0.565207
394.000000 420.000000 0.232363 0.565207
177.000000 421.000000 -0.449025 0.568347
335.000000 421.000000 0.047101 0.568347
134.000000 422.000000 -0.584047 0.571487
137.000000 422.000000 -0.574627 0.571487
181.000000 422.000000 -0.436465 0.571487
212.000000 422.000000 -0.339124 0.571487
217.000000 422.000000 -0.323424 0.571487
275.000000 422.000000 -0.141302 0.571487
285.000000 422.000000 -0.109901 0.571487
458.000000 422.000000 0.433325 0.571487
502.000000 422.000000 0.571487 0.571487
608.000000 422.000000 0.904331 0.571487
215.000000 423.000000 -0.329704 0.574627
279.000000 423.000000 -0.128742 0.574627
291.000000 423.000000 -0.091061 0.574627
380.000000 423.000000 0.188402 0.574627
428.000000 423.000000 0.339124 0.574627
199.000000 424.000000 -0.379945 0.577767
213.000000 424.000000 -0.335984 0.577767
225.000000 424.000000 -0.298304 0.577767
350.000000 424.000000 0.094201 0.577767
396.000000 424.000000 0.238643 0.577767
539.000000 425.000000 0.687668 0.580907
24.000000 426.000000 -0.929451 0.584047
133.000000 426.000000 -0.587187 0.584047
298.000000 426.000000 -0.069081 0.584047
368.000000 426.000000 0.150722 0.584047
205.000000 427.000000 -0.361104 0.587187
300.000000 427.000000 -0.062801 0.587187
183.000000 428.000000 -0.430185 0.590327
307.000000 428.000000 -0.040820 0.590327
311.000000 428.000000 -0.028260 0.590327
368.000000 428.000000 0.150722 0.590327
494.000000 428.000000 0.546366 0.590327
581.000000 428.000000 0.819550 0.590327
631.000000 428.000000 0.976552 0.590327
129.000000 429.000000 -0.599747 0.593467
391.000000 429.000000 0.222943 0.593467
218.000000 430.000000 -0.320284 0.596607
341.000000 430.000000 0.065941 0.596607
474.000000 431.000000 0.483566 0.599747
489.000000 431.000000 0.530666 0.599747
463.000000 432.000000 0.449025 0.602887
507.000000 432.000000 0.587187 0.602887
178.000000 433.000000 -0.445885 0.606027
630.000000 433.000000 0.973412 0.606027
111.000000 434.000000 -0.656268 0.609167
339.000000 434.000000 0.059661 0.609167
381.000000 434.000000 0.191542 0.609167
426.000000 434.000000 0.332844 0.609167
429.000000 434.000000 0.342264 0.609167
484.000000 435.000000 0.514966 0.612307
509.000000 435.000000 0.593467 0.612307
634.000000 435.000000 0.985972 0.612307
337.000000 436.000000 0.053381 0.615447
394.000000 436.000000 0.232363 0.615447
402.000000 436.000000 0.257483 0.615447
447.000000 436.000000 0.398785 0.615447
413.000000 437.000000 0.292023 0.618587
285.000000 438.000000 -0.109901 0.621727
607.000000 439.000000 0.901191 0.624867
191.000000 440.000000 -0.405065 0.628007
563.000000 440.000000 0.763029 0.628007
421.000000 441.000000 0.317144 0.631147
263.000000 443.000000 -0.178982 0.637428
324.000000 443.000000 0.012560 0.637428
470.000000 443.000000 0.471006 0.637428
481.000000 443.000000 0.505546 0.637428
123.000000 444.000000 -0.618587 0.640568
287.000000 444.000000 -0.103621 0.640568
361.000000 444.000000 0.128742 0.640568
268.000000 445.000000 -0.163282 0.643708
423.000000 445.000000 0.323424 0.643708
546.000000 445.000000 0.709648 0.643708
619.000000 445.000000 0.938871 0.643708
40.000000 446.000000 -0.879210 0.646848
250.000000 446.000000 -0.219803 0.646848
453.000000 446.000000 0.417625 0.646848
36.000000 447.000000 -0.891771 0.649988
128.000000 447.000000 -0.602887 0.649988
418.000000 447.000000 0.307724 0.649988
423.000000 447.000000 0.323424 0.649988
486.000000 447.000000 0.521246 0.649988
123.000000 448.000000 -0.618587 0.653128
260.000000 448.000000 -0.188402 0.653128
271.000000 448.000000 -0.153862 0.653128
398.000000 448.000000 0.244923 0.653128
312.000000 449.000000 -0.025120 0.656268
411.000000 449.000000 0.285743 0.656268
455.000000 449.000000 0.423905 0.656268
489.000000 449.000000 0.530666 0.656268
125.000000 450.000000 -0.612307 0.659408
174.000000 450.000000 -0.458445 0.659408
239.000000 450.000000 -0.254343 0.659408
267.000000 450.000000 -0.166422 0.659408
119.000000 451.000000 -0.631147 0.662548
260.000000 451.000000 -0.188402 0.662548
320.000000 451.000000 -0.000000 0.662548
471.000000 451.000000 0.474146 0.662548
508.000000 451.000000 0.590327 0.662548
128.000000 452.000000 -0.602887 0.665688
614.000000 452.000000 0.923171 0.665688
118.000000 453.000000 -0.634288 0.668828
126.000000 453.000000 -0.609167 0.668828
386.000000 453.000000 0.207242 0.668828
398.000000 453.000000 0.244923 0.668828
106.000000 454.000000 -0.671968 0.671968
156.000000 455.000000 -0.514966 0.675108
243.000000 455.000000 -0.241783 0.675108
265.000000 455.000000 -0.172702 0.675108
268.000000 455.000000 -0.163282 0.675108
309.000000 455.000000 -0.034540 0.675108
414.000000 455.000000 0.295163 0.675108
139.000000 456.000000 -0.568347 0.678248
425.000000 456.000000 0.329704 0.678248
429.000000 456.000000 0.342264 0.678248
444.000000 456.000000 0.389365 0.678248
247.000000 457.000000 -0.229223 0.681388
539.000000 457.000000 0.687668 0.681388
239.000000 458.000000 -0.254343 0.684528
251.000000 458.000000 -0.216663 0.684528
123.000000 459.000000 -0.618587 0.687668
227.000000 459.000000 -0.292023 0.687668
231.000000 459.000000 -0.279463 0.687668
245.000000 459.000000 -0.235503 0.687668
357.000000 459.000000 0.116181 0.687668
390.000000 459.000000 0.219803 0.687668
467.000000 459.000000 0.461585 0.687668
21.000000 460.000000 -0.938871 0.690808
263.000000 460.000000 -0.178982 0.690808
244.000000 461.000000 -0.238643 0.693948
289.000000 461.000000 -0.097341 0.693948
321.000000 461.000000 0.003140 0.693948
339.000000 461.000000 0.059661 0.693948
423.000000 461.000000 0.323424 0.693948
450.000000 461.000000 0.408205 0.693948
145.000000 462.000000 -0.549506 0.697088
157.000000 462.000000 -0.511826 0.697088
224.000000 462.000000 -0.301444 0.697088
342.000000 462.000000 0.069081 0.697088
372.000000 462.000000 0.163282 0.697088
125.000000 463.000000 -0.612307 0.700228
300.000000 463.000000 -0.062801 0.700228
350.000000 463.000000 0.094201 0.700228
357.000000 463.000000 0.116181 0.700228
454.000000 463.000000 0.420765 0.700228
108.000000 464.000000 -0.665688 0.703368
328.000000 464.000000 0.025120 0.703368
347.000000 464.000000 0.084781 0.703368
390.000000 464.000000 0.219803 0.703368
136.000000 465.000000 -0.577767 0.706508
222.000000 465.000000 -0.307724 0.706508
247.000000 465.000000 -0.229223 0.706508
373.000000 465.000000 0.166422 0.706508
387.000000 465.000000 0.210382 0.706508
452.000000 465.000000 0.414485 0.706508
598.000000 465.000000 0.872930 0.706508
34.000000 466.000000 -0.898051 0.709648
115.000000 466.000000 -0.643708 0.709648
220.000000 467.000000 -0.314004 0.712788
363.000000 467.000000 0.135022 0.712788
368.000000 467.000000 0.150722 0.712788
386.000000 467.000000 0.207242 0.712788
605.000000 467.000000 0.894911 0.712788
356.000000 468.000000 0.113041 0.715928
384.000000 468.000000 0.200962 0.715928
488.000000 468.000000 0.527526 0.715928
491.000000 468.000000 0.536946 0.715928
527.000000 468.000000 0.649988 0.715928
134.000000 469.000000 -0.584047 0.719069
138.000000 469.000000 -0.571487 0.719069
225.000000 469.000000 -0.298304 0.719069
371.000000 469.000000 0.160142 0.719069
378.000000 469.000000 0.182122 0.719069
586.000000 469.000000 0.835250 0.719069
219.000000 470.000000 -0.317144 0.722209
320.000000 470.000000 -0.000000 0.722209
368.000000 470.000000 0.150722 0.722209
496.000000 470.000000 0.552647 0.722209
223.000000 471.000000 -0.304584 0.725349
255.000000 471.000000 -0.204102 0.725349
361.000000 471.000000 0.128742 0.725349
218.000000 472.000000 -0.320284 0.728489
340.000000 472.000000 0.062801 0.728489
492.000000 472.000000 0.540086 0.728489
518.000000 472.000000 0.621727 0.728489
111.000000 473.000000 -0.656268 0.731629
228.000000 473.000000 -0.288883 0.731629
266.000000 473.000000 -0.169562 0.731629
423.000000 473.000000 0.323424 0.731629
432.000000 473.000000 0.351684 0.731629
487.000000 473.000000 0.524386 0.731629
217.000000 474.000000 -0.323424 0.734769
140.000000 475.000000 -0.565207 0.737909
165.000000 475.000000 -0.486706 0.737909
214.000000 475.000000 -0.332844 0.737909
225.000000 475.000000 -0.298304 0.737909
324.000000 475.000000 0.012560 0.737909
339.000000 476.000000 0.059661 0.741049
342.000000 476.000000 0.069081 0.741049
378.000000 476.000000 0.182122 0.741049
492.000000 476.000000 0.540086 0.741049
517.000000 476.000000 0.618587 0.741049
