374.000000 3.000000 0.169562 -0.744189
439.000000 3.000000 0.373664 -0.744189
371.000000 4.000000 0.160142 -0.741049
483.000000 4.000000 0.511826 -0.741049
547.000000 7.000000 0.712788 -0.731629
377.000000 9.000000 0.178982 -0.725349
573.000000 9.000000 0.794429 -0.725349
585.000000 10.000000 0.832110 -0.722209
432.000000 11.000000 0.351684 -0.719069
441.000000 11.000000 0.379945 -0.719069
597.000000 13.000000 0.869790 -0.712788
628.000000 13.000000 0.967131 -0.712788
366.000000 14.000000 0.144442 -0.709648
460.000000 15.000000 0.439605 -0.706508
560.000000 15.000000 0.753609 -0.706508
591.000000 15.000000 0.850950 -0.706508
631.000000 15.000000 0.976552 -0.706508
375.000000 16.000000 0.172702 -0.703368
380.000000 16.000000 0.188402 -0.703368
472.000000 16.000000 0.477286 -0.703368
582.000000 16.000000 0.822690 -0.703368
440.000000 17.000000 0.376804 -0.700228
567.000000 17.000000 0.775589 -0.700228
576.000000 17.000000 0.803850 -0.700228
377.000000 18.000000 0.178982 -0.697088
431.000000 19.000000 0.348544 -0.693948
390.000000 20.000000 0.219803 -0.690808
427.000000 20.000000 0.335984 -0.690808
554.000000 20.000000 0.734769 -0.690808
368.000000 22.000000 0.150722 -0.684528
430.000000 22.000000 0.345404 -0.684528
558.000000 23.000000 0.747329 -0.681388
367.000000 24.000000 0.147582 -0.678248
437.000000 24.000000 0.367384 -0.678248
561.000000 24.000000 0.756749 -0.678248
567.000000 25.000000 0.775589 -0.675108
367.000000 26.000000 0.147582 -0.671968
504.000000 28.000000 0.577767 -0.665688
584.000000 29.000000 0.828970 -0.662548
437.000000 31.000000 0.367384 -0.656268
529.000000 32.000000 0.656268 -0.653128
545.000000 32.000000 0.706508 -0.653128
563.000000 32.000000 0.763029 -0.653128
540.000000 33.000000 0.690808 -0.649988
548.000000 33.000000 0.715928 -0.649988
360.000000 36.000000 0.125601 -0.640568
368.000000 36.000000 0.150722 -0.640568
549.000000 36.000000 0.719069 -0.640568
574.000000 36.000000 0.797569 -0.640568
582.000000 36.000000 0.822690 -0.640568
446.000000 37.000000 0.395645 -0.637428
448.000000 37.000000 0.401925 -0.637428
492.000000 37.000000 0.540086 -0.637428
536.000000 37.000000 0.678248 -0.637428
368.000000 38.000000 0.150722 -0.634288
454.000000 38.000000 0.420765 -0.634288
472.000000 38.000000 0.477286 -0.634288
487.000000 38.000000 0.524386 -0.634288
539.000000 38.000000 0.687668 -0.634288
360.000000 39.000000 0.125601 -0.631147
536.000000 39.000000 0.678248 -0.631147
544.000000 39.000000 0.703368 -0.631147
582.000000 39.000000 0.822690 -0.631147
422.000000 41.000000 0.320284 -0.624867
360.000000 42.000000 0.125601 -0.621727
546.000000 42.000000 0.709648 -0.621727
622.000000 43.000000 0.948291 -0.618587
627.000000 43.000000 0.963991 -0.618587
402.000000 46.000000 0.257483 -0.609167
616.000000 46.000000 0.929451 -0.609167
631.000000 47.000000 0.976552 -0.606027
377.000000 48.000000 0.178982 -0.602887
386.000000 48.000000 0.207242 -0.602887
626.000000 48.000000 0.960851 -0.602887
395.000000 49.000000 0.235503 -0.599747
471.000000 49.000000 0.474146 -0.599747
425.000000 50.000000 0.329704 -0.596607
405.000000 51.000000 0.266903 -0.593467
414.000000 52.000000 0.295163 -0.590327
440.000000 53.000000 0.376804 -0.587187
625.000000 53.000000 0.957711 -0.587187
361.000000 54.000000 0.128742 -0.584047
469.000000 54.000000 0.467866 -0.584047
560.000000 55.000000 0.753609 -0.580907
361.000000 56.000000 0.128742 -0.577767
518.000000 56.000000 0.621727 -0.577767
610.000000 56.000000 0.910611 -0.577767
373.000000 57.000000 0.166422 -0.574627
549.000000 57.000000 0.719069 -0.574627
431.000000 58.000000 0.348544 -0.571487
396.000000 60.000000 0.238643 -0.565207
417.000000 60.000000 0.304584 -0.565207
520.000000 60.000000 0.628007 -0.565207
422.000000 61.000000 0.320284 -0.562067
487.000000 61.000000 0.524386 -0.562067
3.000000 62.000000 -0.995392 -0.558927
390.000000 62.000000 0.219803 -0.558927
432.000000 62.000000 0.351684 -0.558927
517.000000 63.000000 0.618587 -0.555787
8.000000 64.000000 -0.979692 -0.552647
10.000000 64.000000 -0.973412 -0.552647
429.000000 64.000000 0.342264 -0.552647
490.000000 65.000000 0.533806 -0.549506
429.000000 66.000000 0.342264 -0.546366
428.000000 72.000000 0.339124 -0.527526
381.000000 75.000000 0.191542 -0.518106
389.000000 76.000000 0.216663 -0.514966
10.000000 77.000000 -0.973412 -0.511826
397.000000 77.000000 0.241783 -0.511826
518.000000 77.000000 0.621727 -0.511826
3.000000 78.000000 -0.995392 -0.508686
406.000000 79.000000 0.270043 -0.505546
408.000000 80.000000 0.276323 -0.502406
414.000000 80.000000 0.295163 -0.502406
418.000000 80.000000 0.307724 -0.502406
524.000000 80.000000 0.640568 -0.502406
611.000000 80.000000 0.913751 -0.502406
417.000000 84.000000 0.304584 -0.489846
435.000000 84.000000 0.361104 -0.489846
390.000000 85.000000 0.219803 -0.486706
428.000000 85.000000 0.339124 -0.486706
516.000000 85.000000 0.615447 -0.486706
481.000000 86.000000 0.505546 -0.483566
417.000000 87.000000 0.304584 -0.480426
512.000000 87.000000 0.602887 -0.480426
516.000000 87.000000 0.615447 -0.480426
481.000000 89.000000 0.505546 -0.474146
527.000000 89.000000 0.649988 -0.474146
602.000000 89.000000 0.885490 -0.474146
423.000000 90.000000 0.323424 -0.471006
514.000000 92.000000 0.609167 -0.464725
621.000000 92.000000 0.945151 -0.464725
415.000000 94.000000 0.298304 -0.458445
422.000000 94.000000 0.320284 -0.458445
626.000000 94.000000 0.960851 -0.458445
605.000000 95.000000 0.894911 -0.455305
513.000000 96.000000 0.606027 -0.452165
623.000000 96.000000 0.951431 -0.452165
415.000000 97.000000 0.298304 -0.449025
360.000000 98.000000 0.125601 -0.445885
367.000000 100.000000 0.147582 -0.439605
513.000000 100.000000 0.606027 -0.439605
359.000000 101.000000 0.122461 -0.436465
445.000000 101.000000 0.392505 -0.436465
374.000000 102.000000 0.169562 -0.433325
382.000000 102.000000 0.194682 -0.433325
609.000000 102.000000 0.907471 -0.433325
511.000000 103.000000 0.599747 -0.430185
566.000000 103.000000 0.772449 -0.430185
615.000000 103.000000 0.926311 -0.430185
359.000000 104.000000 0.122461 -0.427045
390.000000 104.000000 0.219803 -0.427045
527.000000 104.000000 0.649988 -0.427045
636.000000 104.000000 0.992252 -0.427045
69.000000 105.000000 -0.788149 -0.423905
397.000000 105.000000 0.241783 -0.423905
507.000000 105.000000 0.587187 -0.423905
126.000000 106.000000 -0.609167 -0.420765
404.000000 106.000000 0.263763 -0.420765
512.000000 106.000000 0.602887 -0.420765
526.000000 106.000000 0.646848 -0.420765
560.000000 106.000000 0.753609 -0.420765
132.000000 107.000000 -0.590327 -0.417625
344.000000 107.000000 0.075361 -0.417625
80.000000 109.000000 -0.753609 -0.411345
134.000000 109.000000 -0.584047 -0.411345
344.000000 109.000000 0.075361 -0.411345
565.000000 109.000000 0.769309 -0.411345
584.000000 109.000000 0.828970 -0.411345
3.000000 110.000000 -0.995392 -0.408205
76.000000 110.000000 -0.766169 -0.408205
83.000000 110.000000 -0.744189 -0.408205
130.000000 110.000000 -0.596607 -0.408205
140.000000 110.000000 -0.565207 -0.408205
143.000000 110.000000 -0.555787 -0.408205
517.000000 110.000000 0.618587 -0.408205
627.000000 110.000000 0.963991 -0.408205
410.000000 111.000000 0.282603 -0.405065
432.000000 111.000000 0.351684 -0.405065
489.000000 111.000000 0.530666 -0.405065
75.000000 112.000000 -0.769309 -0.401925
100.000000 112.000000 -0.690808 -0.401925
104.000000 112.000000 -0.678248 -0.401925
148.000000 112.000000 -0.540086 -0.401925
158.000000 112.000000 -0.508686 -0.401925
487.000000 112.000000 0.524386 -0.401925
533.000000 112.000000 0.668828 -0.401925
623.000000 112.000000 0.951431 -0.401925
68.000000 113.000000 -0.791289 -0.398785
126.000000 113.000000 -0.609167 -0.398785
154.000000 113.000000 -0.521246 -0.398785
411.000000 113.000000 0.285743 -0.398785
493.000000 113.000000 0.543226 -0.398785
503.000000 113.000000 0.574627 -0.398785
510.000000 113.000000 0.596607 -0.398785
573.000000 113.000000 0.794429 -0.398785
3.000000 114.000000 -0.995392 -0.395645
12.000000 114.000000 -0.967131 -0.395645
80.000000 114.000000 -0.753609 -0.395645
100.000000 114.000000 -0.690808 -0.395645
104.000000 114.000000 -0.678248 -0.395645
110.000000 114.000000 -0.659408 -0.395645
130.000000 114.000000 -0.596607 -0.395645
487.000000 114.000000 0.524386 -0.395645
86.000000 115.000000 -0.734769 -0.392505
88.000000 115.000000 -0.728489 -0.392505
115.000000 115.000000 -0.643708 -0.392505
147.000000 115.000000 -0.543226 -0.392505
167.000000 115.000000 -0.480426 -0.392505
364.000000 115.000000 0.138162 -0.392505
408.000000 115.000000 0.276323 -0.392505
94.000000 116.000000 -0.709648 -0.389365
119.000000 116.000000 -0.631147 -0.389365
562.000000 116.000000 0.759889 -0.389365
19.000000 117.000000 -0.945151 -0.386225
21.000000 117.000000 -0.938871 -0.386225
74.000000 117.000000 -0.772449 -0.386225
99.000000 117.000000 -0.693948 -0.386225
101.000000 117.000000 -0.687668 -0.386225
174.000000 117.000000 -0.458445 -0.386225
376.000000 117.000000 0.175842 -0.386225
107.000000 118.000000 -0.668828 -0.383085
155.000000 118.000000 -0.518106 -0.383085
528.000000 118.000000 0.653128 -0.383085
138.000000 119.000000 -0.571487 -0.379945
484.000000 119.000000 0.514966 -0.379945
508.000000 119.000000 0.590327 -0.379945
531.000000 119.000000 0.662548 -0.379945
49.000000 120.000000 -0.850950 -0.376804
104.000000 120.000000 -0.678248 -0.376804
108.000000 120.000000 -0.665688 -0.376804
527.000000 120.000000 0.649988 -0.376804
134.000000 121.000000 -0.584047 -0.373664
162.000000 121.000000 -0.496126 -0.373664
389.000000 121.000000 0.216663 -0.373664
439.000000 121.000000 0.373664 -0.373664
483.000000 121.000000 0.511826 -0.373664
524.000000 121.000000 0.640568 -0.373664
77.000000 122.000000 -0.763029 -0.370524
109.000000 122.000000 -0.662548 -0.370524
166.000000 122.000000 -0.483566 -0.370524
365.000000 122.000000 0.141302 -0.370524
56.000000 123.000000 -0.828970 -0.367384
407.000000 123.000000 0.273183 -0.367384
82.000000 124.000000 -0.747329 -0.364244
104.000000 124.000000 -0.678248 -0.364244
173.000000 124.000000 -0.461585 -0.364244
507.000000 124.000000 0.587187 -0.364244
65.000000 125.000000 -0.800709 -0.361104
176.000000 125.000000 -0.452165 -0.361104
368.000000 125.000000 0.150722 -0.361104
373.000000 125.000000 0.166422 -0.361104
406.000000 125.000000 0.270043 -0.361104
505.000000 125.000000 0.580907 -0.361104
536.000000 125.000000 0.678248 -0.361104
605.000000 125.000000 0.894911 -0.361104
85.000000 126.000000 -0.737909 -0.357964
138.000000 126.000000 -0.571487 -0.357964
408.000000 126.000000 0.276323 -0.357964
360.000000 127.000000 0.125601 -0.354824
503.000000 127.000000 0.574627 -0.354824
518.000000 127.000000 0.621727 -0.354824
86.000000 128.000000 -0.734769 -0.351684
365.000000 128.000000 0.141302 -0.351684
371.000000 128.000000 0.160142 -0.351684
374.000000 128.000000 0.169562 -0.351684
406.000000 128.000000 0.270043 -0.351684
632.000000 128.000000 0.979692 -0.351684
134.000000 129.000000 -0.584047 -0.348544
173.000000 129.000000 -0.461585 -0.348544
536.000000 129.000000 0.678248 -0.348544
106.000000 130.000000 -0.671968 -0.345404
494.000000 130.000000 0.546366 -0.345404
500.000000 130.000000 0.565207 -0.345404
90.000000 131.000000 -0.722209 -0.342264
508.000000 131.000000 0.590327 -0.342264
535.000000 131.000000 0.675108 -0.342264
361.000000 132.000000 0.128742 -0.339124
366.000000 132.000000 0.144442 -0.339124
374.000000 132.000000 0.169562 -0.339124
401.000000 132.000000 0.254343 -0.339124
407.000000 132.000000 0.273183 -0.339124
463.000000 132.000000 0.449025 -0.339124
105.000000 133.000000 -0.675108 -0.335984
133.000000 133.000000 -0.587187 -0.335984
405.000000 133.000000 0.266903 -0.335984
109.000000 134.000000 -0.662548 -0.332844
223.000000 134.000000 -0.304584 -0.332844
377.000000 134.000000 0.178982 -0.332844
436.000000 134.000000 0.364244 -0.332844
563.000000 134.000000 0.763029 -0.332844
102.000000 135.000000 -0.684528 -0.329704
106.000000 135.000000 -0.671968 -0.329704
187.000000 135.000000 -0.417625 -0.329704
429.000000 135.000000 0.342264 -0.329704
172.000000 136.000000 -0.464725 -0.326564
176.000000 136.000000 -0.452165 -0.326564
190.000000 136.000000 -0.408205 -0.326564
379.000000 136.000000 0.185262 -0.326564
420.000000 136.000000 0.314004 -0.326564
134.000000 137.000000 -0.584047 -0.323424
181.000000 137.000000 -0.436465 -0.323424
192.000000 137.000000 -0.401925 -0.323424
222.000000 137.000000 -0.307724 -0.323424
230.000000 137.000000 -0.282603 -0.323424
240.000000 137.000000 -0.251203 -0.323424
322.000000 137.000000 0.006280 -0.323424
338.000000 137.000000 0.056521 -0.323424
341.000000 137.000000 0.065941 -0.323424
405.000000 137.000000 0.266903 -0.323424
186.000000 138.000000 -0.420765 -0.320284
197.000000 138.000000 -0.386225 -0.320284
237.000000 138.000000 -0.260623 -0.320284
319.000000 138.000000 -0.003140 -0.320284
327.000000 138.000000 0.021980 -0.320284
330.000000 138.000000 0.031400 -0.320284
336.000000 138.000000 0.050241 -0.320284
367.000000 138.000000 0.147582 -0.320284
103.000000 139.000000 -0.681388 -0.317144
223.000000 139.000000 -0.304584 -0.317144
333.000000 139.000000 0.040820 -0.317144
352.000000 139.000000 0.100481 -0.317144
361.000000 139.000000 0.128742 -0.317144
529.000000 139.000000 0.656268 -0.317144
177.000000 140.000000 -0.449025 -0.314004
182.000000 140.000000 -0.433325 -0.314004
205.000000 140.000000 -0.361104 -0.314004
239.000000 140.000000 -0.254343 -0.314004
367.000000 140.000000 0.147582 -0.314004
387.000000 140.000000 0.210382 -0.314004
404.000000 140.000000 0.263763 -0.314004
504.000000 140.000000 0.577767 -0.314004
523.000000 140.000000 0.637428 -0.314004
579.000000 140.000000 0.813270 -0.314004
147.000000 141.000000 -0.543226 -0.310864
203.000000 141.000000 -0.367384 -0.310864
228.000000 141.000000 -0.288883 -0.310864
514.000000 141.000000 0.609167 -0.310864
182.000000 142.000000 -0.433325 -0.307724
187.000000 142.000000 -0.417625 -0.307724
200.000000 142.000000 -0.376804 -0.307724
234.000000 142.000000 -0.270043 -0.307724
240.000000 142.000000 -0.251203 -0.307724
348.000000 142.000000 0.087921 -0.307724
566.000000 142.000000 0.772449 -0.307724
578.000000 142.000000 0.810130 -0.307724
195.000000 143.000000 -0.392505 -0.304584
208.000000 143.000000 -0.351684 -0.304584
220.000000 143.000000 -0.314004 -0.304584
325.000000 143.000000 0.015700 -0.304584
358.000000 143.000000 0.119321 -0.304584
371.000000 143.000000 0.160142 -0.304584
404.000000 143.000000 0.263763 -0.304584
484.000000 143.000000 0.514966 -0.304584
576.000000 143.000000 0.803850 -0.304584
222.000000 144.000000 -0.307724 -0.301444
226.000000 144.000000 -0.295163 -0.301444
231.000000 144.000000 -0.279463 -0.301444
531.000000 144.000000 0.662548 -0.301444
586.000000 144.000000 0.835250 -0.301444
176.000000 145.000000 -0.452165 -0.298304
204.000000 145.000000 -0.364244 -0.298304
210.000000 145.000000 -0.345404 -0.298304
363.000000 145.000000 0.135022 -0.298304
525.000000 145.000000 0.643708 -0.298304
108.000000 146.000000 -0.665688 -0.295163
238.000000 146.000000 -0.257483 -0.295163
240.000000 146.000000 -0.251203 -0.295163
377.000000 146.000000 0.178982 -0.295163
188.000000 147.000000 -0.414485 -0.292023
199.000000 147.000000 -0.379945 -0.292023
214.000000 147.000000 -0.332844 -0.292023
217.000000 147.000000 -0.323424 -0.292023
223.000000 147.000000 -0.304584 -0.292023
229.000000 147.000000 -0.285743 -0.292023
232.000000 147.000000 -0.276323 -0.292023
384.000000 147.000000 0.200962 -0.292023
394.000000 147.000000 0.232363 -0.292023
433.000000 147.000000 0.354824 -0.292023
509.000000 147.000000 0.593467 -0.292023
546.000000 147.000000 0.709648 -0.292023
81.000000 148.000000 -0.750469 -0.288883
196.000000 148.000000 -0.389365 -0.288883
271.000000 148.000000 -0.153862 -0.288883
381.000000 148.000000 0.191542 -0.288883
389.000000 148.000000 0.216663 -0.288883
392.000000 148.000000 0.226083 -0.288883
400.000000 148.000000 0.251203 -0.288883
402.000000 148.000000 0.257483 -0.288883
463.000000 148.000000 0.449025 -0.288883
534.000000 148.000000 0.671968 -0.288883
536.000000 148.000000 0.678248 -0.288883
539.000000 148.000000 0.687668 -0.288883
203.000000 149.000000 -0.367384 -0.285743
253.000000 149.000000 -0.210382 -0.285743
338.000000 149.000000 0.056521 -0.285743
346.000000 149.000000 0.081641 -0.285743
356.000000 149.000000 0.113041 -0.285743
377.000000 149.000000 0.178982 -0.285743
404.000000 149.000000 0.263763 -0.285743
418.000000 149.000000 0.307724 -0.285743
228.000000 150.000000 -0.288883 -0.282603
258.000000 150.000000 -0.194682 -0.282603
266.000000 150.000000 -0.169562 -0.282603
274.000000 150.000000 -0.144442 -0.282603
281.000000 150.000000 -0.122461 -0.282603
342.000000 150.000000 0.069081 -0.282603
351.000000 150.000000 0.097341 -0.282603
365.000000 150.000000 0.141302 -0.282603
370.000000 150.000000 0.157002 -0.282603
394.000000 150.000000 0.232363 -0.282603
397.000000 150.000000 0.241783 -0.282603
410.000000 150.000000 0.282603 -0.282603
509.000000 150.000000 0.593467 -0.282603
262.000000 151.000000 -0.182122 -0.279463
271.000000 151.000000 -0.153862 -0.279463
348.000000 151.000000 0.087921 -0.279463
355.000000 151.000000 0.109901 -0.279463
361.000000 151.000000 0.128742 -0.279463
408.000000 151.000000 0.276323 -0.279463
601.000000 151.000000 0.882350 -0.279463
82.000000 152.000000 -0.747329 -0.276323
224.000000 152.000000 -0.301444 -0.276323
228.000000 152.000000 -0.288883 -0.276323
231.000000 152.000000 -0.279463 -0.276323
251.000000 152.000000 -0.216663 -0.276323
273.000000 152.000000 -0.147582 -0.276323
277.000000 152.000000 -0.135022 -0.276323
281.000000 152.000000 -0.122461 -0.276323
286.000000 152.000000 -0.106761 -0.276323
352.000000 152.000000 0.100481 -0.276323
366.000000 152.000000 0.144442 -0.276323
415.000000 152.000000 0.298304 -0.276323
418.000000 152.000000 0.307724 -0.276323
421.000000 152.000000 0.317144 -0.276323
525.000000 152.000000 0.643708 -0.276323
275.000000 153.000000 -0.141302 -0.273183
423.000000 153.000000 0.323424 -0.273183
427.000000 153.000000 0.335984 -0.273183
431.000000 153.000000 0.348544 -0.273183
435.000000 153.000000 0.361104 -0.273183
583.000000 153.000000 0.825830 -0.273183
149.000000 154.000000 -0.536946 -0.270043
250.000000 154.000000 -0.219803 -0.270043
265.000000 154.000000 -0.172702 -0.270043
267.000000 154.000000 -0.166422 -0.270043
282.000000 154.000000 -0.119321 -0.270043
359.000000 154.000000 0.122461 -0.270043
379.000000 154.000000 0.185262 -0.270043
412.000000 154.000000 0.288883 -0.270043
439.000000 154.000000 0.373664 -0.270043
507.000000 154.000000 0.587187 -0.270043
518.000000 154.000000 0.621727 -0.270043
597.000000 154.000000 0.869790 -0.270043
253.000000 155.000000 -0.210382 -0.266903
375.000000 155.000000 0.172702 -0.266903
381.000000 155.000000 0.191542 -0.266903
384.000000 155.000000 0.200962 -0.266903
409.000000 155.000000 0.279463 -0.266903
436.000000 155.000000 0.364244 -0.266903
442.000000 155.000000 0.383085 -0.266903
500.000000 155.000000 0.565207 -0.266903
529.000000 155.000000 0.656268 -0.266903
149.000000 156.000000 -0.536946 -0.263763
230.000000 156.000000 -0.282603 -0.263763
265.000000 156.000000 -0.172702 -0.263763
273.000000 156.000000 -0.147582 -0.263763
347.000000 156.000000 0.084781 -0.263763
378.000000 156.000000 0.182122 -0.263763
390.000000 156.000000 0.219803 -0.263763
417.000000 156.000000 0.304584 -0.263763
232.000000 157.000000 -0.276323 -0.260623
249.000000 157.000000 -0.222943 -0.260623
256.000000 157.000000 -0.200962 -0.260623
281.000000 157.000000 -0.122461 -0.260623
298.000000 157.000000 -0.069081 -0.260623
338.000000 157.000000 0.056521 -0.260623
343.000000 157.000000 0.072221 -0.260623
354.000000 157.000000 0.106761 -0.260623
385.000000 157.000000 0.204102 -0.260623
388.000000 157.000000 0.213523 -0.260623
397.000000 157.000000 0.241783 -0.260623
425.000000 157.000000 0.329704 -0.260623
506.000000 157.000000 0.584047 -0.260623
525.000000 157.000000 0.643708 -0.260623
149.000000 158.000000 -0.536946 -0.257483
307.000000 158.000000 -0.040820 -0.257483
351.000000 158.000000 0.097341 -0.257483
391.000000 158.000000 0.222943 -0.257483
394.000000 158.000000 0.232363 -0.257483
404.000000 158.000000 0.263763 -0.257483
442.000000 158.000000 0.383085 -0.257483
521.000000 158.000000 0.631147 -0.257483
588.000000 158.000000 0.841530 -0.257483
262.000000 159.000000 -0.182122 -0.254343
272.000000 159.000000 -0.150722 -0.254343
295.000000 159.000000 -0.078501 -0.254343
355.000000 159.000000 0.109901 -0.254343
357.000000 159.000000 0.116181 -0.254343
366.000000 159.000000 0.144442 -0.254343
374.000000 159.000000 0.169562 -0.254343
400.000000 159.000000 0.251203 -0.254343
410.000000 159.000000 0.282603 -0.254343
427.000000 159.000000 0.335984 -0.254343
464.000000 159.000000 0.452165 -0.254343
90.000000 160.000000 -0.722209 -0.251203
308.000000 160.000000 -0.037680 -0.251203
372.000000 160.000000 0.163282 -0.251203
404.000000 160.000000 0.263763 -0.251203
10.000000 161.000000 -0.973412 -0.248063
231.000000 161.000000 -0.279463 -0.248063
346.000000 161.000000 0.081641 -0.248063
374.000000 161.000000 0.169562 -0.248063
410.000000 161.000000 0.282603 -0.248063
506.000000 161.000000 0.584047 -0.248063
521.000000 161.000000 0.631147 -0.248063
24.000000 162.000000 -0.929451 -0.244923
26.000000 162.000000 -0.923171 -0.244923
233.000000 162.000000 -0.273183 -0.244923
258.000000 162.000000 -0.194682 -0.244923
273.000000 162.000000 -0.147582 -0.244923
343.000000 162.000000 0.072221 -0.244923
378.000000 162.000000 0.182122 -0.244923
498.000000 162.000000 0.558927 -0.244923
537.000000 162.000000 0.681388 -0.244923
551.000000 162.000000 0.725349 -0.244923
591.000000 162.000000 0.850950 -0.244923
40.000000 163.000000 -0.879210 -0.241783
42.000000 163.000000 -0.872930 -0.241783
230.000000 163.000000 -0.282603 -0.241783
296.000000 163.000000 -0.075361 -0.241783
362.000000 163.000000 0.131882 -0.241783
392.000000 163.000000 0.226083 -0.241783
413.000000 163.000000 0.292023 -0.241783
416.000000 163.000000 0.301444 -0.241783
439.000000 163.000000 0.373664 -0.241783
557.000000 163.000000 0.744189 -0.241783
561.000000 163.000000 0.756749 -0.241783
359.000000 164.000000 0.122461 -0.238643
389.000000 164.000000 0.216663 -0.238643
397.000000 164.000000 0.241783 -0.238643
405.000000 164.000000 0.266903 -0.238643
504.000000 164.000000 0.577767 -0.238643
568.000000 164.000000 0.778729 -0.238643
587.000000 164.000000 0.838390 -0.238643
590.000000 164.000000 0.847810 -0.238643
90.000000 165.000000 -0.722209 -0.235503
229.000000 165.000000 -0.285743 -0.235503
286.000000 165.000000 -0.106761 -0.235503
288.000000 165.000000 -0.100481 -0.235503
296.000000 165.000000 -0.075361 -0.235503
308.000000 165.000000 -0.037680 -0.235503
366.000000 165.000000 0.144442 -0.235503
395.000000 165.000000 0.235503 -0.235503
274.000000 166.000000 -0.144442 -0.232363
344.000000 166.000000 0.075361 -0.232363
348.000000 166.000000 0.087921 -0.232363
369.000000 166.000000 0.153862 -0.232363
402.000000 166.000000 0.257483 -0.232363
411.000000 166.000000 0.285743 -0.232363
415.000000 166.000000 0.298304 -0.232363
421.000000 166.000000 0.317144 -0.232363
497.000000 166.000000 0.555787 -0.232363
499.000000 166.000000 0.562067 -0.232363
512.000000 166.000000 0.602887 -0.232363
542.000000 166.000000 0.697088 -0.232363
546.000000 166.000000 0.709648 -0.232363
228.000000 167.000000 -0.288883 -0.229223
308.000000 167.000000 -0.037680 -0.229223
316.000000 167.000000 -0.012560 -0.229223
467.000000 167.000000 0.461585 -0.229223
548.000000 167.000000 0.715928 -0.229223
574.000000 167.000000 0.797569 -0.229223
632.000000 167.000000 0.979692 -0.229223
133.000000 168.000000 -0.587187 -0.226083
297.000000 168.000000 -0.072221 -0.226083
301.000000 168.000000 -0.059661 -0.226083
312.000000 168.000000 -0.025120 -0.226083
365.000000 168.000000 0.141302 -0.226083
381.000000 168.000000 0.191542 -0.226083
415.000000 168.000000 0.298304 -0.226083
503.000000 168.000000 0.574627 -0.226083
326.000000 169.000000 0.018840 -0.222943
390.000000 169.000000 0.219803 -0.222943
437.000000 169.000000 0.367384 -0.222943
496.000000 169.000000 0.552647 -0.222943
202.000000 170.000000 -0.370524 -0.219803
230.000000 170.000000 -0.282603 -0.219803
275.000000 170.000000 -0.141302 -0.219803
278.000000 170.000000 -0.131882 -0.219803
297.000000 170.000000 -0.072221 -0.219803
300.000000 170.000000 -0.062801 -0.219803
312.000000 170.000000 -0.025120 -0.219803
332.000000 170.000000 0.037680 -0.219803
370.000000 170.000000 0.157002 -0.219803
384.000000 170.000000 0.200962 -0.219803
401.000000 170.000000 0.254343 -0.219803
406.000000 170.000000 0.270043 -0.219803
603.000000 170.000000 0.888631 -0.219803
344.000000 171.000000 0.075361 -0.216663
408.000000 171.000000 0.276323 -0.216663
496.000000 171.000000 0.552647 -0.216663
539.000000 171.000000 0.687668 -0.216663
148.000000 172.000000 -0.540086 -0.213523
312.000000 172.000000 -0.025120 -0.213523
397.000000 172.000000 0.241783 -0.213523
437.000000 172.000000 0.367384 -0.213523
503.000000 172.000000 0.574627 -0.213523
228.000000 173.000000 -0.288883 -0.210382
305.000000 173.000000 -0.047101 -0.210382
391.000000 173.000000 0.222943 -0.210382
395.000000 173.000000 0.235503 -0.210382
510.000000 173.000000 0.596607 -0.210382
588.000000 173.000000 0.841530 -0.210382
270.000000 174.000000 -0.157002 -0.207242
343.000000 174.000000 0.072221 -0.207242
358.000000 174.000000 0.119321 -0.207242
370.000000 174.000000 0.157002 -0.207242
505.000000 174.000000 0.580907 -0.207242
531.000000 174.000000 0.662548 -0.207242
348.000000 175.000000 0.087921 -0.204102
353.000000 175.000000 0.103621 -0.204102
367.000000 175.000000 0.147582 -0.204102
388.000000 175.000000 0.213523 -0.204102
400.000000 175.000000 0.251203 -0.204102
408.000000 175.000000 0.276323 -0.204102
477.000000 175.000000 0.492986 -0.204102
544.000000 175.000000 0.703368 -0.204102
274.000000 176.000000 -0.144442 -0.200962
276.000000 176.000000 -0.138162 -0.200962
296.000000 176.000000 -0.075361 -0.200962
358.000000 176.000000 0.119321 -0.200962
360.000000 176.000000 0.125601 -0.200962
364.000000 176.000000 0.138162 -0.200962
374.000000 176.000000 0.169562 -0.200962
385.000000 176.000000 0.204102 -0.200962
390.000000 176.000000 0.219803 -0.200962
404.000000 176.000000 0.263763 -0.200962
437.000000 176.000000 0.367384 -0.200962
494.000000 176.000000 0.546366 -0.200962
501.000000 176.000000 0.568347 -0.200962
515.000000 176.000000 0.612307 -0.200962
540.000000 176.000000 0.690808 -0.200962
602.000000 176.000000 0.885490 -0.200962
227.000000 177.000000 -0.292023 -0.197822
309.000000 177.000000 -0.034540 -0.197822
342.000000 177.000000 0.069081 -0.197822
354.000000 177.000000 0.106761 -0.197822
413.000000 177.000000 0.292023 -0.197822
574.000000 177.000000 0.797569 -0.197822
203.000000 178.000000 -0.367384 -0.194682
345.000000 178.000000 0.078501 -0.194682
360.000000 178.000000 0.125601 -0.194682
380.000000 178.000000 0.188402 -0.194682
407.000000 178.000000 0.273183 -0.194682
453.000000 178.000000 0.417625 -0.194682
504.000000 178.000000 0.577767 -0.194682
534.000000 178.000000 0.671968 -0.194682
536.000000 178.000000 0.678248 -0.194682
592.000000 178.000000 0.854090 -0.194682
373.000000 179.000000 0.166422 -0.191542
391.000000 179.000000 0.222943 -0.191542
448.000000 179.000000 0.401925 -0.191542
500.000000 179.000000 0.565207 -0.191542
506.000000 179.000000 0.584047 -0.191542
550.000000 179.000000 0.722209 -0.191542
558.000000 179.000000 0.747329 -0.191542
108.000000 180.000000 -0.665688 -0.188402
229.000000 180.000000 -0.285743 -0.188402
341.000000 180.000000 0.065941 -0.188402
346.000000 180.000000 0.081641 -0.188402
349.000000 180.000000 0.091061 -0.188402
383.000000 180.000000 0.197822 -0.188402
493.000000 180.000000 0.543226 -0.188402
495.000000 180.000000 0.549506 -0.188402
584.000000 180.000000 0.828970 -0.188402
306.000000 181.000000 -0.043961 -0.185262
376.000000 181.000000 0.175842 -0.185262
379.000000 181.000000 0.185262 -0.185262
395.000000 181.000000 0.235503 -0.185262
412.000000 181.000000 0.288883 -0.185262
440.000000 181.000000 0.376804 -0.185262
550.000000 181.000000 0.722209 -0.185262
558.000000 181.000000 0.747329 -0.185262
565.000000 181.000000 0.769309 -0.185262
361.000000 182.000000 0.128742 -0.182122
383.000000 182.000000 0.197822 -0.182122
423.000000 182.000000 0.323424 -0.182122
504.000000 182.000000 0.577767 -0.182122
78.000000 183.000000 -0.759889 -0.178982
200.000000 183.000000 -0.376804 -0.178982
227.000000 183.000000 -0.292023 -0.178982
235.000000 183.000000 -0.266903 -0.178982
380.000000 183.000000 0.188402 -0.178982
445.000000 183.000000 0.392505 -0.178982
452.000000 183.000000 0.414485 -0.178982
509.000000 183.000000 0.593467 -0.178982
522.000000 183.000000 0.634288 -0.178982
147.000000 184.000000 -0.543226 -0.175842
369.000000 184.000000 0.153862 -0.175842
377.000000 184.000000 0.178982 -0.175842
386.000000 184.000000 0.207242 -0.175842
391.000000 184.000000 0.222943 -0.175842
415.000000 184.000000 0.298304 -0.175842
434.000000 184.000000 0.357964 -0.175842
439.000000 184.000000 0.373664 -0.175842
492.000000 184.000000 0.540086 -0.175842
498.000000 184.000000 0.558927 -0.175842
527.000000 184.000000 0.649988 -0.175842
617.000000 184.000000 0.932591 -0.175842
202.000000 185.000000 -0.370524 -0.172702
295.000000 185.000000 -0.078501 -0.172702
354.000000 185.000000 0.106761 -0.172702
356.000000 185.000000 0.113041 -0.172702
360.000000 185.000000 0.125601 -0.172702
383.000000 185.000000 0.197822 -0.172702
393.000000 185.000000 0.229223 -0.172702
421.000000 185.000000 0.317144 -0.172702
507.000000 185.000000 0.587187 -0.172702
522.000000 185.000000 0.634288 -0.172702
226.000000 186.000000 -0.295163 -0.169562
235.000000 186.000000 -0.266903 -0.169562
338.000000 186.000000 0.056521 -0.169562
389.000000 186.000000 0.216663 -0.169562
396.000000 186.000000 0.238643 -0.169562
427.000000 186.000000 0.335984 -0.169562
499.000000 186.000000 0.562067 -0.169562
344.000000 187.000000 0.075361 -0.166422
355.000000 187.000000 0.109901 -0.166422
387.000000 187.000000 0.210382 -0.166422
491.000000 187.000000 0.536946 -0.166422
522.000000 187.000000 0.634288 -0.166422
579.000000 187.000000 0.813270 -0.166422
147.000000 188.000000 -0.543226 -0.163282
203.000000 188.000000 -0.367384 -0.163282
294.000000 188.000000 -0.081641 -0.163282
297.000000 188.000000 -0.072221 -0.163282
376.000000 188.000000 0.175842 -0.163282
434.000000 188.000000 0.357964 -0.163282
228.000000 189.000000 -0.288883 -0.160142
234.000000 189.000000 -0.270043 -0.160142
308.000000 189.000000 -0.037680 -0.160142
358.000000 189.000000 0.119321 -0.160142
392.000000 189.000000 0.226083 -0.160142
451.000000 189.000000 0.411345 -0.160142
587.000000 189.000000 0.838390 -0.160142
272.000000 190.000000 -0.150722 -0.157002
340.000000 190.000000 0.062801 -0.157002
367.000000 190.000000 0.147582 -0.157002
378.000000 190.000000 0.182122 -0.157002
382.000000 190.000000 0.194682 -0.157002
500.000000 190.000000 0.565207 -0.157002
205.000000 191.000000 -0.361104 -0.153862
274.000000 191.000000 -0.144442 -0.153862
364.000000 191.000000 0.138162 -0.153862
437.000000 191.000000 0.367384 -0.153862
490.000000 191.000000 0.533806 -0.153862
505.000000 191.000000 0.580907 -0.153862
528.000000 191.000000 0.653128 -0.153862
539.000000 191.000000 0.687668 -0.153862
549.000000 191.000000 0.719069 -0.153862
227.000000 192.000000 -0.292023 -0.150722
294.000000 192.000000 -0.081641 -0.150722
307.000000 192.000000 -0.040820 -0.150722
337.000000 192.000000 0.053381 -0.150722
450.000000 192.000000 0.408205 -0.150722
89.000000 193.000000 -0.725349 -0.147582
272.000000 193.000000 -0.150722 -0.147582
282.000000 193.000000 -0.119321 -0.147582
343.000000 193.000000 0.072221 -0.147582
352.000000 193.000000 0.100481 -0.147582
372.000000 193.000000 0.163282 -0.147582
391.000000 193.000000 0.222943 -0.147582
496.000000 193.000000 0.552647 -0.147582
567.000000 193.000000 0.775589 -0.147582
293.000000 194.000000 -0.084781 -0.144442
366.000000 194.000000 0.144442 -0.144442
451.000000 194.000000 0.411345 -0.144442
455.000000 194.000000 0.423905 -0.144442
89.000000 195.000000 -0.725349 -0.141302
199.000000 195.000000 -0.379945 -0.141302
208.000000 195.000000 -0.351684 -0.141302
210.000000 195.000000 -0.345404 -0.141302
460.000000 195.000000 0.439605 -0.141302
526.000000 195.000000 0.646848 -0.141302
544.000000 195.000000 0.703368 -0.141302
225.000000 196.000000 -0.298304 -0.138162
438.000000 196.000000 0.370524 -0.138162
466.000000 196.000000 0.458445 -0.138162
497.000000 196.000000 0.555787 -0.138162
89.000000 197.000000 -0.725349 -0.135022
333.000000 197.000000 0.040820 -0.135022
405.000000 197.000000 0.266903 -0.135022
450.000000 197.000000 0.408205 -0.135022
473.000000 197.000000 0.480426 -0.135022
492.000000 197.000000 0.540086 -0.135022
538.000000 197.000000 0.684528 -0.135022
275.000000 198.000000 -0.141302 -0.131882
299.000000 198.000000 -0.065941 -0.131882
301.000000 198.000000 -0.059661 -0.131882
304.000000 198.000000 -0.050241 -0.131882
390.000000 198.000000 0.219803 -0.131882
478.000000 198.000000 0.496126 -0.131882
509.000000 198.000000 0.593467 -0.131882
592.000000 198.000000 0.854090 -0.131882
146.000000 199.000000 -0.546366 -0.128742
213.000000 199.000000 -0.335984 -0.128742
215.000000 199.000000 -0.329704 -0.128742
227.000000 199.000000 -0.292023 -0.128742
259.000000 199.000000 -0.191542 -0.128742
292.000000 199.000000 -0.087921 -0.128742
341.000000 199.000000 0.065941 -0.128742
426.000000 199.000000 0.332844 -0.128742
450.000000 199.000000 0.408205 -0.128742
458.000000 199.000000 0.433325 -0.128742
484.000000 199.000000 0.514966 -0.128742
546.000000 199.000000 0.709648 -0.128742
587.000000 199.000000 0.838390 -0.128742
286.000000 200.000000 -0.106761 -0.125601
338.000000 200.000000 0.056521 -0.125601
448.000000 200.000000 0.401925 -0.125601
464.000000 200.000000 0.452165 -0.125601
468.000000 200.000000 0.464725 -0.125601
531.000000 200.000000 0.662548 -0.125601
560.000000 200.000000 0.753609 -0.125601
624.000000 200.000000 0.954571 -0.125601
89.000000 201.000000 -0.725349 -0.122461
198.000000 201.000000 -0.383085 -0.122461
345.000000 201.000000 0.078501 -0.122461
395.000000 201.000000 0.235503 -0.122461
430.000000 201.000000 0.345404 -0.122461
470.000000 201.000000 0.471006 -0.122461
273.000000 202.000000 -0.147582 -0.119321
338.000000 202.000000 0.056521 -0.119321
342.000000 202.000000 0.069081 -0.119321
352.000000 202.000000 0.100481 -0.119321
357.000000 202.000000 0.116181 -0.119321
360.000000 202.000000 0.125601 -0.119321
450.000000 202.000000 0.408205 -0.119321
479.000000 202.000000 0.499266 -0.119321
347.000000 203.000000 0.084781 -0.116181
389.000000 203.000000 0.216663 -0.116181
486.000000 203.000000 0.521246 -0.116181
18.000000 204.000000 -0.948291 -0.113041
196.000000 204.000000 -0.389365 -0.113041
253.000000 204.000000 -0.210382 -0.113041
368.000000 204.000000 0.150722 -0.113041
371.000000 204.000000 0.160142 -0.113041
373.000000 204.000000 0.166422 -0.113041
376.000000 204.000000 0.175842 -0.113041
490.000000 204.000000 0.533806 -0.113041
499.000000 204.000000 0.562067 -0.113041
502.000000 204.000000 0.571487 -0.113041
505.000000 204.000000 0.580907 -0.113041
146.000000 205.000000 -0.546366 -0.109901
225.000000 205.000000 -0.298304 -0.109901
258.000000 205.000000 -0.194682 -0.109901
364.000000 205.000000 0.138162 -0.109901
366.000000 205.000000 0.144442 -0.109901
385.000000 205.000000 0.204102 -0.109901
448.000000 205.000000 0.401925 -0.109901
496.000000 205.000000 0.552647 -0.109901
507.000000 205.000000 0.587187 -0.109901
554.000000 205.000000 0.734769 -0.109901
596.000000 205.000000 0.866650 -0.109901
329.000000 206.000000 0.028260 -0.106761
341.000000 206.000000 0.065941 -0.106761
373.000000 206.000000 0.166422 -0.106761
379.000000 206.000000 0.185262 -0.106761
430.000000 206.000000 0.345404 -0.106761
500.000000 206.000000 0.565207 -0.106761
502.000000 206.000000 0.571487 -0.106761
520.000000 206.000000 0.628007 -0.106761
525.000000 206.000000 0.643708 -0.106761
247.000000 207.000000 -0.229223 -0.103621
332.000000 207.000000 0.037680 -0.103621
344.000000 207.000000 0.075361 -0.103621
384.000000 207.000000 0.200962 -0.103621
446.000000 207.000000 0.395645 -0.103621
506.000000 207.000000 0.584047 -0.103621
513.000000 207.000000 0.606027 -0.103621
531.000000 207.000000 0.662548 -0.103621
227.000000 208.000000 -0.292023 -0.100481
229.000000 208.000000 -0.285743 -0.100481
231.000000 208.000000 -0.279463 -0.100481
242.000000 208.000000 -0.244923 -0.100481
337.000000 208.000000 0.053381 -0.100481
490.000000 208.000000 0.533806 -0.100481
495.000000 208.000000 0.549506 -0.100481
527.000000 208.000000 0.649988 -0.100481
324.000000 209.000000 0.012560 -0.097341
353.000000 209.000000 0.103621 -0.097341
372.000000 209.000000 0.163282 -0.097341
389.000000 209.000000 0.216663 -0.097341
428.000000 209.000000 0.339124 -0.097341
446.000000 209.000000 0.395645 -0.097341
511.000000 209.000000 0.599747 -0.097341
518.000000 209.000000 0.621727 -0.097341
543.000000 209.000000 0.700228 -0.097341
591.000000 209.000000 0.850950 -0.097341
333.000000 210.000000 0.040820 -0.094201
359.000000 210.000000 0.122461 -0.094201
378.000000 210.000000 0.182122 -0.094201
525.000000 210.000000 0.643708 -0.094201
533.000000 210.000000 0.668828 -0.094201
633.000000 210.000000 0.982832 -0.094201
197.000000 211.000000 -0.386225 -0.091061
200.000000 211.000000 -0.376804 -0.091061
386.000000 211.000000 0.207242 -0.091061
445.000000 211.000000 0.392505 -0.091061
560.000000 211.000000 0.753609 -0.091061
563.000000 211.000000 0.763029 -0.091061
80.000000 212.000000 -0.753609 -0.087921
219.000000 212.000000 -0.317144 -0.087921
223.000000 212.000000 -0.304584 -0.087921
333.000000 212.000000 0.040820 -0.087921
336.000000 212.000000 0.050241 -0.087921
358.000000 212.000000 0.119321 -0.087921
515.000000 212.000000 0.612307 -0.087921
521.000000 212.000000 0.631147 -0.087921
213.000000 213.000000 -0.335984 -0.084781
325.000000 213.000000 0.015700 -0.084781
343.000000 213.000000 0.072221 -0.084781
445.000000 213.000000 0.392505 -0.084781
554.000000 213.000000 0.734769 -0.084781
363.000000 214.000000 0.135022 -0.081641
407.000000 214.000000 0.273183 -0.081641
522.000000 214.000000 0.634288 -0.081641
525.000000 214.000000 0.643708 -0.081641
203.000000 215.000000 -0.367384 -0.078501
324.000000 215.000000 0.012560 -0.078501
367.000000 215.000000 0.147582 -0.078501
389.000000 215.000000 0.216663 -0.078501
414.000000 215.000000 0.295163 -0.078501
426.000000 215.000000 0.332844 -0.078501
430.000000 215.000000 0.345404 -0.078501
444.000000 215.000000 0.389365 -0.078501
459.000000 215.000000 0.436465 -0.078501
589.000000 215.000000 0.844670 -0.078501
168.000000 216.000000 -0.477286 -0.075361
197.000000 216.000000 -0.386225 -0.075361
360.000000 216.000000 0.125601 -0.075361
362.000000 216.000000 0.131882 -0.075361
370.000000 216.000000 0.157002 -0.075361
386.000000 216.000000 0.207242 -0.075361
420.000000 216.000000 0.314004 -0.075361
498.000000 216.000000 0.558927 -0.075361
522.000000 216.000000 0.634288 -0.075361
540.000000 216.000000 0.690808 -0.075361
559.000000 216.000000 0.750469 -0.075361
315.000000 217.000000 -0.015700 -0.072221
319.000000 217.000000 -0.003140 -0.072221
377.000000 217.000000 0.178982 -0.072221
425.000000 217.000000 0.329704 -0.072221
444.000000 217.000000 0.389365 -0.072221
528.000000 217.000000 0.653128 -0.072221
557.000000 217.000000 0.744189 -0.072221
312.000000 218.000000 -0.025120 -0.069081
374.000000 218.000000 0.169562 -0.069081
388.000000 218.000000 0.213523 -0.069081
499.000000 218.000000 0.562067 -0.069081
603.000000 218.000000 0.888631 -0.069081
394.000000 219.000000 0.232363 -0.065941
427.000000 219.000000 0.335984 -0.065941
447.000000 219.000000 0.398785 -0.065941
632.000000 219.000000 0.979692 -0.065941
309.000000 220.000000 -0.034540 -0.062801
526.000000 220.000000 0.646848 -0.062801
547.000000 220.000000 0.712788 -0.062801
420.000000 221.000000 0.314004 -0.059661
423.000000 221.000000 0.323424 -0.059661
443.000000 221.000000 0.386225 -0.059661
506.000000 221.000000 0.584047 -0.059661
519.000000 221.000000 0.624867 -0.059661
142.000000 222.000000 -0.558927 -0.056521
309.000000 222.000000 -0.034540 -0.056521
395.000000 222.000000 0.235503 -0.056521
397.000000 222.000000 0.241783 -0.056521
425.000000 222.000000 0.329704 -0.056521
428.000000 222.000000 0.339124 -0.056521
100.000000 223.000000 -0.690808 -0.053381
401.000000 223.000000 0.254343 -0.053381
433.000000 223.000000 0.354824 -0.053381
439.000000 223.000000 0.373664 -0.053381
445.000000 223.000000 0.392505 -0.053381
449.000000 223.000000 0.405065 -0.053381
463.000000 223.000000 0.449025 -0.053381
502.000000 223.000000 0.571487 -0.053381
504.000000 223.000000 0.577767 -0.053381
589.000000 223.000000 0.844670 -0.053381
620.000000 223.000000 0.942011 -0.053381
140.000000 224.000000 -0.565207 -0.050241
305.000000 224.000000 -0.047101 -0.050241
395.000000 224.000000 0.235503 -0.050241
405.000000 224.000000 0.266903 -0.050241
436.000000 224.000000 0.364244 -0.050241
599.000000 224.000000 0.876070 -0.050241
632.000000 224.000000 0.979692 -0.050241
144.000000 225.000000 -0.552647 -0.047101
150.000000 225.000000 -0.533806 -0.047101
303.000000 225.000000 -0.053381 -0.047101
441.000000 225.000000 0.379945 -0.047101
444.000000 225.000000 0.389365 -0.047101
570.000000 225.000000 0.785009 -0.047101
101.000000 226.000000 -0.687668 -0.043961
301.000000 226.000000 -0.059661 -0.043961
415.000000 226.000000 0.298304 -0.043961
447.000000 226.000000 0.398785 -0.043961
450.000000 226.000000 0.408205 -0.043961
609.000000 226.000000 0.907471 -0.043961
417.000000 227.000000 0.304584 -0.040820
456.000000 227.000000 0.427045 -0.040820
478.000000 227.000000 0.496126 -0.040820
503.000000 227.000000 0.574627 -0.040820
297.000000 228.000000 -0.072221 -0.037680
463.000000 228.000000 0.449025 -0.037680
429.000000 229.000000 0.342264 -0.034540
459.000000 229.000000 0.436465 -0.034540
468.000000 229.000000 0.464725 -0.034540
508.000000 229.000000 0.590327 -0.034540
522.000000 229.000000 0.634288 -0.034540
590.000000 229.000000 0.847810 -0.034540
102.000000 230.000000 -0.684528 -0.031400
286.000000 230.000000 -0.106761 -0.031400
293.000000 230.000000 -0.084781 -0.031400
435.000000 230.000000 0.361104 -0.031400
437.000000 230.000000 0.367384 -0.031400
634.000000 230.000000 0.985972 -0.031400
87.000000 231.000000 -0.731629 -0.028260
93.000000 231.000000 -0.712788 -0.028260
291.000000 231.000000 -0.091061 -0.028260
443.000000 231.000000 0.386225 -0.028260
478.000000 231.000000 0.496126 -0.028260
482.000000 231.000000 0.508686 -0.028260
485.000000 231.000000 0.518106 -0.028260
491.000000 231.000000 0.536946 -0.028260
531.000000 231.000000 0.662548 -0.028260
589.000000 231.000000 0.844670 -0.028260
629.000000 231.000000 0.970271 -0.028260
90.000000 232.000000 -0.722209 -0.025120
101.000000 232.000000 -0.687668 -0.025120
377.000000 232.000000 0.178982 -0.025120
446.000000 232.000000 0.395645 -0.025120
86.000000 233.000000 -0.734769 -0.021980
103.000000 233.000000 -0.681388 -0.021980
285.000000 233.000000 -0.109901 -0.021980
288.000000 233.000000 -0.100481 -0.021980
381.000000 233.000000 0.191542 -0.021980
488.000000 233.000000 0.527526 -0.021980
500.000000 233.000000 0.565207 -0.021980
90.000000 234.000000 -0.722209 -0.018840
106.000000 234.000000 -0.671968 -0.018840
388.000000 234.000000 0.213523 -0.018840
391.000000 234.000000 0.222943 -0.018840
506.000000 234.000000 0.584047 -0.018840
539.000000 234.000000 0.687668 -0.018840
285.000000 235.000000 -0.109901 -0.015700
384.000000 235.000000 0.200962 -0.015700
386.000000 235.000000 0.207242 -0.015700
394.000000 235.000000 0.232363 -0.015700
402.000000 235.000000 0.257483 -0.015700
413.000000 235.000000 0.292023 -0.015700
417.000000 235.000000 0.304584 -0.015700
489.000000 235.000000 0.530666 -0.015700
70.000000 236.000000 -0.785009 -0.012560
99.000000 236.000000 -0.693948 -0.012560
419.000000 236.000000 0.310864 -0.012560
422.000000 236.000000 0.320284 -0.012560
469.000000 236.000000 0.467866 -0.012560
472.000000 236.000000 0.477286 -0.012560
487.000000 236.000000 0.524386 -0.012560
496.000000 236.000000 0.552647 -0.012560
75.000000 237.000000 -0.769309 -0.009420
104.000000 237.000000 -0.678248 -0.009420
272.000000 237.000000 -0.150722 -0.009420
277.000000 237.000000 -0.135022 -0.009420
281.000000 237.000000 -0.122461 -0.009420
391.000000 237.000000 0.222943 -0.009420
398.000000 237.000000 0.244923 -0.009420
425.000000 237.000000 0.329704 -0.009420
400.000000 238.000000 0.251203 -0.006280
430.000000 238.000000 0.345404 -0.006280
433.000000 238.000000 0.354824 -0.006280
478.000000 238.000000 0.496126 -0.006280
483.000000 238.000000 0.511826 -0.006280
509.000000 238.000000 0.593467 -0.006280
599.000000 238.000000 0.876070 -0.006280
636.000000 238.000000 0.992252 -0.006280
278.000000 239.000000 -0.131882 -0.003140
394.000000 239.000000 0.232363 -0.003140
396.000000 239.000000 0.238643 -0.003140
405.000000 239.000000 0.266903 -0.003140
436.000000 239.000000 0.364244 -0.003140
438.000000 239.000000 0.370524 -0.003140
276.000000 240.000000 -0.138162 0.000000
398.000000 240.000000 0.244923 0.000000
441.000000 240.000000 0.379945 0.000000
444.000000 240.000000 0.389365 0.000000
482.000000 240.000000 0.508686 0.000000
490.000000 240.000000 0.533806 0.000000
539.000000 240.000000 0.687668 0.000000
627.000000 240.000000 0.963991 0.000000
279.000000 241.000000 -0.128742 0.003140
408.000000 241.000000 0.276323 0.003140
549.000000 241.000000 0.719069 0.003140
508.000000 242.000000 0.590327 0.006280
271.000000 243.000000 -0.153862 0.009420
405.000000 243.000000 0.266903 0.009420
457.000000 243.000000 0.430185 0.009420
478.000000 243.000000 0.496126 0.009420
481.000000 243.000000 0.505546 0.009420
531.000000 243.000000 0.662548 0.009420
277.000000 244.000000 -0.135022 0.012560
401.000000 244.000000 0.254343 0.012560
462.000000 244.000000 0.445885 0.012560
483.000000 244.000000 0.511826 0.012560
507.000000 244.000000 0.587187 0.012560
11.000000 245.000000 -0.970271 0.015700
467.000000 245.000000 0.461585 0.015700
477.000000 245.000000 0.492986 0.015700
251.000000 246.000000 -0.216663 0.018840
276.000000 246.000000 -0.138162 0.018840
470.000000 246.000000 0.471006 0.018840
511.000000 246.000000 0.599747 0.018840
256.000000 247.000000 -0.200962 0.021980
273.000000 247.000000 -0.147582 0.021980
405.000000 247.000000 0.266903 0.021980
400.000000 248.000000 0.251203 0.025120
507.000000 248.000000 0.587187 0.025120
568.000000 248.000000 0.778729 0.025120
254.000000 249.000000 -0.207242 0.028260
270.000000 249.000000 -0.157002 0.028260
404.000000 249.000000 0.263763 0.028260
496.000000 249.000000 0.552647 0.028260
523.000000 249.000000 0.637428 0.028260
536.000000 249.000000 0.678248 0.028260
620.000000 249.000000 0.942011 0.028260
232.000000 250.000000 -0.276323 0.031400
268.000000 250.000000 -0.163282 0.031400
324.000000 250.000000 0.012560 0.031400
401.000000 250.000000 0.254343 0.031400
237.000000 251.000000 -0.260623 0.034540
476.000000 251.000000 0.489846 0.034540
545.000000 251.000000 0.706508 0.034540
601.000000 251.000000 0.882350 0.034540
255.000000 252.000000 -0.204102 0.037680
259.000000 252.000000 -0.191542 0.037680
523.000000 252.000000 0.637428 0.037680
530.000000 252.000000 0.659408 0.037680
401.000000 253.000000 0.254343 0.040820
525.000000 253.000000 0.643708 0.040820
407.000000 254.000000 0.273183 0.043961
487.000000 254.000000 0.524386 0.043961
543.000000 254.000000 0.700228 0.043961
633.000000 254.000000 0.982832 0.043961
156.000000 255.000000 -0.514966 0.047101
250.000000 255.000000 -0.219803 0.047101
471.000000 255.000000 0.474146 0.047101
530.000000 255.000000 0.659408 0.047101
87.000000 256.000000 -0.731629 0.050241
226.000000 256.000000 -0.295163 0.050241
548.000000 256.000000 0.715928 0.050241
628.000000 256.000000 0.967131 0.050241
200.000000 257.000000 -0.376804 0.053381
460.000000 257.000000 0.439605 0.053381
500.000000 257.000000 0.565207 0.053381
532.000000 257.000000 0.665688 0.053381
585.000000 257.000000 0.832110 0.053381
407.000000 258.000000 0.273183 0.056521
415.000000 258.000000 0.298304 0.056521
463.000000 258.000000 0.449025 0.056521
534.000000 258.000000 0.671968 0.056521
591.000000 258.000000 0.850950 0.056521
224.000000 259.000000 -0.301444 0.059661
243.000000 259.000000 -0.241783 0.059661
459.000000 259.000000 0.436465 0.059661
521.000000 259.000000 0.631147 0.059661
537.000000 259.000000 0.681388 0.059661
633.000000 259.000000 0.982832 0.059661
230.000000 260.000000 -0.282603 0.062801
241.000000 260.000000 -0.248063 0.062801
404.000000 260.000000 0.263763 0.062801
466.000000 260.000000 0.458445 0.062801
481.000000 260.000000 0.505546 0.062801
578.000000 260.000000 0.810130 0.062801
585.000000 260.000000 0.832110 0.062801
590.000000 260.000000 0.847810 0.062801
232.000000 261.000000 -0.276323 0.065941
235.000000 261.000000 -0.266903 0.065941
553.000000 261.000000 0.731629 0.065941
230.000000 262.000000 -0.282603 0.069081
400.000000 262.000000 0.251203 0.069081
559.000000 262.000000 0.750469 0.069081
468.000000 263.000000 0.464725 0.072221
635.000000 263.000000 0.989112 0.072221
227.000000 264.000000 -0.292023 0.075361
410.000000 264.000000 0.282603 0.075361
530.000000 264.000000 0.659408 0.075361
549.000000 264.000000 0.719069 0.075361
225.000000 265.000000 -0.298304 0.078501
451.000000 265.000000 0.411345 0.078501
469.000000 265.000000 0.467866 0.078501
235.000000 266.000000 -0.266903 0.081641
417.000000 266.000000 0.304584 0.081641
448.000000 266.000000 0.401925 0.081641
122.000000 267.000000 -0.621727 0.084781
229.000000 267.000000 -0.285743 0.084781
233.000000 267.000000 -0.273183 0.084781
43.000000 268.000000 -0.869790 0.087921
404.000000 268.000000 0.263763 0.087921
614.000000 268.000000 0.923171 0.087921
377.000000 269.000000 0.178982 0.091061
413.000000 269.000000 0.292023 0.091061
620.000000 269.000000 0.942011 0.091061
220.000000 270.000000 -0.314004 0.094201
404.000000 270.000000 0.263763 0.094201
446.000000 270.000000 0.395645 0.094201
252.000000 271.000000 -0.213523 0.097341
376.000000 271.000000 0.175842 0.097341
392.000000 271.000000 0.226083 0.097341
607.000000 271.000000 0.901191 0.097341
30.000000 272.000000 -0.910611 0.100481
231.000000 272.000000 -0.279463 0.100481
250.000000 272.000000 -0.219803 0.100481
406.000000 272.000000 0.270043 0.100481
443.000000 272.000000 0.386225 0.100481
463.000000 272.000000 0.449025 0.100481
486.000000 272.000000 0.521246 0.100481
547.000000 272.000000 0.712788 0.100481
609.000000 272.000000 0.907471 0.100481
254.000000 273.000000 -0.207242 0.103621
103.000000 274.000000 -0.681388 0.106761
256.000000 274.000000 -0.200962 0.106761
375.000000 274.000000 0.172702 0.106761
396.000000 274.000000 0.238643 0.106761
483.000000 274.000000 0.511826 0.106761
487.000000 274.000000 0.524386 0.106761
373.000000 275.000000 0.166422 0.109901
381.000000 275.000000 0.191542 0.109901
400.000000 275.000000 0.251203 0.109901
410.000000 275.000000 0.282603 0.109901
422.000000 275.000000 0.320284 0.109901
489.000000 275.000000 0.530666 0.109901
498.000000 275.000000 0.558927 0.109901
385.000000 276.000000 0.204102 0.113041
482.000000 276.000000 0.508686 0.113041
583.000000 276.000000 0.825830 0.113041
12.000000 277.000000 -0.967131 0.116181
65.000000 277.000000 -0.800709 0.116181
377.000000 277.000000 0.178982 0.116181
389.000000 277.000000 0.216663 0.116181
394.000000 277.000000 0.232363 0.116181
438.000000 277.000000 0.370524 0.116181
546.000000 277.000000 0.709648 0.116181
7.000000 278.000000 -0.982832 0.119321
140.000000 278.000000 -0.565207 0.119321
170.000000 278.000000 -0.471006 0.119321
178.000000 278.000000 -0.445885 0.119321
187.000000 278.000000 -0.417625 0.119321
250.000000 278.000000 -0.219803 0.119321
387.000000 278.000000 0.210382 0.119321
515.000000 278.000000 0.612307 0.119321
263.000000 279.000000 -0.178982 0.122461
378.000000 279.000000 0.182122 0.122461
517.000000 279.000000 0.618587 0.122461
526.000000 279.000000 0.646848 0.122461
565.000000 279.000000 0.769309 0.122461
621.000000 279.000000 0.945151 0.122461
248.000000 280.000000 -0.226083 0.125601
405.000000 280.000000 0.266903 0.125601
216.000000 281.000000 -0.326564 0.128742
584.000000 281.000000 0.828970 0.128742
91.000000 282.000000 -0.719069 0.131882
265.000000 282.000000 -0.172702 0.131882
414.000000 282.000000 0.295163 0.131882
491.000000 282.000000 0.536946 0.131882
514.000000 282.000000 0.609167 0.131882
141.000000 283.000000 -0.562067 0.135022
176.000000 283.000000 -0.452165 0.135022
260.000000 284.000000 -0.188402 0.138162
268.000000 284.000000 -0.163282 0.138162
399.000000 284.000000 0.248063 0.138162
495.000000 285.000000 0.549506 0.141302
513.000000 285.000000 0.606027 0.141302
537.000000 285.000000 0.681388 0.141302
504.000000 286.000000 0.577767 0.144442
604.000000 286.000000 0.891771 0.144442
133.000000 287.000000 -0.587187 0.147582
298.000000 287.000000 -0.069081 0.147582
311.000000 287.000000 -0.028260 0.147582
461.000000 287.000000 0.442745 0.147582
292.000000 288.000000 -0.087921 0.150722
507.000000 288.000000 0.587187 0.150722
559.000000 288.000000 0.750469 0.150722
75.000000 289.000000 -0.769309 0.153862
263.000000 289.000000 -0.178982 0.153862
471.000000 289.000000 0.474146 0.153862
481.000000 289.000000 0.505546 0.153862
577.000000 289.000000 0.806990 0.153862
230.000000 290.000000 -0.282603 0.157002
296.000000 290.000000 -0.075361 0.157002
96.000000 291.000000 -0.703368 0.160142
261.000000 291.000000 -0.185262 0.160142
233.000000 292.000000 -0.273183 0.163282
270.000000 293.000000 -0.157002 0.166422
479.000000 293.000000 0.499266 0.166422
134.000000 294.000000 -0.584047 0.169562
223.000000 294.000000 -0.304584 0.169562
229.000000 294.000000 -0.285743 0.169562
568.000000 294.000000 0.778729 0.169562
31.000000 295.000000 -0.907471 0.172702
34.000000 295.000000 -0.898051 0.172702
233.000000 295.000000 -0.273183 0.172702
248.000000 295.000000 -0.226083 0.172702
440.000000 295.000000 0.376804 0.172702
482.000000 295.000000 0.508686 0.172702
540.000000 295.000000 0.690808 0.172702
551.000000 295.000000 0.725349 0.172702
51.000000 296.000000 -0.844670 0.175842
229.000000 297.000000 -0.285743 0.178982
233.000000 297.000000 -0.273183 0.178982
357.000000 297.000000 0.116181 0.178982
516.000000 297.000000 0.615447 0.178982
614.000000 297.000000 0.923171 0.178982
68.000000 298.000000 -0.791289 0.182122
483.000000 298.000000 0.511826 0.182122
10.000000 299.000000 -0.973412 0.185262
247.000000 299.000000 -0.229223 0.185262
542.000000 299.000000 0.697088 0.185262
223.000000 300.000000 -0.304584 0.188402
528.000000 300.000000 0.653128 0.188402
598.000000 300.000000 0.872930 0.188402
631.000000 300.000000 0.976552 0.188402
4.000000 301.000000 -0.992252 0.191542
38.000000 301.000000 -0.885490 0.191542
152.000000 301.000000 -0.527526 0.191542
225.000000 301.000000 -0.298304 0.191542
354.000000 301.000000 0.106761 0.191542
358.000000 301.000000 0.119321 0.191542
541.000000 301.000000 0.693948 0.191542
555.000000 301.000000 0.737909 0.191542
609.000000 301.000000 0.907471 0.191542
183.000000 302.000000 -0.430185 0.194682
456.000000 302.000000 0.427045 0.194682
53.000000 303.000000 -0.838390 0.197822
226.000000 303.000000 -0.295163 0.197822
369.000000 303.000000 0.153862 0.197822
558.000000 303.000000 0.747329 0.197822
18.000000 304.000000 -0.948291 0.200962
23.000000 304.000000 -0.932591 0.200962
26.000000 304.000000 -0.923171 0.200962
116.000000 304.000000 -0.640568 0.200962
222.000000 304.000000 -0.307724 0.200962
246.000000 304.000000 -0.232363 0.200962
395.000000 304.000000 0.235503 0.200962
424.000000 304.000000 0.326564 0.200962
526.000000 304.000000 0.646848 0.200962
547.000000 304.000000 0.712788 0.200962
565.000000 304.000000 0.769309 0.200962
601.000000 304.000000 0.882350 0.200962
29.000000 305.000000 -0.913751 0.204102
217.000000 305.000000 -0.323424 0.204102
229.000000 305.000000 -0.285743 0.204102
390.000000 305.000000 0.219803 0.204102
581.000000 305.000000 0.819550 0.204102
623.000000 305.000000 0.951431 0.204102
145.000000 306.000000 -0.549506 0.207242
234.000000 306.000000 -0.270043 0.207242
399.000000 306.000000 0.248063 0.207242
405.000000 306.000000 0.266903 0.207242
573.000000 306.000000 0.794429 0.207242
39.000000 307.000000 -0.882350 0.210382
46.000000 307.000000 -0.860370 0.210382
216.000000 307.000000 -0.326564 0.210382
312.000000 307.000000 -0.025120 0.210382
535.000000 307.000000 0.675108 0.210382
16.000000 308.000000 -0.954571 0.213523
129.000000 308.000000 -0.599747 0.213523
390.000000 308.000000 0.219803 0.213523
422.000000 308.000000 0.320284 0.213523
466.000000 308.000000 0.458445 0.213523
572.000000 308.000000 0.791289 0.213523
586.000000 308.000000 0.835250 0.213523
609.000000 308.000000 0.907471 0.213523
55.000000 309.000000 -0.832110 0.216663
155.000000 309.000000 -0.518106 0.216663
210.000000 309.000000 -0.345404 0.216663
218.000000 309.000000 -0.320284 0.216663
366.000000 309.000000 0.144442 0.216663
392.000000 309.000000 0.226083 0.216663
482.000000 309.000000 0.508686 0.216663
28.000000 310.000000 -0.916891 0.219803
33.000000 310.000000 -0.901191 0.219803
43.000000 310.000000 -0.869790 0.219803
394.000000 310.000000 0.232363 0.219803
60.000000 311.000000 -0.816410 0.222943
399.000000 311.000000 0.248063 0.222943
411.000000 311.000000 0.285743 0.222943
417.000000 311.000000 0.304584 0.222943
609.000000 311.000000 0.907471 0.222943
128.000000 312.000000 -0.602887 0.226083
216.000000 312.000000 -0.326564 0.226083
391.000000 312.000000 0.222943 0.226083
506.000000 312.000000 0.584047 0.226083
509.000000 312.000000 0.593467 0.226083
585.000000 312.000000 0.832110 0.226083
607.000000 312.000000 0.901191 0.226083
11.000000 313.000000 -0.970271 0.229223
439.000000 313.000000 0.373664 0.229223
626.000000 313.000000 0.960851 0.229223
399.000000 314.000000 0.248063 0.232363
25.000000 315.000000 -0.926311 0.235503
252.000000 315.000000 -0.213523 0.235503
397.000000 315.000000 0.241783 0.235503
413.000000 315.000000 0.292023 0.235503
69.000000 316.000000 -0.788149 0.238643
292.000000 316.000000 -0.087921 0.238643
356.000000 316.000000 0.113041 0.238643
38.000000 317.000000 -0.885490 0.241783
396.000000 317.000000 0.238643 0.241783
453.000000 317.000000 0.417625 0.241783
613.000000 317.000000 0.920031 0.241783
618.000000 317.000000 0.935731 0.241783
33.000000 318.000000 -0.901191 0.244923
227.000000 318.000000 -0.292023 0.244923
232.000000 318.000000 -0.276323 0.244923
340.000000 318.000000 0.062801 0.244923
346.000000 318.000000 0.081641 0.244923
392.000000 318.000000 0.226083 0.244923
601.000000 318.000000 0.882350 0.244923
390.000000 319.000000 0.219803 0.248063
549.000000 319.000000 0.719069 0.248063
619.000000 319.000000 0.938871 0.248063
92.000000 320.000000 -0.715928 0.251203
127.000000 320.000000 -0.606027 0.251203
139.000000 320.000000 -0.568347 0.251203
231.000000 320.000000 -0.279463 0.251203
236.000000 320.000000 -0.263763 0.251203
330.000000 320.000000 0.031400 0.251203
533.000000 320.000000 0.668828 0.251203
560.000000 320.000000 0.753609 0.251203
591.000000 320.000000 0.850950 0.251203
27.000000 321.000000 -0.920031 0.254343
80.000000 321.000000 -0.753609 0.254343
95.000000 321.000000 -0.706508 0.254343
134.000000 321.000000 -0.584047 0.254343
421.000000 321.000000 0.317144 0.254343
554.000000 321.000000 0.734769 0.254343
570.000000 321.000000 0.785009 0.254343
631.000000 321.000000 0.976552 0.254343
14.000000 322.000000 -0.960851 0.257483
117.000000 322.000000 -0.637428 0.257483
482.000000 322.000000 0.508686 0.257483
538.000000 322.000000 0.684528 0.257483
600.000000 322.000000 0.879210 0.257483
67.000000 323.000000 -0.794429 0.260623
123.000000 323.000000 -0.618587 0.260623
324.000000 323.000000 0.012560 0.260623
348.000000 323.000000 0.087921 0.260623
416.000000 323.000000 0.301444 0.260623
422.000000 323.000000 0.320284 0.260623
552.000000 323.000000 0.728489 0.260623
583.000000 323.000000 0.825830 0.260623
25.000000 324.000000 -0.926311 0.263763
389.000000 324.000000 0.216663 0.263763
403.000000 324.000000 0.260623 0.263763
425.000000 324.000000 0.329704 0.263763
501.000000 324.000000 0.568347 0.263763
564.000000 324.000000 0.766169 0.263763
581.000000 324.000000 0.819550 0.263763
61.000000 325.000000 -0.813270 0.266903
63.000000 325.000000 -0.806990 0.266903
189.000000 325.000000 -0.411345 0.266903
214.000000 325.000000 -0.332844 0.266903
284.000000 325.000000 -0.113041 0.266903
523.000000 325.000000 0.637428 0.266903
594.000000 325.000000 0.860370 0.266903
59.000000 326.000000 -0.819550 0.270043
104.000000 326.000000 -0.678248 0.270043
208.000000 326.000000 -0.351684 0.270043
242.000000 326.000000 -0.244923 0.270043
260.000000 326.000000 -0.188402 0.270043
347.000000 326.000000 0.084781 0.270043
404.000000 326.000000 0.263763 0.270043
512.000000 326.000000 0.602887 0.270043
535.000000 326.000000 0.675108 0.270043
558.000000 326.000000 0.747329 0.270043
577.000000 326.000000 0.806990 0.270043
604.000000 326.000000 0.891771 0.270043
47.000000 327.000000 -0.857230 0.273183
96.000000 327.000000 -0.703368 0.273183
547.000000 327.000000 0.712788 0.273183
76.000000 328.000000 -0.766169 0.276323
348.000000 328.000000 0.087921 0.276323
521.000000 328.000000 0.631147 0.276323
619.000000 328.000000 0.938871 0.276323
53.000000 329.000000 -0.838390 0.279463
107.000000 329.000000 -0.668828 0.279463
113.000000 329.000000 -0.649988 0.279463
193.000000 329.000000 -0.398785 0.279463
384.000000 329.000000 0.200962 0.279463
466.000000 329.000000 0.458445 0.279463
41.000000 330.000000 -0.876070 0.282603
69.000000 330.000000 -0.788149 0.282603
167.000000 330.000000 -0.480426 0.282603
178.000000 330.000000 -0.445885 0.282603
541.000000 330.000000 0.693948 0.282603
551.000000 330.000000 0.725349 0.282603
92.000000 331.000000 -0.715928 0.285743
385.000000 331.000000 0.204102 0.285743
395.000000 331.000000 0.235503 0.285743
595.000000 331.000000 0.863510 0.285743
67.000000 332.000000 -0.794429 0.288883
81.000000 332.000000 -0.750469 0.288883
132.000000 332.000000 -0.590327 0.288883
296.000000 332.000000 -0.075361 0.288883
304.000000 332.000000 -0.050241 0.288883
612.000000 332.000000 0.916891 0.288883
391.000000 333.000000 0.222943 0.292023
518.000000 333.000000 0.621727 0.292023
6.000000 334.000000 -0.985972 0.295163
218.000000 334.000000 -0.320284 0.295163
364.000000 334.000000 0.138162 0.295163
61.000000 335.000000 -0.813270 0.298304
86.000000 335.000000 -0.734769 0.298304
105.000000 335.000000 -0.675108 0.298304
531.000000 335.000000 0.662548 0.298304
143.000000 336.000000 -0.555787 0.301444
392.000000 336.000000 0.226083 0.301444
18.000000 337.000000 -0.948291 0.304584
97.000000 337.000000 -0.700228 0.304584
148.000000 337.000000 -0.540086 0.304584
186.000000 337.000000 -0.420765 0.304584
529.000000 337.000000 0.656268 0.304584
79.000000 338.000000 -0.756749 0.307724
120.000000 338.000000 -0.628007 0.307724
401.000000 338.000000 0.254343 0.307724
150.000000 339.000000 -0.533806 0.310864
396.000000 339.000000 0.238643 0.310864
417.000000 339.000000 0.304584 0.310864
420.000000 339.000000 0.314004 0.310864
25.000000 340.000000 -0.926311 0.314004
73.000000 340.000000 -0.775589 0.314004
195.000000 340.000000 -0.392505 0.314004
404.000000 340.000000 0.263763 0.314004
444.000000 340.000000 0.389365 0.314004
583.000000 340.000000 0.825830 0.314004
13.000000 341.000000 -0.963991 0.317144
19.000000 341.000000 -0.945151 0.317144
145.000000 341.000000 -0.549506 0.317144
158.000000 341.000000 -0.508686 0.317144
193.000000 341.000000 -0.398785 0.317144
385.000000 341.000000 0.204102 0.317144
392.000000 341.000000 0.226083 0.317144
430.000000 341.000000 0.345404 0.317144
601.000000 341.000000 0.882350 0.317144
149.000000 342.000000 -0.536946 0.320284
162.000000 342.000000 -0.496126 0.320284
183.000000 342.000000 -0.430185 0.320284
235.000000 342.000000 -0.266903 0.320284
553.000000 342.000000 0.731629 0.320284
190.000000 343.000000 -0.408205 0.323424
561.000000 343.000000 0.756749 0.323424
4.000000 345.000000 -0.992252 0.329704
97.000000 345.000000 -0.700228 0.329704
143.000000 345.000000 -0.555787 0.329704
157.000000 345.000000 -0.511826 0.329704
257.000000 345.000000 -0.197822 0.329704
430.000000 345.000000 0.345404 0.329704
451.000000 345.000000 0.411345 0.329704
511.000000 345.000000 0.599747 0.329704
537.000000 345.000000 0.681388 0.329704
610.000000 345.000000 0.910611 0.329704
138.000000 346.000000 -0.571487 0.332844
173.000000 346.000000 -0.461585 0.332844
178.000000 346.000000 -0.445885 0.332844
143.000000 347.000000 -0.555787 0.335984
167.000000 347.000000 -0.480426 0.335984
213.000000 347.000000 -0.335984 0.335984
225.000000 347.000000 -0.298304 0.335984
374.000000 347.000000 0.169562 0.335984
514.000000 347.000000 0.609167 0.335984
19.000000 348.000000 -0.945151 0.339124
119.000000 348.000000 -0.631147 0.339124
219.000000 348.000000 -0.317144 0.339124
275.000000 348.000000 -0.141302 0.339124
561.000000 348.000000 0.756749 0.339124
24.000000 349.000000 -0.929451 0.342264
126.000000 349.000000 -0.609167 0.342264
234.000000 349.000000 -0.270043 0.342264
321.000000 349.000000 0.003140 0.342264
379.000000 349.000000 0.185262 0.342264
428.000000 349.000000 0.339124 0.342264
433.000000 349.000000 0.354824 0.342264
550.000000 349.000000 0.722209 0.342264
606.000000 349.000000 0.898051 0.342264
608.000000 349.000000 0.904331 0.342264
144.000000 350.000000 -0.552647 0.345404
165.000000 350.000000 -0.486706 0.345404
222.000000 350.000000 -0.307724 0.345404
283.000000 350.000000 -0.116181 0.345404
570.000000 350.000000 0.785009 0.345404
11.000000 351.000000 -0.970271 0.348544
129.000000 351.000000 -0.599747 0.348544
198.000000 351.000000 -0.383085 0.348544
228.000000 351.000000 -0.288883 0.348544
577.000000 351.000000 0.806990 0.348544
68.000000 352.000000 -0.791289 0.351684
74.000000 352.000000 -0.772449 0.351684
77.000000 352.000000 -0.763029 0.351684
175.000000 352.000000 -0.455305 0.351684
186.000000 352.000000 -0.420765 0.351684
203.000000 352.000000 -0.367384 0.351684
423.000000 352.000000 0.323424 0.351684
442.000000 352.000000 0.383085 0.351684
479.000000 353.000000 0.499266 0.354824
39.000000 354.000000 -0.882350 0.357964
102.000000 354.000000 -0.684528 0.357964
137.000000 354.000000 -0.574627 0.357964
157.000000 354.000000 -0.511826 0.357964
167.000000 354.000000 -0.480426 0.357964
208.000000 354.000000 -0.351684 0.357964
223.000000 354.000000 -0.304584 0.357964
246.000000 354.000000 -0.232363 0.357964
316.000000 354.000000 -0.012560 0.357964
395.000000 354.000000 0.235503 0.357964
77.000000 355.000000 -0.763029 0.361104
142.000000 355.000000 -0.558927 0.361104
351.000000 355.000000 0.097341 0.361104
392.000000 355.000000 0.226083 0.361104
247.000000 356.000000 -0.229223 0.364244
254.000000 356.000000 -0.207242 0.364244
380.000000 356.000000 0.188402 0.364244
137.000000 357.000000 -0.574627 0.367384
244.000000 357.000000 -0.238643 0.367384
347.000000 357.000000 0.084781 0.367384
353.000000 357.000000 0.103621 0.367384
421.000000 357.000000 0.317144 0.367384
475.000000 357.000000 0.486706 0.367384
504.000000 357.000000 0.577767 0.367384
77.000000 358.000000 -0.763029 0.370524
512.000000 358.000000 0.602887 0.370524
566.000000 358.000000 0.772449 0.370524
585.000000 358.000000 0.832110 0.370524
137.000000 359.000000 -0.574627 0.373664
152.000000 359.000000 -0.527526 0.373664
170.000000 359.000000 -0.471006 0.373664
278.000000 359.000000 -0.131882 0.373664
345.000000 359.000000 0.078501 0.373664
371.000000 359.000000 0.160142 0.373664
161.000000 360.000000 -0.499266 0.376804
193.000000 360.000000 -0.398785 0.376804
304.000000 360.000000 -0.050241 0.376804
391.000000 360.000000 0.222943 0.376804
636.000000 360.000000 0.992252 0.376804
129.000000 361.000000 -0.599747 0.379945
132.000000 361.000000 -0.590327 0.379945
177.000000 361.000000 -0.449025 0.379945
242.000000 361.000000 -0.244923 0.379945
308.000000 361.000000 -0.037680 0.379945
555.000000 361.000000 0.737909 0.379945
226.000000 362.000000 -0.295163 0.383085
109.000000 363.000000 -0.662548 0.386225
129.000000 363.000000 -0.599747 0.386225
237.000000 363.000000 -0.260623 0.386225
247.000000 363.000000 -0.229223 0.386225
396.000000 363.000000 0.238643 0.386225
75.000000 364.000000 -0.769309 0.389365
267.000000 364.000000 -0.166422 0.389365
281.000000 364.000000 -0.122461 0.389365
291.000000 364.000000 -0.091061 0.389365
320.000000 364.000000 -0.000000 0.389365
555.000000 364.000000 0.737909 0.389365
610.000000 364.000000 0.910611 0.389365
168.000000 365.000000 -0.477286 0.392505
192.000000 365.000000 -0.401925 0.392505
294.000000 365.000000 -0.081641 0.392505
111.000000 366.000000 -0.656268 0.395645
160.000000 366.000000 -0.502406 0.395645
251.000000 366.000000 -0.216663 0.395645
280.000000 366.000000 -0.125601 0.395645
633.000000 366.000000 0.982832 0.395645
94.000000 367.000000 -0.709648 0.398785
102.000000 367.000000 -0.684528 0.398785
326.000000 367.000000 0.018840 0.398785
328.000000 367.000000 0.025120 0.398785
601.000000 367.000000 0.882350 0.398785
609.000000 367.000000 0.907471 0.398785
156.000000 368.000000 -0.514966 0.401925
257.000000 368.000000 -0.197822 0.401925
297.000000 368.000000 -0.072221 0.401925
343.000000 368.000000 0.072221 0.401925
444.000000 368.000000 0.389365 0.401925
552.000000 368.000000 0.728489 0.401925
291.000000 369.000000 -0.091061 0.405065
378.000000 369.000000 0.182122 0.405065
155.000000 370.000000 -0.518106 0.408205
185.000000 370.000000 -0.423905 0.408205
256.000000 370.000000 -0.200962 0.408205
146.000000 371.000000 -0.546366 0.411345
267.000000 371.000000 -0.166422 0.411345
301.000000 371.000000 -0.059661 0.411345
399.000000 371.000000 0.248063 0.411345
565.000000 371.000000 0.769309 0.411345
584.000000 371.000000 0.828970 0.411345
170.000000 372.000000 -0.471006 0.414485
233.000000 372.000000 -0.273183 0.414485
317.000000 372.000000 -0.009420 0.414485
485.000000 372.000000 0.518106 0.414485
556.000000 372.000000 0.741049 0.414485
319.000000 373.000000 -0.003140 0.417625
397.000000 373.000000 0.241783 0.417625
409.000000 373.000000 0.279463 0.417625
41.000000 374.000000 -0.876070 0.420765
66.000000 374.000000 -0.797569 0.420765
102.000000 374.000000 -0.684528 0.420765
223.000000 374.000000 -0.304584 0.420765
226.000000 374.000000 -0.295163 0.420765
255.000000 374.000000 -0.204102 0.420765
425.000000 374.000000 0.329704 0.420765
464.000000 374.000000 0.452165 0.420765
110.000000 375.000000 -0.659408 0.423905
205.000000 375.000000 -0.361104 0.423905
435.000000 375.000000 0.361104 0.423905
585.000000 375.000000 0.832110 0.423905
35.000000 376.000000 -0.894911 0.427045
88.000000 376.000000 -0.728489 0.427045
161.000000 376.000000 -0.499266 0.427045
281.000000 376.000000 -0.122461 0.427045
328.000000 376.000000 0.025120 0.427045
433.000000 376.000000 0.354824 0.427045
443.000000 376.000000 0.386225 0.427045
470.000000 376.000000 0.471006 0.427045
496.000000 376.000000 0.552647 0.427045
551.000000 376.000000 0.725349 0.427045
563.000000 376.000000 0.763029 0.427045
17.000000 377.000000 -0.951431 0.430185
326.000000 377.000000 0.018840 0.430185
411.000000 377.000000 0.285743 0.430185
424.000000 377.000000 0.326564 0.430185
465.000000 377.000000 0.455305 0.430185
632.000000 377.000000 0.979692 0.430185
44.000000 378.000000 -0.866650 0.433325
294.000000 378.000000 -0.081641 0.433325
303.000000 378.000000 -0.053381 0.433325
347.000000 378.000000 0.084781 0.433325
507.000000 378.000000 0.587187 0.433325
573.000000 378.000000 0.794429 0.433325
195.000000 379.000000 -0.392505 0.436465
306.000000 379.000000 -0.043961 0.436465
350.000000 379.000000 0.094201 0.436465
400.000000 379.000000 0.251203 0.436465
424.000000 379.000000 0.326564 0.436465
564.000000 379.000000 0.766169 0.436465
569.000000 379.000000 0.781869 0.436465
21.000000 380.000000 -0.938871 0.439605
55.000000 380.000000 -0.832110 0.439605
354.000000 380.000000 0.106761 0.439605
367.000000 380.000000 0.147582 0.439605
378.000000 380.000000 0.182122 0.439605
582.000000 380.000000 0.822690 0.439605
356.000000 381.000000 0.113041 0.442745
359.000000 381.000000 0.122461 0.442745
380.000000 381.000000 0.188402 0.442745
393.000000 381.000000 0.229223 0.442745
406.000000 381.000000 0.270043 0.442745
463.000000 381.000000 0.449025 0.442745
73.000000 382.000000 -0.775589 0.445885
101.000000 382.000000 -0.687668 0.445885
296.000000 382.000000 -0.075361 0.445885
435.000000 382.000000 0.361104 0.445885
450.000000 382.000000 0.408205 0.445885
278.000000 383.000000 -0.131882 0.449025
364.000000 383.000000 0.138162 0.449025
388.000000 383.000000 0.213523 0.449025
394.000000 383.000000 0.232363 0.449025
78.000000 384.000000 -0.759889 0.452165
561.000000 384.000000 0.756749 0.452165
286.000000 385.000000 -0.106761 0.455305
311.000000 385.000000 -0.028260 0.455305
401.000000 385.000000 0.254343 0.455305
150.000000 386.000000 -0.533806 0.458445
351.000000 386.000000 0.097341 0.458445
366.000000 386.000000 0.144442 0.458445
94.000000 387.000000 -0.709648 0.461585
96.000000 387.000000 -0.703368 0.461585
316.000000 387.000000 -0.012560 0.461585
451.000000 387.000000 0.411345 0.461585
74.000000 388.000000 -0.772449 0.464725
345.000000 388.000000 0.078501 0.464725
400.000000 388.000000 0.251203 0.464725
621.000000 388.000000 0.945151 0.464725
153.000000 389.000000 -0.524386 0.467866
326.000000 389.000000 0.018840 0.467866
321.000000 390.000000 0.003140 0.471006
359.000000 390.000000 0.122461 0.471006
597.000000 390.000000 0.869790 0.471006
323.000000 391.000000 0.009420 0.474146
334.000000 391.000000 0.043961 0.474146
373.000000 391.000000 0.166422 0.474146
426.000000 391.000000 0.332844 0.474146
454.000000 391.000000 0.420765 0.474146
375.000000 392.000000 0.172702 0.477286
563.000000 392.000000 0.763029 0.477286
371.000000 393.000000 0.160142 0.480426
440.000000 393.000000 0.376804 0.480426
533.000000 393.000000 0.668828 0.480426
317.000000 394.000000 -0.009420 0.483566
373.000000 394.000000 0.166422 0.483566
396.000000 394.000000 0.238643 0.483566
402.000000 394.000000 0.257483 0.483566
468.000000 394.000000 0.464725 0.483566
483.000000 394.000000 0.511826 0.483566
603.000000 394.000000 0.888631 0.483566
99.000000 395.000000 -0.693948 0.486706
303.000000 395.000000 -0.053381 0.486706
424.000000 395.000000 0.326564 0.486706
492.000000 395.000000 0.540086 0.486706
555.000000 395.000000 0.737909 0.486706
128.000000 396.000000 -0.602887 0.489846
176.000000 396.000000 -0.452165 0.489846
317.000000 396.000000 -0.009420 0.489846
587.000000 396.000000 0.838390 0.489846
591.000000 396.000000 0.850950 0.489846
321.000000 397.000000 0.003140 0.492986
388.000000 397.000000 0.213523 0.492986
417.000000 397.000000 0.304584 0.492986
432.000000 397.000000 0.351684 0.492986
99.000000 398.000000 -0.693948 0.496126
303.000000 398.000000 -0.053381 0.496126
426.000000 398.000000 0.332844 0.496126
454.000000 398.000000 0.420765 0.496126
616.000000 398.000000 0.929451 0.496126
94.000000 399.000000 -0.709648 0.499266
126.000000 399.000000 -0.609167 0.499266
179.000000 399.000000 -0.442745 0.499266
390.000000 399.000000 0.219803 0.499266
405.000000 399.000000 0.266903 0.499266
415.000000 399.000000 0.298304 0.499266
420.000000 399.000000 0.314004 0.499266
47.000000 400.000000 -0.857230 0.502406
373.000000 400.000000 0.166422 0.502406
61.000000 401.000000 -0.813270 0.505546
130.000000 401.000000 -0.596607 0.505546
314.000000 401.000000 -0.018840 0.505546
318.000000 401.000000 -0.006280 0.505546
321.000000 401.000000 0.003140 0.505546
393.000000 401.000000 0.229223 0.505546
441.000000 401.000000 0.379945 0.505546
556.000000 401.000000 0.741049 0.505546
560.000000 401.000000 0.753609 0.505546
334.000000 402.000000 0.043961 0.508686
449.000000 402.000000 0.405065 0.508686
583.000000 402.000000 0.825830 0.508686
338.000000 403.000000 0.056521 0.511826
441.000000 403.000000 0.379945 0.511826
117.000000 404.000000 -0.637428 0.514966
414.000000 404.000000 0.295163 0.514966
421.000000 404.000000 0.317144 0.514966
426.000000 404.000000 0.332844 0.514966
505.000000 404.000000 0.580907 0.514966
567.000000 404.000000 0.775589 0.514966
19.000000 405.000000 -0.945151 0.518106
51.000000 405.000000 -0.844670 0.518106
126.000000 405.000000 -0.609167 0.518106
271.000000 405.000000 -0.153862 0.518106
342.000000 405.000000 0.069081 0.518106
361.000000 405.000000 0.128742 0.518106
492.000000 405.000000 0.540086 0.518106
591.000000 405.000000 0.850950 0.518106
614.000000 405.000000 0.923171 0.518106
105.000000 406.000000 -0.675108 0.521246
372.000000 406.000000 0.163282 0.521246
417.000000 406.000000 0.304584 0.521246
63.000000 407.000000 -0.806990 0.524386
318.000000 407.000000 -0.006280 0.524386
335.000000 407.000000 0.047101 0.524386
384.000000 407.000000 0.200962 0.524386
410.000000 407.000000 0.282603 0.524386
414.000000 407.000000 0.295163 0.524386
272.000000 408.000000 -0.150722 0.527526
312.000000 408.000000 -0.025120 0.527526
426.000000 408.000000 0.332844 0.527526
429.000000 408.000000 0.342264 0.527526
4.000000 409.000000 -0.992252 0.530666
170.000000 409.000000 -0.471006 0.530666
294.000000 409.000000 -0.081641 0.530666
296.000000 409.000000 -0.075361 0.530666
314.000000 409.000000 -0.018840 0.530666
390.000000 409.000000 0.219803 0.530666
411.000000 409.000000 0.285743 0.530666
466.000000 409.000000 0.458445 0.530666
76.000000 410.000000 -0.766169 0.533806
341.000000 410.000000 0.065941 0.533806
350.000000 410.000000 0.094201 0.533806
419.000000 410.000000 0.310864 0.533806
448.000000 410.000000 0.401925 0.533806
602.000000 410.000000 0.885490 0.533806
105.000000 411.000000 -0.675108 0.536946
293.000000 411.000000 -0.084781 0.536946
295.000000 411.000000 -0.078501 0.536946
11.000000 412.000000 -0.970271 0.540086
426.000000 412.000000 0.332844 0.540086
614.000000 412.000000 0.923171 0.540086
333.000000 413.000000 0.040820 0.543226
433.000000 413.000000 0.354824 0.543226
453.000000 413.000000 0.417625 0.543226
623.000000 413.000000 0.951431 0.543226
12.000000 414.000000 -0.967131 0.546366
173.000000 414.000000 -0.461585 0.546366
428.000000 414.000000 0.339124 0.546366
500.000000 414.000000 0.565207 0.546366
615.000000 414.000000 0.926311 0.546366
7.000000 415.000000 -0.982832 0.549506
633.000000 415.000000 0.982832 0.549506
270.000000 416.000000 -0.157002 0.552647
328.000000 416.000000 0.025120 0.552647
418.000000 416.000000 0.307724 0.552647
596.000000 416.000000 0.866650 0.552647
404.000000 417.000000 0.263763 0.555787
588.000000 417.000000 0.841530 0.555787
330.000000 418.000000 0.031400 0.558927
391.000000 418.000000 0.222943 0.558927
51.000000 419.000000 -0.844670 0.562067
352.000000 419.000000 0.100481 0.562067
522.000000 419.000000 0.634288 0.562067
56.000000 420.000000 -0.828970 0.565207
415.000000 420.000000 0.298304 0.565207
588.000000 420.000000 0.841530 0.565207
9.000000 421.000000 -0.976552 0.568347
121.000000 421.000000 -0.624867 0.568347
246.000000 421.000000 -0.232363 0.568347
585.000000 421.000000 0.832110 0.568347
367.000000 422.000000 0.147582 0.571487
405.000000 422.000000 0.266903 0.571487
433.000000 422.000000 0.354824 0.571487
597.000000 422.000000 0.869790 0.571487
609.000000 422.000000 0.907471 0.571487
618.000000 422.000000 0.935731 0.571487
33.000000 423.000000 -0.901191 0.574627
420.000000 423.000000 0.314004 0.574627
425.000000 423.000000 0.329704 0.574627
454.000000 423.000000 0.420765 0.574627
542.000000 423.000000 0.697088 0.574627
393.000000 424.000000 0.229223 0.577767
596.000000 424.000000 0.866650 0.577767
486.000000 425.000000 0.521246 0.580907
628.000000 425.000000 0.967131 0.580907
18.000000 426.000000 -0.948291 0.584047
621.000000 426.000000 0.945151 0.584047
121.000000 427.000000 -0.624867 0.587187
287.000000 429.000000 -0.103621 0.593467
418.000000 429.000000 0.307724 0.593467
420.000000 429.000000 0.314004 0.593467
452.000000 429.000000 0.414485 0.593467
559.000000 429.000000 0.750469 0.593467
177.000000 430.000000 -0.449025 0.596607
425.000000 430.000000 0.329704 0.596607
438.000000 430.000000 0.370524 0.596607
115.000000 431.000000 -0.643708 0.599747
260.000000 431.000000 -0.188402 0.599747
411.000000 431.000000 0.285743 0.599747
484.000000 431.000000 0.514966 0.599747
320.000000 432.000000 -0.000000 0.602887
632.000000 432.000000 0.979692 0.602887
55.000000 433.000000 -0.832110 0.606027
401.000000 433.000000 0.254343 0.606027
305.000000 434.000000 -0.047101 0.609167
409.000000 434.000000 0.279463 0.609167
416.000000 434.000000 0.301444 0.609167
479.000000 434.000000 0.499266 0.609167
400.000000 435.000000 0.251203 0.612307
402.000000 435.000000 0.257483 0.612307
470.000000 435.000000 0.471006 0.612307
604.000000 436.000000 0.891771 0.615447
628.000000 436.000000 0.967131 0.615447
504.000000 437.000000 0.577767 0.618587
593.000000 437.000000 0.857230 0.618587
234.000000 438.000000 -0.270043 0.621727
319.000000 438.000000 -0.003140 0.621727
392.000000 438.000000 0.226083 0.621727
52.000000 439.000000 -0.841530 0.624867
94.000000 439.000000 -0.709648 0.624867
328.000000 439.000000 0.025120 0.624867
23.000000 440.000000 -0.932591 0.628007
70.000000 440.000000 -0.785009 0.628007
435.000000 440.000000 0.361104 0.628007
7.000000 441.000000 -0.982832 0.631147
385.000000 441.000000 0.204102 0.631147
414.000000 441.000000 0.295163 0.631147
419.000000 441.000000 0.310864 0.631147
316.000000 442.000000 -0.012560 0.634288
427.000000 442.000000 0.335984 0.634288
438.000000 442.000000 0.370524 0.634288
394.000000 443.000000 0.232363 0.637428
406.000000 443.000000 0.270043 0.637428
76.000000 444.000000 -0.766169 0.640568
438.000000 444.000000 0.370524 0.640568
558.000000 444.000000 0.747329 0.640568
65.000000 445.000000 -0.800709 0.643708
319.000000 445.000000 -0.003140 0.643708
347.000000 445.000000 0.084781 0.643708
353.000000 445.000000 0.103621 0.643708
367.000000 445.000000 0.147582 0.643708
85.000000 446.000000 -0.737909 0.646848
114.000000 446.000000 -0.646848 0.646848
351.000000 446.000000 0.097341 0.646848
377.000000 446.000000 0.178982 0.646848
491.000000 446.000000 0.536946 0.646848
632.000000 446.000000 0.979692 0.646848
7.000000 447.000000 -0.982832 0.649988
334.000000 447.000000 0.043961 0.649988
438.000000 447.000000 0.370524 0.649988
495.000000 447.000000 0.549506 0.649988
595.000000 447.000000 0.863510 0.649988
33.000000 448.000000 -0.901191 0.653128
384.000000 448.000000 0.200962 0.653128
440.000000 448.000000 0.376804 0.653128
513.000000 448.000000 0.606027 0.653128
93.000000 449.000000 -0.712788 0.656268
327.000000 449.000000 0.021980 0.656268
342.000000 449.000000 0.069081 0.656268
404.000000 449.000000 0.263763 0.656268
449.000000 449.000000 0.405065 0.656268
605.000000 449.000000 0.894911 0.656268
357.000000 450.000000 0.116181 0.659408
367.000000 450.000000 0.147582 0.659408
374.000000 450.000000 0.169562 0.659408
83.000000 451.000000 -0.744189 0.662548
462.000000 451.000000 0.445885 0.662548
91.000000 452.000000 -0.719069 0.665688
283.000000 452.000000 -0.116181 0.665688
504.000000 453.000000 0.577767 0.668828
388.000000 454.000000 0.213523 0.671968
407.000000 454.000000 0.273183 0.671968
545.000000 454.000000 0.706508 0.671968
572.000000 454.000000 0.791289 0.671968
419.000000 455.000000 0.310864 0.675108
431.000000 455.000000 0.348544 0.675108
452.000000 455.000000 0.414485 0.675108
385.000000 456.000000 0.204102 0.678248
491.000000 457.000000 0.536946 0.681388
107.000000 458.000000 -0.668828 0.684528
347.000000 458.000000 0.084781 0.684528
408.000000 458.000000 0.276323 0.684528
469.000000 458.000000 0.467866 0.684528
353.000000 459.000000 0.103621 0.687668
437.000000 461.000000 0.367384 0.693948
607.000000 461.000000 0.901191 0.693948
347.000000 462.000000 0.084781 0.697088
504.000000 463.000000 0.577767 0.700228
397.000000 464.000000 0.241783 0.703368
409.000000 464.000000 0.279463 0.703368
433.000000 464.000000 0.354824 0.703368
409.000000 466.000000 0.279463 0.709648
424.000000 466.000000 0.326564 0.709648
449.000000 466.000000 0.405065 0.709648
301.000000 467.000000 -0.059661 0.712788
430.000000 467.000000 0.345404 0.712788
591.000000 467.000000 0.850950 0.712788
177.000000 468.000000 -0.449025 0.715928
359.000000 468.000000 0.122461 0.715928
463.000000 468.000000 0.449025 0.715928
61.000000 470.000000 -0.813270 0.722209
412.000000 470.000000 0.288883 0.722209
425.000000 470.000000 0.329704 0.722209
606.000000 470.000000 0.898051 0.722209
181.000000 471.000000 -0.436465 0.725349
403.000000 471.000000 0.260623 0.725349
41.000000 472.000000 -0.876070 0.728489
144.000000 472.000000 -0.552647 0.728489
297.000000 473.000000 -0.072221 0.731629
349.000000 473.000000 0.091061 0.731629
414.000000 473.000000 0.295163 0.731629
22.000000 475.000000 -0.935731 0.737909
424.000000 475.000000 0.326564 0.737909
267.000000 476.000000 -0.166422 0.741049
