344.000000 3.000000 0.075361 -0.744189
421.000000 3.000000 0.317144 -0.744189
579.000000 3.000000 0.813270 -0.744189
443.000000 4.000000 0.386225 -0.741049
483.000000 4.000000 0.511826 -0.741049
514.000000 4.000000 0.609167 -0.741049
345.000000 5.000000 0.078501 -0.737909
584.000000 5.000000 0.828970 -0.737909
628.000000 5.000000 0.967131 -0.737909
334.000000 6.000000 0.043961 -0.734769
431.000000 6.000000 0.348544 -0.734769
345.000000 7.000000 0.078501 -0.731629
422.000000 7.000000 0.320284 -0.731629
552.000000 7.000000 0.728489 -0.731629
343.000000 8.000000 0.072221 -0.728489
601.000000 8.000000 0.882350 -0.728489
561.000000 9.000000 0.756749 -0.725349
591.000000 10.000000 0.850950 -0.722209
344.000000 11.000000 0.075361 -0.719069
346.000000 11.000000 0.081641 -0.719069
532.000000 11.000000 0.665688 -0.719069
573.000000 12.000000 0.794429 -0.715928
537.000000 13.000000 0.681388 -0.712788
582.000000 14.000000 0.822690 -0.709648
420.000000 16.000000 0.314004 -0.703368
449.000000 17.000000 0.405065 -0.700228
337.000000 19.000000 0.053381 -0.693948
422.000000 20.000000 0.320284 -0.690808
632.000000 21.000000 0.979692 -0.687668
423.000000 22.000000 0.323424 -0.684528
494.000000 23.000000 0.546366 -0.681388
422.000000 26.000000 0.320284 -0.671968
433.000000 26.000000 0.354824 -0.671968
546.000000 26.000000 0.709648 -0.671968
349.000000 27.000000 0.091061 -0.668828
416.000000 27.000000 0.301444 -0.668828
506.000000 27.000000 0.584047 -0.668828
577.000000 27.000000 0.806990 -0.668828
451.000000 28.000000 0.411345 -0.665688
549.000000 28.000000 0.719069 -0.665688
586.000000 28.000000 0.835250 -0.665688
408.000000 29.000000 0.276323 -0.662548
423.000000 29.000000 0.323424 -0.662548
442.000000 29.000000 0.383085 -0.662548
569.000000 29.000000 0.781869 -0.662548
598.000000 29.000000 0.872930 -0.662548
543.000000 30.000000 0.700228 -0.659408
625.000000 30.000000 0.957711 -0.659408
350.000000 31.000000 0.094201 -0.656268
422.000000 33.000000 0.320284 -0.649988
582.000000 33.000000 0.822690 -0.649988
351.000000 35.000000 0.097341 -0.643708
422.000000 35.000000 0.320284 -0.643708
459.000000 37.000000 0.436465 -0.637428
593.000000 37.000000 0.857230 -0.637428
450.000000 38.000000 0.408205 -0.634288
356.000000 39.000000 0.113041 -0.631147
352.000000 40.000000 0.100481 -0.628007
354.000000 43.000000 0.106761 -0.618587
433.000000 46.000000 0.354824 -0.609167
548.000000 48.000000 0.715928 -0.602887
590.000000 49.000000 0.847810 -0.599747
630.000000 49.000000 0.973412 -0.599747
634.000000 49.000000 0.985972 -0.599747
462.000000 50.000000 0.445885 -0.596607
363.000000 51.000000 0.135022 -0.593467
386.000000 51.000000 0.207242 -0.593467
624.000000 51.000000 0.954571 -0.593467
584.000000 52.000000 0.828970 -0.590327
602.000000 52.000000 0.885490 -0.590327
339.000000 53.000000 0.059661 -0.587187
483.000000 53.000000 0.511826 -0.587187
582.000000 55.000000 0.822690 -0.580907
597.000000 55.000000 0.869790 -0.580907
338.000000 57.000000 0.056521 -0.574627
431.000000 58.000000 0.348544 -0.571487
598.000000 58.000000 0.872930 -0.571487
376.000000 59.000000 0.175842 -0.568347
416.000000 60.000000 0.301444 -0.565207
628.000000 60.000000 0.967131 -0.565207
407.000000 62.000000 0.273183 -0.558927
423.000000 62.000000 0.323424 -0.558927
401.000000 63.000000 0.254343 -0.555787
395.000000 64.000000 0.235503 -0.552647
342.000000 66.000000 0.069081 -0.546366
353.000000 66.000000 0.103621 -0.546366
384.000000 66.000000 0.200962 -0.546366
586.000000 66.000000 0.835250 -0.546366
378.000000 67.000000 0.182122 -0.543226
582.000000 67.000000 0.822690 -0.543226
372.000000 68.000000 0.163282 -0.540086
411.000000 68.000000 0.285743 -0.540086
597.000000 68.000000 0.869790 -0.540086
607.000000 68.000000 0.901191 -0.540086
352.000000 69.000000 0.100481 -0.536946
366.000000 69.000000 0.144442 -0.536946
588.000000 69.000000 0.841530 -0.536946
405.000000 70.000000 0.266903 -0.533806
580.000000 70.000000 0.816410 -0.533806
355.000000 71.000000 0.109901 -0.530666
572.000000 71.000000 0.791289 -0.530666
413.000000 72.000000 0.292023 -0.527526
563.000000 72.000000 0.763029 -0.527526
580.000000 72.000000 0.816410 -0.527526
583.000000 72.000000 0.825830 -0.527526
572.000000 73.000000 0.791289 -0.524386
592.000000 73.000000 0.854090 -0.524386
345.000000 74.000000 0.078501 -0.521246
503.000000 74.000000 0.574627 -0.521246
565.000000 74.000000 0.769309 -0.521246
579.000000 74.000000 0.813270 -0.521246
355.000000 75.000000 0.109901 -0.518106
375.000000 75.000000 0.172702 -0.518106
410.000000 75.000000 0.282603 -0.518106
495.000000 76.000000 0.549506 -0.514966
547.000000 76.000000 0.712788 -0.514966
610.000000 76.000000 0.910611 -0.514966
365.000000 77.000000 0.141302 -0.511826
392.000000 77.000000 0.226083 -0.511826
576.000000 77.000000 0.803850 -0.511826
560.000000 78.000000 0.753609 -0.508686
588.000000 78.000000 0.841530 -0.508686
568.000000 81.000000 0.778729 -0.499266
417.000000 82.000000 0.304584 -0.496126
354.000000 83.000000 0.106761 -0.492986
555.000000 83.000000 0.737909 -0.492986
609.000000 83.000000 0.907471 -0.492986
454.000000 84.000000 0.420765 -0.489846
550.000000 84.000000 0.722209 -0.489846
607.000000 84.000000 0.901191 -0.489846
552.000000 85.000000 0.728489 -0.486706
428.000000 86.000000 0.339124 -0.483566
589.000000 86.000000 0.844670 -0.483566
604.000000 86.000000 0.891771 -0.483566
624.000000 86.000000 0.954571 -0.483566
633.000000 87.000000 0.982832 -0.480426
389.000000 88.000000 0.216663 -0.477286
594.000000 90.000000 0.860370 -0.471006
355.000000 91.000000 0.109901 -0.467866
412.000000 91.000000 0.288883 -0.467866
630.000000 91.000000 0.973412 -0.467866
406.000000 92.000000 0.270043 -0.464725
590.000000 92.000000 0.847810 -0.464725
352.000000 93.000000 0.100481 -0.461585
355.000000 93.000000 0.109901 -0.461585
392.000000 93.000000 0.226083 -0.461585
399.000000 93.000000 0.248063 -0.461585
611.000000 94.000000 0.913751 -0.458445
379.000000 95.000000 0.185262 -0.455305
386.000000 95.000000 0.207242 -0.455305
355.000000 96.000000 0.109901 -0.452165
373.000000 96.000000 0.166422 -0.452165
426.000000 96.000000 0.332844 -0.452165
341.000000 97.000000 0.065941 -0.449025
366.000000 97.000000 0.144442 -0.449025
416.000000 97.000000 0.301444 -0.449025
617.000000 97.000000 0.932591 -0.449025
634.000000 97.000000 0.985972 -0.449025
561.000000 98.000000 0.756749 -0.445885
584.000000 98.000000 0.828970 -0.445885
586.000000 98.000000 0.835250 -0.445885
602.000000 98.000000 0.885490 -0.445885
626.000000 98.000000 0.960851 -0.445885
360.000000 99.000000 0.125601 -0.442745
541.000000 99.000000 0.693948 -0.442745
574.000000 99.000000 0.797569 -0.442745
582.000000 99.000000 0.822690 -0.442745
416.000000 100.000000 0.301444 -0.439605
425.000000 100.000000 0.329704 -0.439605
442.000000 101.000000 0.383085 -0.436465
504.000000 101.000000 0.577767 -0.436465
544.000000 101.000000 0.703368 -0.436465
425.000000 102.000000 0.329704 -0.433325
583.000000 102.000000 0.825830 -0.433325
636.000000 103.000000 0.992252 -0.430185
345.000000 104.000000 0.078501 -0.427045
418.000000 104.000000 0.307724 -0.427045
424.000000 104.000000 0.326564 -0.427045
426.000000 104.000000 0.332844 -0.427045
586.000000 104.000000 0.835250 -0.427045
619.000000 104.000000 0.938871 -0.427045
356.000000 106.000000 0.113041 -0.420765
532.000000 106.000000 0.665688 -0.420765
633.000000 106.000000 0.982832 -0.420765
454.000000 107.000000 0.420765 -0.417625
515.000000 107.000000 0.612307 -0.417625
590.000000 107.000000 0.847810 -0.417625
610.000000 108.000000 0.910611 -0.414485
593.000000 109.000000 0.857230 -0.411345
450.000000 110.000000 0.408205 -0.408205
582.000000 110.000000 0.822690 -0.408205
356.000000 111.000000 0.113041 -0.405065
586.000000 111.000000 0.835250 -0.405065
414.000000 112.000000 0.295163 -0.401925
567.000000 113.000000 0.775589 -0.398785
356.000000 115.000000 0.113041 -0.392505
569.000000 116.000000 0.781869 -0.389365
612.000000 116.000000 0.916891 -0.389365
627.000000 116.000000 0.963991 -0.389365
353.000000 119.000000 0.103621 -0.379945
355.000000 119.000000 0.109901 -0.379945
619.000000 119.000000 0.938871 -0.379945
407.000000 120.000000 0.273183 -0.376804
353.000000 121.000000 0.103621 -0.373664
575.000000 121.000000 0.800709 -0.373664
636.000000 121.000000 0.992252 -0.373664
357.000000 122.000000 0.116181 -0.370524
392.000000 122.000000 0.226083 -0.370524
533.000000 122.000000 0.668828 -0.370524
610.000000 122.000000 0.910611 -0.370524
417.000000 123.000000 0.304584 -0.367384
551.000000 123.000000 0.725349 -0.367384
578.000000 123.000000 0.810130 -0.367384
626.000000 123.000000 0.960851 -0.367384
584.000000 124.000000 0.828970 -0.364244
370.000000 125.000000 0.157002 -0.361104
383.000000 125.000000 0.197822 -0.361104
395.000000 125.000000 0.235503 -0.361104
416.000000 125.000000 0.301444 -0.361104
447.000000 125.000000 0.398785 -0.361104
529.000000 125.000000 0.656268 -0.361104
556.000000 125.000000 0.741049 -0.361104
362.000000 126.000000 0.131882 -0.357964
357.000000 127.000000 0.116181 -0.354824
451.000000 127.000000 0.411345 -0.354824
418.000000 128.000000 0.307724 -0.351684
592.000000 128.000000 0.854090 -0.351684
614.000000 128.000000 0.923171 -0.351684
415.000000 130.000000 0.298304 -0.345404
623.000000 130.000000 0.951431 -0.345404
358.000000 131.000000 0.119321 -0.342264
583.000000 131.000000 0.825830 -0.342264
409.000000 132.000000 0.279463 -0.339124
415.000000 132.000000 0.298304 -0.339124
616.000000 132.000000 0.929451 -0.339124
358.000000 134.000000 0.119321 -0.332844
483.000000 134.000000 0.511826 -0.332844
393.000000 135.000000 0.229223 -0.329704
415.000000 135.000000 0.298304 -0.329704
628.000000 135.000000 0.967131 -0.329704
358.000000 136.000000 0.119321 -0.326564
428.000000 136.000000 0.339124 -0.326564
343.000000 137.000000 0.072221 -0.323424
358.000000 139.000000 0.119321 -0.317144
367.000000 139.000000 0.147582 -0.317144
365.000000 141.000000 0.141302 -0.310864
394.000000 141.000000 0.232363 -0.310864
462.000000 142.000000 0.445885 -0.307724
417.000000 143.000000 0.304584 -0.304584
358.000000 144.000000 0.119321 -0.301444
358.000000 146.000000 0.119321 -0.295163
456.000000 147.000000 0.427045 -0.292023
368.000000 148.000000 0.150722 -0.288883
405.000000 148.000000 0.266903 -0.288883
416.000000 148.000000 0.301444 -0.288883
474.000000 148.000000 0.483566 -0.288883
483.000000 148.000000 0.511826 -0.288883
518.000000 148.000000 0.621727 -0.288883
575.000000 148.000000 0.800709 -0.288883
598.000000 148.000000 0.872930 -0.288883
586.000000 149.000000 0.835250 -0.285743
416.000000 150.000000 0.301444 -0.282603
477.000000 150.000000 0.492986 -0.282603
479.000000 150.000000 0.499266 -0.282603
605.000000 150.000000 0.894911 -0.282603
371.000000 151.000000 0.160142 -0.279463
379.000000 151.000000 0.185262 -0.279463
615.000000 151.000000 0.926311 -0.279463
375.000000 152.000000 0.172702 -0.276323
416.000000 152.000000 0.301444 -0.276323
633.000000 152.000000 0.982832 -0.276323
361.000000 153.000000 0.128742 -0.273183
539.000000 153.000000 0.687668 -0.273183
370.000000 154.000000 0.157002 -0.270043
433.000000 154.000000 0.354824 -0.270043
364.000000 155.000000 0.138162 -0.266903
388.000000 155.000000 0.213523 -0.266903
359.000000 156.000000 0.122461 -0.263763
381.000000 156.000000 0.191542 -0.263763
452.000000 156.000000 0.414485 -0.263763
546.000000 156.000000 0.709648 -0.263763
584.000000 156.000000 0.828970 -0.263763
384.000000 157.000000 0.200962 -0.260623
387.000000 157.000000 0.210382 -0.260623
601.000000 157.000000 0.882350 -0.260623
469.000000 158.000000 0.467866 -0.257483
532.000000 158.000000 0.665688 -0.257483
367.000000 159.000000 0.147582 -0.254343
416.000000 159.000000 0.301444 -0.254343
458.000000 159.000000 0.433325 -0.254343
465.000000 159.000000 0.455305 -0.254343
471.000000 159.000000 0.474146 -0.254343
456.000000 160.000000 0.427045 -0.251203
462.000000 160.000000 0.445885 -0.251203
359.000000 161.000000 0.122461 -0.248063
383.000000 161.000000 0.197822 -0.248063
428.000000 161.000000 0.339124 -0.248063
452.000000 161.000000 0.414485 -0.248063
418.000000 162.000000 0.307724 -0.244923
423.000000 162.000000 0.323424 -0.244923
436.000000 162.000000 0.364244 -0.244923
450.000000 162.000000 0.408205 -0.244923
371.000000 163.000000 0.160142 -0.241783
374.000000 163.000000 0.169562 -0.241783
395.000000 163.000000 0.235503 -0.241783
415.000000 163.000000 0.298304 -0.241783
421.000000 163.000000 0.317144 -0.241783
428.000000 163.000000 0.339124 -0.241783
441.000000 163.000000 0.379945 -0.241783
384.000000 164.000000 0.200962 -0.238643
430.000000 164.000000 0.345404 -0.238643
444.000000 164.000000 0.389365 -0.238643
476.000000 164.000000 0.489846 -0.238643
405.000000 165.000000 0.266903 -0.235503
407.000000 165.000000 0.273183 -0.235503
413.000000 165.000000 0.292023 -0.235503
421.000000 165.000000 0.317144 -0.235503
615.000000 165.000000 0.926311 -0.235503
368.000000 166.000000 0.150722 -0.232363
375.000000 166.000000 0.172702 -0.232363
398.000000 166.000000 0.244923 -0.232363
411.000000 166.000000 0.285743 -0.232363
455.000000 166.000000 0.423905 -0.232363
476.000000 166.000000 0.489846 -0.232363
599.000000 166.000000 0.876070 -0.232363
621.000000 166.000000 0.945151 -0.232363
371.000000 167.000000 0.160142 -0.229223
383.000000 167.000000 0.197822 -0.229223
400.000000 167.000000 0.251203 -0.229223
408.000000 167.000000 0.276323 -0.229223
463.000000 167.000000 0.449025 -0.229223
379.000000 168.000000 0.185262 -0.226083
392.000000 168.000000 0.226083 -0.226083
485.000000 168.000000 0.518106 -0.226083
382.000000 169.000000 0.194682 -0.222943
386.000000 169.000000 0.207242 -0.222943
396.000000 169.000000 0.238643 -0.222943
403.000000 169.000000 0.260623 -0.222943
616.000000 169.000000 0.929451 -0.222943
631.000000 169.000000 0.976552 -0.222943
347.000000 170.000000 0.084781 -0.219803
359.000000 170.000000 0.122461 -0.219803
371.000000 170.000000 0.160142 -0.219803
415.000000 170.000000 0.298304 -0.219803
432.000000 170.000000 0.351684 -0.219803
342.000000 171.000000 0.069081 -0.216663
362.000000 171.000000 0.131882 -0.216663
377.000000 171.000000 0.178982 -0.216663
398.000000 171.000000 0.244923 -0.216663
445.000000 171.000000 0.392505 -0.216663
616.000000 171.000000 0.929451 -0.216663
623.000000 171.000000 0.951431 -0.216663
352.000000 172.000000 0.100481 -0.213523
411.000000 172.000000 0.285743 -0.213523
524.000000 172.000000 0.640568 -0.213523
549.000000 172.000000 0.719069 -0.213523
337.000000 173.000000 0.053381 -0.210382
358.000000 173.000000 0.119321 -0.210382
434.000000 173.000000 0.357964 -0.210382
534.000000 173.000000 0.671968 -0.210382
579.000000 173.000000 0.813270 -0.210382
628.000000 173.000000 0.967131 -0.210382
630.000000 173.000000 0.973412 -0.210382
334.000000 174.000000 0.043961 -0.207242
423.000000 174.000000 0.323424 -0.207242
568.000000 174.000000 0.778729 -0.207242
587.000000 174.000000 0.838390 -0.207242
324.000000 175.000000 0.012560 -0.204102
340.000000 175.000000 0.062801 -0.204102
395.000000 175.000000 0.235503 -0.204102
415.000000 175.000000 0.298304 -0.204102
446.000000 175.000000 0.395645 -0.204102
403.000000 176.000000 0.260623 -0.200962
418.000000 176.000000 0.307724 -0.200962
423.000000 176.000000 0.323424 -0.200962
426.000000 176.000000 0.332844 -0.200962
488.000000 176.000000 0.527526 -0.200962
619.000000 176.000000 0.938871 -0.200962
624.000000 176.000000 0.954571 -0.200962
630.000000 176.000000 0.973412 -0.200962
359.000000 177.000000 0.122461 -0.197822
400.000000 177.000000 0.251203 -0.197822
407.000000 177.000000 0.273183 -0.197822
413.000000 177.000000 0.292023 -0.197822
442.000000 177.000000 0.383085 -0.197822
617.000000 177.000000 0.932591 -0.197822
375.000000 178.000000 0.172702 -0.194682
383.000000 178.000000 0.197822 -0.194682
388.000000 178.000000 0.213523 -0.194682
394.000000 178.000000 0.232363 -0.194682
474.000000 178.000000 0.483566 -0.194682
358.000000 179.000000 0.119321 -0.191542
379.000000 179.000000 0.185262 -0.191542
385.000000 179.000000 0.204102 -0.191542
413.000000 179.000000 0.292023 -0.191542
476.000000 179.000000 0.489846 -0.191542
619.000000 179.000000 0.938871 -0.191542
634.000000 179.000000 0.985972 -0.191542
323.000000 180.000000 0.009420 -0.188402
364.000000 180.000000 0.138162 -0.188402
373.000000 180.000000 0.166422 -0.188402
377.000000 180.000000 0.178982 -0.188402
387.000000 180.000000 0.210382 -0.188402
518.000000 180.000000 0.621727 -0.188402
350.000000 181.000000 0.094201 -0.185262
367.000000 181.000000 0.147582 -0.185262
431.000000 181.000000 0.348544 -0.185262
593.000000 181.000000 0.857230 -0.185262
631.000000 181.000000 0.976552 -0.185262
361.000000 182.000000 0.128742 -0.182122
413.000000 182.000000 0.292023 -0.182122
424.000000 182.000000 0.326564 -0.182122
474.000000 182.000000 0.483566 -0.182122
488.000000 182.000000 0.527526 -0.182122
349.000000 183.000000 0.091061 -0.178982
409.000000 183.000000 0.279463 -0.178982
411.000000 183.000000 0.285743 -0.178982
416.000000 183.000000 0.301444 -0.178982
443.000000 183.000000 0.386225 -0.178982
483.000000 183.000000 0.511826 -0.178982
556.000000 183.000000 0.741049 -0.178982
628.000000 183.000000 0.967131 -0.178982
376.000000 184.000000 0.175842 -0.175842
403.000000 184.000000 0.260623 -0.175842
421.000000 184.000000 0.317144 -0.175842
631.000000 184.000000 0.976552 -0.175842
391.000000 185.000000 0.222943 -0.172702
410.000000 185.000000 0.282603 -0.172702
476.000000 185.000000 0.489846 -0.172702
572.000000 185.000000 0.791289 -0.172702
382.000000 186.000000 0.194682 -0.169562
396.000000 186.000000 0.238643 -0.169562
434.000000 186.000000 0.357964 -0.169562
497.000000 186.000000 0.555787 -0.169562
581.000000 186.000000 0.819550 -0.169562
388.000000 187.000000 0.213523 -0.166422
485.000000 187.000000 0.518106 -0.166422
558.000000 187.000000 0.747329 -0.166422
361.000000 188.000000 0.128742 -0.163282
377.000000 188.000000 0.178982 -0.163282
490.000000 188.000000 0.533806 -0.163282
496.000000 188.000000 0.552647 -0.163282
629.000000 188.000000 0.970271 -0.163282
367.000000 189.000000 0.147582 -0.160142
371.000000 189.000000 0.160142 -0.160142
391.000000 189.000000 0.222943 -0.160142
401.000000 189.000000 0.254343 -0.160142
412.000000 189.000000 0.288883 -0.160142
503.000000 189.000000 0.574627 -0.160142
561.000000 189.000000 0.756749 -0.160142
603.000000 189.000000 0.888631 -0.160142
353.000000 190.000000 0.103621 -0.157002
362.000000 190.000000 0.131882 -0.157002
421.000000 190.000000 0.317144 -0.157002
474.000000 190.000000 0.483566 -0.157002
540.000000 190.000000 0.690808 -0.157002
557.000000 190.000000 0.744189 -0.157002
590.000000 190.000000 0.847810 -0.157002
613.000000 190.000000 0.920031 -0.157002
630.000000 190.000000 0.973412 -0.157002
355.000000 191.000000 0.109901 -0.153862
359.000000 191.000000 0.122461 -0.153862
386.000000 191.000000 0.207242 -0.153862
398.000000 191.000000 0.244923 -0.153862
406.000000 191.000000 0.270043 -0.153862
451.000000 191.000000 0.411345 -0.153862
497.000000 191.000000 0.555787 -0.153862
535.000000 191.000000 0.675108 -0.153862
582.000000 191.000000 0.822690 -0.153862
615.000000 191.000000 0.926311 -0.153862
350.000000 192.000000 0.094201 -0.150722
362.000000 192.000000 0.131882 -0.150722
374.000000 192.000000 0.169562 -0.150722
379.000000 192.000000 0.185262 -0.150722
383.000000 192.000000 0.197822 -0.150722
395.000000 192.000000 0.235503 -0.150722
402.000000 192.000000 0.257483 -0.150722
414.000000 192.000000 0.295163 -0.150722
429.000000 192.000000 0.342264 -0.150722
438.000000 192.000000 0.370524 -0.150722
584.000000 192.000000 0.828970 -0.150722
624.000000 192.000000 0.954571 -0.150722
352.000000 193.000000 0.100481 -0.147582
367.000000 193.000000 0.147582 -0.147582
371.000000 193.000000 0.160142 -0.147582
475.000000 193.000000 0.486706 -0.147582
551.000000 193.000000 0.725349 -0.147582
595.000000 193.000000 0.863510 -0.147582
600.000000 193.000000 0.879210 -0.147582
355.000000 194.000000 0.109901 -0.144442
361.000000 194.000000 0.128742 -0.144442
536.000000 194.000000 0.678248 -0.144442
539.000000 194.000000 0.687668 -0.144442
570.000000 194.000000 0.785009 -0.144442
583.000000 194.000000 0.825830 -0.144442
586.000000 194.000000 0.835250 -0.144442
374.000000 195.000000 0.169562 -0.141302
409.000000 195.000000 0.279463 -0.141302
414.000000 195.000000 0.295163 -0.141302
524.000000 195.000000 0.640568 -0.141302
594.000000 195.000000 0.860370 -0.141302
597.000000 195.000000 0.869790 -0.141302
636.000000 195.000000 0.992252 -0.141302
352.000000 196.000000 0.100481 -0.138162
386.000000 196.000000 0.207242 -0.138162
478.000000 196.000000 0.496126 -0.138162
502.000000 196.000000 0.571487 -0.138162
511.000000 196.000000 0.599747 -0.138162
553.000000 196.000000 0.731629 -0.138162
558.000000 196.000000 0.747329 -0.138162
619.000000 196.000000 0.938871 -0.138162
623.000000 196.000000 0.951431 -0.138162
374.000000 197.000000 0.169562 -0.135022
408.000000 197.000000 0.276323 -0.135022
412.000000 197.000000 0.288883 -0.135022
414.000000 197.000000 0.295163 -0.135022
497.000000 197.000000 0.555787 -0.135022
500.000000 197.000000 0.565207 -0.135022
524.000000 197.000000 0.640568 -0.135022
539.000000 197.000000 0.687668 -0.135022
541.000000 197.000000 0.693948 -0.135022
544.000000 197.000000 0.703368 -0.135022
570.000000 197.000000 0.785009 -0.135022
614.000000 197.000000 0.923171 -0.135022
360.000000 198.000000 0.125601 -0.131882
391.000000 198.000000 0.222943 -0.131882
404.000000 198.000000 0.263763 -0.131882
426.000000 198.000000 0.332844 -0.131882
528.000000 198.000000 0.653128 -0.131882
531.000000 198.000000 0.662548 -0.131882
553.000000 198.000000 0.731629 -0.131882
596.000000 198.000000 0.866650 -0.131882
605.000000 198.000000 0.894911 -0.131882
30.000000 199.000000 -0.910611 -0.128742
466.000000 199.000000 0.458445 -0.128742
513.000000 199.000000 0.606027 -0.128742
519.000000 199.000000 0.624867 -0.128742
538.000000 199.000000 0.684528 -0.128742
584.000000 199.000000 0.828970 -0.128742
591.000000 199.000000 0.850950 -0.128742
602.000000 199.000000 0.885490 -0.128742
635.000000 199.000000 0.989112 -0.128742
399.000000 200.000000 0.248063 -0.125601
412.000000 200.000000 0.288883 -0.125601
452.000000 200.000000 0.414485 -0.125601
496.000000 200.000000 0.552647 -0.125601
499.000000 200.000000 0.562067 -0.125601
503.000000 200.000000 0.574627 -0.125601
525.000000 200.000000 0.643708 -0.125601
334.000000 201.000000 0.043961 -0.122461
354.000000 201.000000 0.106761 -0.122461
384.000000 201.000000 0.200962 -0.122461
387.000000 201.000000 0.210382 -0.122461
420.000000 201.000000 0.314004 -0.122461
510.000000 201.000000 0.596607 -0.122461
517.000000 201.000000 0.618587 -0.122461
556.000000 201.000000 0.741049 -0.122461
32.000000 202.000000 -0.904331 -0.119321
81.000000 202.000000 -0.750469 -0.119321
219.000000 202.000000 -0.317144 -0.119321
283.000000 202.000000 -0.116181 -0.119321
311.000000 202.000000 -0.028260 -0.119321
393.000000 202.000000 0.229223 -0.119321
416.000000 202.000000 0.301444 -0.119321
478.000000 202.000000 0.496126 -0.119321
540.000000 202.000000 0.690808 -0.119321
584.000000 202.000000 0.828970 -0.119321
39.000000 203.000000 -0.882350 -0.116181
86.000000 203.000000 -0.734769 -0.116181
268.000000 203.000000 -0.163282 -0.116181
274.000000 203.000000 -0.144442 -0.116181
277.000000 203.000000 -0.135022 -0.116181
303.000000 203.000000 -0.053381 -0.116181
398.000000 203.000000 0.244923 -0.116181
405.000000 203.000000 0.266903 -0.116181
414.000000 203.000000 0.295163 -0.116181
426.000000 203.000000 0.332844 -0.116181
456.000000 203.000000 0.427045 -0.116181
500.000000 203.000000 0.565207 -0.116181
528.000000 203.000000 0.653128 -0.116181
536.000000 203.000000 0.678248 -0.116181
562.000000 203.000000 0.759889 -0.116181
27.000000 204.000000 -0.920031 -0.113041
31.000000 204.000000 -0.907471 -0.113041
197.000000 204.000000 -0.386225 -0.113041
203.000000 204.000000 -0.367384 -0.113041
205.000000 204.000000 -0.361104 -0.113041
208.000000 204.000000 -0.351684 -0.113041
313.000000 204.000000 -0.021980 -0.113041
317.000000 204.000000 -0.009420 -0.113041
347.000000 204.000000 0.084781 -0.113041
374.000000 204.000000 0.169562 -0.113041
383.000000 204.000000 0.197822 -0.113041
392.000000 204.000000 0.226083 -0.113041
510.000000 204.000000 0.596607 -0.113041
524.000000 204.000000 0.640568 -0.113041
601.000000 204.000000 0.882350 -0.113041
218.000000 205.000000 -0.320284 -0.109901
303.000000 205.000000 -0.053381 -0.109901
362.000000 205.000000 0.131882 -0.109901
370.000000 205.000000 0.157002 -0.109901
377.000000 205.000000 0.178982 -0.109901
380.000000 205.000000 0.188402 -0.109901
400.000000 205.000000 0.251203 -0.109901
418.000000 205.000000 0.307724 -0.109901
497.000000 205.000000 0.555787 -0.109901
198.000000 206.000000 -0.383085 -0.106761
202.000000 206.000000 -0.370524 -0.106761
268.000000 206.000000 -0.163282 -0.106761
288.000000 206.000000 -0.100481 -0.106761
314.000000 206.000000 -0.018840 -0.106761
391.000000 206.000000 0.222943 -0.106761
407.000000 206.000000 0.273183 -0.106761
414.000000 206.000000 0.295163 -0.106761
420.000000 206.000000 0.314004 -0.106761
440.000000 206.000000 0.376804 -0.106761
584.000000 206.000000 0.828970 -0.106761
634.000000 206.000000 0.985972 -0.106761
3.000000 207.000000 -0.995392 -0.103621
212.000000 207.000000 -0.339124 -0.103621
271.000000 207.000000 -0.153862 -0.103621
318.000000 207.000000 -0.006280 -0.103621
361.000000 207.000000 0.128742 -0.103621
366.000000 207.000000 0.144442 -0.103621
372.000000 207.000000 0.163282 -0.103621
377.000000 207.000000 0.178982 -0.103621
382.000000 207.000000 0.194682 -0.103621
394.000000 207.000000 0.232363 -0.103621
424.000000 207.000000 0.326564 -0.103621
429.000000 207.000000 0.342264 -0.103621
499.000000 207.000000 0.562067 -0.103621
553.000000 207.000000 0.731629 -0.103621
558.000000 207.000000 0.747329 -0.103621
616.000000 207.000000 0.929451 -0.103621
623.000000 207.000000 0.951431 -0.103621
628.000000 207.000000 0.967131 -0.103621
221.000000 208.000000 -0.310864 -0.100481
236.000000 208.000000 -0.263763 -0.100481
261.000000 208.000000 -0.185262 -0.100481
305.000000 208.000000 -0.047101 -0.100481
314.000000 208.000000 -0.018840 -0.100481
349.000000 208.000000 0.091061 -0.100481
380.000000 208.000000 0.188402 -0.100481
403.000000 208.000000 0.260623 -0.100481
410.000000 208.000000 0.282603 -0.100481
416.000000 208.000000 0.301444 -0.100481
538.000000 208.000000 0.684528 -0.100481
603.000000 208.000000 0.888631 -0.100481
610.000000 208.000000 0.910611 -0.100481
36.000000 209.000000 -0.891771 -0.097341
198.000000 209.000000 -0.383085 -0.097341
218.000000 209.000000 -0.320284 -0.097341
250.000000 209.000000 -0.219803 -0.097341
257.000000 209.000000 -0.197822 -0.097341
273.000000 209.000000 -0.147582 -0.097341
284.000000 209.000000 -0.113041 -0.097341
303.000000 209.000000 -0.053381 -0.097341
316.000000 209.000000 -0.012560 -0.097341
330.000000 209.000000 0.031400 -0.097341
334.000000 209.000000 0.043961 -0.097341
366.000000 209.000000 0.144442 -0.097341
390.000000 209.000000 0.219803 -0.097341
441.000000 209.000000 0.379945 -0.097341
584.000000 209.000000 0.828970 -0.097341
205.000000 210.000000 -0.361104 -0.094201
221.000000 210.000000 -0.310864 -0.094201
243.000000 210.000000 -0.241783 -0.094201
248.000000 210.000000 -0.226083 -0.094201
260.000000 210.000000 -0.188402 -0.094201
323.000000 210.000000 0.009420 -0.094201
359.000000 210.000000 0.122461 -0.094201
375.000000 210.000000 0.172702 -0.094201
379.000000 210.000000 0.185262 -0.094201
415.000000 210.000000 0.298304 -0.094201
510.000000 210.000000 0.596607 -0.094201
513.000000 210.000000 0.606027 -0.094201
529.000000 210.000000 0.656268 -0.094201
25.000000 211.000000 -0.926311 -0.091061
201.000000 211.000000 -0.373664 -0.091061
320.000000 211.000000 -0.000000 -0.091061
388.000000 211.000000 0.213523 -0.091061
498.000000 211.000000 0.558927 -0.091061
555.000000 211.000000 0.737909 -0.091061
557.000000 211.000000 0.744189 -0.091061
15.000000 212.000000 -0.957711 -0.087921
36.000000 212.000000 -0.891771 -0.087921
243.000000 212.000000 -0.241783 -0.087921
252.000000 212.000000 -0.213523 -0.087921
262.000000 212.000000 -0.182122 -0.087921
271.000000 212.000000 -0.153862 -0.087921
361.000000 212.000000 0.128742 -0.087921
412.000000 212.000000 0.288883 -0.087921
439.000000 212.000000 0.373664 -0.087921
540.000000 212.000000 0.690808 -0.087921
584.000000 212.000000 0.828970 -0.087921
607.000000 212.000000 0.901191 -0.087921
4.000000 213.000000 -0.992252 -0.084781
81.000000 213.000000 -0.750469 -0.084781
198.000000 213.000000 -0.383085 -0.084781
305.000000 213.000000 -0.047101 -0.084781
325.000000 213.000000 0.015700 -0.084781
374.000000 213.000000 0.169562 -0.084781
398.000000 213.000000 0.244923 -0.084781
401.000000 213.000000 0.254343 -0.084781
405.000000 213.000000 0.266903 -0.084781
408.000000 213.000000 0.276323 -0.084781
414.000000 213.000000 0.295163 -0.084781
519.000000 213.000000 0.624867 -0.084781
522.000000 213.000000 0.634288 -0.084781
34.000000 214.000000 -0.898051 -0.081641
38.000000 214.000000 -0.885490 -0.081641
68.000000 214.000000 -0.791289 -0.081641
70.000000 214.000000 -0.785009 -0.081641
75.000000 214.000000 -0.769309 -0.081641
77.000000 214.000000 -0.763029 -0.081641
79.000000 214.000000 -0.756749 -0.081641
83.000000 214.000000 -0.744189 -0.081641
211.000000 214.000000 -0.342264 -0.081641
243.000000 214.000000 -0.241783 -0.081641
271.000000 214.000000 -0.153862 -0.081641
293.000000 214.000000 -0.084781 -0.081641
295.000000 214.000000 -0.078501 -0.081641
354.000000 214.000000 0.106761 -0.081641
379.000000 214.000000 0.185262 -0.081641
484.000000 214.000000 0.514966 -0.081641
508.000000 214.000000 0.590327 -0.081641
616.000000 214.000000 0.929451 -0.081641
620.000000 214.000000 0.942011 -0.081641
635.000000 214.000000 0.989112 -0.081641
43.000000 215.000000 -0.869790 -0.078501
50.000000 215.000000 -0.847810 -0.078501
207.000000 215.000000 -0.354824 -0.078501
209.000000 215.000000 -0.348544 -0.078501
221.000000 215.000000 -0.310864 -0.078501
301.000000 215.000000 -0.059661 -0.078501
307.000000 215.000000 -0.040820 -0.078501
85.000000 216.000000 -0.737909 -0.075361
195.000000 216.000000 -0.392505 -0.075361
211.000000 216.000000 -0.342264 -0.075361
213.000000 216.000000 -0.335984 -0.075361
244.000000 216.000000 -0.238643 -0.075361
294.000000 216.000000 -0.081641 -0.075361
379.000000 216.000000 0.185262 -0.075361
416.000000 216.000000 0.301444 -0.075361
624.000000 216.000000 0.954571 -0.075361
636.000000 216.000000 0.992252 -0.075361
32.000000 217.000000 -0.904331 -0.072221
181.000000 217.000000 -0.436465 -0.072221
198.000000 217.000000 -0.383085 -0.072221
202.000000 217.000000 -0.370524 -0.072221
207.000000 217.000000 -0.354824 -0.072221
209.000000 217.000000 -0.348544 -0.072221
274.000000 217.000000 -0.144442 -0.072221
374.000000 217.000000 0.169562 -0.072221
583.000000 217.000000 0.825830 -0.072221
167.000000 218.000000 -0.480426 -0.069081
221.000000 218.000000 -0.310864 -0.069081
246.000000 218.000000 -0.232363 -0.069081
309.000000 218.000000 -0.034540 -0.069081
379.000000 218.000000 0.185262 -0.069081
156.000000 219.000000 -0.514966 -0.065941
159.000000 219.000000 -0.505546 -0.065941
162.000000 219.000000 -0.496126 -0.065941
177.000000 219.000000 -0.449025 -0.065941
205.000000 219.000000 -0.361104 -0.065941
213.000000 219.000000 -0.335984 -0.065941
249.000000 219.000000 -0.222943 -0.065941
374.000000 219.000000 0.169562 -0.065941
386.000000 219.000000 0.207242 -0.065941
430.000000 219.000000 0.345404 -0.065941
435.000000 219.000000 0.361104 -0.065941
442.000000 219.000000 0.383085 -0.065941
477.000000 219.000000 0.492986 -0.065941
619.000000 219.000000 0.938871 -0.065941
128.000000 220.000000 -0.602887 -0.062801
134.000000 220.000000 -0.584047 -0.062801
166.000000 220.000000 -0.483566 -0.062801
570.000000 220.000000 0.785009 -0.062801
602.000000 220.000000 0.885490 -0.062801
121.000000 221.000000 -0.624867 -0.059661
131.000000 221.000000 -0.593467 -0.059661
202.000000 221.000000 -0.370524 -0.059661
212.000000 221.000000 -0.339124 -0.059661
252.000000 221.000000 -0.213523 -0.059661
317.000000 221.000000 -0.009420 -0.059661
396.000000 221.000000 0.238643 -0.059661
517.000000 221.000000 0.618587 -0.059661
599.000000 221.000000 0.876070 -0.059661
607.000000 221.000000 0.901191 -0.059661
628.000000 221.000000 0.967131 -0.059661
14.000000 222.000000 -0.960851 -0.056521
82.000000 222.000000 -0.747329 -0.056521
88.000000 222.000000 -0.728489 -0.056521
95.000000 222.000000 -0.706508 -0.056521
101.000000 222.000000 -0.687668 -0.056521
189.000000 222.000000 -0.411345 -0.056521
206.000000 222.000000 -0.357964 -0.056521
242.000000 222.000000 -0.244923 -0.056521
278.000000 222.000000 -0.131882 -0.056521
392.000000 222.000000 0.226083 -0.056521
483.000000 222.000000 0.511826 -0.056521
498.000000 222.000000 0.558927 -0.056521
97.000000 223.000000 -0.700228 -0.053381
147.000000 223.000000 -0.543226 -0.053381
159.000000 223.000000 -0.505546 -0.053381
162.000000 223.000000 -0.496126 -0.053381
235.000000 223.000000 -0.266903 -0.053381
254.000000 223.000000 -0.207242 -0.053381
399.000000 223.000000 0.248063 -0.053381
620.000000 223.000000 0.942011 -0.053381
86.000000 224.000000 -0.734769 -0.050241
326.000000 224.000000 0.018840 -0.050241
168.000000 225.000000 -0.477286 -0.047101
189.000000 225.000000 -0.411345 -0.047101
194.000000 225.000000 -0.395645 -0.047101
214.000000 225.000000 -0.332844 -0.047101
254.000000 225.000000 -0.207242 -0.047101
373.000000 225.000000 0.166422 -0.047101
432.000000 225.000000 0.351684 -0.047101
539.000000 225.000000 0.687668 -0.047101
160.000000 226.000000 -0.502406 -0.043961
202.000000 226.000000 -0.370524 -0.043961
326.000000 226.000000 0.018840 -0.043961
392.000000 226.000000 0.226083 -0.043961
436.000000 226.000000 0.364244 -0.043961
441.000000 226.000000 0.379945 -0.043961
168.000000 227.000000 -0.477286 -0.040820
176.000000 227.000000 -0.452165 -0.040820
281.000000 227.000000 -0.122461 -0.040820
283.000000 227.000000 -0.116181 -0.040820
303.000000 227.000000 -0.053381 -0.040820
306.000000 227.000000 -0.043961 -0.040820
373.000000 227.000000 0.166422 -0.040820
422.000000 227.000000 0.320284 -0.040820
463.000000 227.000000 0.449025 -0.040820
198.000000 228.000000 -0.383085 -0.037680
203.000000 228.000000 -0.367384 -0.037680
207.000000 228.000000 -0.354824 -0.037680
389.000000 228.000000 0.216663 -0.037680
608.000000 228.000000 0.904331 -0.037680
157.000000 229.000000 -0.511826 -0.034540
214.000000 229.000000 -0.332844 -0.034540
362.000000 229.000000 0.131882 -0.034540
414.000000 229.000000 0.295163 -0.034540
417.000000 229.000000 0.304584 -0.034540
420.000000 229.000000 0.314004 -0.034540
94.000000 230.000000 -0.709648 -0.031400
160.000000 230.000000 -0.502406 -0.031400
163.000000 230.000000 -0.492986 -0.031400
400.000000 230.000000 0.251203 -0.031400
403.000000 230.000000 0.260623 -0.031400
520.000000 230.000000 0.628007 -0.031400
213.000000 231.000000 -0.335984 -0.028260
365.000000 231.000000 0.141302 -0.028260
383.000000 231.000000 0.197822 -0.028260
386.000000 231.000000 0.207242 -0.028260
408.000000 231.000000 0.276323 -0.028260
411.000000 231.000000 0.285743 -0.028260
415.000000 231.000000 0.298304 -0.028260
561.000000 231.000000 0.756749 -0.028260
148.000000 232.000000 -0.540086 -0.025120
157.000000 232.000000 -0.511826 -0.025120
163.000000 232.000000 -0.492986 -0.025120
369.000000 232.000000 0.153862 -0.025120
394.000000 232.000000 0.232363 -0.025120
397.000000 232.000000 0.241783 -0.025120
421.000000 232.000000 0.317144 -0.025120
440.000000 232.000000 0.376804 -0.025120
139.000000 233.000000 -0.568347 -0.021980
173.000000 233.000000 -0.461585 -0.021980
366.000000 233.000000 0.144442 -0.021980
377.000000 233.000000 0.178982 -0.021980
379.000000 233.000000 0.185262 -0.021980
402.000000 233.000000 0.257483 -0.021980
406.000000 233.000000 0.270043 -0.021980
408.000000 233.000000 0.276323 -0.021980
413.000000 233.000000 0.292023 -0.021980
163.000000 234.000000 -0.492986 -0.018840
214.000000 234.000000 -0.332844 -0.018840
310.000000 234.000000 -0.031400 -0.018840
385.000000 234.000000 0.204102 -0.018840
398.000000 234.000000 0.244923 -0.018840
502.000000 234.000000 0.571487 -0.018840
584.000000 234.000000 0.828970 -0.018840
621.000000 234.000000 0.945151 -0.018840
629.000000 234.000000 0.970271 -0.018840
632.000000 234.000000 0.979692 -0.018840
93.000000 235.000000 -0.712788 -0.015700
154.000000 235.000000 -0.521246 -0.015700
160.000000 235.000000 -0.502406 -0.015700
274.000000 235.000000 -0.144442 -0.015700
279.000000 235.000000 -0.128742 -0.015700
283.000000 235.000000 -0.116181 -0.015700
307.000000 235.000000 -0.040820 -0.015700
367.000000 235.000000 0.147582 -0.015700
579.000000 235.000000 0.813270 -0.015700
600.000000 235.000000 0.879210 -0.015700
142.000000 236.000000 -0.558927 -0.012560
147.000000 236.000000 -0.543226 -0.012560
150.000000 236.000000 -0.533806 -0.012560
276.000000 236.000000 -0.138162 -0.012560
421.000000 236.000000 0.317144 -0.012560
477.000000 236.000000 0.492986 -0.012560
555.000000 236.000000 0.737909 -0.012560
584.000000 236.000000 0.828970 -0.012560
138.000000 237.000000 -0.571487 -0.009420
214.000000 237.000000 -0.332844 -0.009420
363.000000 237.000000 0.135022 -0.009420
406.000000 237.000000 0.270043 -0.009420
408.000000 237.000000 0.276323 -0.009420
460.000000 237.000000 0.439605 -0.009420
471.000000 237.000000 0.474146 -0.009420
489.000000 237.000000 0.530666 -0.009420
547.000000 237.000000 0.712788 -0.009420
557.000000 237.000000 0.744189 -0.009420
564.000000 237.000000 0.766169 -0.009420
568.000000 237.000000 0.778729 -0.009420
572.000000 237.000000 0.791289 -0.009420
633.000000 237.000000 0.982832 -0.009420
211.000000 238.000000 -0.342264 -0.006280
255.000000 238.000000 -0.204102 -0.006280
388.000000 238.000000 0.213523 -0.006280
501.000000 238.000000 0.568347 -0.006280
214.000000 239.000000 -0.332844 -0.003140
365.000000 239.000000 0.141302 -0.003140
511.000000 239.000000 0.599747 -0.003140
513.000000 239.000000 0.606027 -0.003140
517.000000 239.000000 0.618587 -0.003140
520.000000 239.000000 0.628007 -0.003140
119.000000 240.000000 -0.631147 0.000000
122.000000 240.000000 -0.621727 0.000000
305.000000 240.000000 -0.047101 0.000000
377.000000 240.000000 0.178982 0.000000
417.000000 240.000000 0.304584 0.000000
495.000000 240.000000 0.549506 0.000000
499.000000 240.000000 0.562067 0.000000
255.000000 241.000000 -0.204102 0.003140
313.000000 241.000000 -0.021980 0.003140
480.000000 241.000000 0.502406 0.003140
204.000000 242.000000 -0.364244 0.006280
215.000000 242.000000 -0.329704 0.006280
427.000000 242.000000 0.335984 0.006280
477.000000 242.000000 0.492986 0.006280
43.000000 243.000000 -0.869790 0.009420
96.000000 243.000000 -0.703368 0.009420
100.000000 243.000000 -0.690808 0.009420
103.000000 243.000000 -0.681388 0.009420
305.000000 243.000000 -0.047101 0.009420
311.000000 243.000000 -0.028260 0.009420
326.000000 243.000000 0.018840 0.009420
359.000000 243.000000 0.122461 0.009420
363.000000 243.000000 0.135022 0.009420
366.000000 243.000000 0.144442 0.009420
35.000000 244.000000 -0.894911 0.012560
307.000000 244.000000 -0.040820 0.012560
309.000000 244.000000 -0.034540 0.012560
357.000000 244.000000 0.116181 0.012560
380.000000 244.000000 0.188402 0.012560
389.000000 244.000000 0.216663 0.012560
417.000000 244.000000 0.304584 0.012560
88.000000 245.000000 -0.728489 0.015700
214.000000 246.000000 -0.332844 0.018840
305.000000 246.000000 -0.047101 0.018840
424.000000 246.000000 0.326564 0.018840
616.000000 246.000000 0.929451 0.018840
6.000000 247.000000 -0.985972 0.021980
38.000000 247.000000 -0.885490 0.021980
212.000000 247.000000 -0.339124 0.021980
308.000000 247.000000 -0.037680 0.021980
325.000000 247.000000 0.015700 0.021980
438.000000 247.000000 0.370524 0.021980
620.000000 247.000000 0.942011 0.021980
626.000000 247.000000 0.960851 0.021980
90.000000 248.000000 -0.722209 0.025120
349.000000 248.000000 0.091061 0.025120
352.000000 248.000000 0.100481 0.025120
355.000000 248.000000 0.109901 0.025120
383.000000 248.000000 0.197822 0.025120
400.000000 248.000000 0.251203 0.025120
402.000000 248.000000 0.257483 0.025120
569.000000 248.000000 0.781869 0.025120
571.000000 248.000000 0.788149 0.025120
573.000000 248.000000 0.794429 0.025120
575.000000 248.000000 0.800709 0.025120
577.000000 248.000000 0.806990 0.025120
214.000000 249.000000 -0.332844 0.028260
305.000000 249.000000 -0.047101 0.028260
316.000000 249.000000 -0.012560 0.028260
357.000000 249.000000 0.116181 0.028260
361.000000 249.000000 0.128742 0.028260
366.000000 249.000000 0.144442 0.028260
376.000000 249.000000 0.175842 0.028260
389.000000 249.000000 0.216663 0.028260
408.000000 249.000000 0.276323 0.028260
553.000000 249.000000 0.731629 0.028260
561.000000 249.000000 0.756749 0.028260
320.000000 250.000000 -0.000000 0.031400
398.000000 250.000000 0.244923 0.031400
538.000000 250.000000 0.684528 0.031400
546.000000 250.000000 0.709648 0.031400
20.000000 251.000000 -0.942011 0.034540
306.000000 251.000000 -0.043961 0.034540
344.000000 251.000000 0.075361 0.034540
396.000000 251.000000 0.238643 0.034540
406.000000 251.000000 0.270043 0.034540
430.000000 251.000000 0.345404 0.034540
442.000000 251.000000 0.383085 0.034540
497.000000 251.000000 0.555787 0.034540
508.000000 251.000000 0.590327 0.034540
515.000000 251.000000 0.612307 0.034540
216.000000 252.000000 -0.326564 0.037680
281.000000 252.000000 -0.122461 0.037680
359.000000 252.000000 0.122461 0.037680
488.000000 252.000000 0.527526 0.037680
502.000000 252.000000 0.571487 0.037680
307.000000 253.000000 -0.040820 0.040820
368.000000 253.000000 0.150722 0.040820
433.000000 253.000000 0.354824 0.040820
447.000000 253.000000 0.398785 0.040820
454.000000 253.000000 0.420765 0.040820
473.000000 253.000000 0.480426 0.040820
366.000000 254.000000 0.144442 0.043961
376.000000 254.000000 0.175842 0.043961
29.000000 255.000000 -0.913751 0.047101
215.000000 255.000000 -0.329704 0.047101
359.000000 255.000000 0.122461 0.047101
440.000000 255.000000 0.376804 0.047101
447.000000 255.000000 0.398785 0.047101
5.000000 256.000000 -0.989112 0.050241
7.000000 256.000000 -0.982832 0.050241
33.000000 256.000000 -0.901191 0.050241
213.000000 256.000000 -0.335984 0.050241
283.000000 256.000000 -0.116181 0.050241
361.000000 256.000000 0.128742 0.050241
363.000000 256.000000 0.135022 0.050241
374.000000 256.000000 0.169562 0.050241
302.000000 257.000000 -0.056521 0.053381
445.000000 257.000000 0.392505 0.053381
215.000000 258.000000 -0.329704 0.056521
351.000000 258.000000 0.097341 0.056521
358.000000 258.000000 0.119321 0.056521
285.000000 259.000000 -0.109901 0.059661
576.000000 259.000000 0.803850 0.059661
217.000000 260.000000 -0.323424 0.062801
297.000000 260.000000 -0.072221 0.062801
355.000000 261.000000 0.109901 0.065941
444.000000 261.000000 0.389365 0.065941
214.000000 262.000000 -0.332844 0.069081
168.000000 263.000000 -0.477286 0.072221
217.000000 263.000000 -0.323424 0.072221
347.000000 264.000000 0.084781 0.075361
361.000000 264.000000 0.128742 0.075361
591.000000 264.000000 0.850950 0.075361
216.000000 266.000000 -0.326564 0.081641
286.000000 266.000000 -0.106761 0.081641
289.000000 266.000000 -0.097341 0.081641
226.000000 267.000000 -0.295163 0.084781
616.000000 267.000000 0.929451 0.084781
217.000000 268.000000 -0.323424 0.087921
582.000000 268.000000 0.822690 0.087921
588.000000 268.000000 0.841530 0.087921
352.000000 269.000000 0.100481 0.091061
550.000000 269.000000 0.722209 0.091061
557.000000 269.000000 0.744189 0.091061
561.000000 269.000000 0.756749 0.091061
168.000000 270.000000 -0.477286 0.094201
218.000000 270.000000 -0.320284 0.094201
511.000000 270.000000 0.599747 0.094201
522.000000 270.000000 0.634288 0.094201
171.000000 271.000000 -0.467866 0.097341
348.000000 271.000000 0.087921 0.097341
487.000000 271.000000 0.524386 0.097341
217.000000 273.000000 -0.323424 0.103621
346.000000 273.000000 0.081641 0.103621
351.000000 273.000000 0.097341 0.103621
215.000000 274.000000 -0.329704 0.106761
347.000000 275.000000 0.084781 0.109901
468.000000 275.000000 0.464725 0.109901
217.000000 276.000000 -0.323424 0.113041
445.000000 278.000000 0.392505 0.119321
466.000000 278.000000 0.458445 0.119321
219.000000 279.000000 -0.317144 0.122461
259.000000 279.000000 -0.191542 0.122461
266.000000 279.000000 -0.169562 0.122461
338.000000 279.000000 0.056521 0.122461
343.000000 279.000000 0.072221 0.122461
439.000000 279.000000 0.373664 0.122461
450.000000 279.000000 0.408205 0.122461
169.000000 280.000000 -0.474146 0.125601
42.000000 281.000000 -0.872930 0.128742
341.000000 281.000000 0.065941 0.128742
445.000000 281.000000 0.392505 0.128742
456.000000 281.000000 0.427045 0.128742
172.000000 282.000000 -0.464725 0.131882
218.000000 282.000000 -0.320284 0.131882
338.000000 282.000000 0.056521 0.131882
382.000000 282.000000 0.194682 0.131882
434.000000 282.000000 0.357964 0.131882
461.000000 282.000000 0.442745 0.131882
168.000000 283.000000 -0.477286 0.135022
331.000000 283.000000 0.034540 0.135022
440.000000 283.000000 0.376804 0.135022
47.000000 284.000000 -0.857230 0.138162
172.000000 284.000000 -0.464725 0.138162
338.000000 284.000000 0.056521 0.138162
470.000000 284.000000 0.471006 0.138162
40.000000 285.000000 -0.879210 0.141302
218.000000 285.000000 -0.320284 0.141302
253.000000 285.000000 -0.210382 0.141302
479.000000 285.000000 0.499266 0.141302
38.000000 286.000000 -0.885490 0.144442
169.000000 286.000000 -0.474146 0.144442
329.000000 286.000000 0.028260 0.144442
474.000000 286.000000 0.483566 0.144442
484.000000 286.000000 0.514966 0.144442
457.000000 287.000000 0.430185 0.147582
220.000000 288.000000 -0.314004 0.150722
338.000000 288.000000 0.056521 0.150722
472.000000 288.000000 0.477286 0.150722
491.000000 288.000000 0.536946 0.150722
39.000000 289.000000 -0.882350 0.153862
180.000000 289.000000 -0.439605 0.153862
465.000000 289.000000 0.455305 0.153862
41.000000 290.000000 -0.876070 0.157002
176.000000 290.000000 -0.452165 0.157002
328.000000 290.000000 0.025120 0.157002
470.000000 290.000000 0.471006 0.157002
479.000000 290.000000 0.499266 0.157002
181.000000 291.000000 -0.436465 0.160142
219.000000 291.000000 -0.317144 0.160142
243.000000 291.000000 -0.241783 0.160142
336.000000 291.000000 0.050241 0.160142
338.000000 291.000000 0.056521 0.160142
475.000000 291.000000 0.486706 0.160142
41.000000 292.000000 -0.876070 0.163282
194.000000 292.000000 -0.395645 0.163282
217.000000 292.000000 -0.323424 0.163282
480.000000 292.000000 0.502406 0.163282
220.000000 293.000000 -0.314004 0.166422
484.000000 294.000000 0.514966 0.169562
208.000000 295.000000 -0.351684 0.172702
220.000000 295.000000 -0.314004 0.172702
337.000000 295.000000 0.053381 0.172702
205.000000 296.000000 -0.361104 0.175842
232.000000 296.000000 -0.276323 0.175842
333.000000 296.000000 0.040820 0.175842
221.000000 297.000000 -0.310864 0.178982
228.000000 298.000000 -0.288883 0.182122
234.000000 298.000000 -0.270043 0.182122
39.000000 299.000000 -0.882350 0.185262
223.000000 299.000000 -0.304584 0.185262
232.000000 299.000000 -0.276323 0.185262
225.000000 300.000000 -0.298304 0.188402
329.000000 301.000000 0.028260 0.191542
224.000000 302.000000 -0.301444 0.194682
489.000000 302.000000 0.530666 0.194682
329.000000 303.000000 0.028260 0.197822
218.000000 305.000000 -0.320284 0.204102
324.000000 306.000000 0.012560 0.207242
492.000000 306.000000 0.540086 0.207242
6.000000 307.000000 -0.985972 0.210382
561.000000 307.000000 0.756749 0.210382
213.000000 308.000000 -0.335984 0.213523
322.000000 308.000000 0.006280 0.213523
493.000000 308.000000 0.543226 0.213523
211.000000 310.000000 -0.342264 0.219803
493.000000 310.000000 0.543226 0.219803
625.000000 310.000000 0.957711 0.219803
627.000000 311.000000 0.963991 0.222943
171.000000 312.000000 -0.467866 0.226083
207.000000 312.000000 -0.354824 0.226083
322.000000 313.000000 0.006280 0.229223
208.000000 314.000000 -0.351684 0.232363
497.000000 314.000000 0.555787 0.232363
202.000000 315.000000 -0.370524 0.235503
200.000000 316.000000 -0.376804 0.238643
503.000000 316.000000 0.574627 0.238643
628.000000 316.000000 0.967131 0.238643
495.000000 317.000000 0.549506 0.241783
506.000000 317.000000 0.584047 0.241783
56.000000 318.000000 -0.828970 0.244923
195.000000 319.000000 -0.392505 0.248063
173.000000 320.000000 -0.461585 0.251203
175.000000 320.000000 -0.455305 0.251203
317.000000 320.000000 -0.009420 0.251203
545.000000 320.000000 0.706508 0.251203
192.000000 321.000000 -0.401925 0.254343
190.000000 322.000000 -0.408205 0.257483
188.000000 323.000000 -0.414485 0.260623
634.000000 323.000000 0.985972 0.260623
174.000000 324.000000 -0.458445 0.263763
185.000000 325.000000 -0.423905 0.266903
304.000000 325.000000 -0.050241 0.266903
516.000000 325.000000 0.615447 0.266903
518.000000 325.000000 0.621727 0.266903
578.000000 325.000000 0.810130 0.266903
183.000000 326.000000 -0.430185 0.270043
310.000000 326.000000 -0.031400 0.270043
313.000000 326.000000 -0.021980 0.270043
179.000000 328.000000 -0.442745 0.276323
181.000000 328.000000 -0.436465 0.276323
311.000000 328.000000 -0.028260 0.276323
515.000000 328.000000 0.612307 0.276323
390.000000 330.000000 0.219803 0.282603
309.000000 331.000000 -0.034540 0.285743
579.000000 331.000000 0.813270 0.285743
172.000000 332.000000 -0.464725 0.288883
583.000000 332.000000 0.825830 0.288883
626.000000 334.000000 0.960851 0.295163
148.000000 335.000000 -0.540086 0.298304
167.000000 335.000000 -0.480426 0.298304
294.000000 335.000000 -0.081641 0.298304
574.000000 335.000000 0.797569 0.298304
5.000000 336.000000 -0.989112 0.301444
504.000000 337.000000 0.577767 0.304584
305.000000 338.000000 -0.047101 0.307724
578.000000 339.000000 0.810130 0.310864
306.000000 340.000000 -0.043961 0.314004
524.000000 341.000000 0.640568 0.317144
409.000000 344.000000 0.279463 0.326564
301.000000 345.000000 -0.059661 0.329704
7.000000 349.000000 -0.982832 0.342264
504.000000 351.000000 0.577767 0.348544
15.000000 353.000000 -0.957711 0.354824
282.000000 353.000000 -0.119321 0.354824
289.000000 354.000000 -0.097341 0.357964
291.000000 355.000000 -0.091061 0.361104
636.000000 355.000000 0.992252 0.361104
289.000000 357.000000 -0.097341 0.367384
529.000000 357.000000 0.656268 0.367384
557.000000 357.000000 0.744189 0.367384
107.000000 359.000000 -0.668828 0.373664
287.000000 359.000000 -0.103621 0.373664
545.000000 359.000000 0.706508 0.373664
366.000000 362.000000 0.144442 0.383085
551.000000 363.000000 0.725349 0.386225
245.000000 366.000000 -0.235503 0.395645
297.000000 367.000000 -0.072221 0.398785
15.000000 370.000000 -0.957711 0.408205
268.000000 370.000000 -0.163282 0.408205
363.000000 370.000000 0.135022 0.408205
532.000000 374.000000 0.665688 0.420765
548.000000 374.000000 0.715928 0.420765
117.000000 375.000000 -0.637428 0.423905
63.000000 376.000000 -0.806990 0.427045
35.000000 377.000000 -0.894911 0.430185
37.000000 377.000000 -0.888631 0.430185
295.000000 379.000000 -0.078501 0.436465
556.000000 380.000000 0.741049 0.439605
12.000000 381.000000 -0.967131 0.442745
137.000000 381.000000 -0.574627 0.442745
231.000000 381.000000 -0.279463 0.442745
593.000000 381.000000 0.857230 0.442745
286.000000 384.000000 -0.106761 0.452165
391.000000 384.000000 0.222943 0.452165
284.000000 385.000000 -0.113041 0.455305
561.000000 385.000000 0.756749 0.455305
248.000000 387.000000 -0.226083 0.461585
250.000000 387.000000 -0.219803 0.461585
253.000000 387.000000 -0.210382 0.461585
512.000000 387.000000 0.602887 0.461585
547.000000 387.000000 0.712788 0.461585
602.000000 387.000000 0.885490 0.461585
300.000000 389.000000 -0.062801 0.467866
554.000000 389.000000 0.734769 0.467866
602.000000 392.000000 0.885490 0.477286
20.000000 393.000000 -0.942011 0.480426
54.000000 394.000000 -0.835250 0.483566
69.000000 395.000000 -0.788149 0.486706
565.000000 395.000000 0.769309 0.486706
85.000000 396.000000 -0.737909 0.489846
614.000000 396.000000 0.923171 0.489846
51.000000 398.000000 -0.844670 0.496126
499.000000 398.000000 0.562067 0.496126
59.000000 399.000000 -0.819550 0.499266
579.000000 402.000000 0.813270 0.508686
8.000000 403.000000 -0.979692 0.511826
215.000000 404.000000 -0.329704 0.514966
512.000000 404.000000 0.602887 0.514966
7.000000 405.000000 -0.982832 0.518106
211.000000 405.000000 -0.342264 0.518106
242.000000 405.000000 -0.244923 0.518106
247.000000 407.000000 -0.229223 0.524386
253.000000 407.000000 -0.210382 0.524386
256.000000 407.000000 -0.200962 0.524386
234.000000 408.000000 -0.270043 0.527526
238.000000 409.000000 -0.257483 0.530666
241.000000 409.000000 -0.248063 0.530666
509.000000 409.000000 0.593467 0.530666
264.000000 410.000000 -0.175842 0.533806
324.000000 410.000000 0.012560 0.533806
497.000000 410.000000 0.555787 0.533806
253.000000 411.000000 -0.210382 0.536946
372.000000 413.000000 0.163282 0.543226
610.000000 413.000000 0.910611 0.543226
9.000000 417.000000 -0.976552 0.555787
16.000000 417.000000 -0.954571 0.555787
515.000000 418.000000 0.612307 0.558927
565.000000 421.000000 0.769309 0.568347
228.000000 422.000000 -0.288883 0.571487
583.000000 422.000000 0.825830 0.571487
606.000000 422.000000 0.898051 0.571487
71.000000 423.000000 -0.781869 0.574627
616.000000 423.000000 0.929451 0.574627
256.000000 426.000000 -0.200962 0.584047
475.000000 426.000000 0.486706 0.584047
110.000000 427.000000 -0.659408 0.587187
457.000000 428.000000 0.430185 0.590327
576.000000 428.000000 0.803850 0.590327
634.000000 428.000000 0.985972 0.590327
571.000000 429.000000 0.788149 0.593467
250.000000 432.000000 -0.219803 0.602887
613.000000 432.000000 0.920031 0.602887
429.000000 433.000000 0.342264 0.606027
597.000000 434.000000 0.869790 0.609167
217.000000 436.000000 -0.323424 0.615447
305.000000 436.000000 -0.047101 0.615447
395.000000 436.000000 0.235503 0.615447
610.000000 436.000000 0.910611 0.615447
213.000000 437.000000 -0.335984 0.618587
250.000000 437.000000 -0.219803 0.618587
522.000000 437.000000 0.634288 0.618587
526.000000 437.000000 0.646848 0.618587
179.000000 438.000000 -0.442745 0.621727
579.000000 438.000000 0.813270 0.621727
594.000000 438.000000 0.860370 0.621727
600.000000 438.000000 0.879210 0.621727
209.000000 440.000000 -0.348544 0.628007
527.000000 441.000000 0.649988 0.631147
561.000000 441.000000 0.756749 0.631147
249.000000 442.000000 -0.222943 0.634288
305.000000 443.000000 -0.047101 0.637428
569.000000 444.000000 0.781869 0.640568
564.000000 447.000000 0.766169 0.649988
567.000000 449.000000 0.775589 0.656268
488.000000 451.000000 0.527526 0.662548
580.000000 451.000000 0.816410 0.662548
506.000000 452.000000 0.584047 0.665688
567.000000 452.000000 0.775589 0.665688
624.000000 452.000000 0.954571 0.665688
442.000000 454.000000 0.383085 0.671968
465.000000 454.000000 0.455305 0.671968
558.000000 456.000000 0.747329 0.678248
604.000000 456.000000 0.891771 0.678248
626.000000 456.000000 0.960851 0.678248
547.000000 457.000000 0.712788 0.681388
590.000000 458.000000 0.847810 0.684528
64.000000 460.000000 -0.803850 0.690808
616.000000 460.000000 0.929451 0.690808
567.000000 461.000000 0.775589 0.693948
277.000000 463.000000 -0.135022 0.700228
509.000000 463.000000 0.593467 0.700228
404.000000 467.000000 0.263763 0.712788
146.000000 468.000000 -0.546366 0.715928
267.000000 469.000000 -0.166422 0.719069
615.000000 470.000000 0.926311 0.722209
503.000000 474.000000 0.574627 0.734769
547.000000 476.000000 0.712788 0.741049
