312.000000 3.000000 -0.025120 -0.744189
614.000000 4.000000 0.923171 -0.741049
320.000000 5.000000 -0.000000 -0.737909
320.000000 7.000000 -0.000000 -0.731629
400.000000 7.000000 0.251203 -0.731629
488.000000 9.000000 0.527526 -0.725349
323.000000 11.000000 0.009420 -0.719069
468.000000 11.000000 0.464725 -0.719069
555.000000 11.000000 0.737909 -0.719069
401.000000 12.000000 0.254343 -0.715928
561.000000 12.000000 0.756749 -0.715928
617.000000 12.000000 0.932591 -0.715928
602.000000 13.000000 0.885490 -0.712788
608.000000 13.000000 0.904331 -0.712788
631.000000 13.000000 0.976552 -0.712788
401.000000 14.000000 0.254343 -0.709648
561.000000 15.000000 0.756749 -0.706508
604.000000 15.000000 0.891771 -0.706508
619.000000 15.000000 0.938871 -0.706508
486.000000 17.000000 0.521246 -0.700228
402.000000 20.000000 0.257483 -0.690808
564.000000 20.000000 0.766169 -0.690808
325.000000 21.000000 0.015700 -0.687668
402.000000 23.000000 0.257483 -0.681388
327.000000 24.000000 0.021980 -0.678248
534.000000 24.000000 0.671968 -0.678248
562.000000 24.000000 0.759889 -0.678248
395.000000 25.000000 0.235503 -0.675108
315.000000 26.000000 -0.015700 -0.671968
317.000000 26.000000 -0.009420 -0.671968
562.000000 27.000000 0.759889 -0.668828
570.000000 27.000000 0.785009 -0.668828
633.000000 27.000000 0.982832 -0.668828
317.000000 29.000000 -0.009420 -0.662548
328.000000 29.000000 0.025120 -0.662548
403.000000 29.000000 0.260623 -0.662548
538.000000 29.000000 0.684528 -0.662548
542.000000 29.000000 0.697088 -0.662548
634.000000 29.000000 0.985972 -0.662548
433.000000 30.000000 0.354824 -0.659408
506.000000 30.000000 0.584047 -0.659408
569.000000 31.000000 0.781869 -0.656268
593.000000 31.000000 0.857230 -0.656268
403.000000 32.000000 0.260623 -0.653128
634.000000 32.000000 0.985972 -0.653128
631.000000 34.000000 0.976552 -0.646848
391.000000 35.000000 0.222943 -0.643708
469.000000 35.000000 0.467866 -0.643708
527.000000 36.000000 0.649988 -0.640568
541.000000 36.000000 0.693948 -0.640568
331.000000 37.000000 0.034540 -0.637428
407.000000 37.000000 0.273183 -0.637428
418.000000 37.000000 0.307724 -0.637428
445.000000 37.000000 0.392505 -0.637428
404.000000 38.000000 0.263763 -0.634288
601.000000 38.000000 0.882350 -0.634288
445.000000 39.000000 0.392505 -0.631147
450.000000 39.000000 0.408205 -0.631147
614.000000 39.000000 0.923171 -0.631147
404.000000 40.000000 0.263763 -0.628007
332.000000 42.000000 0.037680 -0.621727
439.000000 42.000000 0.373664 -0.621727
607.000000 44.000000 0.901191 -0.615447
405.000000 46.000000 0.266903 -0.609167
336.000000 49.000000 0.050241 -0.599747
405.000000 49.000000 0.266903 -0.599747
564.000000 50.000000 0.766169 -0.596607
579.000000 50.000000 0.813270 -0.596607
335.000000 51.000000 0.047101 -0.593467
606.000000 51.000000 0.898051 -0.593467
346.000000 52.000000 0.081641 -0.590327
523.000000 52.000000 0.637428 -0.590327
335.000000 53.000000 0.047101 -0.587187
591.000000 53.000000 0.850950 -0.587187
595.000000 53.000000 0.863510 -0.587187
555.000000 54.000000 0.737909 -0.584047
392.000000 55.000000 0.226083 -0.580907
587.000000 55.000000 0.838390 -0.580907
590.000000 55.000000 0.847810 -0.580907
406.000000 56.000000 0.270043 -0.577767
321.000000 57.000000 0.003140 -0.574627
590.000000 57.000000 0.847810 -0.574627
633.000000 57.000000 0.982832 -0.574627
406.000000 58.000000 0.270043 -0.571487
411.000000 58.000000 0.285743 -0.571487
550.000000 58.000000 0.722209 -0.571487
585.000000 58.000000 0.832110 -0.571487
596.000000 58.000000 0.866650 -0.571487
573.000000 59.000000 0.794429 -0.568347
579.000000 59.000000 0.813270 -0.568347
587.000000 59.000000 0.838390 -0.568347
559.000000 60.000000 0.750469 -0.565207
614.000000 60.000000 0.923171 -0.565207
399.000000 61.000000 0.248063 -0.562067
431.000000 61.000000 0.348544 -0.562067
605.000000 61.000000 0.894911 -0.562067
541.000000 62.000000 0.693948 -0.558927
619.000000 62.000000 0.938871 -0.558927
565.000000 63.000000 0.769309 -0.555787
407.000000 64.000000 0.273183 -0.552647
321.000000 65.000000 0.003140 -0.549506
407.000000 66.000000 0.273183 -0.546366
340.000000 67.000000 0.062801 -0.543226
394.000000 67.000000 0.232363 -0.543226
463.000000 67.000000 0.449025 -0.543226
612.000000 67.000000 0.916891 -0.543226
574.000000 68.000000 0.797569 -0.540086
385.000000 69.000000 0.204102 -0.536946
408.000000 69.000000 0.276323 -0.536946
572.000000 70.000000 0.791289 -0.533806
324.000000 71.000000 0.012560 -0.530666
336.000000 71.000000 0.050241 -0.530666
376.000000 71.000000 0.175842 -0.530666
631.000000 71.000000 0.976552 -0.530666
372.000000 72.000000 0.163282 -0.527526
408.000000 72.000000 0.276323 -0.527526
367.000000 73.000000 0.147582 -0.524386
336.000000 74.000000 0.050241 -0.521246
363.000000 74.000000 0.135022 -0.521246
408.000000 74.000000 0.276323 -0.521246
576.000000 75.000000 0.803850 -0.518106
604.000000 75.000000 0.891771 -0.518106
335.000000 76.000000 0.047101 -0.514966
354.000000 76.000000 0.106761 -0.514966
418.000000 76.000000 0.307724 -0.514966
610.000000 76.000000 0.910611 -0.514966
625.000000 76.000000 0.957711 -0.514966
340.000000 77.000000 0.062801 -0.511826
363.000000 77.000000 0.135022 -0.511826
413.000000 77.000000 0.292023 -0.511826
497.000000 77.000000 0.555787 -0.511826
337.000000 78.000000 0.053381 -0.508686
409.000000 78.000000 0.279463 -0.508686
341.000000 79.000000 0.065941 -0.505546
345.000000 79.000000 0.078501 -0.505546
433.000000 79.000000 0.354824 -0.505546
575.000000 79.000000 0.800709 -0.505546
409.000000 81.000000 0.279463 -0.499266
598.000000 82.000000 0.872930 -0.496126
610.000000 82.000000 0.910611 -0.496126
613.000000 82.000000 0.920031 -0.496126
378.000000 83.000000 0.182122 -0.492986
445.000000 83.000000 0.392505 -0.492986
553.000000 83.000000 0.731629 -0.492986
583.000000 83.000000 0.825830 -0.492986
635.000000 83.000000 0.989112 -0.492986
409.000000 84.000000 0.279463 -0.489846
587.000000 84.000000 0.838390 -0.489846
402.000000 85.000000 0.257483 -0.486706
633.000000 85.000000 0.982832 -0.486706
570.000000 86.000000 0.785009 -0.483566
574.000000 86.000000 0.797569 -0.483566
338.000000 87.000000 0.056521 -0.480426
567.000000 88.000000 0.775589 -0.477286
609.000000 89.000000 0.907471 -0.474146
410.000000 90.000000 0.282603 -0.471006
532.000000 90.000000 0.665688 -0.471006
569.000000 90.000000 0.781869 -0.471006
628.000000 90.000000 0.967131 -0.471006
338.000000 91.000000 0.056521 -0.467866
410.000000 92.000000 0.282603 -0.464725
573.000000 92.000000 0.794429 -0.464725
403.000000 94.000000 0.260623 -0.458445
570.000000 94.000000 0.785009 -0.458445
339.000000 95.000000 0.059661 -0.455305
398.000000 95.000000 0.244923 -0.455305
575.000000 95.000000 0.800709 -0.455305
389.000000 97.000000 0.216663 -0.449025
569.000000 97.000000 0.781869 -0.449025
620.000000 97.000000 0.942011 -0.449025
384.000000 98.000000 0.200962 -0.445885
427.000000 98.000000 0.335984 -0.445885
339.000000 99.000000 0.059661 -0.442745
411.000000 99.000000 0.285743 -0.442745
573.000000 99.000000 0.794429 -0.442745
633.000000 99.000000 0.982832 -0.442745
597.000000 100.000000 0.869790 -0.439605
337.000000 101.000000 0.053381 -0.436465
374.000000 101.000000 0.169562 -0.436465
340.000000 102.000000 0.062801 -0.433325
365.000000 102.000000 0.141302 -0.433325
404.000000 102.000000 0.263763 -0.433325
576.000000 102.000000 0.803850 -0.433325
360.000000 103.000000 0.125601 -0.430185
326.000000 105.000000 0.018840 -0.423905
341.000000 105.000000 0.065941 -0.423905
355.000000 105.000000 0.109901 -0.423905
570.000000 105.000000 0.785009 -0.423905
350.000000 106.000000 0.094201 -0.420765
574.000000 106.000000 0.797569 -0.420765
412.000000 107.000000 0.288883 -0.417625
555.000000 107.000000 0.737909 -0.417625
590.000000 107.000000 0.847810 -0.417625
633.000000 107.000000 0.982832 -0.417625
327.000000 108.000000 0.021980 -0.414485
472.000000 108.000000 0.477286 -0.414485
527.000000 108.000000 0.649988 -0.414485
329.000000 109.000000 0.028260 -0.411345
341.000000 109.000000 0.065941 -0.411345
399.000000 109.000000 0.248063 -0.411345
530.000000 109.000000 0.659408 -0.411345
541.000000 109.000000 0.693948 -0.411345
412.000000 110.000000 0.288883 -0.408205
482.000000 110.000000 0.508686 -0.408205
405.000000 111.000000 0.266903 -0.405065
468.000000 111.000000 0.464725 -0.405065
512.000000 111.000000 0.602887 -0.405065
582.000000 112.000000 0.822690 -0.401925
586.000000 112.000000 0.835250 -0.401925
603.000000 112.000000 0.888631 -0.401925
627.000000 112.000000 0.963991 -0.401925
342.000000 113.000000 0.069081 -0.398785
624.000000 114.000000 0.954571 -0.395645
342.000000 115.000000 0.069081 -0.392505
372.000000 115.000000 0.163282 -0.392505
610.000000 115.000000 0.910611 -0.392505
386.000000 116.000000 0.207242 -0.389365
413.000000 116.000000 0.292023 -0.389365
544.000000 116.000000 0.703368 -0.389365
567.000000 116.000000 0.775589 -0.389365
560.000000 117.000000 0.753609 -0.386225
631.000000 117.000000 0.976552 -0.386225
334.000000 118.000000 0.043961 -0.383085
342.000000 118.000000 0.069081 -0.383085
404.000000 118.000000 0.263763 -0.383085
413.000000 118.000000 0.292023 -0.383085
556.000000 118.000000 0.741049 -0.383085
406.000000 119.000000 0.270043 -0.379945
617.000000 119.000000 0.932591 -0.379945
602.000000 120.000000 0.885490 -0.376804
334.000000 121.000000 0.043961 -0.373664
414.000000 121.000000 0.295163 -0.373664
566.000000 121.000000 0.772449 -0.373664
617.000000 121.000000 0.932591 -0.373664
634.000000 121.000000 0.985972 -0.373664
583.000000 122.000000 0.825830 -0.370524
605.000000 123.000000 0.894911 -0.367384
401.000000 124.000000 0.254343 -0.364244
596.000000 124.000000 0.866650 -0.364244
634.000000 124.000000 0.985972 -0.364244
343.000000 125.000000 0.072221 -0.361104
396.000000 125.000000 0.238643 -0.361104
414.000000 125.000000 0.295163 -0.361104
391.000000 126.000000 0.222943 -0.357964
428.000000 126.000000 0.339124 -0.357964
570.000000 126.000000 0.785009 -0.357964
339.000000 127.000000 0.059661 -0.354824
414.000000 127.000000 0.295163 -0.354824
344.000000 128.000000 0.075361 -0.351684
404.000000 128.000000 0.263763 -0.351684
439.000000 128.000000 0.373664 -0.351684
514.000000 129.000000 0.609167 -0.348544
341.000000 130.000000 0.065941 -0.345404
344.000000 130.000000 0.075361 -0.345404
414.000000 130.000000 0.295163 -0.345404
611.000000 130.000000 0.913751 -0.345404
599.000000 132.000000 0.876070 -0.339124
344.000000 133.000000 0.075361 -0.335984
354.000000 133.000000 0.106761 -0.335984
403.000000 133.000000 0.260623 -0.335984
415.000000 133.000000 0.298304 -0.335984
588.000000 133.000000 0.841530 -0.335984
349.000000 134.000000 0.091061 -0.332844
512.000000 134.000000 0.602887 -0.332844
623.000000 134.000000 0.951431 -0.332844
629.000000 134.000000 0.970271 -0.332844
633.000000 134.000000 0.982832 -0.332844
635.000000 134.000000 0.989112 -0.332844
564.000000 135.000000 0.766169 -0.329704
415.000000 136.000000 0.298304 -0.326564
440.000000 137.000000 0.376804 -0.323424
408.000000 138.000000 0.276323 -0.320284
567.000000 139.000000 0.775589 -0.317144
345.000000 140.000000 0.078501 -0.314004
417.000000 140.000000 0.304584 -0.314004
435.000000 140.000000 0.361104 -0.314004
454.000000 140.000000 0.420765 -0.314004
477.000000 140.000000 0.492986 -0.314004
600.000000 140.000000 0.879210 -0.314004
404.000000 141.000000 0.263763 -0.310864
408.000000 141.000000 0.276323 -0.310864
587.000000 141.000000 0.838390 -0.310864
614.000000 141.000000 0.923171 -0.310864
417.000000 142.000000 0.304584 -0.307724
382.000000 143.000000 0.194682 -0.304584
605.000000 143.000000 0.894911 -0.304584
619.000000 143.000000 0.938871 -0.304584
416.000000 144.000000 0.301444 -0.301444
331.000000 146.000000 0.034540 -0.295163
356.000000 146.000000 0.113041 -0.295163
405.000000 146.000000 0.266903 -0.295163
441.000000 146.000000 0.379945 -0.295163
354.000000 147.000000 0.106761 -0.292023
402.000000 147.000000 0.257483 -0.292023
418.000000 147.000000 0.307724 -0.292023
469.000000 147.000000 0.467866 -0.292023
346.000000 148.000000 0.081641 -0.288883
587.000000 148.000000 0.838390 -0.288883
353.000000 149.000000 0.103621 -0.285743
405.000000 149.000000 0.266903 -0.285743
440.000000 149.000000 0.376804 -0.285743
417.000000 150.000000 0.304584 -0.282603
607.000000 150.000000 0.901191 -0.282603
380.000000 152.000000 0.188402 -0.276323
406.000000 152.000000 0.270043 -0.276323
417.000000 153.000000 0.304584 -0.273183
584.000000 153.000000 0.828970 -0.273183
573.000000 154.000000 0.794429 -0.270043
619.000000 154.000000 0.938871 -0.270043
367.000000 155.000000 0.147582 -0.266903
442.000000 155.000000 0.383085 -0.266903
532.000000 155.000000 0.665688 -0.266903
610.000000 155.000000 0.910611 -0.266903
347.000000 156.000000 0.084781 -0.263763
357.000000 156.000000 0.116181 -0.263763
382.000000 156.000000 0.194682 -0.263763
418.000000 156.000000 0.307724 -0.263763
361.000000 157.000000 0.128742 -0.260623
369.000000 157.000000 0.153862 -0.260623
373.000000 157.000000 0.166422 -0.260623
367.000000 158.000000 0.147582 -0.257483
406.000000 158.000000 0.270043 -0.257483
530.000000 158.000000 0.659408 -0.257483
364.000000 159.000000 0.138162 -0.254343
464.000000 159.000000 0.452165 -0.254343
468.000000 159.000000 0.464725 -0.254343
482.000000 159.000000 0.508686 -0.254343
620.000000 159.000000 0.942011 -0.254343
636.000000 159.000000 0.992252 -0.254343
460.000000 160.000000 0.439605 -0.251203
359.000000 161.000000 0.122461 -0.248063
376.000000 161.000000 0.175842 -0.248063
407.000000 161.000000 0.273183 -0.248063
418.000000 161.000000 0.307724 -0.248063
451.000000 161.000000 0.411345 -0.248063
541.000000 161.000000 0.693948 -0.248063
369.000000 162.000000 0.153862 -0.244923
448.000000 162.000000 0.401925 -0.244923
458.000000 162.000000 0.433325 -0.244923
613.000000 162.000000 0.920031 -0.244923
348.000000 163.000000 0.087921 -0.241783
354.000000 163.000000 0.106761 -0.241783
371.000000 163.000000 0.160142 -0.241783
373.000000 163.000000 0.166422 -0.241783
427.000000 163.000000 0.335984 -0.241783
438.000000 163.000000 0.370524 -0.241783
446.000000 163.000000 0.395645 -0.241783
470.000000 163.000000 0.471006 -0.241783
585.000000 163.000000 0.832110 -0.241783
627.000000 163.000000 0.963991 -0.241783
636.000000 163.000000 0.992252 -0.241783
358.000000 164.000000 0.119321 -0.238643
614.000000 164.000000 0.923171 -0.238643
361.000000 165.000000 0.128742 -0.235503
409.000000 165.000000 0.279463 -0.235503
441.000000 165.000000 0.379945 -0.235503
449.000000 165.000000 0.405065 -0.235503
470.000000 165.000000 0.471006 -0.235503
356.000000 166.000000 0.113041 -0.232363
381.000000 166.000000 0.191542 -0.232363
425.000000 166.000000 0.329704 -0.232363
434.000000 166.000000 0.357964 -0.232363
407.000000 167.000000 0.273183 -0.229223
411.000000 167.000000 0.285743 -0.229223
414.000000 167.000000 0.295163 -0.229223
430.000000 167.000000 0.345404 -0.229223
549.000000 167.000000 0.719069 -0.229223
373.000000 168.000000 0.166422 -0.226083
420.000000 168.000000 0.314004 -0.226083
438.000000 168.000000 0.370524 -0.226083
461.000000 168.000000 0.442745 -0.226083
516.000000 168.000000 0.615447 -0.226083
405.000000 169.000000 0.266903 -0.222943
552.000000 169.000000 0.728489 -0.222943
374.000000 170.000000 0.169562 -0.219803
385.000000 170.000000 0.204102 -0.219803
399.000000 170.000000 0.248063 -0.219803
408.000000 170.000000 0.276323 -0.219803
411.000000 170.000000 0.285743 -0.219803
349.000000 171.000000 0.091061 -0.216663
364.000000 171.000000 0.138162 -0.216663
401.000000 171.000000 0.254343 -0.216663
414.000000 171.000000 0.295163 -0.216663
395.000000 172.000000 0.235503 -0.213523
428.000000 172.000000 0.339124 -0.213523
601.000000 172.000000 0.882350 -0.213523
358.000000 173.000000 0.119321 -0.210382
363.000000 173.000000 0.135022 -0.210382
365.000000 173.000000 0.141302 -0.210382
374.000000 173.000000 0.169562 -0.210382
389.000000 173.000000 0.216663 -0.210382
392.000000 173.000000 0.226083 -0.210382
439.000000 173.000000 0.373664 -0.210382
596.000000 173.000000 0.866650 -0.210382
615.000000 173.000000 0.926311 -0.210382
384.000000 174.000000 0.200962 -0.207242
506.000000 174.000000 0.584047 -0.207242
602.000000 174.000000 0.885490 -0.207242
361.000000 175.000000 0.128742 -0.204102
388.000000 175.000000 0.213523 -0.204102
346.000000 176.000000 0.081641 -0.200962
431.000000 176.000000 0.348544 -0.200962
611.000000 176.000000 0.913751 -0.200962
618.000000 176.000000 0.935731 -0.200962
335.000000 177.000000 0.047101 -0.197822
365.000000 177.000000 0.141302 -0.197822
390.000000 177.000000 0.219803 -0.197822
424.000000 177.000000 0.326564 -0.197822
439.000000 177.000000 0.373664 -0.197822
529.000000 177.000000 0.656268 -0.197822
343.000000 178.000000 0.072221 -0.194682
346.000000 178.000000 0.081641 -0.194682
368.000000 178.000000 0.150722 -0.194682
386.000000 178.000000 0.207242 -0.194682
418.000000 178.000000 0.307724 -0.194682
339.000000 179.000000 0.059661 -0.191542
348.000000 179.000000 0.087921 -0.191542
388.000000 179.000000 0.213523 -0.191542
412.000000 179.000000 0.288883 -0.191542
415.000000 179.000000 0.298304 -0.191542
450.000000 179.000000 0.408205 -0.191542
580.000000 179.000000 0.816410 -0.191542
333.000000 180.000000 0.040820 -0.188402
345.000000 180.000000 0.078501 -0.188402
395.000000 180.000000 0.235503 -0.188402
407.000000 180.000000 0.273183 -0.188402
436.000000 180.000000 0.364244 -0.188402
445.000000 180.000000 0.392505 -0.188402
592.000000 180.000000 0.854090 -0.188402
617.000000 180.000000 0.932591 -0.188402
625.000000 180.000000 0.957711 -0.188402
339.000000 181.000000 0.059661 -0.185262
378.000000 181.000000 0.182122 -0.185262
400.000000 181.000000 0.251203 -0.185262
402.000000 181.000000 0.257483 -0.185262
404.000000 181.000000 0.263763 -0.185262
412.000000 181.000000 0.288883 -0.185262
455.000000 181.000000 0.423905 -0.185262
501.000000 181.000000 0.568347 -0.185262
568.000000 181.000000 0.778729 -0.185262
578.000000 181.000000 0.810130 -0.185262
610.000000 181.000000 0.910611 -0.185262
328.000000 182.000000 0.025120 -0.182122
330.000000 182.000000 0.031400 -0.182122
365.000000 182.000000 0.141302 -0.182122
371.000000 182.000000 0.160142 -0.182122
392.000000 182.000000 0.226083 -0.182122
397.000000 182.000000 0.241783 -0.182122
469.000000 182.000000 0.467866 -0.182122
477.000000 182.000000 0.492986 -0.182122
559.000000 182.000000 0.750469 -0.182122
571.000000 182.000000 0.788149 -0.182122
602.000000 182.000000 0.885490 -0.182122
353.000000 183.000000 0.103621 -0.178982
400.000000 183.000000 0.251203 -0.178982
435.000000 183.000000 0.361104 -0.178982
541.000000 183.000000 0.693948 -0.178982
555.000000 183.000000 0.737909 -0.178982
594.000000 183.000000 0.860370 -0.178982
635.000000 183.000000 0.989112 -0.178982
359.000000 184.000000 0.122461 -0.175842
361.000000 184.000000 0.128742 -0.175842
375.000000 184.000000 0.172702 -0.175842
380.000000 184.000000 0.188402 -0.175842
392.000000 184.000000 0.226083 -0.175842
395.000000 184.000000 0.235503 -0.175842
406.000000 184.000000 0.270043 -0.175842
440.000000 184.000000 0.376804 -0.175842
618.000000 184.000000 0.935731 -0.175842
620.000000 184.000000 0.942011 -0.175842
314.000000 185.000000 -0.018840 -0.172702
369.000000 185.000000 0.153862 -0.172702
385.000000 185.000000 0.204102 -0.172702
425.000000 185.000000 0.329704 -0.172702
437.000000 185.000000 0.367384 -0.172702
470.000000 185.000000 0.471006 -0.172702
477.000000 185.000000 0.492986 -0.172702
510.000000 185.000000 0.596607 -0.172702
544.000000 185.000000 0.703368 -0.172702
560.000000 185.000000 0.753609 -0.172702
608.000000 185.000000 0.904331 -0.172702
611.000000 185.000000 0.913751 -0.172702
613.000000 185.000000 0.920031 -0.172702
367.000000 186.000000 0.147582 -0.169562
421.000000 186.000000 0.317144 -0.169562
439.000000 186.000000 0.373664 -0.169562
580.000000 186.000000 0.816410 -0.169562
604.000000 186.000000 0.891771 -0.169562
618.000000 186.000000 0.935731 -0.169562
331.000000 187.000000 0.034540 -0.166422
372.000000 187.000000 0.163282 -0.166422
374.000000 187.000000 0.169562 -0.166422
414.000000 187.000000 0.295163 -0.166422
416.000000 187.000000 0.301444 -0.166422
423.000000 187.000000 0.323424 -0.166422
473.000000 187.000000 0.480426 -0.166422
582.000000 187.000000 0.822690 -0.166422
597.000000 187.000000 0.869790 -0.166422
611.000000 187.000000 0.913751 -0.166422
356.000000 188.000000 0.113041 -0.163282
359.000000 188.000000 0.122461 -0.163282
366.000000 188.000000 0.144442 -0.163282
409.000000 188.000000 0.279463 -0.163282
489.000000 188.000000 0.530666 -0.163282
492.000000 188.000000 0.540086 -0.163282
521.000000 188.000000 0.631147 -0.163282
589.000000 188.000000 0.844670 -0.163282
348.000000 189.000000 0.087921 -0.160142
353.000000 189.000000 0.103621 -0.160142
400.000000 189.000000 0.251203 -0.160142
412.000000 189.000000 0.288883 -0.160142
475.000000 189.000000 0.486706 -0.160142
483.000000 189.000000 0.511826 -0.160142
550.000000 189.000000 0.722209 -0.160142
552.000000 189.000000 0.728489 -0.160142
583.000000 189.000000 0.825830 -0.160142
595.000000 189.000000 0.863510 -0.160142
608.000000 189.000000 0.904331 -0.160142
341.000000 190.000000 0.065941 -0.157002
356.000000 190.000000 0.113041 -0.157002
394.000000 190.000000 0.232363 -0.157002
433.000000 190.000000 0.354824 -0.157002
470.000000 190.000000 0.471006 -0.157002
489.000000 190.000000 0.530666 -0.157002
544.000000 190.000000 0.703368 -0.157002
619.000000 190.000000 0.938871 -0.157002
636.000000 190.000000 0.992252 -0.157002
314.000000 191.000000 -0.018840 -0.153862
347.000000 191.000000 0.084781 -0.153862
398.000000 191.000000 0.244923 -0.153862
427.000000 191.000000 0.335984 -0.153862
482.000000 191.000000 0.508686 -0.153862
537.000000 191.000000 0.681388 -0.153862
580.000000 191.000000 0.816410 -0.153862
614.000000 191.000000 0.923171 -0.153862
633.000000 191.000000 0.982832 -0.153862
340.000000 192.000000 0.062801 -0.150722
391.000000 192.000000 0.222943 -0.150722
472.000000 192.000000 0.477286 -0.150722
528.000000 192.000000 0.653128 -0.150722
559.000000 192.000000 0.750469 -0.150722
387.000000 193.000000 0.210382 -0.147582
424.000000 193.000000 0.326564 -0.147582
494.000000 193.000000 0.546366 -0.147582
521.000000 193.000000 0.631147 -0.147582
552.000000 193.000000 0.728489 -0.147582
591.000000 193.000000 0.850950 -0.147582
597.000000 193.000000 0.869790 -0.147582
608.000000 193.000000 0.904331 -0.147582
470.000000 194.000000 0.471006 -0.144442
544.000000 194.000000 0.703368 -0.144442
587.000000 194.000000 0.838390 -0.144442
360.000000 195.000000 0.125601 -0.141302
389.000000 195.000000 0.216663 -0.141302
391.000000 195.000000 0.222943 -0.141302
402.000000 195.000000 0.257483 -0.141302
404.000000 195.000000 0.263763 -0.141302
406.000000 195.000000 0.270043 -0.141302
414.000000 195.000000 0.295163 -0.141302
494.000000 195.000000 0.546366 -0.141302
507.000000 195.000000 0.587187 -0.141302
537.000000 195.000000 0.681388 -0.141302
583.000000 195.000000 0.825830 -0.141302
365.000000 196.000000 0.141302 -0.138162
385.000000 196.000000 0.204102 -0.138162
399.000000 196.000000 0.248063 -0.138162
433.000000 196.000000 0.354824 -0.138162
500.000000 196.000000 0.565207 -0.138162
528.000000 196.000000 0.653128 -0.138162
530.000000 196.000000 0.659408 -0.138162
360.000000 197.000000 0.125601 -0.135022
397.000000 197.000000 0.241783 -0.135022
457.000000 197.000000 0.430185 -0.135022
473.000000 197.000000 0.480426 -0.135022
522.000000 197.000000 0.634288 -0.135022
559.000000 197.000000 0.750469 -0.135022
581.000000 197.000000 0.819550 -0.135022
353.000000 198.000000 0.103621 -0.131882
357.000000 198.000000 0.116181 -0.131882
380.000000 198.000000 0.188402 -0.131882
400.000000 198.000000 0.251203 -0.131882
431.000000 198.000000 0.348544 -0.131882
494.000000 198.000000 0.546366 -0.131882
514.000000 198.000000 0.609167 -0.131882
516.000000 198.000000 0.615447 -0.131882
528.000000 198.000000 0.653128 -0.131882
344.000000 199.000000 0.075361 -0.128742
349.000000 199.000000 0.091061 -0.128742
377.000000 199.000000 0.178982 -0.128742
408.000000 199.000000 0.276323 -0.128742
414.000000 199.000000 0.295163 -0.128742
424.000000 199.000000 0.326564 -0.128742
505.000000 199.000000 0.580907 -0.128742
507.000000 199.000000 0.587187 -0.128742
542.000000 199.000000 0.697088 -0.128742
546.000000 199.000000 0.709648 -0.128742
551.000000 199.000000 0.725349 -0.128742
611.000000 199.000000 0.913751 -0.128742
369.000000 200.000000 0.153862 -0.125601
371.000000 200.000000 0.160142 -0.125601
402.000000 200.000000 0.257483 -0.125601
494.000000 200.000000 0.546366 -0.125601
500.000000 200.000000 0.565207 -0.125601
514.000000 200.000000 0.609167 -0.125601
591.000000 200.000000 0.850950 -0.125601
619.000000 200.000000 0.938871 -0.125601
342.000000 201.000000 0.069081 -0.122461
361.000000 201.000000 0.128742 -0.122461
375.000000 201.000000 0.172702 -0.122461
382.000000 201.000000 0.194682 -0.122461
408.000000 201.000000 0.276323 -0.122461
465.000000 201.000000 0.455305 -0.122461
473.000000 201.000000 0.480426 -0.122461
530.000000 201.000000 0.659408 -0.122461
536.000000 201.000000 0.678248 -0.122461
353.000000 202.000000 0.103621 -0.119321
378.000000 202.000000 0.182122 -0.119321
406.000000 202.000000 0.270043 -0.119321
457.000000 202.000000 0.430185 -0.119321
499.000000 202.000000 0.562067 -0.119321
527.000000 202.000000 0.649988 -0.119321
633.000000 202.000000 0.982832 -0.119321
347.000000 203.000000 0.084781 -0.116181
366.000000 203.000000 0.144442 -0.116181
373.000000 203.000000 0.166422 -0.116181
397.000000 203.000000 0.241783 -0.116181
400.000000 203.000000 0.251203 -0.116181
420.000000 203.000000 0.314004 -0.116181
449.000000 203.000000 0.405065 -0.116181
476.000000 203.000000 0.489846 -0.116181
515.000000 203.000000 0.612307 -0.116181
517.000000 203.000000 0.618587 -0.116181
581.000000 203.000000 0.819550 -0.116181
608.000000 203.000000 0.904331 -0.116181
625.000000 203.000000 0.957711 -0.116181
636.000000 203.000000 0.992252 -0.116181
345.000000 204.000000 0.078501 -0.113041
409.000000 204.000000 0.279463 -0.113041
472.000000 204.000000 0.477286 -0.113041
509.000000 204.000000 0.593467 -0.113041
614.000000 204.000000 0.923171 -0.113041
633.000000 204.000000 0.982832 -0.113041
353.000000 205.000000 0.103621 -0.109901
391.000000 205.000000 0.222943 -0.109901
405.000000 205.000000 0.266903 -0.109901
415.000000 205.000000 0.298304 -0.109901
475.000000 205.000000 0.486706 -0.109901
505.000000 205.000000 0.580907 -0.109901
324.000000 206.000000 0.012560 -0.106761
410.000000 206.000000 0.282603 -0.106761
477.000000 206.000000 0.492986 -0.106761
495.000000 206.000000 0.549506 -0.106761
550.000000 206.000000 0.722209 -0.106761
619.000000 206.000000 0.938871 -0.106761
349.000000 207.000000 0.091061 -0.103621
392.000000 207.000000 0.226083 -0.103621
394.000000 207.000000 0.232363 -0.103621
560.000000 207.000000 0.753609 -0.103621
576.000000 207.000000 0.803850 -0.103621
353.000000 208.000000 0.103621 -0.100481
377.000000 208.000000 0.178982 -0.100481
380.000000 208.000000 0.188402 -0.100481
398.000000 208.000000 0.244923 -0.100481
400.000000 208.000000 0.251203 -0.100481
403.000000 208.000000 0.260623 -0.100481
407.000000 208.000000 0.273183 -0.100481
498.000000 208.000000 0.558927 -0.100481
555.000000 208.000000 0.737909 -0.100481
425.000000 209.000000 0.329704 -0.097341
437.000000 209.000000 0.367384 -0.097341
582.000000 209.000000 0.822690 -0.097341
585.000000 209.000000 0.832110 -0.097341
347.000000 210.000000 0.084781 -0.094201
386.000000 210.000000 0.207242 -0.094201
411.000000 210.000000 0.285743 -0.094201
480.000000 210.000000 0.502406 -0.094201
495.000000 210.000000 0.549506 -0.094201
540.000000 210.000000 0.690808 -0.094201
622.000000 210.000000 0.948291 -0.094201
325.000000 211.000000 0.015700 -0.091061
377.000000 211.000000 0.178982 -0.091061
394.000000 211.000000 0.232363 -0.091061
396.000000 211.000000 0.238643 -0.091061
417.000000 211.000000 0.304584 -0.091061
430.000000 211.000000 0.345404 -0.091061
472.000000 211.000000 0.477286 -0.091061
498.000000 211.000000 0.558927 -0.091061
500.000000 211.000000 0.565207 -0.091061
370.000000 212.000000 0.157002 -0.087921
373.000000 212.000000 0.166422 -0.087921
409.000000 212.000000 0.279463 -0.087921
413.000000 212.000000 0.292023 -0.087921
419.000000 212.000000 0.310864 -0.087921
523.000000 212.000000 0.637428 -0.087921
596.000000 212.000000 0.866650 -0.087921
353.000000 213.000000 0.103621 -0.084781
362.000000 213.000000 0.131882 -0.084781
367.000000 213.000000 0.147582 -0.084781
389.000000 213.000000 0.216663 -0.084781
402.000000 213.000000 0.257483 -0.084781
404.000000 213.000000 0.263763 -0.084781
621.000000 213.000000 0.945151 -0.084781
307.000000 214.000000 -0.040820 -0.081641
371.000000 214.000000 0.160142 -0.081641
374.000000 214.000000 0.169562 -0.081641
382.000000 214.000000 0.194682 -0.081641
411.000000 214.000000 0.285743 -0.081641
420.000000 214.000000 0.314004 -0.081641
444.000000 214.000000 0.389365 -0.081641
475.000000 214.000000 0.486706 -0.081641
295.000000 215.000000 -0.078501 -0.078501
309.000000 215.000000 -0.034540 -0.078501
364.000000 215.000000 0.138162 -0.078501
404.000000 215.000000 0.263763 -0.078501
500.000000 215.000000 0.565207 -0.078501
273.000000 216.000000 -0.147582 -0.075361
278.000000 216.000000 -0.131882 -0.075361
369.000000 216.000000 0.153862 -0.075361
409.000000 216.000000 0.279463 -0.075361
431.000000 216.000000 0.348544 -0.075361
496.000000 216.000000 0.552647 -0.075361
582.000000 216.000000 0.822690 -0.075361
269.000000 217.000000 -0.160142 -0.072221
355.000000 217.000000 0.109901 -0.072221
359.000000 217.000000 0.122461 -0.072221
373.000000 217.000000 0.166422 -0.072221
446.000000 217.000000 0.395645 -0.072221
257.000000 218.000000 -0.197822 -0.069081
274.000000 218.000000 -0.144442 -0.069081
293.000000 218.000000 -0.084781 -0.069081
338.000000 218.000000 0.056521 -0.069081
340.000000 218.000000 0.062801 -0.069081
365.000000 218.000000 0.141302 -0.069081
496.000000 218.000000 0.552647 -0.069081
499.000000 218.000000 0.562067 -0.069081
259.000000 219.000000 -0.191542 -0.065941
310.000000 219.000000 -0.031400 -0.065941
332.000000 219.000000 0.037680 -0.065941
354.000000 219.000000 0.106761 -0.065941
390.000000 219.000000 0.219803 -0.065941
392.000000 219.000000 0.226083 -0.065941
427.000000 219.000000 0.335984 -0.065941
431.000000 219.000000 0.348544 -0.065941
475.000000 219.000000 0.486706 -0.065941
635.000000 219.000000 0.989112 -0.065941
201.000000 220.000000 -0.373664 -0.062801
273.000000 220.000000 -0.147582 -0.062801
323.000000 220.000000 0.009420 -0.062801
368.000000 220.000000 0.150722 -0.062801
399.000000 220.000000 0.248063 -0.062801
410.000000 220.000000 0.282603 -0.062801
433.000000 220.000000 0.354824 -0.062801
561.000000 220.000000 0.756749 -0.062801
633.000000 220.000000 0.982832 -0.062801
218.000000 221.000000 -0.320284 -0.059661
296.000000 221.000000 -0.075361 -0.059661
361.000000 221.000000 0.128742 -0.059661
372.000000 221.000000 0.163282 -0.059661
436.000000 221.000000 0.364244 -0.059661
481.000000 221.000000 0.505546 -0.059661
502.000000 221.000000 0.571487 -0.059661
524.000000 221.000000 0.640568 -0.059661
203.000000 222.000000 -0.367384 -0.056521
257.000000 222.000000 -0.197822 -0.056521
259.000000 222.000000 -0.191542 -0.056521
316.000000 222.000000 -0.012560 -0.056521
473.000000 222.000000 0.480426 -0.056521
562.000000 222.000000 0.759889 -0.056521
583.000000 222.000000 0.825830 -0.056521
273.000000 223.000000 -0.147582 -0.053381
312.000000 223.000000 -0.025120 -0.053381
355.000000 223.000000 0.109901 -0.053381
382.000000 223.000000 0.194682 -0.053381
190.000000 224.000000 -0.408205 -0.050241
200.000000 224.000000 -0.376804 -0.050241
249.000000 224.000000 -0.222943 -0.050241
307.000000 224.000000 -0.040820 -0.050241
317.000000 224.000000 -0.009420 -0.050241
432.000000 224.000000 0.351684 -0.050241
175.000000 225.000000 -0.455305 -0.047101
183.000000 225.000000 -0.430185 -0.047101
186.000000 225.000000 -0.420765 -0.047101
260.000000 225.000000 -0.188402 -0.047101
359.000000 225.000000 0.122461 -0.047101
372.000000 225.000000 0.163282 -0.047101
474.000000 225.000000 0.483566 -0.047101
525.000000 225.000000 0.643708 -0.047101
243.000000 226.000000 -0.241783 -0.043961
296.000000 226.000000 -0.075361 -0.043961
367.000000 226.000000 0.147582 -0.043961
380.000000 226.000000 0.188402 -0.043961
389.000000 226.000000 0.216663 -0.043961
422.000000 226.000000 0.320284 -0.043961
485.000000 226.000000 0.518106 -0.043961
517.000000 226.000000 0.618587 -0.043961
178.000000 227.000000 -0.445885 -0.040820
196.000000 227.000000 -0.389365 -0.040820
198.000000 227.000000 -0.383085 -0.040820
203.000000 227.000000 -0.367384 -0.040820
218.000000 227.000000 -0.320284 -0.040820
228.000000 227.000000 -0.288883 -0.040820
237.000000 227.000000 -0.260623 -0.040820
288.000000 227.000000 -0.100481 -0.040820
369.000000 227.000000 0.153862 -0.040820
497.000000 227.000000 0.555787 -0.040820
511.000000 227.000000 0.599747 -0.040820
234.000000 228.000000 -0.270043 -0.037680
260.000000 228.000000 -0.188402 -0.037680
283.000000 228.000000 -0.116181 -0.037680
298.000000 228.000000 -0.069081 -0.037680
301.000000 228.000000 -0.059661 -0.037680
356.000000 228.000000 0.113041 -0.037680
411.000000 228.000000 0.285743 -0.037680
425.000000 228.000000 0.329704 -0.037680
476.000000 228.000000 0.489846 -0.037680
582.000000 228.000000 0.822690 -0.037680
178.000000 229.000000 -0.445885 -0.034540
230.000000 229.000000 -0.282603 -0.034540
250.000000 229.000000 -0.219803 -0.034540
270.000000 229.000000 -0.157002 -0.034540
303.000000 229.000000 -0.053381 -0.034540
368.000000 229.000000 0.150722 -0.034540
454.000000 229.000000 0.420765 -0.034540
497.000000 229.000000 0.555787 -0.034540
234.000000 230.000000 -0.270043 -0.031400
284.000000 230.000000 -0.113041 -0.031400
373.000000 230.000000 0.166422 -0.031400
474.000000 230.000000 0.483566 -0.031400
604.000000 230.000000 0.891771 -0.031400
177.000000 231.000000 -0.449025 -0.028260
187.000000 231.000000 -0.417625 -0.028260
203.000000 231.000000 -0.367384 -0.028260
249.000000 231.000000 -0.222943 -0.028260
261.000000 231.000000 -0.185262 -0.028260
356.000000 231.000000 0.113041 -0.028260
230.000000 232.000000 -0.282603 -0.025120
234.000000 232.000000 -0.270043 -0.025120
251.000000 232.000000 -0.216663 -0.025120
417.000000 232.000000 0.304584 -0.025120
563.000000 232.000000 0.763029 -0.025120
584.000000 232.000000 0.828970 -0.025120
264.000000 233.000000 -0.175842 -0.021980
367.000000 233.000000 0.147582 -0.021980
387.000000 233.000000 0.210382 -0.021980
503.000000 233.000000 0.574627 -0.021980
566.000000 233.000000 0.772449 -0.021980
569.000000 233.000000 0.781869 -0.021980
578.000000 233.000000 0.810130 -0.021980
580.000000 233.000000 0.816410 -0.021980
231.000000 234.000000 -0.279463 -0.018840
561.000000 234.000000 0.756749 -0.018840
573.000000 234.000000 0.794429 -0.018840
24.000000 235.000000 -0.929451 -0.015700
34.000000 235.000000 -0.898051 -0.015700
179.000000 235.000000 -0.442745 -0.015700
183.000000 235.000000 -0.430185 -0.015700
193.000000 235.000000 -0.398785 -0.015700
260.000000 235.000000 -0.188402 -0.015700
308.000000 235.000000 -0.037680 -0.015700
367.000000 235.000000 0.147582 -0.015700
405.000000 235.000000 0.266903 -0.015700
407.000000 235.000000 0.273183 -0.015700
412.000000 235.000000 0.288883 -0.015700
428.000000 235.000000 0.339124 -0.015700
553.000000 235.000000 0.731629 -0.015700
13.000000 236.000000 -0.963991 -0.012560
234.000000 236.000000 -0.270043 -0.012560
398.000000 236.000000 0.244923 -0.012560
540.000000 236.000000 0.690808 -0.012560
543.000000 236.000000 0.700228 -0.012560
548.000000 236.000000 0.715928 -0.012560
195.000000 237.000000 -0.392505 -0.009420
268.000000 237.000000 -0.163282 -0.009420
371.000000 237.000000 0.160142 -0.009420
390.000000 237.000000 0.219803 -0.009420
403.000000 237.000000 0.260623 -0.009420
434.000000 237.000000 0.357964 -0.009420
438.000000 237.000000 0.370524 -0.009420
486.000000 237.000000 0.521246 -0.009420
184.000000 238.000000 -0.427045 -0.006280
187.000000 238.000000 -0.417625 -0.006280
189.000000 238.000000 -0.411345 -0.006280
302.000000 238.000000 -0.056521 -0.006280
316.000000 238.000000 -0.012560 -0.006280
357.000000 238.000000 0.116181 -0.006280
382.000000 238.000000 0.194682 -0.006280
395.000000 238.000000 0.235503 -0.006280
413.000000 238.000000 0.292023 -0.006280
531.000000 238.000000 0.662548 -0.006280
174.000000 239.000000 -0.458445 -0.003140
181.000000 239.000000 -0.436465 -0.003140
195.000000 239.000000 -0.392505 -0.003140
233.000000 239.000000 -0.273183 -0.003140
360.000000 239.000000 0.125601 -0.003140
372.000000 239.000000 0.163282 -0.003140
387.000000 239.000000 0.210382 -0.003140
390.000000 239.000000 0.219803 -0.003140
403.000000 239.000000 0.260623 -0.003140
475.000000 239.000000 0.486706 -0.003140
501.000000 239.000000 0.568347 -0.003140
520.000000 239.000000 0.628007 -0.003140
167.000000 240.000000 -0.480426 0.000000
177.000000 240.000000 -0.449025 0.000000
183.000000 240.000000 -0.430185 0.000000
185.000000 240.000000 -0.423905 0.000000
364.000000 240.000000 0.138162 0.000000
378.000000 240.000000 0.182122 0.000000
395.000000 240.000000 0.235503 0.000000
397.000000 240.000000 0.241783 0.000000
470.000000 240.000000 0.471006 0.000000
477.000000 240.000000 0.492986 0.000000
181.000000 241.000000 -0.436465 0.003140
228.000000 241.000000 -0.288883 0.003140
242.000000 241.000000 -0.244923 0.003140
275.000000 241.000000 -0.141302 0.003140
311.000000 241.000000 -0.028260 0.003140
313.000000 241.000000 -0.021980 0.003140
370.000000 241.000000 0.157002 0.003140
417.000000 241.000000 0.304584 0.003140
458.000000 241.000000 0.433325 0.003140
502.000000 241.000000 0.571487 0.003140
504.000000 241.000000 0.577767 0.003140
506.000000 241.000000 0.584047 0.003140
224.000000 242.000000 -0.301444 0.006280
361.000000 242.000000 0.128742 0.006280
374.000000 242.000000 0.169562 0.006280
449.000000 242.000000 0.405065 0.006280
473.000000 242.000000 0.480426 0.006280
493.000000 242.000000 0.543226 0.006280
496.000000 242.000000 0.552647 0.006280
148.000000 243.000000 -0.540086 0.009420
182.000000 243.000000 -0.433325 0.009420
186.000000 243.000000 -0.420765 0.009420
196.000000 243.000000 -0.389365 0.009420
220.000000 243.000000 -0.314004 0.009420
271.000000 243.000000 -0.153862 0.009420
366.000000 243.000000 0.144442 0.009420
404.000000 243.000000 0.263763 0.009420
491.000000 243.000000 0.536946 0.009420
385.000000 244.000000 0.204102 0.012560
398.000000 244.000000 0.244923 0.012560
479.000000 244.000000 0.499266 0.012560
481.000000 244.000000 0.505546 0.012560
606.000000 244.000000 0.898051 0.012560
144.000000 245.000000 -0.552647 0.015700
173.000000 245.000000 -0.461585 0.015700
175.000000 245.000000 -0.455305 0.015700
187.000000 245.000000 -0.417625 0.015700
312.000000 245.000000 -0.025120 0.015700
358.000000 245.000000 0.119321 0.015700
362.000000 245.000000 0.131882 0.015700
476.000000 245.000000 0.489846 0.015700
582.000000 245.000000 0.822690 0.015700
121.000000 246.000000 -0.624867 0.018840
131.000000 246.000000 -0.593467 0.018840
139.000000 246.000000 -0.568347 0.018840
165.000000 246.000000 -0.486706 0.018840
182.000000 246.000000 -0.433325 0.018840
196.000000 246.000000 -0.389365 0.018840
385.000000 246.000000 0.204102 0.018840
577.000000 246.000000 0.806990 0.018840
125.000000 247.000000 -0.612307 0.021980
127.000000 247.000000 -0.606027 0.021980
134.000000 247.000000 -0.584047 0.021980
175.000000 247.000000 -0.455305 0.021980
553.000000 247.000000 0.731629 0.021980
568.000000 247.000000 0.778729 0.021980
575.000000 247.000000 0.800709 0.021980
580.000000 247.000000 0.816410 0.021980
30.000000 248.000000 -0.910611 0.025120
33.000000 248.000000 -0.901191 0.025120
118.000000 248.000000 -0.634288 0.025120
187.000000 248.000000 -0.417625 0.025120
194.000000 248.000000 -0.395645 0.025120
373.000000 248.000000 0.166422 0.025120
564.000000 248.000000 0.766169 0.025120
23.000000 249.000000 -0.932591 0.028260
107.000000 249.000000 -0.668828 0.028260
111.000000 249.000000 -0.656268 0.028260
197.000000 249.000000 -0.386225 0.028260
355.000000 249.000000 0.109901 0.028260
367.000000 249.000000 0.147582 0.028260
430.000000 249.000000 0.345404 0.028260
552.000000 249.000000 0.728489 0.028260
558.000000 249.000000 0.747329 0.028260
15.000000 250.000000 -0.957711 0.031400
98.000000 250.000000 -0.697088 0.031400
131.000000 250.000000 -0.593467 0.031400
184.000000 250.000000 -0.427045 0.031400
189.000000 250.000000 -0.411345 0.031400
275.000000 250.000000 -0.141302 0.031400
387.000000 250.000000 0.210382 0.031400
6.000000 251.000000 -0.985972 0.034540
95.000000 251.000000 -0.706508 0.034540
128.000000 251.000000 -0.602887 0.034540
142.000000 251.000000 -0.558927 0.034540
195.000000 251.000000 -0.392505 0.034540
271.000000 251.000000 -0.153862 0.034540
302.000000 251.000000 -0.056521 0.034540
440.000000 251.000000 0.376804 0.034540
79.000000 252.000000 -0.756749 0.037680
81.000000 252.000000 -0.750469 0.037680
85.000000 252.000000 -0.737909 0.037680
362.000000 252.000000 0.131882 0.037680
375.000000 252.000000 0.172702 0.037680
385.000000 252.000000 0.204102 0.037680
419.000000 252.000000 0.310864 0.037680
427.000000 252.000000 0.335984 0.037680
268.000000 253.000000 -0.163282 0.040820
304.000000 253.000000 -0.050241 0.040820
367.000000 253.000000 0.147582 0.040820
412.000000 253.000000 0.288883 0.040820
414.000000 253.000000 0.295163 0.040820
437.000000 253.000000 0.367384 0.040820
512.000000 253.000000 0.602887 0.040820
519.000000 253.000000 0.624867 0.040820
171.000000 254.000000 -0.467866 0.043961
197.000000 254.000000 -0.386225 0.043961
350.000000 254.000000 0.094201 0.043961
383.000000 254.000000 0.197822 0.043961
403.000000 254.000000 0.260623 0.043961
500.000000 254.000000 0.565207 0.043961
502.000000 254.000000 0.571487 0.043961
504.000000 254.000000 0.577767 0.043961
67.000000 255.000000 -0.794429 0.047101
91.000000 255.000000 -0.719069 0.047101
175.000000 255.000000 -0.455305 0.047101
395.000000 255.000000 0.235503 0.047101
399.000000 255.000000 0.248063 0.047101
491.000000 255.000000 0.536946 0.047101
55.000000 256.000000 -0.832110 0.050241
327.000000 256.000000 0.021980 0.050241
404.000000 256.000000 0.263763 0.050241
439.000000 256.000000 0.373664 0.050241
598.000000 256.000000 0.872930 0.050241
34.000000 257.000000 -0.898051 0.053381
51.000000 257.000000 -0.844670 0.053381
77.000000 257.000000 -0.763029 0.053381
395.000000 257.000000 0.235503 0.053381
407.000000 257.000000 0.273183 0.053381
414.000000 257.000000 0.295163 0.053381
428.000000 257.000000 0.339124 0.053381
430.000000 257.000000 0.345404 0.053381
480.000000 257.000000 0.502406 0.053381
70.000000 258.000000 -0.785009 0.056521
134.000000 258.000000 -0.584047 0.056521
140.000000 258.000000 -0.565207 0.056521
301.000000 258.000000 -0.059661 0.056521
303.000000 258.000000 -0.053381 0.056521
307.000000 258.000000 -0.040820 0.056521
354.000000 258.000000 0.106761 0.056521
363.000000 258.000000 0.135022 0.056521
463.000000 258.000000 0.449025 0.056521
465.000000 258.000000 0.455305 0.056521
467.000000 258.000000 0.461585 0.056521
473.000000 258.000000 0.480426 0.056521
27.000000 259.000000 -0.920031 0.059661
100.000000 259.000000 -0.690808 0.059661
357.000000 259.000000 0.116181 0.059661
389.000000 259.000000 0.216663 0.059661
397.000000 259.000000 0.241783 0.059661
432.000000 259.000000 0.351684 0.059661
447.000000 259.000000 0.398785 0.059661
127.000000 260.000000 -0.606027 0.062801
150.000000 260.000000 -0.533806 0.062801
196.000000 260.000000 -0.389365 0.062801
318.000000 260.000000 -0.006280 0.062801
349.000000 260.000000 0.091061 0.062801
73.000000 261.000000 -0.775589 0.065941
129.000000 261.000000 -0.599747 0.065941
198.000000 261.000000 -0.383085 0.065941
298.000000 261.000000 -0.069081 0.065941
302.000000 261.000000 -0.056521 0.065941
346.000000 261.000000 0.081641 0.065941
429.000000 261.000000 0.342264 0.065941
441.000000 261.000000 0.379945 0.065941
443.000000 261.000000 0.386225 0.065941
448.000000 261.000000 0.401925 0.065941
47.000000 262.000000 -0.857230 0.069081
77.000000 262.000000 -0.763029 0.069081
88.000000 262.000000 -0.728489 0.069081
141.000000 262.000000 -0.562067 0.069081
194.000000 262.000000 -0.395645 0.069081
356.000000 262.000000 0.113041 0.069081
507.000000 262.000000 0.587187 0.069081
100.000000 263.000000 -0.690808 0.072221
120.000000 263.000000 -0.628007 0.072221
129.000000 263.000000 -0.599747 0.072221
139.000000 263.000000 -0.568347 0.072221
339.000000 263.000000 0.059661 0.072221
341.000000 263.000000 0.065941 0.072221
365.000000 263.000000 0.141302 0.072221
446.000000 263.000000 0.395645 0.072221
605.000000 263.000000 0.894911 0.072221
63.000000 264.000000 -0.806990 0.075361
88.000000 264.000000 -0.728489 0.075361
114.000000 264.000000 -0.646848 0.075361
117.000000 264.000000 -0.637428 0.075361
198.000000 264.000000 -0.383085 0.075361
349.000000 264.000000 0.091061 0.075361
355.000000 264.000000 0.109901 0.075361
109.000000 265.000000 -0.662548 0.078501
138.000000 265.000000 -0.571487 0.078501
305.000000 265.000000 -0.047101 0.078501
630.000000 265.000000 0.973412 0.078501
632.000000 265.000000 0.979692 0.078501
59.000000 266.000000 -0.819550 0.081641
63.000000 266.000000 -0.806990 0.081641
74.000000 266.000000 -0.772449 0.081641
195.000000 266.000000 -0.392505 0.081641
365.000000 266.000000 0.141302 0.081641
372.000000 266.000000 0.163282 0.081641
611.000000 266.000000 0.913751 0.081641
46.000000 267.000000 -0.860370 0.084781
199.000000 267.000000 -0.379945 0.084781
603.000000 267.000000 0.888631 0.084781
606.000000 267.000000 0.898051 0.084781
303.000000 268.000000 -0.053381 0.087921
596.000000 268.000000 0.866650 0.087921
90.000000 269.000000 -0.722209 0.091061
95.000000 269.000000 -0.706508 0.091061
196.000000 269.000000 -0.389365 0.091061
273.000000 269.000000 -0.147582 0.091061
358.000000 269.000000 0.119321 0.091061
588.000000 269.000000 0.841530 0.091061
590.000000 269.000000 0.847810 0.091061
84.000000 270.000000 -0.741049 0.094201
103.000000 270.000000 -0.681388 0.094201
574.000000 270.000000 0.797569 0.094201
577.000000 270.000000 0.806990 0.094201
59.000000 271.000000 -0.819550 0.097341
77.000000 271.000000 -0.763029 0.097341
97.000000 271.000000 -0.700228 0.097341
274.000000 271.000000 -0.144442 0.097341
348.000000 271.000000 0.087921 0.097341
563.000000 271.000000 0.763029 0.097341
565.000000 271.000000 0.769309 0.097341
196.000000 272.000000 -0.389365 0.100481
256.000000 272.000000 -0.200962 0.100481
552.000000 272.000000 0.728489 0.100481
554.000000 272.000000 0.734769 0.100481
69.000000 273.000000 -0.788149 0.103621
83.000000 273.000000 -0.744189 0.103621
200.000000 273.000000 -0.376804 0.103621
275.000000 273.000000 -0.141302 0.103621
354.000000 273.000000 0.106761 0.103621
397.000000 273.000000 0.241783 0.103621
540.000000 273.000000 0.690808 0.103621
542.000000 273.000000 0.697088 0.103621
63.000000 274.000000 -0.806990 0.106761
528.000000 274.000000 0.653128 0.106761
530.000000 274.000000 0.659408 0.106761
61.000000 275.000000 -0.813270 0.109901
67.000000 275.000000 -0.794429 0.109901
74.000000 275.000000 -0.772449 0.109901
197.000000 275.000000 -0.386225 0.109901
291.000000 275.000000 -0.091061 0.109901
503.000000 275.000000 0.574627 0.109901
517.000000 275.000000 0.618587 0.109901
519.000000 275.000000 0.624867 0.109901
200.000000 276.000000 -0.376804 0.113041
366.000000 276.000000 0.144442 0.113041
508.000000 276.000000 0.590327 0.113041
497.000000 277.000000 0.555787 0.116181
46.000000 278.000000 -0.860370 0.119321
197.000000 278.000000 -0.386225 0.119321
282.000000 278.000000 -0.119321 0.119321
36.000000 279.000000 -0.891771 0.122461
51.000000 279.000000 -0.844670 0.122461
201.000000 279.000000 -0.373664 0.122461
37.000000 281.000000 -0.888631 0.128742
198.000000 281.000000 -0.383085 0.128742
350.000000 283.000000 0.094201 0.135022
475.000000 283.000000 0.486706 0.135022
38.000000 284.000000 -0.885490 0.138162
198.000000 284.000000 -0.383085 0.138162
280.000000 284.000000 -0.125601 0.138162
353.000000 284.000000 0.103621 0.138162
202.000000 285.000000 -0.370524 0.141302
346.000000 285.000000 0.081641 0.141302
339.000000 286.000000 0.059661 0.144442
473.000000 286.000000 0.480426 0.144442
142.000000 287.000000 -0.558927 0.147582
212.000000 287.000000 -0.339124 0.147582
344.000000 287.000000 0.075361 0.147582
347.000000 287.000000 0.084781 0.147582
352.000000 287.000000 0.100481 0.147582
453.000000 288.000000 0.417625 0.150722
39.000000 289.000000 -0.882350 0.153862
199.000000 289.000000 -0.379945 0.153862
201.000000 289.000000 -0.373664 0.153862
347.000000 289.000000 0.084781 0.153862
476.000000 289.000000 0.489846 0.153862
271.000000 290.000000 -0.153862 0.157002
446.000000 290.000000 0.395645 0.157002
449.000000 290.000000 0.405065 0.157002
457.000000 290.000000 0.430185 0.157002
463.000000 290.000000 0.449025 0.157002
203.000000 291.000000 -0.367384 0.160142
212.000000 291.000000 -0.339124 0.160142
460.000000 292.000000 0.439605 0.163282
469.000000 292.000000 0.467866 0.163282
481.000000 292.000000 0.505546 0.163282
345.000000 293.000000 0.078501 0.166422
440.000000 293.000000 0.376804 0.166422
474.000000 293.000000 0.483566 0.166422
143.000000 294.000000 -0.555787 0.169562
212.000000 294.000000 -0.339124 0.169562
445.000000 294.000000 0.392505 0.169562
486.000000 294.000000 0.521246 0.169562
200.000000 295.000000 -0.376804 0.172702
202.000000 295.000000 -0.370524 0.172702
450.000000 295.000000 0.408205 0.172702
492.000000 295.000000 0.540086 0.172702
143.000000 296.000000 -0.555787 0.175842
341.000000 296.000000 0.065941 0.175842
382.000000 296.000000 0.194682 0.175842
455.000000 296.000000 0.423905 0.175842
479.000000 296.000000 0.499266 0.175842
498.000000 296.000000 0.558927 0.175842
204.000000 297.000000 -0.364244 0.178982
384.000000 297.000000 0.200962 0.178982
460.000000 297.000000 0.439605 0.178982
484.000000 297.000000 0.514966 0.178982
486.000000 297.000000 0.521246 0.178982
489.000000 297.000000 0.530666 0.178982
201.000000 298.000000 -0.373664 0.182122
250.000000 298.000000 -0.219803 0.182122
339.000000 298.000000 0.059661 0.182122
465.000000 298.000000 0.455305 0.182122
477.000000 298.000000 0.492986 0.182122
479.000000 298.000000 0.499266 0.182122
497.000000 298.000000 0.555787 0.182122
259.000000 299.000000 -0.191542 0.185262
336.000000 299.000000 0.050241 0.185262
469.000000 299.000000 0.467866 0.185262
483.000000 299.000000 0.511826 0.185262
475.000000 300.000000 0.486706 0.188402
493.000000 300.000000 0.543226 0.188402
187.000000 301.000000 -0.417625 0.191542
251.000000 301.000000 -0.216663 0.191542
259.000000 301.000000 -0.191542 0.191542
481.000000 301.000000 0.505546 0.191542
201.000000 302.000000 -0.373664 0.194682
232.000000 302.000000 -0.276323 0.194682
359.000000 302.000000 0.122461 0.194682
486.000000 302.000000 0.521246 0.194682
205.000000 303.000000 -0.361104 0.197822
491.000000 303.000000 0.536946 0.197822
493.000000 303.000000 0.543226 0.197822
144.000000 304.000000 -0.552647 0.200962
498.000000 304.000000 0.558927 0.200962
147.000000 305.000000 -0.543226 0.204102
205.000000 306.000000 -0.361104 0.207242
337.000000 306.000000 0.053381 0.207242
496.000000 307.000000 0.552647 0.210382
202.000000 308.000000 -0.370524 0.213523
206.000000 309.000000 -0.357964 0.216663
244.000000 309.000000 -0.238643 0.216663
336.000000 310.000000 0.050241 0.219803
500.000000 310.000000 0.565207 0.219803
143.000000 311.000000 -0.555787 0.222943
203.000000 311.000000 -0.367384 0.222943
241.000000 311.000000 -0.248063 0.222943
145.000000 313.000000 -0.549506 0.229223
333.000000 313.000000 0.040820 0.229223
337.000000 313.000000 0.053381 0.229223
203.000000 314.000000 -0.367384 0.232363
505.000000 314.000000 0.580907 0.232363
207.000000 315.000000 -0.354824 0.235503
197.000000 316.000000 -0.386225 0.238643
334.000000 316.000000 0.043961 0.238643
509.000000 316.000000 0.593467 0.238643
149.000000 317.000000 -0.536946 0.241783
204.000000 317.000000 -0.364244 0.241783
233.000000 317.000000 -0.273183 0.241783
589.000000 317.000000 0.844670 0.241783
619.000000 317.000000 0.938871 0.241783
333.000000 318.000000 0.040820 0.244923
207.000000 319.000000 -0.354824 0.248063
509.000000 319.000000 0.593467 0.248063
204.000000 320.000000 -0.364244 0.251203
147.000000 321.000000 -0.543226 0.254343
149.000000 321.000000 -0.536946 0.254343
198.000000 321.000000 -0.383085 0.254343
230.000000 321.000000 -0.282603 0.254343
331.000000 321.000000 0.034540 0.254343
208.000000 322.000000 -0.351684 0.257483
160.000000 323.000000 -0.502406 0.260623
510.000000 323.000000 0.596607 0.260623
149.000000 324.000000 -0.536946 0.263763
173.000000 324.000000 -0.461585 0.263763
209.000000 324.000000 -0.348544 0.263763
162.000000 325.000000 -0.496126 0.266903
186.000000 325.000000 -0.420765 0.266903
176.000000 326.000000 -0.452165 0.270043
199.000000 326.000000 -0.379945 0.270043
328.000000 326.000000 0.025120 0.270043
216.000000 327.000000 -0.326564 0.273183
221.000000 327.000000 -0.310864 0.273183
204.000000 328.000000 -0.364244 0.276323
208.000000 328.000000 -0.351684 0.276323
210.000000 328.000000 -0.345404 0.276323
213.000000 329.000000 -0.335984 0.279463
321.000000 331.000000 0.003140 0.285743
323.000000 331.000000 0.009420 0.285743
212.000000 332.000000 -0.339124 0.288883
519.000000 333.000000 0.624867 0.292023
325.000000 335.000000 0.015700 0.298304
550.000000 335.000000 0.722209 0.298304
207.000000 336.000000 -0.354824 0.301444
608.000000 336.000000 0.904331 0.301444
204.000000 338.000000 -0.364244 0.307724
321.000000 338.000000 0.003140 0.307724
200.000000 341.000000 -0.376804 0.317144
197.000000 343.000000 -0.386225 0.323424
545.000000 343.000000 0.706508 0.323424
559.000000 343.000000 0.750469 0.323424
543.000000 344.000000 0.700228 0.326564
195.000000 345.000000 -0.392505 0.329704
199.000000 345.000000 -0.379945 0.329704
610.000000 345.000000 0.910611 0.329704
148.000000 346.000000 -0.540086 0.332844
193.000000 346.000000 -0.398785 0.332844
546.000000 346.000000 0.709648 0.332844
197.000000 347.000000 -0.386225 0.335984
623.000000 348.000000 0.951431 0.339124
317.000000 349.000000 -0.009420 0.342264
149.000000 350.000000 -0.536946 0.345404
633.000000 350.000000 0.982832 0.345404
186.000000 351.000000 -0.420765 0.348544
316.000000 351.000000 -0.012560 0.348544
183.000000 353.000000 -0.430185 0.354824
179.000000 356.000000 -0.442745 0.364244
400.000000 356.000000 0.251203 0.364244
302.000000 357.000000 -0.056521 0.367384
308.000000 357.000000 -0.037680 0.367384
156.000000 358.000000 -0.514966 0.370524
307.000000 359.000000 -0.040820 0.373664
312.000000 359.000000 -0.025120 0.373664
158.000000 361.000000 -0.508686 0.379945
172.000000 361.000000 -0.464725 0.379945
310.000000 361.000000 -0.031400 0.379945
169.000000 363.000000 -0.474146 0.386225
154.000000 364.000000 -0.521246 0.389365
545.000000 366.000000 0.706508 0.395645
293.000000 367.000000 -0.084781 0.398785
308.000000 367.000000 -0.037680 0.398785
556.000000 367.000000 0.741049 0.398785
162.000000 368.000000 -0.496126 0.401925
160.000000 369.000000 -0.502406 0.405065
307.000000 371.000000 -0.040820 0.411345
290.000000 372.000000 -0.094201 0.414485
304.000000 372.000000 -0.050241 0.414485
509.000000 372.000000 0.593467 0.414485
562.000000 373.000000 0.759889 0.417625
355.000000 376.000000 0.109901 0.427045
144.000000 379.000000 -0.552647 0.436465
477.000000 379.000000 0.492986 0.436465
554.000000 379.000000 0.734769 0.436465
568.000000 380.000000 0.778729 0.439605
122.000000 381.000000 -0.621727 0.442745
302.000000 381.000000 -0.056521 0.442745
436.000000 381.000000 0.364244 0.442745
558.000000 382.000000 0.747329 0.445885
300.000000 385.000000 -0.062801 0.455305
574.000000 385.000000 0.797569 0.455305
606.000000 385.000000 0.898051 0.455305
574.000000 388.000000 0.797569 0.464725
569.000000 389.000000 0.781869 0.467866
569.000000 393.000000 0.781869 0.480426
250.000000 394.000000 -0.219803 0.483566
333.000000 394.000000 0.040820 0.483566
583.000000 394.000000 0.825830 0.483566
599.000000 394.000000 0.876070 0.483566
301.000000 395.000000 -0.059661 0.486706
619.000000 395.000000 0.938871 0.486706
103.000000 396.000000 -0.681388 0.489846
483.000000 396.000000 0.511826 0.489846
573.000000 396.000000 0.794429 0.489846
272.000000 398.000000 -0.150722 0.496126
381.000000 398.000000 0.191542 0.496126
592.000000 398.000000 0.854090 0.496126
277.000000 399.000000 -0.135022 0.499266
286.000000 400.000000 -0.106761 0.502406
592.000000 400.000000 0.854090 0.502406
288.000000 401.000000 -0.100481 0.505546
274.000000 402.000000 -0.144442 0.508686
284.000000 402.000000 -0.113041 0.508686
500.000000 402.000000 0.565207 0.508686
585.000000 402.000000 0.832110 0.508686
286.000000 403.000000 -0.106761 0.511826
572.000000 403.000000 0.791289 0.511826
284.000000 405.000000 -0.113041 0.518106
595.000000 406.000000 0.863510 0.521246
294.000000 411.000000 -0.081641 0.536946
515.000000 412.000000 0.612307 0.540086
291.000000 413.000000 -0.091061 0.543226
614.000000 413.000000 0.923171 0.543226
474.000000 414.000000 0.483566 0.546366
582.000000 414.000000 0.822690 0.546366
615.000000 417.000000 0.926311 0.555787
557.000000 418.000000 0.744189 0.558927
233.000000 419.000000 -0.273183 0.562067
237.000000 419.000000 -0.260623 0.562067
287.000000 419.000000 -0.103621 0.562067
520.000000 420.000000 0.628007 0.565207
605.000000 420.000000 0.894911 0.565207
66.000000 421.000000 -0.797569 0.568347
262.000000 421.000000 -0.182122 0.568347
404.000000 421.000000 0.263763 0.568347
596.000000 421.000000 0.866650 0.568347
485.000000 422.000000 0.518106 0.571487
66.000000 423.000000 -0.797569 0.574627
547.000000 423.000000 0.712788 0.574627
289.000000 426.000000 -0.097341 0.584047
532.000000 427.000000 0.665688 0.587187
558.000000 428.000000 0.747329 0.590327
279.000000 430.000000 -0.128742 0.596607
608.000000 430.000000 0.904331 0.596607
33.000000 435.000000 -0.901191 0.612307
276.000000 436.000000 -0.138162 0.615447
404.000000 438.000000 0.263763 0.621727
477.000000 438.000000 0.492986 0.621727
573.000000 438.000000 0.794429 0.621727
619.000000 438.000000 0.938871 0.621727
282.000000 440.000000 -0.119321 0.628007
216.000000 441.000000 -0.326564 0.631147
285.000000 442.000000 -0.109901 0.634288
77.000000 443.000000 -0.763029 0.637428
216.000000 443.000000 -0.326564 0.637428
278.000000 443.000000 -0.131882 0.637428
11.000000 445.000000 -0.970271 0.643708
537.000000 445.000000 0.681388 0.643708
608.000000 445.000000 0.904331 0.643708
560.000000 446.000000 0.753609 0.646848
7.000000 447.000000 -0.982832 0.649988
102.000000 448.000000 -0.684528 0.653128
635.000000 448.000000 0.989112 0.653128
54.000000 449.000000 -0.835250 0.656268
564.000000 449.000000 0.766169 0.656268
21.000000 450.000000 -0.938871 0.659408
222.000000 450.000000 -0.307724 0.659408
245.000000 450.000000 -0.235503 0.659408
412.000000 450.000000 0.288883 0.659408
582.000000 450.000000 0.822690 0.659408
243.000000 451.000000 -0.241783 0.662548
489.000000 451.000000 0.530666 0.662548
527.000000 451.000000 0.649988 0.662548
341.000000 452.000000 0.065941 0.665688
5.000000 453.000000 -0.989112 0.668828
279.000000 453.000000 -0.128742 0.668828
325.000000 453.000000 0.015700 0.668828
612.000000 453.000000 0.916891 0.668828
504.000000 454.000000 0.577767 0.671968
5.000000 455.000000 -0.989112 0.675108
495.000000 455.000000 0.549506 0.675108
19.000000 457.000000 -0.945151 0.681388
547.000000 457.000000 0.712788 0.681388
361.000000 459.000000 0.128742 0.687668
583.000000 459.000000 0.825830 0.687668
550.000000 461.000000 0.722209 0.693948
271.000000 463.000000 -0.153862 0.700228
269.000000 464.000000 -0.160142 0.703368
561.000000 464.000000 0.756749 0.703368
264.000000 465.000000 -0.175842 0.706508
376.000000 465.000000 0.175842 0.706508
636.000000 465.000000 0.992252 0.706508
495.000000 466.000000 0.549506 0.709648
572.000000 466.000000 0.791289 0.709648
273.000000 467.000000 -0.147582 0.712788
427.000000 467.000000 0.335984 0.712788
550.000000 467.000000 0.722209 0.712788
561.000000 467.000000 0.756749 0.712788
607.000000 467.000000 0.901191 0.712788
632.000000 467.000000 0.979692 0.712788
280.000000 468.000000 -0.125601 0.715928
312.000000 468.000000 -0.025120 0.715928
508.000000 468.000000 0.590327 0.715928
629.000000 468.000000 0.970271 0.715928
568.000000 469.000000 0.778729 0.719069
256.000000 470.000000 -0.200962 0.722209
600.000000 470.000000 0.879210 0.722209
262.000000 471.000000 -0.182122 0.725349
564.000000 471.000000 0.766169 0.725349
617.000000 473.000000 0.932591 0.731629
261.000000 474.000000 -0.185262 0.734769
33.000000 476.000000 -0.901191 0.741049
38.000000 476.000000 -0.885490 0.741049
231.000000 476.000000 -0.279463 0.741049
