293.000000 3.000000 -0.084781 -0.744189
581.000000 3.000000 0.819550 -0.744189
379.000000 4.000000 0.185262 -0.741049
291.000000 5.000000 -0.091061 -0.737909
383.000000 5.000000 0.197822 -0.737909
376.000000 6.000000 0.175842 -0.734769
577.000000 6.000000 0.806990 -0.734769
587.000000 6.000000 0.838390 -0.734769
566.000000 7.000000 0.772449 -0.731629
579.000000 7.000000 0.813270 -0.731629
534.000000 8.000000 0.671968 -0.728489
293.000000 10.000000 -0.084781 -0.722209
543.000000 10.000000 0.700228 -0.722209
296.000000 11.000000 -0.075361 -0.719069
578.000000 11.000000 0.810130 -0.719069
634.000000 11.000000 0.985972 -0.719069
536.000000 14.000000 0.678248 -0.709648
517.000000 16.000000 0.618587 -0.703368
540.000000 16.000000 0.690808 -0.703368
447.000000 17.000000 0.398785 -0.700228
554.000000 17.000000 0.734769 -0.700228
602.000000 17.000000 0.885490 -0.700228
635.000000 17.000000 0.989112 -0.700228
296.000000 18.000000 -0.075361 -0.697088
378.000000 18.000000 0.182122 -0.697088
426.000000 18.000000 0.332844 -0.697088
461.000000 18.000000 0.442745 -0.697088
549.000000 18.000000 0.719069 -0.697088
490.000000 19.000000 0.533806 -0.693948
613.000000 19.000000 0.920031 -0.693948
384.000000 20.000000 0.200962 -0.690808
300.000000 21.000000 -0.062801 -0.687668
369.000000 21.000000 0.153862 -0.687668
537.000000 21.000000 0.681388 -0.687668
541.000000 21.000000 0.693948 -0.687668
605.000000 21.000000 0.894911 -0.687668
379.000000 22.000000 0.185262 -0.684528
603.000000 22.000000 0.888631 -0.684528
298.000000 23.000000 -0.069081 -0.681388
452.000000 23.000000 0.414485 -0.681388
589.000000 23.000000 0.844670 -0.681388
622.000000 24.000000 0.948291 -0.678248
571.000000 25.000000 0.788149 -0.675108
372.000000 26.000000 0.163282 -0.671968
302.000000 27.000000 -0.056521 -0.668828
415.000000 27.000000 0.298304 -0.668828
537.000000 27.000000 0.681388 -0.668828
557.000000 27.000000 0.744189 -0.668828
584.000000 27.000000 0.828970 -0.668828
594.000000 28.000000 0.860370 -0.665688
303.000000 29.000000 -0.053381 -0.662548
293.000000 30.000000 -0.084781 -0.659408
609.000000 30.000000 0.907471 -0.659408
446.000000 31.000000 0.395645 -0.656268
583.000000 32.000000 0.825830 -0.653128
604.000000 32.000000 0.891771 -0.653128
608.000000 32.000000 0.904331 -0.653128
610.000000 32.000000 0.910611 -0.653128
294.000000 33.000000 -0.081641 -0.649988
301.000000 33.000000 -0.059661 -0.649988
292.000000 34.000000 -0.087921 -0.646848
381.000000 34.000000 0.191542 -0.646848
392.000000 34.000000 0.226083 -0.646848
302.000000 35.000000 -0.056521 -0.643708
305.000000 35.000000 -0.047101 -0.643708
575.000000 35.000000 0.800709 -0.643708
594.000000 35.000000 0.860370 -0.643708
585.000000 36.000000 0.832110 -0.640568
306.000000 37.000000 -0.043961 -0.637428
582.000000 37.000000 0.822690 -0.637428
589.000000 38.000000 0.844670 -0.634288
576.000000 39.000000 0.803850 -0.631147
584.000000 39.000000 0.828970 -0.631147
369.000000 40.000000 0.153862 -0.628007
516.000000 40.000000 0.615447 -0.628007
568.000000 40.000000 0.778729 -0.628007
572.000000 40.000000 0.791289 -0.628007
303.000000 41.000000 -0.053381 -0.624867
305.000000 41.000000 -0.047101 -0.624867
415.000000 41.000000 0.298304 -0.624867
476.000000 41.000000 0.489846 -0.624867
507.000000 41.000000 0.587187 -0.624867
577.000000 41.000000 0.806990 -0.624867
607.000000 41.000000 0.901191 -0.624867
630.000000 41.000000 0.973412 -0.624867
573.000000 42.000000 0.794429 -0.621727
308.000000 43.000000 -0.037680 -0.618587
383.000000 43.000000 0.197822 -0.618587
565.000000 43.000000 0.769309 -0.618587
585.000000 43.000000 0.832110 -0.618587
590.000000 43.000000 0.847810 -0.618587
592.000000 43.000000 0.854090 -0.618587
369.000000 44.000000 0.153862 -0.615447
388.000000 44.000000 0.213523 -0.615447
583.000000 44.000000 0.825830 -0.615447
308.000000 46.000000 -0.037680 -0.609167
481.000000 46.000000 0.505546 -0.609167
376.000000 47.000000 0.175842 -0.606027
616.000000 47.000000 0.929451 -0.606027
624.000000 47.000000 0.954571 -0.606027
56.000000 48.000000 -0.828970 -0.602887
517.000000 48.000000 0.618587 -0.602887
580.000000 48.000000 0.816410 -0.602887
406.000000 49.000000 0.270043 -0.599747
591.000000 49.000000 0.850950 -0.599747
635.000000 49.000000 0.989112 -0.599747
566.000000 50.000000 0.772449 -0.596607
621.000000 50.000000 0.945151 -0.596607
400.000000 51.000000 0.251203 -0.593467
542.000000 51.000000 0.697088 -0.593467
571.000000 51.000000 0.788149 -0.593467
577.000000 51.000000 0.806990 -0.593467
633.000000 52.000000 0.982832 -0.590327
563.000000 53.000000 0.763029 -0.587187
615.000000 53.000000 0.926311 -0.587187
303.000000 54.000000 -0.053381 -0.584047
312.000000 54.000000 -0.025120 -0.584047
557.000000 54.000000 0.744189 -0.584047
314.000000 55.000000 -0.018840 -0.580907
316.000000 55.000000 -0.012560 -0.580907
356.000000 55.000000 0.113041 -0.580907
549.000000 55.000000 0.719069 -0.580907
612.000000 55.000000 0.916891 -0.580907
328.000000 56.000000 0.025120 -0.577767
464.000000 58.000000 0.452165 -0.571487
543.000000 58.000000 0.700228 -0.571487
547.000000 58.000000 0.712788 -0.571487
313.000000 60.000000 -0.021980 -0.565207
306.000000 61.000000 -0.043961 -0.562067
386.000000 61.000000 0.207242 -0.562067
583.000000 62.000000 0.825830 -0.558927
313.000000 63.000000 -0.021980 -0.555787
544.000000 63.000000 0.703368 -0.555787
394.000000 65.000000 0.232363 -0.549506
614.000000 65.000000 0.923171 -0.549506
316.000000 66.000000 -0.012560 -0.546366
590.000000 66.000000 0.847810 -0.546366
592.000000 66.000000 0.854090 -0.546366
595.000000 66.000000 0.863510 -0.546366
634.000000 66.000000 0.985972 -0.546366
587.000000 70.000000 0.838390 -0.533806
563.000000 71.000000 0.763029 -0.530666
613.000000 71.000000 0.920031 -0.530666
634.000000 71.000000 0.985972 -0.530666
554.000000 72.000000 0.734769 -0.527526
571.000000 72.000000 0.788149 -0.527526
577.000000 72.000000 0.806990 -0.527526
370.000000 73.000000 0.157002 -0.524386
380.000000 73.000000 0.188402 -0.524386
512.000000 73.000000 0.602887 -0.524386
417.000000 74.000000 0.304584 -0.521246
363.000000 75.000000 0.135022 -0.518106
562.000000 75.000000 0.759889 -0.518106
359.000000 76.000000 0.122461 -0.514966
389.000000 76.000000 0.216663 -0.514966
488.000000 76.000000 0.527526 -0.514966
588.000000 76.000000 0.841530 -0.514966
613.000000 76.000000 0.920031 -0.514966
352.000000 78.000000 0.100481 -0.508686
316.000000 79.000000 -0.012560 -0.505546
397.000000 79.000000 0.241783 -0.505546
345.000000 80.000000 0.078501 -0.502406
316.000000 81.000000 -0.012560 -0.499266
341.000000 81.000000 0.065941 -0.499266
528.000000 82.000000 0.653128 -0.496126
554.000000 82.000000 0.734769 -0.496126
556.000000 82.000000 0.741049 -0.496126
578.000000 82.000000 0.810130 -0.496126
589.000000 82.000000 0.844670 -0.496126
596.000000 82.000000 0.866650 -0.496126
635.000000 82.000000 0.989112 -0.496126
334.000000 83.000000 0.043961 -0.492986
395.000000 83.000000 0.235503 -0.492986
610.000000 83.000000 0.910611 -0.492986
317.000000 84.000000 -0.009420 -0.489846
330.000000 84.000000 0.031400 -0.489846
527.000000 84.000000 0.649988 -0.489846
548.000000 84.000000 0.715928 -0.489846
550.000000 84.000000 0.722209 -0.489846
555.000000 84.000000 0.737909 -0.489846
592.000000 85.000000 0.854090 -0.486706
323.000000 86.000000 0.009420 -0.483566
317.000000 87.000000 -0.009420 -0.480426
553.000000 87.000000 0.731629 -0.480426
599.000000 87.000000 0.876070 -0.480426
402.000000 88.000000 0.257483 -0.477286
547.000000 88.000000 0.712788 -0.477286
571.000000 88.000000 0.788149 -0.477286
590.000000 88.000000 0.847810 -0.477286
319.000000 90.000000 -0.003140 -0.471006
365.000000 90.000000 0.141302 -0.471006
384.000000 90.000000 0.200962 -0.471006
551.000000 90.000000 0.725349 -0.471006
618.000000 90.000000 0.935731 -0.471006
598.000000 91.000000 0.872930 -0.467866
613.000000 91.000000 0.920031 -0.467866
318.000000 92.000000 -0.006280 -0.464725
555.000000 92.000000 0.737909 -0.464725
594.000000 92.000000 0.860370 -0.464725
319.000000 94.000000 -0.003140 -0.458445
548.000000 94.000000 0.715928 -0.458445
362.000000 95.000000 0.131882 -0.455305
374.000000 95.000000 0.169562 -0.455305
552.000000 95.000000 0.728489 -0.455305
403.000000 96.000000 0.260623 -0.452165
394.000000 97.000000 0.232363 -0.449025
415.000000 97.000000 0.298304 -0.449025
549.000000 97.000000 0.719069 -0.449025
613.000000 97.000000 0.920031 -0.449025
445.000000 98.000000 0.392505 -0.445885
498.000000 98.000000 0.558927 -0.445885
537.000000 98.000000 0.681388 -0.445885
616.000000 98.000000 0.929451 -0.445885
320.000000 99.000000 -0.000000 -0.442745
365.000000 99.000000 0.141302 -0.442745
560.000000 100.000000 0.753609 -0.439605
386.000000 101.000000 0.207242 -0.436465
556.000000 101.000000 0.741049 -0.436465
320.000000 102.000000 -0.000000 -0.433325
552.000000 102.000000 0.728489 -0.433325
592.000000 103.000000 0.854090 -0.430185
321.000000 104.000000 0.003140 -0.427045
367.000000 104.000000 0.147582 -0.427045
610.000000 104.000000 0.910611 -0.427045
359.000000 105.000000 0.122461 -0.423905
363.000000 105.000000 0.135022 -0.423905
387.000000 106.000000 0.210382 -0.420765
418.000000 106.000000 0.307724 -0.420765
609.000000 106.000000 0.907471 -0.420765
321.000000 107.000000 0.003140 -0.417625
529.000000 107.000000 0.656268 -0.417625
552.000000 107.000000 0.728489 -0.417625
395.000000 108.000000 0.235503 -0.414485
322.000000 109.000000 0.006280 -0.411345
559.000000 109.000000 0.750469 -0.411345
584.000000 109.000000 0.828970 -0.411345
344.000000 110.000000 0.075361 -0.408205
340.000000 111.000000 0.062801 -0.405065
383.000000 111.000000 0.197822 -0.405065
336.000000 112.000000 0.050241 -0.401925
332.000000 113.000000 0.037680 -0.398785
541.000000 113.000000 0.693948 -0.398785
630.000000 113.000000 0.973412 -0.398785
310.000000 114.000000 -0.031400 -0.395645
538.000000 114.000000 0.684528 -0.395645
617.000000 114.000000 0.932591 -0.395645
447.000000 115.000000 0.398785 -0.392505
566.000000 115.000000 0.772449 -0.392505
525.000000 118.000000 0.643708 -0.383085
324.000000 119.000000 0.012560 -0.379945
383.000000 121.000000 0.197822 -0.373664
422.000000 121.000000 0.320284 -0.373664
539.000000 121.000000 0.687668 -0.373664
616.000000 121.000000 0.929451 -0.373664
325.000000 122.000000 0.015700 -0.370524
351.000000 122.000000 0.097341 -0.370524
390.000000 122.000000 0.219803 -0.370524
430.000000 122.000000 0.345404 -0.370524
484.000000 122.000000 0.514966 -0.370524
624.000000 122.000000 0.954571 -0.370524
360.000000 123.000000 0.125601 -0.367384
621.000000 124.000000 0.945151 -0.364244
605.000000 125.000000 0.894911 -0.361104
386.000000 127.000000 0.207242 -0.354824
331.000000 129.000000 0.034540 -0.348544
382.000000 129.000000 0.194682 -0.348544
630.000000 129.000000 0.973412 -0.348544
326.000000 130.000000 0.018840 -0.345404
378.000000 130.000000 0.182122 -0.345404
487.000000 130.000000 0.524386 -0.345404
450.000000 131.000000 0.408205 -0.342264
631.000000 131.000000 0.976552 -0.342264
424.000000 132.000000 0.326564 -0.339124
387.000000 133.000000 0.210382 -0.335984
626.000000 133.000000 0.960851 -0.335984
498.000000 134.000000 0.558927 -0.332844
327.000000 135.000000 0.021980 -0.329704
589.000000 135.000000 0.844670 -0.329704
349.000000 137.000000 0.091061 -0.323424
402.000000 137.000000 0.257483 -0.323424
417.000000 137.000000 0.304584 -0.323424
444.000000 137.000000 0.389365 -0.323424
388.000000 138.000000 0.213523 -0.320284
504.000000 138.000000 0.577767 -0.320284
566.000000 138.000000 0.772449 -0.320284
341.000000 139.000000 0.065941 -0.317144
328.000000 140.000000 0.025120 -0.314004
337.000000 140.000000 0.053381 -0.314004
333.000000 141.000000 0.040820 -0.310864
329.000000 142.000000 0.028260 -0.307724
391.000000 142.000000 0.222943 -0.307724
470.000000 142.000000 0.471006 -0.307724
585.000000 142.000000 0.832110 -0.307724
629.000000 142.000000 0.970271 -0.307724
389.000000 143.000000 0.216663 -0.304584
426.000000 143.000000 0.332844 -0.304584
538.000000 143.000000 0.684528 -0.304584
603.000000 143.000000 0.888631 -0.304584
329.000000 145.000000 0.028260 -0.298304
551.000000 145.000000 0.725349 -0.298304
595.000000 145.000000 0.863510 -0.298304
366.000000 147.000000 0.144442 -0.292023
390.000000 147.000000 0.219803 -0.292023
402.000000 147.000000 0.257483 -0.292023
392.000000 148.000000 0.226083 -0.288883
345.000000 150.000000 0.078501 -0.282603
330.000000 151.000000 0.031400 -0.279463
367.000000 151.000000 0.147582 -0.279463
393.000000 152.000000 0.229223 -0.276323
403.000000 152.000000 0.260623 -0.276323
484.000000 152.000000 0.514966 -0.276323
318.000000 153.000000 -0.006280 -0.273183
331.000000 153.000000 0.034540 -0.273183
391.000000 153.000000 0.222943 -0.273183
560.000000 153.000000 0.753609 -0.273183
316.000000 154.000000 -0.012560 -0.270043
341.000000 154.000000 0.065941 -0.270043
620.000000 154.000000 0.942011 -0.270043
339.000000 155.000000 0.059661 -0.266903
332.000000 156.000000 0.037680 -0.263763
348.000000 158.000000 0.087921 -0.257483
392.000000 158.000000 0.226083 -0.257483
357.000000 159.000000 0.116181 -0.254343
453.000000 159.000000 0.417625 -0.254343
456.000000 159.000000 0.427045 -0.254343
553.000000 159.000000 0.731629 -0.254343
342.000000 160.000000 0.069081 -0.251203
393.000000 160.000000 0.229223 -0.251203
450.000000 160.000000 0.408205 -0.251203
459.000000 160.000000 0.436465 -0.251203
609.000000 160.000000 0.907471 -0.251203
332.000000 161.000000 0.037680 -0.248063
444.000000 161.000000 0.389365 -0.248063
446.000000 161.000000 0.395645 -0.248063
454.000000 161.000000 0.420765 -0.248063
470.000000 161.000000 0.471006 -0.248063
338.000000 162.000000 0.056521 -0.244923
342.000000 162.000000 0.069081 -0.244923
351.000000 162.000000 0.097341 -0.244923
441.000000 162.000000 0.379945 -0.244923
333.000000 163.000000 0.040820 -0.241783
347.000000 163.000000 0.084781 -0.241783
393.000000 163.000000 0.229223 -0.241783
395.000000 163.000000 0.235503 -0.241783
405.000000 163.000000 0.266903 -0.241783
445.000000 163.000000 0.392505 -0.241783
467.000000 163.000000 0.461585 -0.241783
540.000000 163.000000 0.690808 -0.241783
622.000000 163.000000 0.948291 -0.241783
354.000000 164.000000 0.106761 -0.238643
367.000000 164.000000 0.147582 -0.238643
432.000000 164.000000 0.351684 -0.238643
459.000000 164.000000 0.436465 -0.238643
516.000000 164.000000 0.615447 -0.238643
352.000000 165.000000 0.100481 -0.235503
437.000000 165.000000 0.367384 -0.235503
319.000000 166.000000 -0.003140 -0.232363
333.000000 166.000000 0.040820 -0.232363
355.000000 166.000000 0.109901 -0.232363
423.000000 166.000000 0.323424 -0.232363
426.000000 166.000000 0.332844 -0.232363
431.000000 166.000000 0.348544 -0.232363
634.000000 166.000000 0.985972 -0.232363
406.000000 167.000000 0.270043 -0.229223
629.000000 167.000000 0.970271 -0.229223
345.000000 168.000000 0.078501 -0.226083
359.000000 168.000000 0.122461 -0.226083
416.000000 168.000000 0.301444 -0.226083
421.000000 168.000000 0.317144 -0.226083
428.000000 168.000000 0.339124 -0.226083
445.000000 168.000000 0.392505 -0.226083
458.000000 168.000000 0.433325 -0.226083
478.000000 168.000000 0.496126 -0.226083
543.000000 168.000000 0.700228 -0.226083
549.000000 168.000000 0.719069 -0.226083
625.000000 168.000000 0.957711 -0.226083
342.000000 169.000000 0.069081 -0.222943
363.000000 169.000000 0.135022 -0.222943
394.000000 169.000000 0.232363 -0.222943
410.000000 169.000000 0.282603 -0.222943
546.000000 169.000000 0.709648 -0.222943
594.000000 169.000000 0.860370 -0.222943
619.000000 169.000000 0.938871 -0.222943
334.000000 170.000000 0.043961 -0.219803
340.000000 170.000000 0.062801 -0.219803
374.000000 170.000000 0.169562 -0.219803
396.000000 170.000000 0.238643 -0.219803
403.000000 170.000000 0.260623 -0.219803
412.000000 170.000000 0.288883 -0.219803
443.000000 170.000000 0.386225 -0.219803
614.000000 170.000000 0.923171 -0.219803
344.000000 171.000000 0.075361 -0.216663
398.000000 171.000000 0.244923 -0.216663
400.000000 171.000000 0.251203 -0.216663
410.000000 171.000000 0.282603 -0.216663
417.000000 171.000000 0.304584 -0.216663
459.000000 171.000000 0.436465 -0.216663
609.000000 171.000000 0.907471 -0.216663
320.000000 172.000000 -0.000000 -0.213523
347.000000 172.000000 0.084781 -0.213523
396.000000 172.000000 0.238643 -0.213523
604.000000 172.000000 0.891771 -0.213523
629.000000 172.000000 0.970271 -0.213523
335.000000 173.000000 0.047101 -0.210382
343.000000 173.000000 0.072221 -0.210382
360.000000 173.000000 0.125601 -0.210382
599.000000 173.000000 0.876070 -0.210382
624.000000 173.000000 0.954571 -0.210382
635.000000 173.000000 0.989112 -0.210382
394.000000 174.000000 0.232363 -0.207242
594.000000 174.000000 0.860370 -0.207242
619.000000 174.000000 0.938871 -0.207242
372.000000 175.000000 0.163282 -0.204102
389.000000 175.000000 0.216663 -0.204102
404.000000 175.000000 0.263763 -0.204102
423.000000 175.000000 0.323424 -0.204102
570.000000 175.000000 0.785009 -0.204102
589.000000 175.000000 0.844670 -0.204102
613.000000 175.000000 0.920031 -0.204102
624.000000 175.000000 0.954571 -0.204102
335.000000 176.000000 0.047101 -0.200962
361.000000 176.000000 0.128742 -0.200962
383.000000 176.000000 0.197822 -0.200962
415.000000 176.000000 0.298304 -0.200962
460.000000 176.000000 0.439605 -0.200962
563.000000 176.000000 0.763029 -0.200962
573.000000 176.000000 0.794429 -0.200962
584.000000 176.000000 0.828970 -0.200962
609.000000 176.000000 0.907471 -0.200962
621.000000 176.000000 0.945151 -0.200962
351.000000 177.000000 0.097341 -0.197822
375.000000 177.000000 0.172702 -0.197822
420.000000 177.000000 0.314004 -0.197822
469.000000 177.000000 0.467866 -0.197822
579.000000 177.000000 0.813270 -0.197822
603.000000 177.000000 0.888631 -0.197822
636.000000 177.000000 0.992252 -0.197822
369.000000 178.000000 0.153862 -0.194682
381.000000 178.000000 0.191542 -0.194682
392.000000 178.000000 0.226083 -0.194682
422.000000 178.000000 0.320284 -0.194682
547.000000 178.000000 0.712788 -0.194682
572.000000 178.000000 0.791289 -0.194682
574.000000 178.000000 0.797569 -0.194682
599.000000 178.000000 0.876070 -0.194682
627.000000 178.000000 0.963991 -0.194682
361.000000 179.000000 0.128742 -0.191542
365.000000 179.000000 0.141302 -0.191542
371.000000 179.000000 0.160142 -0.191542
379.000000 179.000000 0.185262 -0.191542
397.000000 179.000000 0.241783 -0.191542
417.000000 179.000000 0.304584 -0.191542
557.000000 179.000000 0.744189 -0.191542
594.000000 179.000000 0.860370 -0.191542
603.000000 179.000000 0.888631 -0.191542
620.000000 179.000000 0.942011 -0.191542
352.000000 180.000000 0.100481 -0.188402
376.000000 180.000000 0.175842 -0.188402
412.000000 180.000000 0.288883 -0.188402
552.000000 180.000000 0.728489 -0.188402
589.000000 180.000000 0.844670 -0.188402
616.000000 180.000000 0.929451 -0.188402
336.000000 181.000000 0.050241 -0.185262
345.000000 181.000000 0.078501 -0.185262
347.000000 181.000000 0.084781 -0.185262
355.000000 181.000000 0.109901 -0.185262
379.000000 181.000000 0.185262 -0.185262
408.000000 181.000000 0.276323 -0.185262
584.000000 181.000000 0.828970 -0.185262
593.000000 181.000000 0.857230 -0.185262
611.000000 181.000000 0.913751 -0.185262
404.000000 182.000000 0.263763 -0.182122
426.000000 182.000000 0.332844 -0.182122
578.000000 182.000000 0.810130 -0.182122
606.000000 182.000000 0.898051 -0.182122
353.000000 183.000000 0.103621 -0.178982
375.000000 183.000000 0.172702 -0.178982
400.000000 183.000000 0.251203 -0.178982
444.000000 183.000000 0.389365 -0.178982
573.000000 183.000000 0.794429 -0.178982
349.000000 184.000000 0.091061 -0.175842
395.000000 184.000000 0.235503 -0.175842
403.000000 184.000000 0.260623 -0.175842
405.000000 184.000000 0.266903 -0.175842
427.000000 184.000000 0.335984 -0.175842
439.000000 184.000000 0.373664 -0.175842
508.000000 184.000000 0.590327 -0.175842
543.000000 184.000000 0.700228 -0.175842
545.000000 184.000000 0.706508 -0.175842
578.000000 184.000000 0.810130 -0.175842
585.000000 184.000000 0.832110 -0.175842
331.000000 185.000000 0.034540 -0.172702
338.000000 185.000000 0.056521 -0.172702
390.000000 185.000000 0.219803 -0.172702
398.000000 185.000000 0.244923 -0.172702
400.000000 185.000000 0.251203 -0.172702
434.000000 185.000000 0.357964 -0.172702
485.000000 185.000000 0.518106 -0.172702
538.000000 185.000000 0.684528 -0.172702
377.000000 186.000000 0.178982 -0.169562
385.000000 186.000000 0.204102 -0.169562
392.000000 186.000000 0.226083 -0.169562
395.000000 186.000000 0.235503 -0.169562
416.000000 186.000000 0.301444 -0.169562
463.000000 186.000000 0.449025 -0.169562
480.000000 186.000000 0.502406 -0.169562
534.000000 186.000000 0.671968 -0.169562
584.000000 186.000000 0.828970 -0.169562
589.000000 186.000000 0.844670 -0.169562
618.000000 186.000000 0.935731 -0.169562
326.000000 187.000000 0.018840 -0.166422
357.000000 187.000000 0.116181 -0.166422
379.000000 187.000000 0.185262 -0.166422
389.000000 187.000000 0.216663 -0.166422
423.000000 187.000000 0.323424 -0.166422
475.000000 187.000000 0.486706 -0.166422
484.000000 187.000000 0.514966 -0.166422
529.000000 187.000000 0.656268 -0.166422
551.000000 187.000000 0.725349 -0.166422
553.000000 187.000000 0.731629 -0.166422
581.000000 187.000000 0.819550 -0.166422
320.000000 188.000000 -0.000000 -0.163282
360.000000 188.000000 0.125601 -0.163282
376.000000 188.000000 0.175842 -0.163282
386.000000 188.000000 0.207242 -0.163282
396.000000 188.000000 0.238643 -0.163282
430.000000 188.000000 0.345404 -0.163282
461.000000 188.000000 0.442745 -0.163282
488.000000 188.000000 0.527526 -0.163282
524.000000 188.000000 0.640568 -0.163282
548.000000 188.000000 0.715928 -0.163282
322.000000 189.000000 0.006280 -0.160142
337.000000 189.000000 0.053381 -0.160142
371.000000 189.000000 0.160142 -0.160142
381.000000 189.000000 0.191542 -0.160142
398.000000 189.000000 0.244923 -0.160142
473.000000 189.000000 0.480426 -0.160142
518.000000 189.000000 0.621727 -0.160142
534.000000 189.000000 0.671968 -0.160142
543.000000 189.000000 0.700228 -0.160142
575.000000 189.000000 0.800709 -0.160142
628.000000 189.000000 0.967131 -0.160142
319.000000 190.000000 -0.003140 -0.157002
344.000000 190.000000 0.075361 -0.157002
355.000000 190.000000 0.109901 -0.157002
376.000000 190.000000 0.175842 -0.157002
408.000000 190.000000 0.276323 -0.157002
462.000000 190.000000 0.445885 -0.157002
478.000000 190.000000 0.496126 -0.157002
513.000000 190.000000 0.606027 -0.157002
537.000000 190.000000 0.681388 -0.157002
547.000000 190.000000 0.712788 -0.157002
311.000000 191.000000 -0.028260 -0.153862
346.000000 191.000000 0.081641 -0.153862
486.000000 191.000000 0.521246 -0.153862
508.000000 191.000000 0.590327 -0.153862
532.000000 191.000000 0.665688 -0.153862
593.000000 191.000000 0.857230 -0.153862
308.000000 192.000000 -0.037680 -0.150722
338.000000 192.000000 0.056521 -0.150722
355.000000 192.000000 0.109901 -0.150722
406.000000 192.000000 0.270043 -0.150722
423.000000 192.000000 0.323424 -0.150722
464.000000 192.000000 0.452165 -0.150722
469.000000 192.000000 0.467866 -0.150722
503.000000 192.000000 0.574627 -0.150722
527.000000 192.000000 0.649988 -0.150722
537.000000 192.000000 0.681388 -0.150722
553.000000 192.000000 0.731629 -0.150722
611.000000 192.000000 0.913751 -0.150722
305.000000 193.000000 -0.047101 -0.147582
318.000000 193.000000 -0.006280 -0.147582
376.000000 193.000000 0.175842 -0.147582
394.000000 193.000000 0.232363 -0.147582
402.000000 193.000000 0.257483 -0.147582
420.000000 193.000000 0.314004 -0.147582
498.000000 193.000000 0.558927 -0.147582
522.000000 193.000000 0.634288 -0.147582
532.000000 193.000000 0.665688 -0.147582
549.000000 193.000000 0.719069 -0.147582
581.000000 193.000000 0.819550 -0.147582
602.000000 193.000000 0.885490 -0.147582
349.000000 194.000000 0.091061 -0.144442
352.000000 194.000000 0.100481 -0.144442
388.000000 194.000000 0.213523 -0.144442
397.000000 194.000000 0.241783 -0.144442
418.000000 194.000000 0.307724 -0.144442
472.000000 194.000000 0.477286 -0.144442
493.000000 194.000000 0.543226 -0.144442
517.000000 194.000000 0.618587 -0.144442
527.000000 194.000000 0.649988 -0.144442
566.000000 194.000000 0.772449 -0.144442
300.000000 195.000000 -0.062801 -0.141302
344.000000 195.000000 0.075361 -0.141302
376.000000 195.000000 0.175842 -0.141302
392.000000 195.000000 0.226083 -0.141302
429.000000 195.000000 0.342264 -0.141302
462.000000 195.000000 0.445885 -0.141302
512.000000 195.000000 0.602887 -0.141302
521.000000 195.000000 0.631147 -0.141302
544.000000 195.000000 0.703368 -0.141302
575.000000 195.000000 0.800709 -0.141302
595.000000 195.000000 0.863510 -0.141302
598.000000 195.000000 0.872930 -0.141302
302.000000 196.000000 -0.056521 -0.138162
339.000000 196.000000 0.059661 -0.138162
347.000000 196.000000 0.084781 -0.138162
356.000000 196.000000 0.113041 -0.138162
370.000000 196.000000 0.157002 -0.138162
379.000000 196.000000 0.185262 -0.138162
386.000000 196.000000 0.207242 -0.138162
415.000000 196.000000 0.298304 -0.138162
507.000000 196.000000 0.587187 -0.138162
342.000000 197.000000 0.069081 -0.135022
374.000000 197.000000 0.169562 -0.135022
466.000000 197.000000 0.458445 -0.135022
487.000000 197.000000 0.524386 -0.135022
501.000000 197.000000 0.568347 -0.135022
511.000000 197.000000 0.599747 -0.135022
613.000000 197.000000 0.920031 -0.135022
329.000000 198.000000 0.028260 -0.131882
337.000000 198.000000 0.053381 -0.131882
356.000000 198.000000 0.113041 -0.131882
377.000000 198.000000 0.178982 -0.131882
473.000000 198.000000 0.480426 -0.131882
497.000000 198.000000 0.555787 -0.131882
528.000000 198.000000 0.653128 -0.131882
405.000000 199.000000 0.266903 -0.128742
450.000000 199.000000 0.408205 -0.128742
487.000000 199.000000 0.524386 -0.128742
491.000000 199.000000 0.536946 -0.128742
519.000000 199.000000 0.624867 -0.128742
552.000000 199.000000 0.728489 -0.128742
304.000000 200.000000 -0.050241 -0.125601
328.000000 200.000000 0.025120 -0.125601
381.000000 200.000000 0.191542 -0.125601
394.000000 200.000000 0.232363 -0.125601
401.000000 200.000000 0.254343 -0.125601
482.000000 200.000000 0.508686 -0.125601
513.000000 200.000000 0.606027 -0.125601
375.000000 201.000000 0.172702 -0.122461
387.000000 201.000000 0.210382 -0.122461
416.000000 201.000000 0.301444 -0.122461
422.000000 201.000000 0.320284 -0.122461
462.000000 201.000000 0.445885 -0.122461
506.000000 201.000000 0.584047 -0.122461
541.000000 201.000000 0.693948 -0.122461
576.000000 201.000000 0.803850 -0.122461
350.000000 202.000000 0.094201 -0.119321
457.000000 202.000000 0.430185 -0.119321
503.000000 202.000000 0.574627 -0.119321
379.000000 203.000000 0.185262 -0.116181
383.000000 203.000000 0.197822 -0.116181
389.000000 203.000000 0.216663 -0.116181
451.000000 203.000000 0.411345 -0.116181
497.000000 203.000000 0.555787 -0.116181
328.000000 204.000000 0.025120 -0.113041
350.000000 204.000000 0.094201 -0.113041
371.000000 204.000000 0.160142 -0.113041
376.000000 204.000000 0.175842 -0.113041
391.000000 204.000000 0.222943 -0.113041
446.000000 204.000000 0.395645 -0.113041
467.000000 204.000000 0.461585 -0.113041
345.000000 205.000000 0.078501 -0.109901
367.000000 205.000000 0.147582 -0.109901
441.000000 205.000000 0.379945 -0.109901
488.000000 205.000000 0.527526 -0.109901
339.000000 206.000000 0.059661 -0.106761
365.000000 206.000000 0.141302 -0.106761
394.000000 206.000000 0.232363 -0.106761
411.000000 206.000000 0.285743 -0.106761
416.000000 206.000000 0.301444 -0.106761
436.000000 206.000000 0.364244 -0.106761
537.000000 206.000000 0.681388 -0.106761
614.000000 206.000000 0.923171 -0.106761
358.000000 207.000000 0.119321 -0.103621
374.000000 207.000000 0.169562 -0.103621
389.000000 207.000000 0.216663 -0.103621
397.000000 207.000000 0.241783 -0.103621
402.000000 207.000000 0.257483 -0.103621
532.000000 207.000000 0.665688 -0.103621
350.000000 208.000000 0.094201 -0.100481
367.000000 208.000000 0.147582 -0.100481
386.000000 208.000000 0.207242 -0.100481
405.000000 208.000000 0.266903 -0.100481
411.000000 208.000000 0.285743 -0.100481
577.000000 208.000000 0.806990 -0.100481
428.000000 209.000000 0.339124 -0.097341
499.000000 209.000000 0.562067 -0.097341
521.000000 209.000000 0.631147 -0.097341
555.000000 209.000000 0.737909 -0.097341
563.000000 209.000000 0.763029 -0.097341
330.000000 210.000000 0.031400 -0.094201
342.000000 210.000000 0.069081 -0.094201
355.000000 210.000000 0.109901 -0.094201
394.000000 210.000000 0.232363 -0.094201
399.000000 210.000000 0.248063 -0.094201
470.000000 210.000000 0.471006 -0.094201
336.000000 211.000000 0.050241 -0.091061
381.000000 211.000000 0.191542 -0.091061
489.000000 211.000000 0.530666 -0.091061
499.000000 211.000000 0.562067 -0.091061
588.000000 211.000000 0.841530 -0.091061
334.000000 212.000000 0.043961 -0.087921
506.000000 212.000000 0.584047 -0.087921
369.000000 213.000000 0.153862 -0.084781
375.000000 213.000000 0.172702 -0.084781
387.000000 213.000000 0.210382 -0.084781
366.000000 214.000000 0.144442 -0.081641
382.000000 214.000000 0.194682 -0.081641
396.000000 214.000000 0.238643 -0.081641
401.000000 214.000000 0.254343 -0.081641
429.000000 214.000000 0.342264 -0.081641
495.000000 214.000000 0.549506 -0.081641
578.000000 214.000000 0.810130 -0.081641
343.000000 215.000000 0.072221 -0.078501
408.000000 215.000000 0.276323 -0.078501
415.000000 215.000000 0.298304 -0.078501
525.000000 215.000000 0.643708 -0.078501
580.000000 215.000000 0.816410 -0.078501
605.000000 215.000000 0.894911 -0.078501
312.000000 216.000000 -0.025120 -0.075361
338.000000 216.000000 0.056521 -0.075361
383.000000 216.000000 0.197822 -0.075361
391.000000 216.000000 0.222943 -0.075361
399.000000 216.000000 0.248063 -0.075361
403.000000 216.000000 0.260623 -0.075361
490.000000 216.000000 0.533806 -0.075361
556.000000 216.000000 0.741049 -0.075361
343.000000 217.000000 0.072221 -0.072221
363.000000 217.000000 0.135022 -0.072221
381.000000 217.000000 0.191542 -0.072221
386.000000 217.000000 0.207242 -0.072221
393.000000 217.000000 0.229223 -0.072221
419.000000 217.000000 0.310864 -0.072221
430.000000 217.000000 0.345404 -0.072221
618.000000 217.000000 0.935731 -0.072221
365.000000 218.000000 0.141302 -0.069081
376.000000 218.000000 0.175842 -0.069081
390.000000 218.000000 0.219803 -0.069081
472.000000 218.000000 0.477286 -0.069081
620.000000 218.000000 0.942011 -0.069081
414.000000 219.000000 0.295163 -0.065941
595.000000 219.000000 0.863510 -0.065941
614.000000 219.000000 0.923171 -0.065941
343.000000 220.000000 0.072221 -0.062801
345.000000 220.000000 0.078501 -0.062801
366.000000 220.000000 0.144442 -0.062801
371.000000 220.000000 0.160142 -0.062801
380.000000 220.000000 0.188402 -0.062801
557.000000 220.000000 0.744189 -0.062801
579.000000 220.000000 0.813270 -0.062801
314.000000 221.000000 -0.018840 -0.059661
359.000000 221.000000 0.122461 -0.059661
362.000000 221.000000 0.131882 -0.059661
467.000000 221.000000 0.461585 -0.059661
491.000000 221.000000 0.536946 -0.059661
344.000000 222.000000 0.075361 -0.056521
349.000000 222.000000 0.091061 -0.056521
400.000000 222.000000 0.251203 -0.056521
412.000000 222.000000 0.288883 -0.056521
424.000000 222.000000 0.326564 -0.056521
526.000000 222.000000 0.646848 -0.056521
329.000000 223.000000 0.028260 -0.053381
359.000000 223.000000 0.122461 -0.053381
364.000000 223.000000 0.138162 -0.053381
420.000000 223.000000 0.314004 -0.053381
496.000000 223.000000 0.552647 -0.053381
520.000000 223.000000 0.628007 -0.053381
351.000000 224.000000 0.097341 -0.050241
382.000000 224.000000 0.194682 -0.050241
385.000000 224.000000 0.204102 -0.050241
389.000000 224.000000 0.216663 -0.050241
295.000000 225.000000 -0.078501 -0.047101
349.000000 225.000000 0.091061 -0.047101
354.000000 225.000000 0.106761 -0.047101
379.000000 225.000000 0.185262 -0.047101
470.000000 225.000000 0.471006 -0.047101
346.000000 226.000000 0.081641 -0.043961
492.000000 226.000000 0.540086 -0.043961
543.000000 226.000000 0.700228 -0.043961
580.000000 226.000000 0.816410 -0.043961
582.000000 226.000000 0.822690 -0.043961
584.000000 226.000000 0.828970 -0.043961
299.000000 227.000000 -0.065941 -0.040820
330.000000 227.000000 0.031400 -0.040820
357.000000 227.000000 0.116181 -0.040820
364.000000 227.000000 0.138162 -0.040820
372.000000 227.000000 0.163282 -0.040820
377.000000 227.000000 0.178982 -0.040820
401.000000 227.000000 0.254343 -0.040820
283.000000 228.000000 -0.116181 -0.037680
325.000000 228.000000 0.015700 -0.037680
350.000000 228.000000 0.094201 -0.037680
362.000000 228.000000 0.131882 -0.037680
379.000000 228.000000 0.185262 -0.037680
421.000000 228.000000 0.317144 -0.037680
569.000000 228.000000 0.781869 -0.037680
572.000000 228.000000 0.791289 -0.037680
577.000000 228.000000 0.806990 -0.037680
259.000000 229.000000 -0.191542 -0.034540
294.000000 229.000000 -0.081641 -0.034540
320.000000 229.000000 -0.000000 -0.034540
359.000000 229.000000 0.122461 -0.034540
562.000000 229.000000 0.759889 -0.034540
296.000000 230.000000 -0.075361 -0.031400
564.000000 230.000000 0.766169 -0.031400
299.000000 231.000000 -0.065941 -0.028260
309.000000 231.000000 -0.034540 -0.028260
374.000000 231.000000 0.169562 -0.028260
475.000000 231.000000 0.486706 -0.028260
551.000000 231.000000 0.725349 -0.028260
249.000000 232.000000 -0.222943 -0.025120
251.000000 232.000000 -0.216663 -0.025120
260.000000 232.000000 -0.188402 -0.025120
285.000000 232.000000 -0.109901 -0.025120
306.000000 232.000000 -0.043961 -0.025120
346.000000 232.000000 0.081641 -0.025120
350.000000 232.000000 0.094201 -0.025120
363.000000 232.000000 0.135022 -0.025120
402.000000 232.000000 0.257483 -0.025120
407.000000 232.000000 0.273183 -0.025120
425.000000 232.000000 0.329704 -0.025120
493.000000 232.000000 0.543226 -0.025120
541.000000 232.000000 0.693948 -0.025120
545.000000 232.000000 0.706508 -0.025120
241.000000 233.000000 -0.248063 -0.021980
358.000000 233.000000 0.119321 -0.021980
498.000000 233.000000 0.558927 -0.021980
539.000000 233.000000 0.687668 -0.021980
244.000000 234.000000 -0.238643 -0.018840
259.000000 234.000000 -0.191542 -0.018840
301.000000 234.000000 -0.059661 -0.018840
546.000000 234.000000 0.709648 -0.018840
623.000000 234.000000 0.951431 -0.018840
249.000000 235.000000 -0.222943 -0.015700
306.000000 235.000000 -0.043961 -0.015700
408.000000 235.000000 0.276323 -0.015700
490.000000 235.000000 0.533806 -0.015700
620.000000 235.000000 0.942011 -0.015700
339.000000 236.000000 0.059661 -0.012560
364.000000 236.000000 0.138162 -0.012560
424.000000 236.000000 0.326564 -0.012560
259.000000 237.000000 -0.191542 -0.009420
347.000000 237.000000 0.084781 -0.009420
374.000000 237.000000 0.169562 -0.009420
494.000000 237.000000 0.546366 -0.009420
520.000000 237.000000 0.628007 -0.009420
529.000000 237.000000 0.656268 -0.009420
613.000000 237.000000 0.920031 -0.009420
241.000000 238.000000 -0.248063 -0.006280
244.000000 238.000000 -0.238643 -0.006280
285.000000 238.000000 -0.109901 -0.006280
358.000000 238.000000 0.119321 -0.006280
403.000000 238.000000 0.260623 -0.006280
417.000000 238.000000 0.304584 -0.006280
482.000000 238.000000 0.508686 -0.006280
606.000000 238.000000 0.898051 -0.006280
280.000000 239.000000 -0.125601 -0.003140
291.000000 239.000000 -0.091061 -0.003140
308.000000 239.000000 -0.037680 -0.003140
361.000000 239.000000 0.128742 -0.003140
378.000000 239.000000 0.182122 -0.003140
400.000000 239.000000 0.251203 -0.003140
410.000000 239.000000 0.282603 -0.003140
498.000000 239.000000 0.558927 -0.003140
501.000000 239.000000 0.568347 -0.003140
518.000000 239.000000 0.621727 -0.003140
197.000000 240.000000 -0.386225 0.000000
243.000000 240.000000 -0.241783 0.000000
287.000000 240.000000 -0.103621 0.000000
358.000000 240.000000 0.119321 0.000000
396.000000 240.000000 0.238643 0.000000
408.000000 240.000000 0.276323 0.000000
496.000000 240.000000 0.552647 0.000000
191.000000 241.000000 -0.405065 0.003140
232.000000 241.000000 -0.276323 0.003140
296.000000 241.000000 -0.075361 0.003140
298.000000 241.000000 -0.069081 0.003140
355.000000 241.000000 0.109901 0.003140
583.000000 241.000000 0.825830 0.003140
177.000000 242.000000 -0.449025 0.006280
270.000000 242.000000 -0.157002 0.006280
286.000000 242.000000 -0.106761 0.006280
288.000000 242.000000 -0.100481 0.006280
358.000000 242.000000 0.119321 0.006280
375.000000 242.000000 0.172702 0.006280
385.000000 242.000000 0.204102 0.006280
394.000000 242.000000 0.232363 0.006280
405.000000 242.000000 0.266903 0.006280
493.000000 242.000000 0.543226 0.006280
495.000000 242.000000 0.549506 0.006280
227.000000 243.000000 -0.292023 0.009420
348.000000 243.000000 0.087921 0.009420
380.000000 243.000000 0.188402 0.009420
389.000000 243.000000 0.216663 0.009420
456.000000 243.000000 0.427045 0.009420
490.000000 243.000000 0.533806 0.009420
577.000000 243.000000 0.806990 0.009420
579.000000 243.000000 0.813270 0.009420
171.000000 244.000000 -0.467866 0.012560
222.000000 244.000000 -0.307724 0.012560
224.000000 244.000000 -0.301444 0.012560
230.000000 244.000000 -0.282603 0.012560
245.000000 244.000000 -0.235503 0.012560
272.000000 244.000000 -0.150722 0.012560
374.000000 244.000000 0.169562 0.012560
485.000000 244.000000 0.518106 0.012560
488.000000 244.000000 0.527526 0.012560
552.000000 244.000000 0.728489 0.012560
564.000000 244.000000 0.766169 0.012560
570.000000 244.000000 0.785009 0.012560
175.000000 245.000000 -0.455305 0.015700
217.000000 245.000000 -0.323424 0.015700
219.000000 245.000000 -0.317144 0.015700
242.000000 245.000000 -0.244923 0.015700
369.000000 245.000000 0.153862 0.015700
378.000000 245.000000 0.182122 0.015700
382.000000 245.000000 0.194682 0.015700
389.000000 245.000000 0.216663 0.015700
410.000000 245.000000 0.282603 0.015700
430.000000 245.000000 0.345404 0.015700
476.000000 245.000000 0.489846 0.015700
482.000000 245.000000 0.508686 0.015700
166.000000 246.000000 -0.483566 0.018840
210.000000 246.000000 -0.345404 0.018840
233.000000 246.000000 -0.273183 0.018840
363.000000 246.000000 0.135022 0.018840
549.000000 246.000000 0.719069 0.018840
554.000000 246.000000 0.734769 0.018840
558.000000 246.000000 0.747329 0.018840
157.000000 247.000000 -0.511826 0.021980
160.000000 247.000000 -0.502406 0.021980
196.000000 247.000000 -0.389365 0.021980
246.000000 247.000000 -0.232363 0.021980
357.000000 247.000000 0.116181 0.021980
367.000000 247.000000 0.147582 0.021980
465.000000 247.000000 0.455305 0.021980
468.000000 247.000000 0.464725 0.021980
473.000000 247.000000 0.480426 0.021980
147.000000 248.000000 -0.543226 0.025120
175.000000 248.000000 -0.455305 0.025120
211.000000 248.000000 -0.342264 0.025120
349.000000 248.000000 0.091061 0.025120
353.000000 248.000000 0.103621 0.025120
362.000000 248.000000 0.131882 0.025120
370.000000 248.000000 0.157002 0.025120
169.000000 249.000000 -0.474146 0.028260
178.000000 249.000000 -0.445885 0.028260
234.000000 249.000000 -0.270043 0.028260
250.000000 249.000000 -0.219803 0.028260
290.000000 249.000000 -0.094201 0.028260
356.000000 249.000000 0.113041 0.028260
430.000000 249.000000 0.345404 0.028260
150.000000 250.000000 -0.533806 0.031400
153.000000 250.000000 -0.524386 0.031400
164.000000 250.000000 -0.489846 0.031400
342.000000 250.000000 0.069081 0.031400
359.000000 250.000000 0.122461 0.031400
407.000000 250.000000 0.273183 0.031400
159.000000 251.000000 -0.505546 0.034540
211.000000 251.000000 -0.342264 0.034540
234.000000 251.000000 -0.270043 0.034540
246.000000 251.000000 -0.232363 0.034540
604.000000 251.000000 0.891771 0.034540
154.000000 252.000000 -0.521246 0.037680
169.000000 252.000000 -0.474146 0.037680
179.000000 252.000000 -0.442745 0.037680
254.000000 252.000000 -0.207242 0.037680
262.000000 252.000000 -0.182122 0.037680
350.000000 252.000000 0.094201 0.037680
377.000000 252.000000 0.178982 0.037680
518.000000 252.000000 0.621727 0.037680
213.000000 253.000000 -0.335984 0.040820
511.000000 253.000000 0.599747 0.040820
431.000000 254.000000 0.348544 0.043961
149.000000 255.000000 -0.536946 0.047101
216.000000 255.000000 -0.326564 0.047101
263.000000 255.000000 -0.178982 0.047101
367.000000 255.000000 0.147582 0.047101
499.000000 255.000000 0.562067 0.047101
502.000000 255.000000 0.571487 0.047101
504.000000 255.000000 0.577767 0.047101
152.000000 256.000000 -0.527526 0.050241
221.000000 256.000000 -0.310864 0.050241
351.000000 256.000000 0.097341 0.050241
361.000000 256.000000 0.128742 0.050241
599.000000 256.000000 0.876070 0.050241
169.000000 257.000000 -0.474146 0.053381
412.000000 257.000000 0.288883 0.053381
431.000000 257.000000 0.348544 0.053381
433.000000 257.000000 0.354824 0.053381
489.000000 257.000000 0.530666 0.053381
491.000000 257.000000 0.536946 0.053381
155.000000 258.000000 -0.518106 0.056521
262.000000 258.000000 -0.182122 0.056521
375.000000 258.000000 0.172702 0.056521
408.000000 258.000000 0.276323 0.056521
165.000000 259.000000 -0.486706 0.059661
168.000000 259.000000 -0.477286 0.059661
170.000000 259.000000 -0.471006 0.059661
216.000000 259.000000 -0.326564 0.059661
257.000000 259.000000 -0.197822 0.059661
370.000000 259.000000 0.157002 0.059661
378.000000 259.000000 0.182122 0.059661
402.000000 259.000000 0.257483 0.059661
468.000000 259.000000 0.464725 0.059661
365.000000 260.000000 0.141302 0.062801
396.000000 260.000000 0.238643 0.062801
464.000000 260.000000 0.452165 0.062801
479.000000 260.000000 0.499266 0.062801
169.000000 261.000000 -0.474146 0.065941
348.000000 261.000000 0.087921 0.065941
352.000000 261.000000 0.100481 0.065941
390.000000 261.000000 0.219803 0.065941
394.000000 261.000000 0.232363 0.065941
424.000000 261.000000 0.326564 0.065941
437.000000 261.000000 0.367384 0.065941
473.000000 261.000000 0.480426 0.065941
629.000000 261.000000 0.970271 0.065941
159.000000 262.000000 -0.505546 0.069081
162.000000 262.000000 -0.496126 0.069081
164.000000 262.000000 -0.489846 0.069081
226.000000 262.000000 -0.295163 0.069081
355.000000 262.000000 0.109901 0.069081
398.000000 262.000000 0.244923 0.069081
426.000000 262.000000 0.332844 0.069081
459.000000 262.000000 0.436465 0.069081
465.000000 262.000000 0.455305 0.069081
622.000000 262.000000 0.948291 0.069081
627.000000 262.000000 0.963991 0.069081
203.000000 263.000000 -0.367384 0.072221
294.000000 263.000000 -0.081641 0.072221
390.000000 263.000000 0.219803 0.072221
401.000000 263.000000 0.254343 0.072221
404.000000 263.000000 0.263763 0.072221
449.000000 263.000000 0.405065 0.072221
513.000000 263.000000 0.606027 0.072221
620.000000 263.000000 0.942011 0.072221
158.000000 264.000000 -0.508686 0.075361
171.000000 264.000000 -0.467866 0.075361
200.000000 264.000000 -0.376804 0.075361
428.000000 264.000000 0.339124 0.075361
431.000000 264.000000 0.348544 0.075361
441.000000 264.000000 0.379945 0.075361
615.000000 264.000000 0.926311 0.075361
156.000000 265.000000 -0.514966 0.078501
318.000000 265.000000 -0.006280 0.078501
387.000000 265.000000 0.210382 0.078501
395.000000 265.000000 0.235503 0.078501
609.000000 265.000000 0.907471 0.078501
160.000000 266.000000 -0.502406 0.081641
169.000000 266.000000 -0.474146 0.081641
171.000000 266.000000 -0.467866 0.081641
263.000000 266.000000 -0.178982 0.081641
309.000000 266.000000 -0.034540 0.081641
362.000000 266.000000 0.131882 0.081641
435.000000 266.000000 0.361104 0.081641
441.000000 266.000000 0.379945 0.081641
445.000000 266.000000 0.392505 0.081641
602.000000 266.000000 0.885490 0.081641
139.000000 267.000000 -0.568347 0.084781
356.000000 267.000000 0.113041 0.084781
380.000000 267.000000 0.188402 0.084781
384.000000 267.000000 0.200962 0.084781
443.000000 267.000000 0.386225 0.084781
596.000000 267.000000 0.866650 0.084781
160.000000 268.000000 -0.502406 0.087921
172.000000 268.000000 -0.464725 0.087921
259.000000 268.000000 -0.191542 0.087921
290.000000 268.000000 -0.094201 0.087921
371.000000 268.000000 0.160142 0.087921
445.000000 268.000000 0.392505 0.087921
589.000000 268.000000 0.844670 0.087921
128.000000 269.000000 -0.602887 0.091061
167.000000 269.000000 -0.480426 0.091061
170.000000 269.000000 -0.471006 0.091061
347.000000 269.000000 0.084781 0.091061
351.000000 269.000000 0.097341 0.091061
447.000000 269.000000 0.398785 0.091061
583.000000 269.000000 0.825830 0.091061
250.000000 270.000000 -0.219803 0.094201
258.000000 270.000000 -0.194682 0.094201
342.000000 270.000000 0.069081 0.094201
93.000000 271.000000 -0.712788 0.097341
115.000000 271.000000 -0.643708 0.097341
154.000000 271.000000 -0.521246 0.097341
156.000000 271.000000 -0.514966 0.097341
171.000000 271.000000 -0.467866 0.097341
297.000000 271.000000 -0.072221 0.097341
339.000000 271.000000 0.059661 0.097341
570.000000 271.000000 0.785009 0.097341
572.000000 271.000000 0.791289 0.097341
166.000000 272.000000 -0.483566 0.100481
263.000000 272.000000 -0.178982 0.100481
293.000000 272.000000 -0.084781 0.100481
311.000000 272.000000 -0.028260 0.100481
345.000000 272.000000 0.078501 0.100481
563.000000 272.000000 0.763029 0.100481
107.000000 273.000000 -0.668828 0.103621
157.000000 273.000000 -0.511826 0.103621
173.000000 273.000000 -0.461585 0.103621
357.000000 273.000000 0.116181 0.103621
557.000000 273.000000 0.744189 0.103621
100.000000 274.000000 -0.690808 0.106761
161.000000 274.000000 -0.499266 0.106761
167.000000 274.000000 -0.480426 0.106761
290.000000 274.000000 -0.094201 0.106761
334.000000 274.000000 0.043961 0.106761
349.000000 274.000000 0.091061 0.106761
549.000000 274.000000 0.719069 0.106761
158.000000 275.000000 -0.508686 0.109901
173.000000 275.000000 -0.461585 0.109901
293.000000 275.000000 -0.084781 0.109901
343.000000 275.000000 0.072221 0.109901
366.000000 275.000000 0.144442 0.109901
543.000000 275.000000 0.700228 0.109901
89.000000 276.000000 -0.725349 0.113041
93.000000 276.000000 -0.712788 0.113041
99.000000 276.000000 -0.693948 0.113041
116.000000 276.000000 -0.640568 0.113041
163.000000 276.000000 -0.492986 0.113041
166.000000 276.000000 -0.483566 0.113041
297.000000 276.000000 -0.072221 0.113041
308.000000 276.000000 -0.037680 0.113041
354.000000 276.000000 0.106761 0.113041
536.000000 276.000000 0.678248 0.113041
148.000000 277.000000 -0.540086 0.116181
159.000000 277.000000 -0.505546 0.116181
161.000000 277.000000 -0.499266 0.116181
172.000000 277.000000 -0.464725 0.116181
291.000000 277.000000 -0.091061 0.116181
427.000000 277.000000 0.335984 0.116181
530.000000 277.000000 0.659408 0.116181
81.000000 278.000000 -0.750469 0.119321
91.000000 278.000000 -0.719069 0.119321
137.000000 278.000000 -0.574627 0.119321
293.000000 278.000000 -0.084781 0.119321
523.000000 278.000000 0.637428 0.119321
86.000000 279.000000 -0.734769 0.122461
113.000000 279.000000 -0.649988 0.122461
131.000000 279.000000 -0.593467 0.122461
517.000000 279.000000 0.618587 0.122461
75.000000 280.000000 -0.769309 0.125601
173.000000 280.000000 -0.461585 0.125601
350.000000 280.000000 0.094201 0.125601
353.000000 280.000000 0.103621 0.125601
510.000000 280.000000 0.596607 0.125601
68.000000 281.000000 -0.791289 0.128742
91.000000 281.000000 -0.719069 0.128742
159.000000 281.000000 -0.505546 0.128742
505.000000 281.000000 0.580907 0.128742
89.000000 282.000000 -0.725349 0.131882
120.000000 282.000000 -0.628007 0.131882
174.000000 282.000000 -0.458445 0.131882
289.000000 282.000000 -0.097341 0.131882
294.000000 282.000000 -0.081641 0.131882
499.000000 282.000000 0.562067 0.131882
60.000000 283.000000 -0.816410 0.135022
92.000000 283.000000 -0.715928 0.135022
390.000000 283.000000 0.219803 0.135022
53.000000 284.000000 -0.838390 0.138162
57.000000 284.000000 -0.825830 0.138162
69.000000 284.000000 -0.788149 0.138162
175.000000 284.000000 -0.455305 0.138162
341.000000 284.000000 0.065941 0.138162
349.000000 284.000000 0.091061 0.138162
384.000000 284.000000 0.200962 0.138162
89.000000 285.000000 -0.725349 0.141302
109.000000 285.000000 -0.662548 0.141302
173.000000 285.000000 -0.461585 0.141302
99.000000 286.000000 -0.693948 0.144442
103.000000 286.000000 -0.681388 0.144442
44.000000 287.000000 -0.866650 0.147582
120.000000 287.000000 -0.628007 0.147582
175.000000 287.000000 -0.455305 0.147582
346.000000 287.000000 0.081641 0.147582
38.000000 288.000000 -0.885490 0.150722
61.000000 288.000000 -0.813270 0.150722
78.000000 288.000000 -0.759889 0.150722
90.000000 288.000000 -0.722209 0.150722
263.000000 288.000000 -0.178982 0.150722
53.000000 289.000000 -0.838390 0.153862
68.000000 289.000000 -0.791289 0.153862
94.000000 289.000000 -0.709648 0.153862
171.000000 289.000000 -0.467866 0.153862
353.000000 289.000000 0.103621 0.153862
481.000000 289.000000 0.505546 0.153862
85.000000 290.000000 -0.737909 0.157002
265.000000 290.000000 -0.172702 0.157002
25.000000 291.000000 -0.926311 0.160142
45.000000 291.000000 -0.863510 0.160142
64.000000 291.000000 -0.803850 0.160142
119.000000 291.000000 -0.631147 0.160142
176.000000 291.000000 -0.452165 0.160142
282.000000 291.000000 -0.119321 0.160142
18.000000 292.000000 -0.948291 0.163282
68.000000 292.000000 -0.791289 0.163282
82.000000 292.000000 -0.747329 0.163282
344.000000 292.000000 0.075361 0.163282
243.000000 293.000000 -0.241783 0.166422
479.000000 293.000000 0.499266 0.166422
551.000000 293.000000 0.725349 0.166422
24.000000 294.000000 -0.929451 0.169562
35.000000 294.000000 -0.894911 0.169562
52.000000 294.000000 -0.841530 0.169562
71.000000 294.000000 -0.781869 0.169562
89.000000 294.000000 -0.725349 0.169562
161.000000 294.000000 -0.499266 0.169562
95.000000 295.000000 -0.706508 0.172702
103.000000 295.000000 -0.681388 0.172702
28.000000 296.000000 -0.916891 0.175842
177.000000 296.000000 -0.449025 0.175842
345.000000 296.000000 0.078501 0.175842
17.000000 297.000000 -0.951431 0.178982
62.000000 297.000000 -0.810130 0.178982
66.000000 297.000000 -0.797569 0.178982
69.000000 297.000000 -0.788149 0.178982
94.000000 297.000000 -0.709648 0.178982
244.000000 297.000000 -0.238643 0.178982
4.000000 298.000000 -0.992252 0.182122
101.000000 298.000000 -0.687668 0.182122
349.000000 298.000000 0.091061 0.182122
457.000000 298.000000 0.430185 0.182122
486.000000 298.000000 0.521246 0.182122
15.000000 299.000000 -0.957711 0.185262
48.000000 299.000000 -0.854090 0.185262
55.000000 299.000000 -0.832110 0.185262
88.000000 299.000000 -0.728489 0.185262
91.000000 299.000000 -0.719069 0.185262
98.000000 299.000000 -0.697088 0.185262
341.000000 299.000000 0.065941 0.185262
463.000000 299.000000 0.449025 0.185262
470.000000 299.000000 0.471006 0.185262
483.000000 299.000000 0.511826 0.185262
489.000000 299.000000 0.530666 0.185262
7.000000 300.000000 -0.982832 0.188402
62.000000 300.000000 -0.810130 0.188402
70.000000 300.000000 -0.785009 0.188402
178.000000 300.000000 -0.445885 0.188402
344.000000 300.000000 0.075361 0.188402
346.000000 300.000000 0.081641 0.188402
450.000000 300.000000 0.408205 0.188402
51.000000 301.000000 -0.844670 0.191542
469.000000 301.000000 0.467866 0.191542
478.000000 301.000000 0.496126 0.191542
45.000000 302.000000 -0.863510 0.194682
54.000000 302.000000 -0.835250 0.194682
274.000000 302.000000 -0.144442 0.194682
346.000000 302.000000 0.081641 0.194682
484.000000 302.000000 0.514966 0.194682
36.000000 303.000000 -0.891771 0.197822
76.000000 303.000000 -0.766169 0.197822
271.000000 303.000000 -0.153862 0.197822
340.000000 303.000000 0.062801 0.197822
493.000000 303.000000 0.543226 0.197822
33.000000 304.000000 -0.901191 0.200962
39.000000 304.000000 -0.882350 0.200962
446.000000 304.000000 0.395645 0.200962
472.000000 304.000000 0.477286 0.200962
497.000000 304.000000 0.555787 0.200962
500.000000 304.000000 0.565207 0.200962
507.000000 304.000000 0.587187 0.200962
179.000000 305.000000 -0.442745 0.204102
342.000000 305.000000 0.069081 0.204102
454.000000 305.000000 0.420765 0.204102
475.000000 305.000000 0.486706 0.204102
512.000000 305.000000 0.602887 0.204102
58.000000 306.000000 -0.822690 0.207242
175.000000 306.000000 -0.455305 0.207242
460.000000 306.000000 0.439605 0.207242
501.000000 306.000000 0.568347 0.207242
519.000000 306.000000 0.624867 0.207242
28.000000 307.000000 -0.916891 0.210382
37.000000 307.000000 -0.888631 0.210382
496.000000 307.000000 0.552647 0.210382
510.000000 307.000000 0.596607 0.210382
16.000000 308.000000 -0.954571 0.213523
19.000000 309.000000 -0.945151 0.216663
58.000000 309.000000 -0.822690 0.216663
175.000000 309.000000 -0.455305 0.216663
180.000000 309.000000 -0.439605 0.216663
478.000000 309.000000 0.496126 0.216663
501.000000 309.000000 0.568347 0.216663
14.000000 310.000000 -0.960851 0.219803
261.000000 310.000000 -0.185262 0.219803
341.000000 310.000000 0.065941 0.219803
346.000000 310.000000 0.081641 0.219803
381.000000 310.000000 0.191542 0.219803
484.000000 310.000000 0.514966 0.219803
11.000000 311.000000 -0.970271 0.222943
42.000000 311.000000 -0.872930 0.222943
489.000000 311.000000 0.530666 0.222943
8.000000 312.000000 -0.979692 0.226083
17.000000 312.000000 -0.951431 0.226083
176.000000 312.000000 -0.452165 0.226083
337.000000 312.000000 0.053381 0.226083
384.000000 312.000000 0.200962 0.226083
497.000000 312.000000 0.555787 0.226083
506.000000 312.000000 0.584047 0.226083
181.000000 313.000000 -0.436465 0.229223
503.000000 313.000000 0.574627 0.229223
508.000000 313.000000 0.590327 0.229223
259.000000 314.000000 -0.191542 0.232363
330.000000 314.000000 0.031400 0.232363
511.000000 314.000000 0.599747 0.232363
503.000000 315.000000 0.574627 0.235503
507.000000 315.000000 0.587187 0.235503
22.000000 316.000000 -0.935731 0.238643
192.000000 316.000000 -0.401925 0.238643
336.000000 316.000000 0.050241 0.238643
27.000000 318.000000 -0.920031 0.244923
178.000000 318.000000 -0.445885 0.244923
182.000000 318.000000 -0.433325 0.244923
511.000000 318.000000 0.599747 0.244923
193.000000 319.000000 -0.398785 0.248063
358.000000 319.000000 0.119321 0.248063
37.000000 321.000000 -0.888631 0.254343
179.000000 321.000000 -0.442745 0.254343
364.000000 321.000000 0.138162 0.254343
6.000000 322.000000 -0.985972 0.257483
183.000000 322.000000 -0.430185 0.257483
238.000000 322.000000 -0.257483 0.257483
105.000000 323.000000 -0.675108 0.260623
181.000000 323.000000 -0.436465 0.260623
179.000000 324.000000 -0.442745 0.263763
184.000000 324.000000 -0.427045 0.263763
247.000000 324.000000 -0.229223 0.263763
521.000000 324.000000 0.631147 0.263763
618.000000 324.000000 0.935731 0.263763
182.000000 325.000000 -0.433325 0.266903
239.000000 325.000000 -0.254343 0.266903
334.000000 325.000000 0.043961 0.266903
526.000000 326.000000 0.646848 0.270043
184.000000 327.000000 -0.427045 0.273183
524.000000 327.000000 0.640568 0.273183
528.000000 328.000000 0.653128 0.276323
624.000000 328.000000 0.954571 0.276323
106.000000 329.000000 -0.671968 0.279463
585.000000 330.000000 0.832110 0.282603
185.000000 331.000000 -0.423905 0.285743
321.000000 331.000000 0.003140 0.285743
333.000000 331.000000 0.040820 0.285743
335.000000 331.000000 0.047101 0.285743
528.000000 331.000000 0.653128 0.285743
107.000000 333.000000 -0.668828 0.292023
162.000000 334.000000 -0.496126 0.295163
184.000000 334.000000 -0.427045 0.295163
232.000000 335.000000 -0.276323 0.298304
330.000000 335.000000 0.031400 0.298304
334.000000 335.000000 0.043961 0.298304
527.000000 335.000000 0.649988 0.298304
186.000000 336.000000 -0.420765 0.301444
612.000000 336.000000 0.916891 0.301444
182.000000 337.000000 -0.433325 0.304584
532.000000 337.000000 0.665688 0.304584
331.000000 338.000000 0.034540 0.307724
563.000000 339.000000 0.763029 0.310864
187.000000 340.000000 -0.417625 0.314004
332.000000 340.000000 0.037680 0.314004
536.000000 340.000000 0.678248 0.314004
108.000000 341.000000 -0.665688 0.317144
136.000000 341.000000 -0.577767 0.317144
183.000000 343.000000 -0.430185 0.323424
224.000000 344.000000 -0.301444 0.326564
112.000000 345.000000 -0.653128 0.329704
188.000000 345.000000 -0.414485 0.329704
591.000000 345.000000 0.850950 0.329704
176.000000 346.000000 -0.452165 0.332844
220.000000 346.000000 -0.314004 0.332844
329.000000 346.000000 0.028260 0.332844
189.000000 349.000000 -0.411345 0.342264
541.000000 349.000000 0.693948 0.342264
217.000000 350.000000 -0.323424 0.345404
110.000000 351.000000 -0.659408 0.348544
177.000000 351.000000 -0.449025 0.348544
185.000000 351.000000 -0.423905 0.348544
326.000000 351.000000 0.018840 0.348544
583.000000 351.000000 0.825830 0.348544
190.000000 353.000000 -0.408205 0.354824
111.000000 354.000000 -0.656268 0.357964
589.000000 354.000000 0.844670 0.357964
115.000000 355.000000 -0.643708 0.361104
178.000000 355.000000 -0.445885 0.361104
186.000000 356.000000 -0.420765 0.364244
189.000000 356.000000 -0.411345 0.364244
205.000000 356.000000 -0.361104 0.364244
553.000000 356.000000 0.731629 0.364244
562.000000 356.000000 0.759889 0.364244
203.000000 357.000000 -0.367384 0.367384
208.000000 357.000000 -0.351684 0.367384
320.000000 357.000000 -0.000000 0.367384
113.000000 358.000000 -0.649988 0.370524
191.000000 358.000000 -0.405065 0.370524
115.000000 359.000000 -0.643708 0.373664
188.000000 359.000000 -0.414485 0.373664
318.000000 359.000000 -0.006280 0.373664
200.000000 360.000000 -0.376804 0.376804
204.000000 360.000000 -0.364244 0.376804
594.000000 360.000000 0.860370 0.376804
118.000000 361.000000 -0.634288 0.379945
179.000000 361.000000 -0.442745 0.379945
191.000000 361.000000 -0.405065 0.379945
193.000000 361.000000 -0.398785 0.379945
321.000000 361.000000 0.003140 0.379945
473.000000 361.000000 0.480426 0.379945
561.000000 361.000000 0.756749 0.379945
596.000000 361.000000 0.866650 0.379945
165.000000 362.000000 -0.486706 0.383085
195.000000 362.000000 -0.392505 0.383085
318.000000 362.000000 -0.006280 0.383085
567.000000 362.000000 0.775589 0.383085
580.000000 362.000000 0.816410 0.383085
151.000000 363.000000 -0.530666 0.386225
199.000000 363.000000 -0.379945 0.386225
471.000000 363.000000 0.474146 0.386225
114.000000 364.000000 -0.646848 0.389365
117.000000 364.000000 -0.637428 0.389365
137.000000 364.000000 -0.574627 0.389365
123.000000 365.000000 -0.618587 0.392505
319.000000 365.000000 -0.003140 0.392505
560.000000 366.000000 0.753609 0.395645
125.000000 367.000000 -0.612307 0.398785
194.000000 367.000000 -0.395645 0.398785
505.000000 367.000000 0.580907 0.398785
318.000000 368.000000 -0.006280 0.401925
320.000000 369.000000 -0.000000 0.405065
388.000000 371.000000 0.213523 0.411345
188.000000 372.000000 -0.414485 0.414485
317.000000 372.000000 -0.009420 0.414485
321.000000 374.000000 0.003140 0.420765
577.000000 377.000000 0.806990 0.430185
582.000000 377.000000 0.822690 0.430185
180.000000 379.000000 -0.439605 0.436465
315.000000 379.000000 -0.015700 0.436465
582.000000 379.000000 0.822690 0.436465
184.000000 380.000000 -0.427045 0.439605
314.000000 381.000000 -0.018840 0.442745
181.000000 382.000000 -0.436465 0.445885
314.000000 383.000000 -0.018840 0.449025
177.000000 384.000000 -0.449025 0.452165
545.000000 384.000000 0.706508 0.452165
589.000000 384.000000 0.844670 0.452165
314.000000 385.000000 -0.018840 0.455305
571.000000 385.000000 0.788149 0.455305
172.000000 387.000000 -0.464725 0.461585
572.000000 387.000000 0.791289 0.461585
176.000000 388.000000 -0.452165 0.464725
412.000000 388.000000 0.288883 0.464725
167.000000 390.000000 -0.480426 0.471006
603.000000 391.000000 0.888631 0.474146
537.000000 392.000000 0.681388 0.477286
116.000000 393.000000 -0.640568 0.480426
166.000000 394.000000 -0.483566 0.483566
162.000000 395.000000 -0.496126 0.486706
117.000000 396.000000 -0.637428 0.489846
164.000000 396.000000 -0.489846 0.489846
295.000000 396.000000 -0.078501 0.489846
305.000000 396.000000 -0.047101 0.489846
594.000000 396.000000 0.860370 0.489846
297.000000 397.000000 -0.072221 0.492986
299.000000 397.000000 -0.065941 0.492986
536.000000 397.000000 0.678248 0.492986
304.000000 398.000000 -0.050241 0.496126
310.000000 398.000000 -0.031400 0.496126
308.000000 400.000000 -0.037680 0.502406
308.000000 402.000000 -0.037680 0.508686
153.000000 403.000000 -0.524386 0.511826
612.000000 403.000000 0.916891 0.511826
360.000000 404.000000 0.125601 0.514966
627.000000 406.000000 0.963991 0.521246
146.000000 408.000000 -0.546366 0.527526
306.000000 408.000000 -0.043961 0.527526
605.000000 408.000000 0.894911 0.527526
622.000000 408.000000 0.948291 0.527526
437.000000 409.000000 0.367384 0.530666
551.000000 410.000000 0.725349 0.533806
620.000000 410.000000 0.942011 0.533806
626.000000 410.000000 0.960851 0.533806
144.000000 411.000000 -0.552647 0.536946
287.000000 411.000000 -0.103621 0.536946
569.000000 411.000000 0.781869 0.536946
609.000000 411.000000 0.907471 0.536946
613.000000 411.000000 0.920031 0.536946
128.000000 412.000000 -0.602887 0.540086
548.000000 412.000000 0.715928 0.540086
305.000000 413.000000 -0.047101 0.543226
624.000000 413.000000 0.954571 0.543226
200.000000 414.000000 -0.376804 0.546366
123.000000 415.000000 -0.618587 0.549506
125.000000 415.000000 -0.612307 0.549506
285.000000 416.000000 -0.109901 0.552647
588.000000 417.000000 0.841530 0.555787
171.000000 419.000000 -0.467866 0.562067
520.000000 419.000000 0.628007 0.562067
132.000000 420.000000 -0.590327 0.565207
282.000000 424.000000 -0.119321 0.577767
580.000000 424.000000 0.816410 0.577767
300.000000 425.000000 -0.062801 0.580907
590.000000 425.000000 0.847810 0.580907
254.000000 426.000000 -0.207242 0.584047
277.000000 427.000000 -0.135022 0.587187
298.000000 427.000000 -0.069081 0.587187
254.000000 428.000000 -0.207242 0.590327
296.000000 429.000000 -0.075361 0.593467
544.000000 429.000000 0.703368 0.593467
248.000000 430.000000 -0.226083 0.596607
119.000000 431.000000 -0.631147 0.599747
611.000000 431.000000 0.913751 0.599747
217.000000 432.000000 -0.323424 0.602887
259.000000 434.000000 -0.191542 0.609167
565.000000 434.000000 0.769309 0.609167
569.000000 434.000000 0.781869 0.609167
561.000000 436.000000 0.756749 0.615447
580.000000 436.000000 0.816410 0.615447
112.000000 437.000000 -0.653128 0.618587
108.000000 439.000000 -0.665688 0.624867
569.000000 440.000000 0.781869 0.628007
83.000000 442.000000 -0.744189 0.634288
634.000000 443.000000 0.985972 0.637428
83.000000 445.000000 -0.744189 0.643708
420.000000 449.000000 0.314004 0.656268
407.000000 452.000000 0.273183 0.665688
290.000000 456.000000 -0.094201 0.678248
465.000000 456.000000 0.455305 0.678248
304.000000 457.000000 -0.050241 0.681388
410.000000 457.000000 0.282603 0.681388
517.000000 457.000000 0.618587 0.681388
537.000000 458.000000 0.681388 0.684528
319.000000 459.000000 -0.003140 0.687668
232.000000 460.000000 -0.276323 0.690808
238.000000 460.000000 -0.257483 0.690808
292.000000 460.000000 -0.087921 0.690808
505.000000 462.000000 0.580907 0.697088
268.000000 463.000000 -0.163282 0.700228
281.000000 463.000000 -0.122461 0.700228
283.000000 463.000000 -0.116181 0.700228
331.000000 463.000000 0.034540 0.700228
423.000000 463.000000 0.323424 0.700228
97.000000 464.000000 -0.700228 0.703368
58.000000 465.000000 -0.822690 0.706508
269.000000 465.000000 -0.160142 0.706508
566.000000 465.000000 0.772449 0.706508
589.000000 465.000000 0.844670 0.706508
265.000000 466.000000 -0.172702 0.709648
281.000000 466.000000 -0.122461 0.709648
281.000000 469.000000 -0.122461 0.719069
484.000000 470.000000 0.514966 0.722209
636.000000 471.000000 0.992252 0.725349
581.000000 472.000000 0.819550 0.728489
415.000000 476.000000 0.298304 0.741049
