241.000000 3.000000 -0.248063 -0.744189
350.000000 3.000000 0.094201 -0.744189
544.000000 3.000000 0.703368 -0.744189
565.000000 3.000000 0.769309 -0.744189
610.000000 3.000000 0.910611 -0.744189
244.000000 4.000000 -0.238643 -0.741049
514.000000 4.000000 0.609167 -0.741049
635.000000 4.000000 0.989112 -0.741049
75.000000 5.000000 -0.769309 -0.737909
363.000000 5.000000 0.135022 -0.737909
527.000000 5.000000 0.649988 -0.737909
597.000000 5.000000 0.869790 -0.737909
611.000000 5.000000 0.913751 -0.737909
633.000000 5.000000 0.982832 -0.737909
240.000000 6.000000 -0.251203 -0.734769
334.000000 6.000000 0.043961 -0.734769
573.000000 6.000000 0.794429 -0.734769
585.000000 6.000000 0.832110 -0.734769
617.000000 6.000000 0.932591 -0.734769
240.000000 8.000000 -0.251203 -0.728489
246.000000 8.000000 -0.232363 -0.728489
496.000000 8.000000 0.552647 -0.728489
583.000000 8.000000 0.825830 -0.728489
318.000000 9.000000 -0.006280 -0.725349
339.000000 9.000000 0.059661 -0.725349
488.000000 9.000000 0.527526 -0.725349
629.000000 9.000000 0.970271 -0.725349
528.000000 10.000000 0.653128 -0.722209
244.000000 11.000000 -0.238643 -0.719069
451.000000 11.000000 0.411345 -0.719069
492.000000 12.000000 0.540086 -0.715928
625.000000 12.000000 0.957711 -0.715928
320.000000 13.000000 -0.000000 -0.712788
489.000000 13.000000 0.530666 -0.712788
530.000000 13.000000 0.659408 -0.712788
248.000000 14.000000 -0.226083 -0.709648
428.000000 14.000000 0.339124 -0.709648
246.000000 15.000000 -0.232363 -0.706508
247.000000 17.000000 -0.229223 -0.700228
250.000000 17.000000 -0.219803 -0.700228
494.000000 19.000000 0.546366 -0.693948
575.000000 19.000000 0.800709 -0.693948
580.000000 19.000000 0.816410 -0.693948
3.000000 20.000000 -0.995392 -0.690808
252.000000 20.000000 -0.213523 -0.690808
491.000000 20.000000 0.536946 -0.690808
596.000000 20.000000 0.866650 -0.690808
496.000000 21.000000 0.552647 -0.687668
573.000000 21.000000 0.794429 -0.687668
361.000000 22.000000 0.128742 -0.684528
465.000000 22.000000 0.455305 -0.684528
499.000000 22.000000 0.562067 -0.684528
576.000000 22.000000 0.803850 -0.684528
600.000000 22.000000 0.879210 -0.684528
634.000000 22.000000 0.985972 -0.684528
254.000000 23.000000 -0.207242 -0.681388
597.000000 24.000000 0.869790 -0.678248
630.000000 24.000000 0.973412 -0.678248
588.000000 25.000000 0.841530 -0.675108
573.000000 26.000000 0.794429 -0.671968
255.000000 27.000000 -0.204102 -0.668828
252.000000 28.000000 -0.213523 -0.665688
601.000000 28.000000 0.882350 -0.665688
626.000000 28.000000 0.960851 -0.665688
546.000000 29.000000 0.709648 -0.662548
619.000000 29.000000 0.938871 -0.662548
578.000000 30.000000 0.810130 -0.659408
593.000000 30.000000 0.857230 -0.659408
606.000000 30.000000 0.898051 -0.659408
492.000000 31.000000 0.540086 -0.656268
257.000000 32.000000 -0.197822 -0.653128
535.000000 32.000000 0.675108 -0.653128
542.000000 32.000000 0.697088 -0.653128
596.000000 32.000000 0.866650 -0.653128
331.000000 33.000000 0.034540 -0.649988
583.000000 33.000000 0.825830 -0.649988
255.000000 34.000000 -0.204102 -0.646848
536.000000 34.000000 0.678248 -0.646848
404.000000 35.000000 0.263763 -0.643708
523.000000 35.000000 0.637428 -0.643708
544.000000 35.000000 0.703368 -0.643708
578.000000 35.000000 0.810130 -0.643708
582.000000 35.000000 0.822690 -0.643708
331.000000 36.000000 0.034540 -0.640568
260.000000 37.000000 -0.188402 -0.637428
478.000000 37.000000 0.496126 -0.637428
578.000000 37.000000 0.810130 -0.637428
619.000000 38.000000 0.938871 -0.634288
249.000000 39.000000 -0.222943 -0.631147
258.000000 39.000000 -0.194682 -0.631147
539.000000 39.000000 0.687668 -0.631147
544.000000 41.000000 0.703368 -0.624867
262.000000 42.000000 -0.182122 -0.621727
538.000000 42.000000 0.684528 -0.621727
547.000000 42.000000 0.712788 -0.621727
497.000000 43.000000 0.555787 -0.618587
260.000000 44.000000 -0.188402 -0.615447
378.000000 44.000000 0.182122 -0.615447
264.000000 45.000000 -0.175842 -0.612307
328.000000 46.000000 0.025120 -0.609167
506.000000 46.000000 0.584047 -0.609167
547.000000 46.000000 0.712788 -0.609167
264.000000 47.000000 -0.175842 -0.606027
335.000000 47.000000 0.047101 -0.606027
512.000000 47.000000 0.602887 -0.606027
540.000000 47.000000 0.690808 -0.606027
498.000000 48.000000 0.558927 -0.602887
543.000000 48.000000 0.700228 -0.602887
614.000000 48.000000 0.923171 -0.602887
262.000000 49.000000 -0.182122 -0.599747
541.000000 49.000000 0.693948 -0.599747
263.000000 51.000000 -0.178982 -0.593467
538.000000 51.000000 0.684528 -0.593467
331.000000 52.000000 0.034540 -0.590327
499.000000 52.000000 0.562067 -0.590327
506.000000 52.000000 0.584047 -0.590327
579.000000 52.000000 0.813270 -0.590327
611.000000 52.000000 0.913751 -0.590327
322.000000 53.000000 0.006280 -0.587187
556.000000 53.000000 0.741049 -0.587187
602.000000 53.000000 0.885490 -0.587187
267.000000 54.000000 -0.166422 -0.584047
337.000000 54.000000 0.053381 -0.584047
384.000000 54.000000 0.200962 -0.584047
474.000000 54.000000 0.483566 -0.584047
262.000000 55.000000 -0.182122 -0.580907
623.000000 55.000000 0.951431 -0.580907
500.000000 56.000000 0.565207 -0.577767
317.000000 57.000000 -0.009420 -0.574627
581.000000 57.000000 0.819550 -0.574627
508.000000 58.000000 0.590327 -0.571487
633.000000 58.000000 0.982832 -0.571487
269.000000 59.000000 -0.160142 -0.568347
349.000000 59.000000 0.091061 -0.568347
422.000000 59.000000 0.320284 -0.568347
260.000000 60.000000 -0.188402 -0.565207
424.000000 60.000000 0.326564 -0.565207
620.000000 60.000000 0.942011 -0.565207
358.000000 61.000000 0.119321 -0.562067
492.000000 61.000000 0.540086 -0.562067
503.000000 61.000000 0.574627 -0.562067
523.000000 61.000000 0.637428 -0.562067
582.000000 61.000000 0.822690 -0.562067
364.000000 62.000000 0.138162 -0.558927
602.000000 62.000000 0.885490 -0.558927
271.000000 63.000000 -0.153862 -0.555787
620.000000 63.000000 0.942011 -0.555787
274.000000 65.000000 -0.144442 -0.549506
270.000000 66.000000 -0.157002 -0.546366
275.000000 67.000000 -0.141302 -0.543226
338.000000 68.000000 0.056521 -0.540086
341.000000 68.000000 0.065941 -0.540086
442.000000 68.000000 0.383085 -0.540086
272.000000 69.000000 -0.150722 -0.536946
506.000000 69.000000 0.584047 -0.536946
266.000000 71.000000 -0.169562 -0.530666
544.000000 71.000000 0.703368 -0.530666
621.000000 71.000000 0.945151 -0.530666
628.000000 71.000000 0.967131 -0.530666
273.000000 72.000000 -0.147582 -0.527526
549.000000 74.000000 0.719069 -0.521246
561.000000 74.000000 0.756749 -0.521246
588.000000 74.000000 0.841530 -0.521246
601.000000 74.000000 0.882350 -0.521246
325.000000 75.000000 0.015700 -0.518106
590.000000 75.000000 0.847810 -0.518106
401.000000 76.000000 0.254343 -0.514966
456.000000 76.000000 0.427045 -0.514966
514.000000 76.000000 0.609167 -0.514966
620.000000 77.000000 0.942011 -0.511826
626.000000 77.000000 0.960851 -0.511826
336.000000 78.000000 0.050241 -0.508686
506.000000 78.000000 0.584047 -0.508686
515.000000 78.000000 0.612307 -0.508686
546.000000 78.000000 0.709648 -0.508686
550.000000 78.000000 0.722209 -0.508686
595.000000 79.000000 0.863510 -0.505546
629.000000 79.000000 0.970271 -0.505546
593.000000 80.000000 0.857230 -0.502406
260.000000 81.000000 -0.188402 -0.499266
508.000000 81.000000 0.590327 -0.499266
510.000000 81.000000 0.596607 -0.499266
555.000000 81.000000 0.737909 -0.499266
337.000000 82.000000 0.053381 -0.496126
547.000000 82.000000 0.712788 -0.496126
559.000000 82.000000 0.750469 -0.496126
514.000000 83.000000 0.609167 -0.492986
263.000000 84.000000 -0.178982 -0.489846
556.000000 84.000000 0.741049 -0.489846
541.000000 85.000000 0.693948 -0.486706
560.000000 85.000000 0.753609 -0.486706
564.000000 85.000000 0.766169 -0.486706
614.000000 85.000000 0.923171 -0.486706
340.000000 86.000000 0.062801 -0.483566
508.000000 86.000000 0.590327 -0.483566
516.000000 86.000000 0.615447 -0.483566
548.000000 86.000000 0.715928 -0.483566
611.000000 87.000000 0.913751 -0.480426
510.000000 88.000000 0.596607 -0.477286
516.000000 88.000000 0.615447 -0.477286
584.000000 88.000000 0.828970 -0.477286
597.000000 89.000000 0.869790 -0.474146
625.000000 89.000000 0.957711 -0.474146
513.000000 90.000000 0.606027 -0.471006
278.000000 91.000000 -0.131882 -0.467866
627.000000 91.000000 0.963991 -0.467866
360.000000 92.000000 0.125601 -0.464725
406.000000 92.000000 0.270043 -0.464725
448.000000 92.000000 0.401925 -0.464725
594.000000 92.000000 0.860370 -0.464725
277.000000 93.000000 -0.135022 -0.461585
519.000000 93.000000 0.624867 -0.461585
280.000000 94.000000 -0.125601 -0.458445
392.000000 94.000000 0.226083 -0.458445
627.000000 94.000000 0.963991 -0.458445
556.000000 95.000000 0.741049 -0.455305
562.000000 95.000000 0.759889 -0.455305
512.000000 96.000000 0.602887 -0.452165
374.000000 97.000000 0.169562 -0.449025
611.000000 98.000000 0.913751 -0.445885
286.000000 100.000000 -0.106761 -0.439605
350.000000 100.000000 0.094201 -0.439605
501.000000 100.000000 0.568347 -0.439605
477.000000 101.000000 0.492986 -0.436465
625.000000 101.000000 0.957711 -0.436465
341.000000 102.000000 0.065941 -0.433325
507.000000 103.000000 0.587187 -0.430185
346.000000 104.000000 0.081641 -0.427045
349.000000 105.000000 0.091061 -0.423905
343.000000 107.000000 0.072221 -0.417625
283.000000 108.000000 -0.116181 -0.414485
349.000000 108.000000 0.091061 -0.414485
352.000000 108.000000 0.100481 -0.414485
441.000000 108.000000 0.379945 -0.414485
503.000000 109.000000 0.574627 -0.411345
284.000000 110.000000 -0.113041 -0.408205
324.000000 113.000000 0.012560 -0.398785
285.000000 114.000000 -0.109901 -0.395645
354.000000 114.000000 0.106761 -0.395645
286.000000 117.000000 -0.106761 -0.386225
283.000000 118.000000 -0.116181 -0.383085
544.000000 118.000000 0.703368 -0.383085
606.000000 118.000000 0.898051 -0.383085
292.000000 119.000000 -0.087921 -0.379945
306.000000 119.000000 -0.043961 -0.379945
286.000000 120.000000 -0.106761 -0.376804
288.000000 121.000000 -0.100481 -0.373664
406.000000 122.000000 0.270043 -0.370524
512.000000 122.000000 0.602887 -0.370524
288.000000 123.000000 -0.100481 -0.367384
523.000000 124.000000 0.637428 -0.364244
569.000000 124.000000 0.781869 -0.364244
584.000000 124.000000 0.828970 -0.364244
600.000000 124.000000 0.879210 -0.364244
602.000000 124.000000 0.885490 -0.364244
303.000000 125.000000 -0.053381 -0.361104
493.000000 125.000000 0.543226 -0.361104
571.000000 125.000000 0.788149 -0.361104
598.000000 125.000000 0.872930 -0.361104
276.000000 126.000000 -0.138162 -0.357964
351.000000 126.000000 0.097341 -0.357964
636.000000 126.000000 0.992252 -0.357964
289.000000 127.000000 -0.097341 -0.354824
617.000000 127.000000 0.932591 -0.354824
589.000000 130.000000 0.844670 -0.345404
460.000000 131.000000 0.439605 -0.342264
506.000000 131.000000 0.584047 -0.342264
290.000000 132.000000 -0.094201 -0.339124
605.000000 132.000000 0.894911 -0.339124
354.000000 133.000000 0.106761 -0.335984
373.000000 133.000000 0.166422 -0.335984
381.000000 133.000000 0.191542 -0.335984
614.000000 134.000000 0.923171 -0.332844
291.000000 135.000000 -0.091061 -0.329704
355.000000 137.000000 0.109901 -0.323424
357.000000 137.000000 0.116181 -0.323424
393.000000 137.000000 0.229223 -0.323424
349.000000 138.000000 0.091061 -0.320284
292.000000 139.000000 -0.087921 -0.317144
346.000000 140.000000 0.081641 -0.314004
356.000000 141.000000 0.113041 -0.310864
293.000000 142.000000 -0.084781 -0.307724
335.000000 143.000000 0.047101 -0.304584
292.000000 144.000000 -0.087921 -0.301444
395.000000 144.000000 0.235503 -0.301444
505.000000 144.000000 0.580907 -0.301444
317.000000 145.000000 -0.009420 -0.298304
294.000000 146.000000 -0.081641 -0.295163
296.000000 146.000000 -0.075361 -0.295163
404.000000 147.000000 0.263763 -0.292023
627.000000 147.000000 0.963991 -0.292023
358.000000 148.000000 0.119321 -0.288883
360.000000 148.000000 0.125601 -0.288883
610.000000 148.000000 0.910611 -0.288883
621.000000 148.000000 0.945151 -0.288883
616.000000 149.000000 0.929451 -0.285743
538.000000 150.000000 0.684528 -0.282603
298.000000 151.000000 -0.069081 -0.279463
397.000000 151.000000 0.241783 -0.279463
569.000000 151.000000 0.781869 -0.279463
609.000000 151.000000 0.907471 -0.279463
612.000000 151.000000 0.916891 -0.279463
624.000000 151.000000 0.954571 -0.279463
617.000000 152.000000 0.932591 -0.276323
627.000000 152.000000 0.963991 -0.276323
601.000000 153.000000 0.882350 -0.273183
335.000000 154.000000 0.047101 -0.270043
564.000000 154.000000 0.766169 -0.270043
579.000000 154.000000 0.813270 -0.270043
618.000000 154.000000 0.935731 -0.270043
532.000000 155.000000 0.665688 -0.266903
582.000000 155.000000 0.822690 -0.266903
594.000000 155.000000 0.860370 -0.266903
624.000000 155.000000 0.954571 -0.266903
634.000000 155.000000 0.985972 -0.266903
361.000000 156.000000 0.128742 -0.263763
573.000000 156.000000 0.794429 -0.263763
592.000000 156.000000 0.854090 -0.263763
622.000000 156.000000 0.948291 -0.263763
281.000000 157.000000 -0.122461 -0.260623
433.000000 157.000000 0.354824 -0.260623
336.000000 158.000000 0.050241 -0.257483
429.000000 158.000000 0.342264 -0.257483
578.000000 158.000000 0.810130 -0.257483
585.000000 158.000000 0.832110 -0.257483
605.000000 158.000000 0.894911 -0.257483
623.000000 158.000000 0.951431 -0.257483
626.000000 158.000000 0.960851 -0.257483
362.000000 159.000000 0.131882 -0.254343
423.000000 159.000000 0.323424 -0.254343
426.000000 159.000000 0.332844 -0.254343
434.000000 159.000000 0.357964 -0.254343
603.000000 159.000000 0.888631 -0.254343
609.000000 159.000000 0.907471 -0.254343
428.000000 160.000000 0.339124 -0.251203
577.000000 160.000000 0.806990 -0.251203
600.000000 160.000000 0.879210 -0.251203
361.000000 161.000000 0.128742 -0.248063
419.000000 161.000000 0.310864 -0.248063
595.000000 161.000000 0.863510 -0.248063
602.000000 161.000000 0.885490 -0.248063
309.000000 162.000000 -0.034540 -0.244923
400.000000 162.000000 0.251203 -0.244923
570.000000 162.000000 0.785009 -0.244923
593.000000 162.000000 0.857230 -0.244923
613.000000 162.000000 0.920031 -0.244923
299.000000 163.000000 -0.065941 -0.241783
413.000000 163.000000 0.292023 -0.241783
418.000000 163.000000 0.307724 -0.241783
436.000000 163.000000 0.364244 -0.241783
550.000000 163.000000 0.722209 -0.241783
587.000000 163.000000 0.838390 -0.241783
363.000000 164.000000 0.135022 -0.238643
563.000000 164.000000 0.763029 -0.238643
608.000000 164.000000 0.904331 -0.238643
307.000000 165.000000 -0.040820 -0.235503
365.000000 165.000000 0.141302 -0.235503
412.000000 165.000000 0.288883 -0.235503
462.000000 165.000000 0.445885 -0.235503
543.000000 165.000000 0.700228 -0.235503
581.000000 165.000000 0.819550 -0.235503
583.000000 165.000000 0.825830 -0.235503
408.000000 166.000000 0.276323 -0.232363
480.000000 166.000000 0.502406 -0.232363
547.000000 166.000000 0.712788 -0.232363
556.000000 166.000000 0.741049 -0.232363
598.000000 166.000000 0.872930 -0.232363
601.000000 166.000000 0.882350 -0.232363
623.000000 166.000000 0.951431 -0.232363
402.000000 167.000000 0.257483 -0.229223
404.000000 167.000000 0.263763 -0.229223
406.000000 167.000000 0.270043 -0.229223
417.000000 167.000000 0.304584 -0.229223
434.000000 167.000000 0.357964 -0.229223
494.000000 167.000000 0.546366 -0.229223
537.000000 167.000000 0.681388 -0.229223
543.000000 167.000000 0.700228 -0.229223
574.000000 167.000000 0.797569 -0.229223
582.000000 167.000000 0.822690 -0.229223
625.000000 167.000000 0.957711 -0.229223
421.000000 168.000000 0.317144 -0.226083
426.000000 168.000000 0.332844 -0.226083
572.000000 168.000000 0.791289 -0.226083
577.000000 168.000000 0.806990 -0.226083
414.000000 169.000000 0.295163 -0.222943
520.000000 169.000000 0.628007 -0.222943
574.000000 169.000000 0.797569 -0.222943
590.000000 169.000000 0.847810 -0.222943
367.000000 170.000000 0.147582 -0.219803
391.000000 170.000000 0.222943 -0.219803
395.000000 170.000000 0.235503 -0.219803
539.000000 170.000000 0.687668 -0.219803
565.000000 170.000000 0.769309 -0.219803
571.000000 170.000000 0.788149 -0.219803
584.000000 170.000000 0.828970 -0.219803
325.000000 171.000000 0.015700 -0.216663
365.000000 171.000000 0.141302 -0.216663
379.000000 171.000000 0.185262 -0.216663
524.000000 171.000000 0.640568 -0.216663
549.000000 171.000000 0.719069 -0.216663
553.000000 171.000000 0.731629 -0.216663
559.000000 171.000000 0.750469 -0.216663
312.000000 172.000000 -0.025120 -0.213523
316.000000 172.000000 -0.012560 -0.213523
367.000000 172.000000 0.147582 -0.213523
383.000000 172.000000 0.197822 -0.213523
482.000000 172.000000 0.508686 -0.213523
532.000000 172.000000 0.665688 -0.213523
580.000000 172.000000 0.816410 -0.213523
603.000000 172.000000 0.888631 -0.213523
617.000000 172.000000 0.932591 -0.213523
385.000000 173.000000 0.204102 -0.210382
506.000000 173.000000 0.584047 -0.210382
528.000000 173.000000 0.653128 -0.210382
552.000000 173.000000 0.728489 -0.210382
554.000000 173.000000 0.734769 -0.210382
321.000000 174.000000 0.003140 -0.207242
375.000000 174.000000 0.172702 -0.207242
550.000000 174.000000 0.722209 -0.207242
569.000000 174.000000 0.781869 -0.207242
334.000000 175.000000 0.043961 -0.204102
366.000000 175.000000 0.144442 -0.204102
371.000000 175.000000 0.160142 -0.204102
379.000000 175.000000 0.185262 -0.204102
554.000000 175.000000 0.734769 -0.204102
326.000000 176.000000 0.018840 -0.200962
368.000000 176.000000 0.150722 -0.200962
393.000000 176.000000 0.229223 -0.200962
437.000000 176.000000 0.367384 -0.200962
522.000000 176.000000 0.634288 -0.200962
604.000000 176.000000 0.891771 -0.200962
315.000000 177.000000 -0.015700 -0.197822
328.000000 177.000000 0.025120 -0.197822
366.000000 177.000000 0.144442 -0.197822
372.000000 177.000000 0.163282 -0.197822
518.000000 177.000000 0.621727 -0.197822
520.000000 177.000000 0.628007 -0.197822
562.000000 177.000000 0.759889 -0.197822
599.000000 177.000000 0.876070 -0.197822
393.000000 178.000000 0.229223 -0.194682
310.000000 179.000000 -0.031400 -0.191542
365.000000 179.000000 0.141302 -0.191542
371.000000 179.000000 0.160142 -0.191542
402.000000 179.000000 0.257483 -0.191542
442.000000 179.000000 0.383085 -0.191542
512.000000 179.000000 0.602887 -0.191542
514.000000 179.000000 0.609167 -0.191542
555.000000 179.000000 0.737909 -0.191542
628.000000 179.000000 0.967131 -0.191542
304.000000 180.000000 -0.050241 -0.188402
363.000000 180.000000 0.135022 -0.188402
398.000000 180.000000 0.244923 -0.188402
508.000000 180.000000 0.590327 -0.188402
552.000000 180.000000 0.728489 -0.188402
313.000000 181.000000 -0.021980 -0.185262
315.000000 181.000000 -0.015700 -0.185262
318.000000 181.000000 -0.006280 -0.185262
354.000000 181.000000 0.106761 -0.185262
358.000000 181.000000 0.119321 -0.185262
395.000000 181.000000 0.235503 -0.185262
438.000000 181.000000 0.370524 -0.185262
527.000000 181.000000 0.649988 -0.185262
343.000000 182.000000 0.072221 -0.182122
392.000000 182.000000 0.226083 -0.182122
501.000000 182.000000 0.568347 -0.182122
521.000000 182.000000 0.631147 -0.182122
531.000000 182.000000 0.662548 -0.182122
552.000000 182.000000 0.728489 -0.182122
365.000000 183.000000 0.141302 -0.178982
372.000000 183.000000 0.163282 -0.178982
388.000000 183.000000 0.213523 -0.178982
499.000000 183.000000 0.562067 -0.178982
304.000000 184.000000 -0.050241 -0.175842
333.000000 184.000000 0.040820 -0.175842
354.000000 184.000000 0.106761 -0.175842
403.000000 184.000000 0.260623 -0.175842
494.000000 184.000000 0.546366 -0.175842
509.000000 184.000000 0.593467 -0.175842
514.000000 184.000000 0.609167 -0.175842
523.000000 184.000000 0.637428 -0.175842
345.000000 185.000000 0.078501 -0.172702
350.000000 185.000000 0.094201 -0.172702
369.000000 185.000000 0.153862 -0.172702
381.000000 185.000000 0.191542 -0.172702
389.000000 185.000000 0.216663 -0.172702
393.000000 185.000000 0.229223 -0.172702
460.000000 185.000000 0.439605 -0.172702
464.000000 185.000000 0.452165 -0.172702
571.000000 185.000000 0.788149 -0.172702
318.000000 186.000000 -0.006280 -0.169562
322.000000 186.000000 0.006280 -0.169562
342.000000 186.000000 0.069081 -0.169562
387.000000 186.000000 0.210382 -0.169562
451.000000 186.000000 0.411345 -0.169562
488.000000 186.000000 0.527526 -0.169562
509.000000 186.000000 0.593467 -0.169562
515.000000 186.000000 0.612307 -0.169562
623.000000 186.000000 0.951431 -0.169562
306.000000 187.000000 -0.043961 -0.166422
333.000000 187.000000 0.040820 -0.166422
376.000000 187.000000 0.175842 -0.166422
442.000000 187.000000 0.383085 -0.166422
506.000000 187.000000 0.584047 -0.166422
554.000000 187.000000 0.734769 -0.166422
324.000000 188.000000 0.012560 -0.163282
408.000000 188.000000 0.276323 -0.163282
458.000000 188.000000 0.433325 -0.163282
481.000000 188.000000 0.505546 -0.163282
500.000000 188.000000 0.565207 -0.163282
509.000000 188.000000 0.593467 -0.163282
522.000000 188.000000 0.634288 -0.163282
524.000000 188.000000 0.640568 -0.163282
560.000000 188.000000 0.753609 -0.163282
318.000000 189.000000 -0.006280 -0.160142
332.000000 189.000000 0.037680 -0.160142
351.000000 189.000000 0.097341 -0.160142
369.000000 189.000000 0.153862 -0.160142
373.000000 189.000000 0.166422 -0.160142
378.000000 189.000000 0.182122 -0.160142
393.000000 189.000000 0.229223 -0.160142
440.000000 189.000000 0.376804 -0.160142
443.000000 189.000000 0.386225 -0.160142
454.000000 189.000000 0.420765 -0.160142
518.000000 189.000000 0.621727 -0.160142
554.000000 189.000000 0.734769 -0.160142
633.000000 189.000000 0.982832 -0.160142
316.000000 190.000000 -0.012560 -0.157002
329.000000 190.000000 0.028260 -0.157002
365.000000 190.000000 0.141302 -0.157002
473.000000 190.000000 0.480426 -0.157002
492.000000 190.000000 0.540086 -0.157002
502.000000 190.000000 0.571487 -0.157002
533.000000 190.000000 0.668828 -0.157002
370.000000 191.000000 0.157002 -0.153862
392.000000 191.000000 0.226083 -0.153862
394.000000 191.000000 0.232363 -0.153862
400.000000 191.000000 0.251203 -0.153862
406.000000 191.000000 0.270043 -0.153862
443.000000 191.000000 0.386225 -0.153862
448.000000 191.000000 0.401925 -0.153862
497.000000 191.000000 0.555787 -0.153862
512.000000 191.000000 0.602887 -0.153862
623.000000 191.000000 0.951431 -0.153862
322.000000 192.000000 0.006280 -0.150722
346.000000 192.000000 0.081641 -0.150722
358.000000 192.000000 0.119321 -0.150722
408.000000 192.000000 0.276323 -0.150722
493.000000 192.000000 0.543226 -0.150722
507.000000 192.000000 0.587187 -0.150722
354.000000 193.000000 0.106761 -0.147582
362.000000 193.000000 0.131882 -0.147582
388.000000 193.000000 0.213523 -0.147582
410.000000 193.000000 0.282603 -0.147582
466.000000 193.000000 0.458445 -0.147582
485.000000 193.000000 0.518106 -0.147582
491.000000 193.000000 0.536946 -0.147582
528.000000 193.000000 0.653128 -0.147582
555.000000 193.000000 0.737909 -0.147582
620.000000 193.000000 0.942011 -0.147582
339.000000 194.000000 0.059661 -0.144442
360.000000 194.000000 0.125601 -0.144442
390.000000 194.000000 0.219803 -0.144442
442.000000 194.000000 0.383085 -0.144442
470.000000 194.000000 0.471006 -0.144442
481.000000 194.000000 0.505546 -0.144442
487.000000 194.000000 0.524386 -0.144442
524.000000 194.000000 0.640568 -0.144442
626.000000 194.000000 0.960851 -0.144442
304.000000 195.000000 -0.050241 -0.141302
312.000000 195.000000 -0.025120 -0.141302
330.000000 195.000000 0.031400 -0.141302
350.000000 195.000000 0.094201 -0.141302
354.000000 195.000000 0.106761 -0.141302
356.000000 195.000000 0.113041 -0.141302
372.000000 195.000000 0.163282 -0.141302
381.000000 195.000000 0.191542 -0.141302
397.000000 195.000000 0.241783 -0.141302
478.000000 195.000000 0.496126 -0.141302
485.000000 195.000000 0.518106 -0.141302
561.000000 195.000000 0.756749 -0.141302
589.000000 195.000000 0.844670 -0.141302
302.000000 196.000000 -0.056521 -0.138162
345.000000 196.000000 0.078501 -0.138162
377.000000 196.000000 0.178982 -0.138162
384.000000 196.000000 0.200962 -0.138162
407.000000 196.000000 0.273183 -0.138162
411.000000 196.000000 0.285743 -0.138162
442.000000 196.000000 0.383085 -0.138162
467.000000 196.000000 0.461585 -0.138162
472.000000 196.000000 0.477286 -0.138162
494.000000 196.000000 0.546366 -0.138162
596.000000 196.000000 0.866650 -0.138162
348.000000 197.000000 0.087921 -0.135022
469.000000 197.000000 0.467866 -0.135022
489.000000 197.000000 0.530666 -0.135022
513.000000 197.000000 0.606027 -0.135022
293.000000 198.000000 -0.084781 -0.131882
296.000000 198.000000 -0.075361 -0.131882
335.000000 198.000000 0.047101 -0.131882
338.000000 198.000000 0.056521 -0.131882
370.000000 198.000000 0.157002 -0.131882
474.000000 198.000000 0.483566 -0.131882
519.000000 198.000000 0.624867 -0.131882
624.000000 198.000000 0.954571 -0.131882
291.000000 199.000000 -0.091061 -0.128742
321.000000 199.000000 0.003140 -0.128742
323.000000 199.000000 0.009420 -0.128742
374.000000 199.000000 0.169562 -0.128742
393.000000 199.000000 0.229223 -0.128742
456.000000 199.000000 0.427045 -0.128742
633.000000 199.000000 0.982832 -0.128742
319.000000 200.000000 -0.003140 -0.125601
329.000000 200.000000 0.028260 -0.125601
353.000000 200.000000 0.103621 -0.125601
370.000000 200.000000 0.157002 -0.125601
426.000000 200.000000 0.332844 -0.125601
428.000000 200.000000 0.339124 -0.125601
445.000000 200.000000 0.392505 -0.125601
450.000000 200.000000 0.408205 -0.125601
478.000000 200.000000 0.496126 -0.125601
519.000000 200.000000 0.624867 -0.125601
558.000000 200.000000 0.747329 -0.125601
292.000000 201.000000 -0.087921 -0.122461
310.000000 201.000000 -0.031400 -0.122461
323.000000 201.000000 0.009420 -0.122461
326.000000 201.000000 0.018840 -0.122461
366.000000 201.000000 0.144442 -0.122461
393.000000 201.000000 0.229223 -0.122461
412.000000 201.000000 0.288883 -0.122461
515.000000 201.000000 0.612307 -0.122461
286.000000 202.000000 -0.106761 -0.119321
352.000000 202.000000 0.100481 -0.119321
386.000000 202.000000 0.207242 -0.119321
454.000000 202.000000 0.420765 -0.119321
489.000000 202.000000 0.530666 -0.119321
326.000000 203.000000 0.018840 -0.116181
359.000000 203.000000 0.122461 -0.116181
435.000000 203.000000 0.361104 -0.116181
448.000000 203.000000 0.401925 -0.116181
469.000000 203.000000 0.467866 -0.116181
537.000000 203.000000 0.681388 -0.116181
625.000000 203.000000 0.957711 -0.116181
279.000000 204.000000 -0.128742 -0.113041
282.000000 204.000000 -0.119321 -0.113041
289.000000 204.000000 -0.097341 -0.113041
354.000000 204.000000 0.106761 -0.113041
380.000000 204.000000 0.188402 -0.113041
390.000000 204.000000 0.219803 -0.113041
409.000000 204.000000 0.279463 -0.113041
431.000000 204.000000 0.348544 -0.113041
559.000000 204.000000 0.750469 -0.113041
565.000000 204.000000 0.769309 -0.113041
585.000000 204.000000 0.832110 -0.113041
321.000000 205.000000 0.003140 -0.109901
323.000000 205.000000 0.009420 -0.109901
347.000000 205.000000 0.084781 -0.109901
370.000000 205.000000 0.157002 -0.109901
372.000000 205.000000 0.163282 -0.109901
404.000000 205.000000 0.263763 -0.109901
428.000000 205.000000 0.339124 -0.109901
442.000000 205.000000 0.383085 -0.109901
447.000000 205.000000 0.398785 -0.109901
501.000000 205.000000 0.568347 -0.109901
289.000000 206.000000 -0.097341 -0.106761
312.000000 206.000000 -0.025120 -0.106761
337.000000 206.000000 0.053381 -0.106761
365.000000 206.000000 0.141302 -0.106761
424.000000 206.000000 0.326564 -0.106761
522.000000 206.000000 0.634288 -0.106761
270.000000 207.000000 -0.157002 -0.103621
308.000000 207.000000 -0.037680 -0.103621
316.000000 207.000000 -0.012560 -0.103621
340.000000 207.000000 0.062801 -0.103621
347.000000 207.000000 0.084781 -0.103621
421.000000 207.000000 0.317144 -0.103621
313.000000 208.000000 -0.021980 -0.100481
331.000000 208.000000 0.034540 -0.100481
343.000000 208.000000 0.072221 -0.100481
362.000000 208.000000 0.131882 -0.100481
369.000000 208.000000 0.153862 -0.100481
476.000000 208.000000 0.489846 -0.100481
559.000000 208.000000 0.750469 -0.100481
269.000000 209.000000 -0.160142 -0.097341
301.000000 209.000000 -0.059661 -0.097341
470.000000 209.000000 0.471006 -0.097341
353.000000 210.000000 0.103621 -0.094201
357.000000 210.000000 0.116181 -0.094201
367.000000 210.000000 0.147582 -0.094201
369.000000 210.000000 0.153862 -0.094201
389.000000 210.000000 0.216663 -0.094201
401.000000 210.000000 0.254343 -0.094201
484.000000 210.000000 0.514966 -0.094201
302.000000 211.000000 -0.056521 -0.091061
365.000000 211.000000 0.141302 -0.091061
374.000000 211.000000 0.169562 -0.091061
387.000000 211.000000 0.210382 -0.091061
396.000000 211.000000 0.238643 -0.091061
424.000000 211.000000 0.326564 -0.091061
476.000000 212.000000 0.489846 -0.087921
560.000000 212.000000 0.753609 -0.087921
328.000000 213.000000 0.025120 -0.084781
346.000000 213.000000 0.081641 -0.084781
350.000000 213.000000 0.094201 -0.084781
372.000000 213.000000 0.163282 -0.084781
272.000000 214.000000 -0.150722 -0.081641
364.000000 214.000000 0.138162 -0.081641
374.000000 214.000000 0.169562 -0.081641
379.000000 214.000000 0.185262 -0.081641
382.000000 214.000000 0.194682 -0.081641
472.000000 214.000000 0.477286 -0.081641
361.000000 215.000000 0.128742 -0.078501
377.000000 215.000000 0.178982 -0.078501
384.000000 215.000000 0.200962 -0.078501
450.000000 215.000000 0.408205 -0.078501
511.000000 215.000000 0.599747 -0.078501
517.000000 215.000000 0.618587 -0.078501
301.000000 216.000000 -0.059661 -0.075361
317.000000 216.000000 -0.009420 -0.075361
339.000000 216.000000 0.059661 -0.075361
369.000000 216.000000 0.153862 -0.075361
373.000000 216.000000 0.166422 -0.075361
382.000000 216.000000 0.194682 -0.075361
396.000000 216.000000 0.238643 -0.075361
492.000000 216.000000 0.540086 -0.075361
544.000000 216.000000 0.703368 -0.075361
562.000000 216.000000 0.759889 -0.075361
330.000000 217.000000 0.031400 -0.072221
314.000000 218.000000 -0.018840 -0.069081
325.000000 218.000000 0.015700 -0.069081
369.000000 218.000000 0.153862 -0.069081
377.000000 218.000000 0.178982 -0.069081
454.000000 218.000000 0.420765 -0.069081
560.000000 218.000000 0.753609 -0.069081
564.000000 218.000000 0.766169 -0.069081
305.000000 219.000000 -0.047101 -0.065941
318.000000 219.000000 -0.006280 -0.065941
356.000000 219.000000 0.113041 -0.065941
372.000000 219.000000 0.163282 -0.065941
381.000000 219.000000 0.191542 -0.065941
404.000000 219.000000 0.263763 -0.065941
473.000000 219.000000 0.480426 -0.065941
504.000000 219.000000 0.577767 -0.065941
330.000000 220.000000 0.031400 -0.062801
358.000000 220.000000 0.119321 -0.062801
361.000000 220.000000 0.128742 -0.062801
376.000000 220.000000 0.175842 -0.062801
389.000000 220.000000 0.216663 -0.062801
417.000000 220.000000 0.304584 -0.062801
500.000000 220.000000 0.565207 -0.062801
316.000000 221.000000 -0.012560 -0.059661
350.000000 221.000000 0.094201 -0.059661
374.000000 221.000000 0.169562 -0.059661
384.000000 221.000000 0.200962 -0.059661
547.000000 221.000000 0.712788 -0.059661
550.000000 221.000000 0.722209 -0.059661
612.000000 221.000000 0.916891 -0.059661
304.000000 222.000000 -0.050241 -0.056521
310.000000 222.000000 -0.031400 -0.056521
312.000000 222.000000 -0.025120 -0.056521
318.000000 222.000000 -0.006280 -0.056521
344.000000 222.000000 0.075361 -0.056521
378.000000 222.000000 0.182122 -0.056521
398.000000 222.000000 0.244923 -0.056521
614.000000 222.000000 0.923171 -0.056521
308.000000 223.000000 -0.037680 -0.053381
341.000000 223.000000 0.065941 -0.053381
358.000000 223.000000 0.119321 -0.053381
360.000000 223.000000 0.125601 -0.053381
362.000000 223.000000 0.131882 -0.053381
375.000000 223.000000 0.172702 -0.053381
400.000000 223.000000 0.251203 -0.053381
452.000000 223.000000 0.414485 -0.053381
474.000000 223.000000 0.483566 -0.053381
546.000000 223.000000 0.709648 -0.053381
609.000000 223.000000 0.907471 -0.053381
351.000000 224.000000 0.097341 -0.050241
368.000000 224.000000 0.150722 -0.050241
405.000000 224.000000 0.266903 -0.050241
476.000000 224.000000 0.489846 -0.050241
511.000000 224.000000 0.599747 -0.050241
317.000000 225.000000 -0.009420 -0.047101
400.000000 225.000000 0.251203 -0.047101
412.000000 225.000000 0.288883 -0.047101
352.000000 226.000000 0.100481 -0.043961
369.000000 226.000000 0.153862 -0.043961
530.000000 226.000000 0.659408 -0.043961
375.000000 227.000000 0.172702 -0.040820
399.000000 227.000000 0.248063 -0.040820
405.000000 227.000000 0.266903 -0.040820
412.000000 227.000000 0.288883 -0.040820
453.000000 227.000000 0.417625 -0.040820
331.000000 228.000000 0.034540 -0.037680
345.000000 228.000000 0.078501 -0.037680
469.000000 228.000000 0.467866 -0.037680
476.000000 228.000000 0.489846 -0.037680
525.000000 228.000000 0.643708 -0.037680
339.000000 229.000000 0.059661 -0.034540
401.000000 229.000000 0.254343 -0.034540
528.000000 229.000000 0.653128 -0.034540
530.000000 229.000000 0.659408 -0.034540
321.000000 230.000000 0.003140 -0.031400
335.000000 230.000000 0.047101 -0.031400
377.000000 230.000000 0.178982 -0.031400
337.000000 231.000000 0.053381 -0.028260
482.000000 231.000000 0.508686 -0.028260
330.000000 232.000000 0.031400 -0.025120
339.000000 232.000000 0.059661 -0.025120
358.000000 232.000000 0.119321 -0.025120
365.000000 232.000000 0.141302 -0.025120
407.000000 232.000000 0.273183 -0.025120
456.000000 232.000000 0.427045 -0.025120
335.000000 233.000000 0.047101 -0.021980
337.000000 233.000000 0.053381 -0.021980
572.000000 233.000000 0.791289 -0.021980
333.000000 234.000000 0.040820 -0.018840
359.000000 234.000000 0.122461 -0.018840
455.000000 234.000000 0.423905 -0.018840
477.000000 234.000000 0.492986 -0.018840
503.000000 234.000000 0.574627 -0.018840
506.000000 234.000000 0.584047 -0.018840
287.000000 235.000000 -0.103621 -0.015700
322.000000 235.000000 0.006280 -0.015700
330.000000 235.000000 0.031400 -0.015700
378.000000 235.000000 0.182122 -0.015700
482.000000 235.000000 0.508686 -0.015700
499.000000 235.000000 0.562067 -0.015700
501.000000 235.000000 0.568347 -0.015700
567.000000 235.000000 0.775589 -0.015700
569.000000 235.000000 0.781869 -0.015700
303.000000 236.000000 -0.053381 -0.012560
340.000000 236.000000 0.062801 -0.012560
563.000000 236.000000 0.763029 -0.012560
565.000000 236.000000 0.769309 -0.012560
322.000000 237.000000 0.006280 -0.009420
333.000000 237.000000 0.040820 -0.009420
379.000000 237.000000 0.185262 -0.009420
481.000000 237.000000 0.505546 -0.009420
561.000000 237.000000 0.756749 -0.009420
356.000000 238.000000 0.113041 -0.006280
383.000000 238.000000 0.197822 -0.006280
557.000000 238.000000 0.744189 -0.006280
326.000000 239.000000 0.018840 -0.003140
415.000000 239.000000 0.298304 -0.003140
455.000000 239.000000 0.423905 -0.003140
471.000000 239.000000 0.474146 -0.003140
542.000000 239.000000 0.697088 -0.003140
545.000000 239.000000 0.706508 -0.003140
268.000000 240.000000 -0.163282 0.000000
400.000000 240.000000 0.251203 0.000000
482.000000 240.000000 0.508686 0.000000
303.000000 241.000000 -0.053381 0.003140
326.000000 241.000000 0.018840 0.003140
339.000000 241.000000 0.059661 0.003140
347.000000 241.000000 0.084781 0.003140
477.000000 241.000000 0.492986 0.003140
264.000000 242.000000 -0.175842 0.006280
380.000000 242.000000 0.188402 0.006280
455.000000 242.000000 0.423905 0.006280
457.000000 242.000000 0.430185 0.006280
541.000000 242.000000 0.693948 0.006280
296.000000 243.000000 -0.075361 0.009420
334.000000 243.000000 0.043961 0.009420
387.000000 243.000000 0.210382 0.009420
471.000000 243.000000 0.474146 0.009420
539.000000 243.000000 0.687668 0.009420
456.000000 244.000000 0.427045 0.012560
468.000000 244.000000 0.464725 0.012560
536.000000 244.000000 0.678248 0.012560
253.000000 245.000000 -0.210382 0.015700
266.000000 245.000000 -0.169562 0.015700
289.000000 245.000000 -0.097341 0.015700
351.000000 245.000000 0.097341 0.015700
381.000000 245.000000 0.191542 0.015700
385.000000 245.000000 0.204102 0.015700
530.000000 245.000000 0.659408 0.015700
340.000000 246.000000 0.062801 0.018840
389.000000 246.000000 0.216663 0.018840
422.000000 246.000000 0.320284 0.018840
461.000000 246.000000 0.442745 0.018840
528.000000 246.000000 0.653128 0.018840
266.000000 247.000000 -0.169562 0.021980
320.000000 247.000000 -0.000000 0.021980
355.000000 247.000000 0.109901 0.021980
373.000000 247.000000 0.166422 0.021980
436.000000 247.000000 0.364244 0.021980
279.000000 248.000000 -0.128742 0.025120
335.000000 248.000000 0.047101 0.025120
376.000000 248.000000 0.175842 0.025120
389.000000 248.000000 0.216663 0.025120
458.000000 248.000000 0.433325 0.025120
519.000000 248.000000 0.624867 0.025120
252.000000 249.000000 -0.213523 0.028260
365.000000 249.000000 0.141302 0.028260
429.000000 249.000000 0.342264 0.028260
508.000000 249.000000 0.590327 0.028260
608.000000 249.000000 0.904331 0.028260
233.000000 250.000000 -0.273183 0.031400
274.000000 250.000000 -0.144442 0.031400
362.000000 250.000000 0.131882 0.031400
511.000000 250.000000 0.599747 0.031400
513.000000 250.000000 0.606027 0.031400
618.000000 250.000000 0.935731 0.031400
223.000000 251.000000 -0.304584 0.034540
280.000000 251.000000 -0.125601 0.034540
358.000000 251.000000 0.119321 0.034540
390.000000 251.000000 0.219803 0.034540
500.000000 251.000000 0.565207 0.034540
627.000000 251.000000 0.963991 0.034540
269.000000 252.000000 -0.160142 0.037680
335.000000 252.000000 0.047101 0.037680
353.000000 252.000000 0.103621 0.037680
503.000000 252.000000 0.574627 0.037680
271.000000 253.000000 -0.153862 0.040820
351.000000 253.000000 0.097341 0.040820
355.000000 253.000000 0.109901 0.040820
367.000000 253.000000 0.147582 0.040820
224.000000 254.000000 -0.301444 0.043961
348.000000 254.000000 0.087921 0.043961
389.000000 254.000000 0.216663 0.043961
400.000000 254.000000 0.251203 0.043961
497.000000 254.000000 0.555787 0.043961
633.000000 254.000000 0.982832 0.043961
216.000000 255.000000 -0.326564 0.047101
253.000000 255.000000 -0.210382 0.047101
337.000000 255.000000 0.053381 0.047101
351.000000 255.000000 0.097341 0.047101
354.000000 255.000000 0.106761 0.047101
361.000000 255.000000 0.128742 0.047101
406.000000 255.000000 0.270043 0.047101
490.000000 255.000000 0.533806 0.047101
222.000000 256.000000 -0.307724 0.050241
386.000000 256.000000 0.207242 0.050241
617.000000 256.000000 0.932591 0.050241
623.000000 256.000000 0.951431 0.050241
625.000000 256.000000 0.957711 0.050241
225.000000 257.000000 -0.298304 0.053381
257.000000 257.000000 -0.197822 0.053381
264.000000 257.000000 -0.175842 0.053381
344.000000 257.000000 0.075361 0.053381
479.000000 257.000000 0.499266 0.053381
202.000000 258.000000 -0.370524 0.056521
206.000000 258.000000 -0.357964 0.056521
331.000000 258.000000 0.034540 0.056521
223.000000 259.000000 -0.304584 0.059661
248.000000 259.000000 -0.226083 0.059661
250.000000 259.000000 -0.219803 0.059661
259.000000 259.000000 -0.191542 0.059661
337.000000 259.000000 0.053381 0.059661
479.000000 259.000000 0.499266 0.059661
204.000000 260.000000 -0.364244 0.062801
225.000000 260.000000 -0.298304 0.062801
246.000000 260.000000 -0.232363 0.062801
339.000000 260.000000 0.059661 0.062801
355.000000 260.000000 0.109901 0.062801
415.000000 260.000000 0.298304 0.062801
613.000000 260.000000 0.920031 0.062801
251.000000 261.000000 -0.216663 0.065941
259.000000 261.000000 -0.191542 0.065941
331.000000 261.000000 0.034540 0.065941
417.000000 261.000000 0.304584 0.065941
204.000000 262.000000 -0.364244 0.069081
242.000000 262.000000 -0.244923 0.069081
355.000000 262.000000 0.109901 0.069081
406.000000 262.000000 0.270043 0.069081
603.000000 262.000000 0.888631 0.069081
237.000000 263.000000 -0.260623 0.072221
240.000000 263.000000 -0.251203 0.072221
468.000000 263.000000 0.464725 0.072221
510.000000 263.000000 0.596607 0.072221
277.000000 264.000000 -0.135022 0.075361
393.000000 264.000000 0.229223 0.075361
419.000000 264.000000 0.310864 0.075361
461.000000 264.000000 0.442745 0.075361
595.000000 264.000000 0.863510 0.075361
206.000000 265.000000 -0.357964 0.078501
503.000000 265.000000 0.574627 0.078501
208.000000 266.000000 -0.351684 0.081641
274.000000 266.000000 -0.144442 0.081641
388.000000 266.000000 0.213523 0.081641
410.000000 266.000000 0.282603 0.081641
454.000000 266.000000 0.420765 0.081641
459.000000 266.000000 0.436465 0.081641
588.000000 266.000000 0.841530 0.081641
590.000000 266.000000 0.847810 0.081641
340.000000 267.000000 0.062801 0.084781
382.000000 267.000000 0.194682 0.084781
384.000000 267.000000 0.200962 0.084781
423.000000 267.000000 0.323424 0.084781
450.000000 267.000000 0.408205 0.084781
452.000000 267.000000 0.414485 0.084781
264.000000 268.000000 -0.175842 0.087921
281.000000 268.000000 -0.122461 0.087921
283.000000 268.000000 -0.116181 0.087921
408.000000 268.000000 0.276323 0.087921
430.000000 268.000000 0.345404 0.087921
447.000000 268.000000 0.398785 0.087921
580.000000 268.000000 0.816410 0.087921
582.000000 268.000000 0.822690 0.087921
208.000000 269.000000 -0.351684 0.091061
227.000000 269.000000 -0.292023 0.091061
351.000000 269.000000 0.097341 0.091061
357.000000 269.000000 0.116181 0.091061
359.000000 269.000000 0.122461 0.091061
378.000000 269.000000 0.182122 0.091061
411.000000 269.000000 0.285743 0.091061
371.000000 270.000000 0.160142 0.094201
376.000000 270.000000 0.175842 0.094201
433.000000 270.000000 0.354824 0.094201
574.000000 270.000000 0.797569 0.094201
322.000000 271.000000 0.006280 0.097341
335.000000 271.000000 0.047101 0.097341
346.000000 271.000000 0.081641 0.097341
379.000000 271.000000 0.185262 0.097341
385.000000 271.000000 0.204102 0.097341
387.000000 271.000000 0.210382 0.097341
207.000000 272.000000 -0.354824 0.100481
358.000000 272.000000 0.119321 0.100481
421.000000 272.000000 0.317144 0.100481
429.000000 272.000000 0.342264 0.100481
433.000000 272.000000 0.354824 0.100481
566.000000 272.000000 0.772449 0.100481
187.000000 273.000000 -0.417625 0.103621
210.000000 273.000000 -0.345404 0.103621
327.000000 273.000000 0.021980 0.103621
337.000000 273.000000 0.053381 0.103621
372.000000 273.000000 0.163282 0.103621
412.000000 273.000000 0.288883 0.103621
560.000000 273.000000 0.753609 0.103621
562.000000 273.000000 0.759889 0.103621
216.000000 274.000000 -0.326564 0.106761
335.000000 274.000000 0.047101 0.106761
357.000000 274.000000 0.116181 0.106761
556.000000 274.000000 0.741049 0.106761
558.000000 274.000000 0.747329 0.106761
191.000000 275.000000 -0.405065 0.109901
206.000000 275.000000 -0.357964 0.109901
369.000000 275.000000 0.153862 0.109901
435.000000 275.000000 0.361104 0.109901
552.000000 275.000000 0.728489 0.109901
554.000000 275.000000 0.734769 0.109901
132.000000 276.000000 -0.590327 0.113041
134.000000 276.000000 -0.584047 0.113041
172.000000 276.000000 -0.464725 0.113041
183.000000 276.000000 -0.430185 0.113041
218.000000 276.000000 -0.320284 0.113041
220.000000 276.000000 -0.314004 0.113041
332.000000 276.000000 0.037680 0.113041
548.000000 276.000000 0.715928 0.113041
550.000000 276.000000 0.722209 0.113041
161.000000 277.000000 -0.499266 0.116181
214.000000 277.000000 -0.332844 0.116181
367.000000 277.000000 0.147582 0.116181
544.000000 277.000000 0.703368 0.116181
167.000000 278.000000 -0.480426 0.119321
176.000000 278.000000 -0.452165 0.119321
192.000000 278.000000 -0.401925 0.119321
210.000000 278.000000 -0.345404 0.119321
344.000000 278.000000 0.075361 0.119321
108.000000 280.000000 -0.665688 0.125601
165.000000 280.000000 -0.486706 0.125601
336.000000 280.000000 0.050241 0.125601
533.000000 280.000000 0.668828 0.125601
167.000000 281.000000 -0.480426 0.128742
231.000000 281.000000 -0.279463 0.128742
313.000000 281.000000 -0.021980 0.128742
350.000000 281.000000 0.094201 0.128742
529.000000 281.000000 0.656268 0.128742
142.000000 282.000000 -0.558927 0.131882
193.000000 282.000000 -0.398785 0.131882
525.000000 282.000000 0.643708 0.131882
164.000000 283.000000 -0.489846 0.135022
521.000000 283.000000 0.631147 0.135022
169.000000 284.000000 -0.474146 0.138162
230.000000 284.000000 -0.282603 0.138162
311.000000 284.000000 -0.028260 0.138162
332.000000 284.000000 0.037680 0.138162
367.000000 284.000000 0.147582 0.138162
518.000000 284.000000 0.621727 0.138162
99.000000 285.000000 -0.693948 0.141302
104.000000 285.000000 -0.678248 0.141302
271.000000 285.000000 -0.153862 0.141302
325.000000 285.000000 0.015700 0.141302
96.000000 286.000000 -0.703368 0.144442
101.000000 286.000000 -0.687668 0.144442
166.000000 286.000000 -0.483566 0.144442
225.000000 286.000000 -0.298304 0.144442
228.000000 286.000000 -0.288883 0.144442
338.000000 286.000000 0.056521 0.144442
107.000000 288.000000 -0.668828 0.150722
169.000000 288.000000 -0.474146 0.150722
327.000000 288.000000 0.021980 0.150722
88.000000 289.000000 -0.728489 0.153862
178.000000 289.000000 -0.445885 0.153862
273.000000 289.000000 -0.147582 0.153862
276.000000 289.000000 -0.138162 0.153862
335.000000 289.000000 0.047101 0.153862
501.000000 289.000000 0.568347 0.153862
82.000000 290.000000 -0.747329 0.157002
84.000000 290.000000 -0.741049 0.157002
103.000000 290.000000 -0.681388 0.157002
112.000000 290.000000 -0.653128 0.157002
331.000000 290.000000 0.034540 0.157002
348.000000 290.000000 0.087921 0.157002
78.000000 291.000000 -0.759889 0.160142
98.000000 291.000000 -0.697088 0.160142
180.000000 291.000000 -0.439605 0.160142
289.000000 291.000000 -0.097341 0.160142
317.000000 291.000000 -0.009420 0.160142
96.000000 292.000000 -0.703368 0.163282
195.000000 292.000000 -0.392505 0.163282
265.000000 292.000000 -0.172702 0.163282
273.000000 292.000000 -0.147582 0.163282
68.000000 293.000000 -0.791289 0.166422
104.000000 293.000000 -0.678248 0.166422
112.000000 293.000000 -0.653128 0.166422
173.000000 293.000000 -0.461585 0.166422
182.000000 293.000000 -0.433325 0.166422
231.000000 293.000000 -0.279463 0.166422
74.000000 294.000000 -0.772449 0.169562
89.000000 294.000000 -0.725349 0.169562
170.000000 294.000000 -0.471006 0.169562
268.000000 294.000000 -0.163282 0.169562
228.000000 295.000000 -0.288883 0.172702
332.000000 295.000000 0.037680 0.172702
335.000000 295.000000 0.047101 0.172702
78.000000 296.000000 -0.759889 0.175842
164.000000 296.000000 -0.489846 0.175842
298.000000 296.000000 -0.069081 0.175842
75.000000 297.000000 -0.769309 0.178982
265.000000 297.000000 -0.172702 0.178982
274.000000 297.000000 -0.144442 0.178982
144.000000 298.000000 -0.552647 0.182122
332.000000 298.000000 0.037680 0.182122
334.000000 298.000000 0.043961 0.182122
114.000000 299.000000 -0.646848 0.185262
158.000000 299.000000 -0.508686 0.185262
232.000000 299.000000 -0.276323 0.185262
262.000000 299.000000 -0.182122 0.185262
484.000000 299.000000 0.514966 0.185262
81.000000 301.000000 -0.750469 0.191542
99.000000 301.000000 -0.693948 0.191542
214.000000 301.000000 -0.332844 0.191542
265.000000 301.000000 -0.172702 0.191542
269.000000 301.000000 -0.160142 0.191542
273.000000 301.000000 -0.147582 0.191542
294.000000 301.000000 -0.081641 0.191542
335.000000 301.000000 0.047101 0.191542
71.000000 302.000000 -0.781869 0.194682
77.000000 302.000000 -0.763029 0.194682
151.000000 302.000000 -0.530666 0.194682
332.000000 302.000000 0.037680 0.194682
101.000000 303.000000 -0.687668 0.197822
114.000000 303.000000 -0.646848 0.197822
217.000000 303.000000 -0.323424 0.197822
323.000000 303.000000 0.009420 0.197822
483.000000 303.000000 0.511826 0.197822
97.000000 304.000000 -0.700228 0.200962
145.000000 304.000000 -0.549506 0.200962
258.000000 304.000000 -0.194682 0.200962
333.000000 304.000000 0.040820 0.200962
484.000000 305.000000 0.514966 0.204102
486.000000 305.000000 0.521246 0.204102
100.000000 306.000000 -0.690808 0.207242
115.000000 306.000000 -0.643708 0.207242
270.000000 306.000000 -0.157002 0.207242
78.000000 307.000000 -0.759889 0.210382
237.000000 307.000000 -0.260623 0.210382
330.000000 307.000000 0.031400 0.210382
88.000000 308.000000 -0.728489 0.213523
95.000000 308.000000 -0.706508 0.213523
98.000000 308.000000 -0.697088 0.213523
102.000000 308.000000 -0.684528 0.213523
115.000000 308.000000 -0.643708 0.213523
489.000000 308.000000 0.530666 0.213523
252.000000 310.000000 -0.213523 0.219803
101.000000 311.000000 -0.687668 0.222943
237.000000 311.000000 -0.260623 0.222943
76.000000 312.000000 -0.766169 0.226083
82.000000 312.000000 -0.747329 0.226083
97.000000 312.000000 -0.700228 0.226083
189.000000 312.000000 -0.411345 0.226083
499.000000 312.000000 0.562067 0.226083
462.000000 313.000000 0.445885 0.229223
502.000000 313.000000 0.571487 0.229223
81.000000 314.000000 -0.750469 0.232363
238.000000 314.000000 -0.257483 0.232363
321.000000 314.000000 0.003140 0.232363
470.000000 314.000000 0.471006 0.232363
475.000000 314.000000 0.486706 0.232363
98.000000 315.000000 -0.697088 0.235503
473.000000 315.000000 0.480426 0.235503
478.000000 315.000000 0.496126 0.235503
483.000000 315.000000 0.511826 0.235503
82.000000 316.000000 -0.747329 0.238643
458.000000 316.000000 0.433325 0.238643
468.000000 316.000000 0.464725 0.238643
489.000000 316.000000 0.530666 0.238643
494.000000 316.000000 0.546366 0.238643
500.000000 316.000000 0.565207 0.238643
59.000000 317.000000 -0.819550 0.241783
63.000000 317.000000 -0.806990 0.241783
87.000000 317.000000 -0.731629 0.241783
475.000000 317.000000 0.486706 0.241783
506.000000 317.000000 0.584047 0.241783
510.000000 317.000000 0.596607 0.241783
513.000000 317.000000 0.606027 0.241783
516.000000 317.000000 0.615447 0.241783
82.000000 318.000000 -0.747329 0.244923
98.000000 318.000000 -0.697088 0.244923
259.000000 318.000000 -0.191542 0.244923
454.000000 318.000000 0.420765 0.244923
465.000000 318.000000 0.455305 0.244923
520.000000 318.000000 0.628007 0.244923
526.000000 318.000000 0.646848 0.244923
69.000000 319.000000 -0.788149 0.248063
73.000000 319.000000 -0.775589 0.248063
79.000000 319.000000 -0.756749 0.248063
88.000000 319.000000 -0.728489 0.248063
234.000000 319.000000 -0.270043 0.248063
329.000000 319.000000 0.028260 0.248063
334.000000 319.000000 0.043961 0.248063
451.000000 319.000000 0.411345 0.248063
456.000000 319.000000 0.427045 0.248063
484.000000 319.000000 0.514966 0.248063
508.000000 319.000000 0.590327 0.248063
528.000000 319.000000 0.653128 0.248063
535.000000 319.000000 0.675108 0.248063
76.000000 320.000000 -0.766169 0.251203
493.000000 320.000000 0.543226 0.251203
510.000000 320.000000 0.596607 0.251203
542.000000 320.000000 0.697088 0.251203
54.000000 321.000000 -0.835250 0.254343
74.000000 321.000000 -0.772449 0.254343
104.000000 321.000000 -0.678248 0.254343
237.000000 321.000000 -0.260623 0.254343
333.000000 321.000000 0.040820 0.254343
468.000000 321.000000 0.464725 0.254343
531.000000 321.000000 0.662548 0.254343
46.000000 322.000000 -0.860370 0.257483
50.000000 322.000000 -0.847810 0.257483
68.000000 322.000000 -0.791289 0.257483
86.000000 322.000000 -0.734769 0.257483
99.000000 322.000000 -0.693948 0.257483
107.000000 322.000000 -0.668828 0.257483
119.000000 322.000000 -0.631147 0.257483
450.000000 322.000000 0.408205 0.257483
502.000000 322.000000 0.571487 0.257483
42.000000 323.000000 -0.872930 0.260623
73.000000 323.000000 -0.775589 0.260623
459.000000 323.000000 0.436465 0.260623
461.000000 323.000000 0.442745 0.260623
515.000000 323.000000 0.612307 0.260623
65.000000 324.000000 -0.800709 0.263763
99.000000 324.000000 -0.693948 0.263763
242.000000 324.000000 -0.244923 0.263763
331.000000 324.000000 0.034540 0.263763
467.000000 324.000000 0.461585 0.263763
469.000000 324.000000 0.467866 0.263763
506.000000 324.000000 0.584047 0.263763
83.000000 325.000000 -0.744189 0.266903
90.000000 325.000000 -0.722209 0.266903
102.000000 325.000000 -0.684528 0.266903
105.000000 325.000000 -0.675108 0.266903
238.000000 325.000000 -0.257483 0.266903
475.000000 325.000000 0.486706 0.266903
521.000000 325.000000 0.631147 0.266903
583.000000 325.000000 0.825830 0.266903
37.000000 326.000000 -0.888631 0.270043
60.000000 326.000000 -0.816410 0.270043
87.000000 326.000000 -0.731629 0.270043
100.000000 326.000000 -0.690808 0.270043
108.000000 326.000000 -0.665688 0.270043
326.000000 326.000000 0.018840 0.270043
333.000000 326.000000 0.040820 0.270043
46.000000 327.000000 -0.860370 0.273183
63.000000 327.000000 -0.806990 0.273183
73.000000 327.000000 -0.775589 0.273183
90.000000 327.000000 -0.722209 0.273183
96.000000 327.000000 -0.703368 0.273183
238.000000 327.000000 -0.257483 0.273183
31.000000 328.000000 -0.907471 0.276323
54.000000 328.000000 -0.835250 0.276323
79.000000 328.000000 -0.756749 0.276323
86.000000 328.000000 -0.734769 0.276323
327.000000 328.000000 0.021980 0.276323
24.000000 329.000000 -0.929451 0.279463
47.000000 329.000000 -0.857230 0.279463
50.000000 329.000000 -0.847810 0.279463
59.000000 329.000000 -0.819550 0.279463
92.000000 329.000000 -0.715928 0.279463
109.000000 329.000000 -0.662548 0.279463
231.000000 329.000000 -0.279463 0.279463
325.000000 329.000000 0.015700 0.279463
529.000000 329.000000 0.656268 0.279463
62.000000 330.000000 -0.810130 0.282603
75.000000 330.000000 -0.769309 0.282603
85.000000 330.000000 -0.737909 0.282603
88.000000 330.000000 -0.728489 0.282603
44.000000 331.000000 -0.866650 0.285743
315.000000 331.000000 -0.015700 0.285743
530.000000 331.000000 0.659408 0.285743
535.000000 331.000000 0.675108 0.285743
84.000000 332.000000 -0.741049 0.288883
240.000000 332.000000 -0.251203 0.288883
327.000000 332.000000 0.021980 0.288883
18.000000 333.000000 -0.948291 0.292023
20.000000 333.000000 -0.942011 0.292023
248.000000 333.000000 -0.226083 0.292023
527.000000 333.000000 0.649988 0.292023
13.000000 334.000000 -0.963991 0.295163
39.000000 334.000000 -0.882350 0.295163
42.000000 334.000000 -0.872930 0.295163
67.000000 334.000000 -0.794429 0.295163
107.000000 334.000000 -0.668828 0.295163
11.000000 335.000000 -0.970271 0.298304
18.000000 335.000000 -0.948291 0.298304
244.000000 335.000000 -0.238643 0.298304
329.000000 335.000000 0.028260 0.298304
374.000000 335.000000 0.169562 0.298304
606.000000 335.000000 0.898051 0.298304
3.000000 336.000000 -0.995392 0.301444
30.000000 336.000000 -0.910611 0.301444
33.000000 336.000000 -0.901191 0.301444
42.000000 336.000000 -0.872930 0.301444
70.000000 336.000000 -0.785009 0.301444
78.000000 336.000000 -0.759889 0.301444
209.000000 336.000000 -0.348544 0.301444
240.000000 336.000000 -0.251203 0.301444
327.000000 336.000000 0.021980 0.301444
107.000000 337.000000 -0.668828 0.304584
357.000000 337.000000 0.116181 0.304584
27.000000 338.000000 -0.920031 0.307724
125.000000 338.000000 -0.612307 0.307724
378.000000 338.000000 0.182122 0.307724
11.000000 339.000000 -0.970271 0.310864
334.000000 339.000000 0.043961 0.310864
20.000000 340.000000 -0.942011 0.314004
24.000000 340.000000 -0.929451 0.314004
30.000000 340.000000 -0.910611 0.314004
51.000000 340.000000 -0.844670 0.314004
65.000000 340.000000 -0.800709 0.314004
104.000000 341.000000 -0.678248 0.317144
54.000000 342.000000 -0.835250 0.320284
62.000000 342.000000 -0.810130 0.320284
64.000000 342.000000 -0.803850 0.320284
126.000000 342.000000 -0.609167 0.320284
625.000000 342.000000 0.957711 0.320284
13.000000 343.000000 -0.963991 0.323424
325.000000 343.000000 0.015700 0.323424
10.000000 344.000000 -0.973412 0.326564
6.000000 345.000000 -0.985972 0.329704
323.000000 345.000000 0.009420 0.329704
632.000000 345.000000 0.979692 0.329704
15.000000 346.000000 -0.957711 0.332844
105.000000 346.000000 -0.675108 0.332844
110.000000 346.000000 -0.659408 0.332844
233.000000 346.000000 -0.273183 0.332844
580.000000 346.000000 0.816410 0.332844
4.000000 347.000000 -0.992252 0.335984
10.000000 347.000000 -0.973412 0.335984
316.000000 347.000000 -0.012560 0.335984
318.000000 347.000000 -0.006280 0.335984
36.000000 348.000000 -0.891771 0.339124
322.000000 348.000000 0.006280 0.339124
556.000000 348.000000 0.741049 0.339124
561.000000 348.000000 0.756749 0.339124
10.000000 349.000000 -0.973412 0.342264
45.000000 349.000000 -0.863510 0.342264
318.000000 349.000000 -0.006280 0.342264
310.000000 350.000000 -0.031400 0.345404
349.000000 351.000000 0.091061 0.348544
561.000000 351.000000 0.756749 0.348544
565.000000 351.000000 0.769309 0.348544
89.000000 353.000000 -0.725349 0.354824
230.000000 353.000000 -0.282603 0.354824
26.000000 354.000000 -0.923171 0.357964
415.000000 354.000000 0.298304 0.357964
562.000000 354.000000 0.759889 0.357964
566.000000 354.000000 0.772449 0.357964
5.000000 355.000000 -0.989112 0.361104
16.000000 355.000000 -0.954571 0.361104
33.000000 355.000000 -0.901191 0.361104
18.000000 356.000000 -0.948291 0.364244
309.000000 356.000000 -0.034540 0.364244
566.000000 356.000000 0.772449 0.364244
23.000000 357.000000 -0.932591 0.367384
16.000000 358.000000 -0.954571 0.370524
114.000000 358.000000 -0.646848 0.370524
367.000000 359.000000 0.147582 0.373664
320.000000 360.000000 -0.000000 0.376804
7.000000 363.000000 -0.982832 0.386225
110.000000 363.000000 -0.659408 0.386225
324.000000 363.000000 0.012560 0.386225
547.000000 364.000000 0.712788 0.389365
550.000000 364.000000 0.722209 0.389365
118.000000 365.000000 -0.634288 0.392505
127.000000 366.000000 -0.606027 0.395645
324.000000 366.000000 0.012560 0.395645
217.000000 367.000000 -0.323424 0.398785
326.000000 367.000000 0.018840 0.398785
582.000000 367.000000 0.822690 0.398785
204.000000 369.000000 -0.364244 0.405065
120.000000 371.000000 -0.628007 0.411345
204.000000 371.000000 -0.364244 0.411345
319.000000 371.000000 -0.003140 0.411345
323.000000 371.000000 0.009420 0.411345
114.000000 373.000000 -0.646848 0.417625
602.000000 373.000000 0.885490 0.417625
306.000000 375.000000 -0.043961 0.423905
326.000000 375.000000 0.018840 0.423905
322.000000 376.000000 0.006280 0.427045
137.000000 377.000000 -0.574627 0.430185
546.000000 377.000000 0.709648 0.430185
136.000000 379.000000 -0.577767 0.436465
139.000000 379.000000 -0.568347 0.436465
603.000000 379.000000 0.888631 0.436465
121.000000 380.000000 -0.624867 0.439605
116.000000 381.000000 -0.640568 0.442745
320.000000 381.000000 -0.000000 0.442745
123.000000 382.000000 -0.618587 0.445885
198.000000 382.000000 -0.383085 0.445885
121.000000 383.000000 -0.624867 0.449025
140.000000 383.000000 -0.565207 0.449025
322.000000 383.000000 0.006280 0.449025
142.000000 384.000000 -0.558927 0.452165
196.000000 385.000000 -0.389365 0.455305
483.000000 385.000000 0.511826 0.455305
122.000000 386.000000 -0.621727 0.458445
140.000000 386.000000 -0.565207 0.458445
320.000000 387.000000 -0.000000 0.461585
620.000000 387.000000 0.942011 0.461585
626.000000 388.000000 0.960851 0.464725
628.000000 388.000000 0.967131 0.464725
119.000000 390.000000 -0.631147 0.471006
142.000000 390.000000 -0.558927 0.471006
614.000000 390.000000 0.923171 0.471006
191.000000 391.000000 -0.405065 0.474146
319.000000 391.000000 -0.003140 0.474146
484.000000 391.000000 0.514966 0.474146
142.000000 393.000000 -0.558927 0.480426
136.000000 394.000000 -0.577767 0.483566
319.000000 394.000000 -0.003140 0.483566
620.000000 394.000000 0.942011 0.483566
121.000000 395.000000 -0.624867 0.486706
180.000000 395.000000 -0.439605 0.486706
623.000000 395.000000 0.951431 0.486706
630.000000 396.000000 0.973412 0.489846
127.000000 397.000000 -0.606027 0.492986
410.000000 398.000000 0.282603 0.496126
127.000000 399.000000 -0.606027 0.499266
83.000000 405.000000 -0.744189 0.518106
316.000000 405.000000 -0.012560 0.518106
129.000000 406.000000 -0.599747 0.521246
178.000000 406.000000 -0.445885 0.521246
313.000000 406.000000 -0.021980 0.521246
524.000000 406.000000 0.640568 0.521246
132.000000 407.000000 -0.590327 0.524386
513.000000 410.000000 0.606027 0.533806
395.000000 411.000000 0.235503 0.536946
528.000000 411.000000 0.653128 0.536946
628.000000 411.000000 0.967131 0.536946
40.000000 412.000000 -0.879210 0.540086
174.000000 413.000000 -0.458445 0.543226
507.000000 413.000000 0.587187 0.543226
511.000000 413.000000 0.599747 0.543226
127.000000 414.000000 -0.606027 0.546366
632.000000 414.000000 0.979692 0.546366
294.000000 417.000000 -0.081641 0.555787
64.000000 418.000000 -0.803850 0.558927
305.000000 418.000000 -0.047101 0.558927
115.000000 419.000000 -0.643708 0.562067
145.000000 419.000000 -0.549506 0.562067
342.000000 419.000000 0.069081 0.562067
308.000000 420.000000 -0.037680 0.565207
311.000000 421.000000 -0.028260 0.568347
306.000000 422.000000 -0.043961 0.571487
139.000000 424.000000 -0.568347 0.577767
306.000000 424.000000 -0.043961 0.577767
485.000000 424.000000 0.518106 0.577767
135.000000 425.000000 -0.580907 0.580907
164.000000 425.000000 -0.489846 0.580907
310.000000 425.000000 -0.031400 0.580907
631.000000 425.000000 0.976552 0.580907
136.000000 428.000000 -0.577767 0.590327
158.000000 428.000000 -0.508686 0.590327
132.000000 429.000000 -0.590327 0.593467
156.000000 429.000000 -0.514966 0.593467
314.000000 429.000000 -0.018840 0.593467
46.000000 430.000000 -0.860370 0.596607
119.000000 431.000000 -0.631147 0.599747
132.000000 431.000000 -0.590327 0.599747
158.000000 431.000000 -0.508686 0.599747
634.000000 431.000000 0.985972 0.599747
139.000000 432.000000 -0.568347 0.602887
152.000000 432.000000 -0.527526 0.602887
135.000000 433.000000 -0.580907 0.606027
141.000000 434.000000 -0.562067 0.609167
310.000000 434.000000 -0.031400 0.609167
139.000000 435.000000 -0.568347 0.612307
147.000000 436.000000 -0.543226 0.615447
145.000000 437.000000 -0.549506 0.618587
307.000000 437.000000 -0.040820 0.618587
311.000000 437.000000 -0.028260 0.618587
137.000000 438.000000 -0.574627 0.621727
560.000000 438.000000 0.753609 0.621727
588.000000 438.000000 0.841530 0.621727
21.000000 439.000000 -0.938871 0.624867
288.000000 439.000000 -0.100481 0.624867
146.000000 441.000000 -0.546366 0.631147
288.000000 442.000000 -0.100481 0.634288
310.000000 442.000000 -0.031400 0.634288
3.000000 443.000000 -0.995392 0.637428
36.000000 443.000000 -0.891771 0.637428
623.000000 444.000000 0.951431 0.640568
142.000000 445.000000 -0.558927 0.643708
305.000000 446.000000 -0.047101 0.646848
349.000000 446.000000 0.091061 0.646848
313.000000 447.000000 -0.021980 0.649988
119.000000 451.000000 -0.631147 0.662548
136.000000 451.000000 -0.577767 0.662548
342.000000 451.000000 0.069081 0.662548
580.000000 451.000000 0.816410 0.662548
308.000000 452.000000 -0.037680 0.665688
305.000000 453.000000 -0.047101 0.668828
71.000000 454.000000 -0.781869 0.671968
121.000000 454.000000 -0.624867 0.671968
430.000000 455.000000 0.345404 0.675108
615.000000 456.000000 0.926311 0.678248
3.000000 457.000000 -0.995392 0.681388
304.000000 458.000000 -0.050241 0.684528
20.000000 459.000000 -0.942011 0.687668
485.000000 459.000000 0.518106 0.687668
561.000000 460.000000 0.756749 0.690808
108.000000 461.000000 -0.665688 0.693948
140.000000 461.000000 -0.565207 0.693948
469.000000 461.000000 0.467866 0.693948
129.000000 462.000000 -0.599747 0.697088
306.000000 462.000000 -0.043961 0.697088
545.000000 462.000000 0.706508 0.697088
566.000000 462.000000 0.772449 0.697088
582.000000 463.000000 0.822690 0.700228
611.000000 464.000000 0.913751 0.703368
635.000000 464.000000 0.989112 0.703368
127.000000 465.000000 -0.606027 0.706508
283.000000 465.000000 -0.116181 0.706508
305.000000 465.000000 -0.047101 0.706508
59.000000 466.000000 -0.819550 0.709648
5.000000 467.000000 -0.989112 0.712788
69.000000 467.000000 -0.788149 0.712788
303.000000 468.000000 -0.053381 0.715928
3.000000 469.000000 -0.995392 0.719069
547.000000 469.000000 0.712788 0.719069
303.000000 470.000000 -0.053381 0.722209
5.000000 473.000000 -0.989112 0.731629
121.000000 474.000000 -0.624867 0.734769
604.000000 474.000000 0.891771 0.734769
115.000000 475.000000 -0.643708 0.737909
8.000000 476.000000 -0.979692 0.741049
302.000000 476.000000 -0.056521 0.741049
