222.000000 3.000000 -0.307724 -0.744189
3.000000 4.000000 -0.995392 -0.741049
506.000000 4.000000 0.584047 -0.741049
510.000000 4.000000 0.596607 -0.741049
617.000000 5.000000 0.932591 -0.737909
318.000000 6.000000 -0.006280 -0.734769
503.000000 6.000000 0.574627 -0.734769
511.000000 6.000000 0.599747 -0.734769
617.000000 7.000000 0.932591 -0.731629
586.000000 8.000000 0.835250 -0.728489
230.000000 9.000000 -0.282603 -0.725349
303.000000 9.000000 -0.053381 -0.725349
320.000000 9.000000 -0.000000 -0.725349
324.000000 9.000000 0.012560 -0.725349
599.000000 9.000000 0.876070 -0.725349
231.000000 11.000000 -0.279463 -0.719069
473.000000 11.000000 0.480426 -0.719069
512.000000 11.000000 0.602887 -0.719069
228.000000 12.000000 -0.288883 -0.715928
489.000000 12.000000 0.530666 -0.715928
623.000000 12.000000 0.951431 -0.715928
453.000000 13.000000 0.417625 -0.712788
495.000000 13.000000 0.549506 -0.712788
513.000000 13.000000 0.606027 -0.712788
576.000000 13.000000 0.803850 -0.712788
416.000000 15.000000 0.301444 -0.706508
230.000000 16.000000 -0.282603 -0.703368
234.000000 16.000000 -0.270043 -0.703368
475.000000 17.000000 0.486706 -0.700228
231.000000 18.000000 -0.279463 -0.697088
561.000000 18.000000 0.756749 -0.697088
395.000000 19.000000 0.235503 -0.693948
445.000000 19.000000 0.392505 -0.693948
475.000000 19.000000 0.486706 -0.693948
599.000000 19.000000 0.876070 -0.693948
622.000000 19.000000 0.948291 -0.693948
232.000000 20.000000 -0.276323 -0.690808
479.000000 20.000000 0.499266 -0.690808
507.000000 20.000000 0.587187 -0.690808
562.000000 20.000000 0.759889 -0.690808
628.000000 20.000000 0.967131 -0.690808
590.000000 21.000000 0.847810 -0.687668
233.000000 22.000000 -0.273183 -0.684528
481.000000 22.000000 0.505546 -0.684528
485.000000 22.000000 0.518106 -0.684528
503.000000 22.000000 0.574627 -0.684528
556.000000 22.000000 0.741049 -0.684528
614.000000 22.000000 0.923171 -0.684528
453.000000 23.000000 0.417625 -0.681388
628.000000 23.000000 0.967131 -0.681388
234.000000 24.000000 -0.270043 -0.678248
477.000000 24.000000 0.492986 -0.678248
561.000000 24.000000 0.756749 -0.678248
442.000000 26.000000 0.383085 -0.671968
556.000000 27.000000 0.741049 -0.668828
566.000000 28.000000 0.772449 -0.665688
323.000000 29.000000 0.009420 -0.662548
411.000000 29.000000 0.285743 -0.662548
599.000000 29.000000 0.876070 -0.662548
456.000000 30.000000 0.427045 -0.659408
529.000000 30.000000 0.656268 -0.659408
558.000000 30.000000 0.747329 -0.659408
242.000000 31.000000 -0.244923 -0.656268
560.000000 31.000000 0.753609 -0.656268
562.000000 31.000000 0.759889 -0.656268
230.000000 32.000000 -0.282603 -0.653128
518.000000 32.000000 0.621727 -0.653128
520.000000 32.000000 0.628007 -0.653128
526.000000 32.000000 0.646848 -0.653128
564.000000 32.000000 0.766169 -0.653128
558.000000 33.000000 0.747329 -0.649988
242.000000 34.000000 -0.244923 -0.646848
521.000000 34.000000 0.631147 -0.646848
566.000000 34.000000 0.772449 -0.646848
587.000000 34.000000 0.838390 -0.646848
231.000000 35.000000 -0.279463 -0.643708
485.000000 35.000000 0.518106 -0.643708
558.000000 35.000000 0.747329 -0.643708
351.000000 36.000000 0.097341 -0.640568
430.000000 36.000000 0.345404 -0.640568
622.000000 36.000000 0.948291 -0.640568
525.000000 37.000000 0.643708 -0.637428
560.000000 37.000000 0.753609 -0.637428
232.000000 38.000000 -0.276323 -0.634288
512.000000 38.000000 0.602887 -0.634288
245.000000 39.000000 -0.235503 -0.631147
524.000000 39.000000 0.640568 -0.631147
526.000000 39.000000 0.646848 -0.631147
576.000000 39.000000 0.803850 -0.631147
243.000000 40.000000 -0.241783 -0.628007
317.000000 40.000000 -0.009420 -0.628007
528.000000 40.000000 0.653128 -0.628007
234.000000 41.000000 -0.270043 -0.624867
343.000000 42.000000 0.072221 -0.621727
529.000000 42.000000 0.656268 -0.621727
633.000000 42.000000 0.982832 -0.621727
6.000000 43.000000 -0.985972 -0.618587
524.000000 44.000000 0.640568 -0.615447
55.000000 45.000000 -0.832110 -0.612307
503.000000 45.000000 0.574627 -0.612307
248.000000 46.000000 -0.226083 -0.609167
314.000000 47.000000 -0.018840 -0.606027
525.000000 47.000000 0.643708 -0.606027
530.000000 47.000000 0.659408 -0.606027
617.000000 47.000000 0.932591 -0.606027
247.000000 48.000000 -0.229223 -0.602887
249.000000 48.000000 -0.222943 -0.602887
524.000000 49.000000 0.640568 -0.599747
251.000000 50.000000 -0.216663 -0.596607
620.000000 51.000000 0.942011 -0.593467
485.000000 52.000000 0.518106 -0.590327
489.000000 52.000000 0.530666 -0.590327
492.000000 52.000000 0.540086 -0.590327
626.000000 52.000000 0.960851 -0.590327
252.000000 53.000000 -0.213523 -0.587187
456.000000 53.000000 0.427045 -0.587187
485.000000 54.000000 0.518106 -0.584047
491.000000 54.000000 0.536946 -0.584047
566.000000 54.000000 0.772449 -0.584047
316.000000 55.000000 -0.012560 -0.580907
489.000000 55.000000 0.530666 -0.580907
625.000000 55.000000 0.957711 -0.580907
620.000000 56.000000 0.942011 -0.577767
324.000000 57.000000 0.012560 -0.574627
491.000000 57.000000 0.536946 -0.574627
515.000000 57.000000 0.612307 -0.574627
343.000000 58.000000 0.072221 -0.571487
303.000000 59.000000 -0.053381 -0.568347
496.000000 59.000000 0.552647 -0.568347
636.000000 59.000000 0.992252 -0.568347
245.000000 61.000000 -0.235503 -0.562067
481.000000 61.000000 0.505546 -0.562067
487.000000 61.000000 0.524386 -0.562067
569.000000 61.000000 0.781869 -0.562067
627.000000 61.000000 0.963991 -0.562067
490.000000 62.000000 0.533806 -0.558927
624.000000 62.000000 0.954571 -0.558927
246.000000 63.000000 -0.232363 -0.555787
279.000000 63.000000 -0.128742 -0.555787
566.000000 63.000000 0.772449 -0.555787
477.000000 64.000000 0.492986 -0.552647
578.000000 64.000000 0.810130 -0.552647
260.000000 66.000000 -0.188402 -0.546366
273.000000 66.000000 -0.147582 -0.546366
605.000000 66.000000 0.894911 -0.546366
255.000000 67.000000 -0.204102 -0.543226
327.000000 67.000000 0.021980 -0.543226
579.000000 67.000000 0.813270 -0.543226
581.000000 67.000000 0.819550 -0.543226
617.000000 67.000000 0.932591 -0.543226
272.000000 68.000000 -0.150722 -0.540086
489.000000 68.000000 0.530666 -0.540086
528.000000 68.000000 0.653128 -0.540086
635.000000 68.000000 0.989112 -0.540086
23.000000 69.000000 -0.932591 -0.536946
256.000000 69.000000 -0.200962 -0.536946
260.000000 69.000000 -0.188402 -0.536946
344.000000 69.000000 0.075361 -0.536946
572.000000 69.000000 0.791289 -0.536946
568.000000 70.000000 0.778729 -0.533806
259.000000 71.000000 -0.191542 -0.530666
529.000000 71.000000 0.656268 -0.530666
635.000000 71.000000 0.989112 -0.530666
251.000000 73.000000 -0.216663 -0.524386
259.000000 74.000000 -0.191542 -0.521246
534.000000 74.000000 0.671968 -0.521246
570.000000 74.000000 0.785009 -0.521246
620.000000 74.000000 0.942011 -0.521246
530.000000 75.000000 0.659408 -0.518106
549.000000 75.000000 0.719069 -0.518106
540.000000 76.000000 0.690808 -0.514966
347.000000 77.000000 0.084781 -0.511826
393.000000 77.000000 0.229223 -0.511826
512.000000 77.000000 0.602887 -0.511826
535.000000 78.000000 0.675108 -0.508686
244.000000 79.000000 -0.238643 -0.505546
323.000000 79.000000 0.009420 -0.505546
331.000000 80.000000 0.034540 -0.502406
493.000000 81.000000 0.543226 -0.499266
496.000000 81.000000 0.552647 -0.499266
540.000000 81.000000 0.690808 -0.499266
551.000000 81.000000 0.725349 -0.499266
532.000000 82.000000 0.665688 -0.496126
311.000000 83.000000 -0.028260 -0.492986
499.000000 83.000000 0.562067 -0.492986
534.000000 84.000000 0.671968 -0.489846
562.000000 84.000000 0.759889 -0.489846
357.000000 85.000000 0.116181 -0.486706
502.000000 86.000000 0.571487 -0.483566
635.000000 86.000000 0.989112 -0.483566
250.000000 88.000000 -0.219803 -0.477286
631.000000 88.000000 0.976552 -0.477286
328.000000 89.000000 0.025120 -0.474146
430.000000 89.000000 0.345404 -0.474146
521.000000 89.000000 0.631147 -0.474146
251.000000 90.000000 -0.216663 -0.471006
499.000000 90.000000 0.562067 -0.471006
501.000000 90.000000 0.568347 -0.471006
445.000000 91.000000 0.392505 -0.467866
497.000000 91.000000 0.555787 -0.467866
597.000000 91.000000 0.869790 -0.467866
610.000000 91.000000 0.910611 -0.467866
629.000000 91.000000 0.970271 -0.467866
501.000000 92.000000 0.568347 -0.464725
553.000000 92.000000 0.731629 -0.464725
561.000000 92.000000 0.756749 -0.464725
571.000000 92.000000 0.788149 -0.464725
584.000000 92.000000 0.828970 -0.464725
325.000000 93.000000 0.015700 -0.461585
398.000000 93.000000 0.244923 -0.461585
504.000000 93.000000 0.577767 -0.461585
636.000000 93.000000 0.992252 -0.461585
265.000000 94.000000 -0.172702 -0.458445
378.000000 94.000000 0.182122 -0.458445
553.000000 94.000000 0.731629 -0.458445
263.000000 95.000000 -0.178982 -0.455305
283.000000 95.000000 -0.116181 -0.455305
565.000000 95.000000 0.769309 -0.455305
497.000000 96.000000 0.555787 -0.452165
504.000000 96.000000 0.577767 -0.452165
500.000000 97.000000 0.565207 -0.449025
256.000000 98.000000 -0.200962 -0.445885
266.000000 98.000000 -0.169562 -0.445885
539.000000 98.000000 0.687668 -0.445885
617.000000 98.000000 0.932591 -0.445885
337.000000 100.000000 0.053381 -0.439605
630.000000 101.000000 0.973412 -0.436465
615.000000 103.000000 0.926311 -0.430185
268.000000 107.000000 -0.163282 -0.417625
285.000000 107.000000 -0.109901 -0.417625
331.000000 107.000000 0.034540 -0.417625
339.000000 107.000000 0.059661 -0.417625
472.000000 108.000000 0.477286 -0.414485
572.000000 108.000000 0.791289 -0.414485
306.000000 109.000000 -0.043961 -0.411345
363.000000 109.000000 0.135022 -0.411345
490.000000 109.000000 0.533806 -0.411345
609.000000 109.000000 0.907471 -0.411345
632.000000 109.000000 0.979692 -0.411345
636.000000 109.000000 0.992252 -0.411345
341.000000 113.000000 0.065941 -0.398785
476.000000 115.000000 0.489846 -0.392505
555.000000 115.000000 0.737909 -0.392505
561.000000 115.000000 0.756749 -0.392505
558.000000 116.000000 0.747329 -0.389365
617.000000 118.000000 0.932591 -0.383085
272.000000 119.000000 -0.150722 -0.379945
471.000000 119.000000 0.474146 -0.379945
513.000000 120.000000 0.606027 -0.376804
593.000000 120.000000 0.857230 -0.376804
270.000000 121.000000 -0.157002 -0.373664
292.000000 121.000000 -0.087921 -0.373664
588.000000 121.000000 0.841530 -0.373664
257.000000 122.000000 -0.197822 -0.370524
274.000000 123.000000 -0.144442 -0.367384
424.000000 123.000000 0.326564 -0.367384
631.000000 123.000000 0.976552 -0.367384
377.000000 124.000000 0.178982 -0.364244
606.000000 124.000000 0.898051 -0.364244
572.000000 125.000000 0.791289 -0.361104
261.000000 126.000000 -0.185262 -0.357964
275.000000 127.000000 -0.141302 -0.354824
275.000000 129.000000 -0.141302 -0.348544
512.000000 129.000000 0.602887 -0.348544
610.000000 129.000000 0.910611 -0.348544
264.000000 130.000000 -0.175842 -0.345404
342.000000 130.000000 0.069081 -0.345404
399.000000 131.000000 0.248063 -0.342264
280.000000 134.000000 -0.125601 -0.332844
380.000000 134.000000 0.188402 -0.332844
342.000000 135.000000 0.069081 -0.329704
278.000000 136.000000 -0.131882 -0.326564
343.000000 137.000000 0.072221 -0.323424
354.000000 137.000000 0.106761 -0.323424
636.000000 137.000000 0.992252 -0.323424
332.000000 138.000000 0.037680 -0.320284
601.000000 138.000000 0.882350 -0.320284
337.000000 139.000000 0.053381 -0.317144
604.000000 139.000000 0.891771 -0.317144
617.000000 139.000000 0.932591 -0.317144
619.000000 139.000000 0.938871 -0.317144
597.000000 140.000000 0.869790 -0.314004
411.000000 141.000000 0.285743 -0.310864
469.000000 141.000000 0.467866 -0.310864
590.000000 141.000000 0.847810 -0.310864
623.000000 141.000000 0.951431 -0.310864
344.000000 142.000000 0.075361 -0.307724
604.000000 142.000000 0.891771 -0.307724
619.000000 142.000000 0.938871 -0.307724
279.000000 143.000000 -0.128742 -0.304584
609.000000 143.000000 0.907471 -0.304584
636.000000 143.000000 0.992252 -0.304584
383.000000 144.000000 0.197822 -0.301444
619.000000 144.000000 0.938871 -0.301444
322.000000 145.000000 0.006280 -0.298304
610.000000 145.000000 0.910611 -0.298304
614.000000 145.000000 0.923171 -0.298304
632.000000 145.000000 0.979692 -0.298304
484.000000 146.000000 0.514966 -0.295163
535.000000 146.000000 0.675108 -0.295163
562.000000 146.000000 0.759889 -0.295163
628.000000 146.000000 0.967131 -0.295163
351.000000 147.000000 0.097341 -0.292023
346.000000 148.000000 0.081641 -0.288883
552.000000 148.000000 0.728489 -0.288883
567.000000 148.000000 0.775589 -0.288883
605.000000 148.000000 0.894911 -0.288883
627.000000 148.000000 0.963991 -0.288883
281.000000 149.000000 -0.122461 -0.285743
609.000000 149.000000 0.907471 -0.285743
419.000000 150.000000 0.310864 -0.282603
507.000000 150.000000 0.587187 -0.282603
580.000000 150.000000 0.816410 -0.282603
593.000000 150.000000 0.857230 -0.282603
598.000000 150.000000 0.872930 -0.282603
615.000000 150.000000 0.926311 -0.282603
314.000000 151.000000 -0.018840 -0.279463
591.000000 151.000000 0.850950 -0.279463
595.000000 151.000000 0.863510 -0.279463
347.000000 152.000000 0.084781 -0.276323
605.000000 152.000000 0.894911 -0.276323
615.000000 152.000000 0.926311 -0.276323
631.000000 152.000000 0.976552 -0.276323
601.000000 153.000000 0.882350 -0.273183
581.000000 154.000000 0.819550 -0.270043
599.000000 154.000000 0.876070 -0.270043
609.000000 154.000000 0.907471 -0.270043
577.000000 155.000000 0.806990 -0.266903
558.000000 156.000000 0.747329 -0.263763
631.000000 156.000000 0.976552 -0.263763
349.000000 157.000000 0.091061 -0.260623
422.000000 157.000000 0.320284 -0.260623
591.000000 157.000000 0.850950 -0.260623
598.000000 157.000000 0.872930 -0.260623
284.000000 158.000000 -0.113041 -0.257483
419.000000 158.000000 0.310864 -0.257483
425.000000 158.000000 0.329704 -0.257483
544.000000 158.000000 0.703368 -0.257483
568.000000 158.000000 0.778729 -0.257483
610.000000 158.000000 0.910611 -0.257483
268.000000 159.000000 -0.163282 -0.254343
351.000000 159.000000 0.097341 -0.254343
565.000000 159.000000 0.769309 -0.254343
604.000000 159.000000 0.891771 -0.254343
324.000000 160.000000 0.012560 -0.251203
560.000000 160.000000 0.753609 -0.251203
583.000000 160.000000 0.825830 -0.251203
588.000000 160.000000 0.841530 -0.251203
602.000000 160.000000 0.885490 -0.251203
412.000000 161.000000 0.288883 -0.248063
613.000000 161.000000 0.920031 -0.248063
297.000000 162.000000 -0.072221 -0.244923
352.000000 162.000000 0.100481 -0.244923
406.000000 162.000000 0.270043 -0.244923
426.000000 162.000000 0.332844 -0.244923
540.000000 162.000000 0.690808 -0.244923
554.000000 162.000000 0.734769 -0.244923
577.000000 162.000000 0.806990 -0.244923
403.000000 163.000000 0.260623 -0.241783
551.000000 163.000000 0.725349 -0.241783
579.000000 163.000000 0.813270 -0.241783
297.000000 164.000000 -0.072221 -0.238643
367.000000 164.000000 0.147582 -0.238643
390.000000 164.000000 0.219803 -0.238643
549.000000 164.000000 0.719069 -0.238643
575.000000 164.000000 0.800709 -0.238643
587.000000 164.000000 0.838390 -0.238643
591.000000 164.000000 0.850950 -0.238643
610.000000 164.000000 0.910611 -0.238643
269.000000 165.000000 -0.160142 -0.235503
287.000000 165.000000 -0.103621 -0.235503
402.000000 165.000000 0.257483 -0.235503
410.000000 165.000000 0.282603 -0.235503
530.000000 165.000000 0.659408 -0.235503
536.000000 165.000000 0.678248 -0.235503
614.000000 165.000000 0.923171 -0.235503
623.000000 165.000000 0.951431 -0.235503
352.000000 166.000000 0.100481 -0.232363
391.000000 166.000000 0.222943 -0.232363
399.000000 166.000000 0.248063 -0.232363
423.000000 166.000000 0.323424 -0.232363
527.000000 166.000000 0.649988 -0.232363
543.000000 166.000000 0.700228 -0.232363
565.000000 166.000000 0.769309 -0.232363
583.000000 166.000000 0.825830 -0.232363
295.000000 167.000000 -0.078501 -0.229223
396.000000 167.000000 0.238643 -0.229223
407.000000 167.000000 0.273183 -0.229223
465.000000 167.000000 0.455305 -0.229223
352.000000 168.000000 0.100481 -0.226083
354.000000 168.000000 0.106761 -0.226083
411.000000 168.000000 0.285743 -0.226083
384.000000 169.000000 0.200962 -0.222943
425.000000 169.000000 0.329704 -0.222943
540.000000 169.000000 0.690808 -0.222943
542.000000 169.000000 0.697088 -0.222943
559.000000 169.000000 0.750469 -0.222943
574.000000 169.000000 0.797569 -0.222943
381.000000 170.000000 0.191542 -0.219803
405.000000 170.000000 0.266903 -0.219803
514.000000 170.000000 0.609167 -0.219803
607.000000 170.000000 0.901191 -0.219803
299.000000 171.000000 -0.065941 -0.216663
394.000000 171.000000 0.232363 -0.216663
433.000000 171.000000 0.354824 -0.216663
540.000000 171.000000 0.690808 -0.216663
554.000000 171.000000 0.734769 -0.216663
568.000000 171.000000 0.778729 -0.216663
375.000000 172.000000 0.172702 -0.213523
380.000000 172.000000 0.188402 -0.213523
542.000000 172.000000 0.697088 -0.213523
544.000000 172.000000 0.703368 -0.213523
549.000000 172.000000 0.719069 -0.213523
561.000000 172.000000 0.756749 -0.213523
581.000000 172.000000 0.819550 -0.213523
317.000000 173.000000 -0.009420 -0.210382
354.000000 173.000000 0.106761 -0.210382
382.000000 173.000000 0.194682 -0.210382
515.000000 173.000000 0.612307 -0.210382
546.000000 173.000000 0.709648 -0.210382
596.000000 173.000000 0.866650 -0.210382
300.000000 174.000000 -0.062801 -0.207242
304.000000 174.000000 -0.050241 -0.207242
308.000000 174.000000 -0.037680 -0.207242
313.000000 174.000000 -0.021980 -0.207242
374.000000 174.000000 0.169562 -0.207242
410.000000 174.000000 0.282603 -0.207242
593.000000 174.000000 0.857230 -0.207242
354.000000 175.000000 0.106761 -0.204102
356.000000 175.000000 0.113041 -0.204102
364.000000 175.000000 0.138162 -0.204102
395.000000 175.000000 0.235503 -0.204102
514.000000 175.000000 0.609167 -0.204102
551.000000 175.000000 0.725349 -0.204102
554.000000 175.000000 0.734769 -0.204102
310.000000 176.000000 -0.031400 -0.200962
319.000000 176.000000 -0.003140 -0.200962
359.000000 176.000000 0.122461 -0.200962
368.000000 176.000000 0.150722 -0.200962
430.000000 176.000000 0.345404 -0.200962
383.000000 177.000000 0.197822 -0.197822
617.000000 177.000000 0.932591 -0.197822
290.000000 178.000000 -0.094201 -0.194682
298.000000 178.000000 -0.069081 -0.194682
318.000000 178.000000 -0.006280 -0.194682
355.000000 178.000000 0.109901 -0.194682
396.000000 178.000000 0.238643 -0.194682
494.000000 178.000000 0.546366 -0.194682
505.000000 178.000000 0.580907 -0.194682
543.000000 178.000000 0.700228 -0.194682
303.000000 179.000000 -0.053381 -0.191542
314.000000 179.000000 -0.018840 -0.191542
316.000000 179.000000 -0.012560 -0.191542
333.000000 179.000000 0.040820 -0.191542
358.000000 179.000000 0.119321 -0.191542
501.000000 179.000000 0.568347 -0.191542
503.000000 179.000000 0.574627 -0.191542
576.000000 179.000000 0.803850 -0.191542
628.000000 179.000000 0.967131 -0.191542
392.000000 180.000000 0.226083 -0.188402
591.000000 180.000000 0.850950 -0.188402
292.000000 181.000000 -0.087921 -0.185262
297.000000 181.000000 -0.072221 -0.185262
349.000000 181.000000 0.091061 -0.185262
353.000000 181.000000 0.103621 -0.185262
361.000000 181.000000 0.128742 -0.185262
495.000000 181.000000 0.549506 -0.185262
507.000000 181.000000 0.587187 -0.185262
515.000000 181.000000 0.612307 -0.185262
520.000000 181.000000 0.628007 -0.185262
522.000000 181.000000 0.634288 -0.185262
618.000000 181.000000 0.935731 -0.185262
366.000000 182.000000 0.144442 -0.182122
384.000000 182.000000 0.200962 -0.182122
430.000000 182.000000 0.345404 -0.182122
509.000000 182.000000 0.593467 -0.182122
511.000000 182.000000 0.599747 -0.182122
517.000000 182.000000 0.618587 -0.182122
543.000000 182.000000 0.700228 -0.182122
567.000000 182.000000 0.775589 -0.182122
634.000000 182.000000 0.985972 -0.182122
303.000000 183.000000 -0.053381 -0.178982
306.000000 183.000000 -0.043961 -0.178982
381.000000 183.000000 0.191542 -0.178982
452.000000 183.000000 0.414485 -0.178982
488.000000 183.000000 0.527526 -0.178982
501.000000 183.000000 0.568347 -0.178982
553.000000 183.000000 0.731629 -0.178982
292.000000 184.000000 -0.087921 -0.175842
319.000000 184.000000 -0.003140 -0.175842
332.000000 184.000000 0.037680 -0.175842
363.000000 184.000000 0.135022 -0.175842
393.000000 184.000000 0.229223 -0.175842
413.000000 184.000000 0.292023 -0.175842
432.000000 184.000000 0.351684 -0.175842
522.000000 184.000000 0.634288 -0.175842
560.000000 184.000000 0.753609 -0.175842
612.000000 184.000000 0.916891 -0.175842
629.000000 184.000000 0.970271 -0.175842
301.000000 185.000000 -0.059661 -0.172702
344.000000 185.000000 0.075361 -0.172702
374.000000 185.000000 0.169562 -0.172702
384.000000 185.000000 0.200962 -0.172702
430.000000 185.000000 0.345404 -0.172702
454.000000 185.000000 0.420765 -0.172702
480.000000 185.000000 0.502406 -0.172702
502.000000 185.000000 0.571487 -0.172702
508.000000 185.000000 0.590327 -0.172702
321.000000 186.000000 0.003140 -0.169562
342.000000 186.000000 0.069081 -0.169562
362.000000 186.000000 0.131882 -0.169562
372.000000 186.000000 0.163282 -0.169562
380.000000 186.000000 0.188402 -0.169562
443.000000 186.000000 0.386225 -0.169562
518.000000 186.000000 0.621727 -0.169562
553.000000 186.000000 0.731629 -0.169562
368.000000 187.000000 0.150722 -0.166422
377.000000 187.000000 0.178982 -0.166422
474.000000 187.000000 0.483566 -0.166422
500.000000 187.000000 0.565207 -0.166422
632.000000 187.000000 0.979692 -0.166422
634.000000 187.000000 0.985972 -0.166422
306.000000 188.000000 -0.043961 -0.163282
310.000000 188.000000 -0.031400 -0.163282
342.000000 188.000000 0.069081 -0.163282
471.000000 188.000000 0.474146 -0.163282
497.000000 188.000000 0.555787 -0.163282
594.000000 188.000000 0.860370 -0.163282
363.000000 189.000000 0.135022 -0.160142
445.000000 189.000000 0.392505 -0.160142
449.000000 189.000000 0.405065 -0.160142
456.000000 189.000000 0.427045 -0.160142
467.000000 189.000000 0.461585 -0.160142
489.000000 189.000000 0.530666 -0.160142
505.000000 189.000000 0.580907 -0.160142
613.000000 189.000000 0.920031 -0.160142
324.000000 190.000000 0.012560 -0.157002
360.000000 190.000000 0.125601 -0.157002
367.000000 190.000000 0.147582 -0.157002
383.000000 190.000000 0.197822 -0.157002
483.000000 190.000000 0.511826 -0.157002
525.000000 190.000000 0.643708 -0.157002
546.000000 190.000000 0.709648 -0.157002
595.000000 190.000000 0.863510 -0.157002
626.000000 190.000000 0.960851 -0.157002
306.000000 191.000000 -0.043961 -0.153862
309.000000 191.000000 -0.034540 -0.153862
311.000000 191.000000 -0.028260 -0.153862
356.000000 191.000000 0.113041 -0.153862
362.000000 191.000000 0.131882 -0.153862
364.000000 191.000000 0.138162 -0.153862
392.000000 191.000000 0.226083 -0.153862
432.000000 191.000000 0.351684 -0.153862
434.000000 191.000000 0.357964 -0.153862
460.000000 191.000000 0.439605 -0.153862
464.000000 191.000000 0.452165 -0.153862
488.000000 191.000000 0.527526 -0.153862
500.000000 191.000000 0.565207 -0.153862
503.000000 191.000000 0.574627 -0.153862
608.000000 191.000000 0.904331 -0.153862
304.000000 192.000000 -0.050241 -0.150722
353.000000 192.000000 0.103621 -0.150722
383.000000 192.000000 0.197822 -0.150722
390.000000 192.000000 0.219803 -0.150722
479.000000 192.000000 0.499266 -0.150722
485.000000 192.000000 0.518106 -0.150722
520.000000 192.000000 0.628007 -0.150722
546.000000 192.000000 0.709648 -0.150722
585.000000 192.000000 0.832110 -0.150722
318.000000 193.000000 -0.006280 -0.147582
340.000000 193.000000 0.062801 -0.147582
359.000000 193.000000 0.122461 -0.147582
387.000000 193.000000 0.210382 -0.147582
457.000000 193.000000 0.430185 -0.147582
476.000000 193.000000 0.489846 -0.147582
496.000000 193.000000 0.552647 -0.147582
634.000000 193.000000 0.985972 -0.147582
295.000000 194.000000 -0.078501 -0.144442
334.000000 194.000000 0.043961 -0.144442
346.000000 194.000000 0.081641 -0.144442
362.000000 194.000000 0.131882 -0.144442
399.000000 194.000000 0.248063 -0.144442
470.000000 194.000000 0.471006 -0.144442
472.000000 194.000000 0.477286 -0.144442
546.000000 194.000000 0.709648 -0.144442
556.000000 194.000000 0.741049 -0.144442
577.000000 194.000000 0.806990 -0.144442
632.000000 194.000000 0.979692 -0.144442
457.000000 195.000000 0.430185 -0.141302
460.000000 195.000000 0.439605 -0.141302
581.000000 195.000000 0.819550 -0.141302
299.000000 196.000000 -0.065941 -0.138162
340.000000 196.000000 0.062801 -0.138162
372.000000 196.000000 0.163282 -0.138162
389.000000 196.000000 0.216663 -0.138162
392.000000 196.000000 0.226083 -0.138162
433.000000 196.000000 0.354824 -0.138162
466.000000 196.000000 0.458445 -0.138162
471.000000 196.000000 0.474146 -0.138162
486.000000 196.000000 0.521246 -0.138162
557.000000 196.000000 0.744189 -0.138162
588.000000 196.000000 0.841530 -0.138162
603.000000 196.000000 0.888631 -0.138162
301.000000 197.000000 -0.059661 -0.135022
318.000000 197.000000 -0.006280 -0.135022
328.000000 197.000000 0.025120 -0.135022
338.000000 197.000000 0.056521 -0.135022
345.000000 197.000000 0.078501 -0.135022
363.000000 197.000000 0.135022 -0.135022
369.000000 197.000000 0.153862 -0.135022
436.000000 197.000000 0.364244 -0.135022
469.000000 197.000000 0.467866 -0.135022
479.000000 197.000000 0.499266 -0.135022
484.000000 197.000000 0.514966 -0.135022
620.000000 197.000000 0.942011 -0.135022
290.000000 198.000000 -0.094201 -0.131882
292.000000 198.000000 -0.087921 -0.131882
334.000000 198.000000 0.043961 -0.131882
371.000000 198.000000 0.160142 -0.131882
398.000000 198.000000 0.244923 -0.131882
402.000000 198.000000 0.257483 -0.131882
459.000000 198.000000 0.436465 -0.131882
466.000000 198.000000 0.458445 -0.131882
565.000000 198.000000 0.769309 -0.131882
280.000000 199.000000 -0.125601 -0.128742
283.000000 199.000000 -0.116181 -0.128742
369.000000 199.000000 0.153862 -0.128742
473.000000 199.000000 0.480426 -0.128742
548.000000 199.000000 0.715928 -0.128742
622.000000 199.000000 0.948291 -0.128742
323.000000 200.000000 0.009420 -0.125601
327.000000 200.000000 0.021980 -0.125601
415.000000 200.000000 0.298304 -0.125601
435.000000 200.000000 0.361104 -0.125601
480.000000 200.000000 0.502406 -0.125601
508.000000 200.000000 0.590327 -0.125601
301.000000 201.000000 -0.059661 -0.122461
315.000000 201.000000 -0.015700 -0.122461
387.000000 201.000000 0.210382 -0.122461
419.000000 201.000000 0.310864 -0.122461
437.000000 201.000000 0.367384 -0.122461
505.000000 201.000000 0.580907 -0.122461
614.000000 201.000000 0.923171 -0.122461
279.000000 202.000000 -0.128742 -0.119321
310.000000 202.000000 -0.031400 -0.119321
317.000000 202.000000 -0.009420 -0.119321
320.000000 202.000000 -0.000000 -0.119321
352.000000 202.000000 0.100481 -0.119321
359.000000 202.000000 0.122461 -0.119321
460.000000 202.000000 0.439605 -0.119321
314.000000 203.000000 -0.018840 -0.116181
326.000000 203.000000 0.018840 -0.116181
355.000000 203.000000 0.109901 -0.116181
380.000000 203.000000 0.188402 -0.116181
384.000000 203.000000 0.200962 -0.116181
394.000000 203.000000 0.232363 -0.116181
428.000000 203.000000 0.339124 -0.116181
436.000000 203.000000 0.364244 -0.116181
550.000000 203.000000 0.722209 -0.116181
277.000000 204.000000 -0.135022 -0.113041
296.000000 204.000000 -0.075361 -0.113041
298.000000 204.000000 -0.069081 -0.113041
341.000000 204.000000 0.065941 -0.113041
346.000000 204.000000 0.081641 -0.113041
375.000000 204.000000 0.172702 -0.113041
425.000000 204.000000 0.329704 -0.113041
438.000000 204.000000 0.370524 -0.113041
495.000000 204.000000 0.549506 -0.113041
312.000000 205.000000 -0.025120 -0.109901
348.000000 205.000000 0.087921 -0.109901
370.000000 205.000000 0.157002 -0.109901
422.000000 205.000000 0.320284 -0.109901
462.000000 205.000000 0.445885 -0.109901
465.000000 205.000000 0.455305 -0.109901
477.000000 205.000000 0.492986 -0.109901
482.000000 205.000000 0.508686 -0.109901
546.000000 205.000000 0.709648 -0.109901
276.000000 206.000000 -0.138162 -0.106761
296.000000 206.000000 -0.075361 -0.106761
339.000000 206.000000 0.059661 -0.106761
513.000000 206.000000 0.606027 -0.106761
342.000000 207.000000 0.069081 -0.103621
360.000000 207.000000 0.125601 -0.103621
409.000000 207.000000 0.279463 -0.103621
415.000000 207.000000 0.298304 -0.103621
494.000000 207.000000 0.546366 -0.103621
551.000000 207.000000 0.725349 -0.103621
560.000000 207.000000 0.753609 -0.103621
303.000000 208.000000 -0.053381 -0.100481
308.000000 208.000000 -0.037680 -0.100481
364.000000 208.000000 0.138162 -0.100481
384.000000 208.000000 0.200962 -0.100481
412.000000 208.000000 0.288883 -0.100481
462.000000 208.000000 0.445885 -0.100481
577.000000 208.000000 0.806990 -0.100481
260.000000 209.000000 -0.188402 -0.097341
299.000000 209.000000 -0.065941 -0.097341
305.000000 209.000000 -0.047101 -0.097341
353.000000 209.000000 0.103621 -0.097341
277.000000 210.000000 -0.135022 -0.094201
303.000000 210.000000 -0.053381 -0.094201
320.000000 210.000000 -0.000000 -0.094201
333.000000 210.000000 0.040820 -0.094201
343.000000 210.000000 0.072221 -0.094201
350.000000 210.000000 0.094201 -0.094201
360.000000 210.000000 0.125601 -0.094201
385.000000 210.000000 0.204102 -0.094201
478.000000 210.000000 0.496126 -0.094201
552.000000 210.000000 0.728489 -0.094201
567.000000 210.000000 0.775589 -0.094201
270.000000 211.000000 -0.157002 -0.091061
292.000000 211.000000 -0.087921 -0.091061
391.000000 211.000000 0.222943 -0.091061
482.000000 211.000000 0.508686 -0.091061
538.000000 211.000000 0.684528 -0.091061
256.000000 212.000000 -0.200962 -0.087921
290.000000 212.000000 -0.094201 -0.087921
377.000000 212.000000 0.178982 -0.087921
438.000000 212.000000 0.370524 -0.087921
463.000000 212.000000 0.449025 -0.087921
363.000000 213.000000 0.135022 -0.084781
466.000000 213.000000 0.458445 -0.084781
468.000000 213.000000 0.464725 -0.084781
514.000000 213.000000 0.609167 -0.084781
338.000000 214.000000 0.056521 -0.081641
354.000000 214.000000 0.106761 -0.081641
360.000000 214.000000 0.125601 -0.081641
427.000000 214.000000 0.335984 -0.081641
445.000000 214.000000 0.392505 -0.081641
463.000000 214.000000 0.449025 -0.081641
267.000000 215.000000 -0.166422 -0.078501
289.000000 215.000000 -0.097341 -0.078501
300.000000 215.000000 -0.062801 -0.078501
305.000000 215.000000 -0.047101 -0.078501
332.000000 215.000000 0.037680 -0.078501
362.000000 215.000000 0.131882 -0.078501
372.000000 215.000000 0.163282 -0.078501
386.000000 215.000000 0.207242 -0.078501
503.000000 215.000000 0.574627 -0.078501
294.000000 216.000000 -0.081641 -0.075361
315.000000 216.000000 -0.015700 -0.075361
353.000000 216.000000 0.103621 -0.075361
369.000000 216.000000 0.153862 -0.075361
388.000000 216.000000 0.213523 -0.075361
506.000000 216.000000 0.584047 -0.075361
350.000000 217.000000 0.094201 -0.072221
367.000000 217.000000 0.147582 -0.072221
555.000000 217.000000 0.737909 -0.072221
258.000000 218.000000 -0.194682 -0.069081
302.000000 218.000000 -0.056521 -0.069081
328.000000 218.000000 0.025120 -0.069081
359.000000 218.000000 0.122461 -0.069081
364.000000 218.000000 0.138162 -0.069081
371.000000 218.000000 0.160142 -0.069081
400.000000 218.000000 0.251203 -0.069081
452.000000 218.000000 0.414485 -0.069081
499.000000 218.000000 0.562067 -0.069081
322.000000 219.000000 0.006280 -0.065941
330.000000 219.000000 0.031400 -0.065941
440.000000 219.000000 0.376804 -0.065941
301.000000 220.000000 -0.059661 -0.062801
316.000000 220.000000 -0.012560 -0.062801
359.000000 220.000000 0.122461 -0.062801
367.000000 220.000000 0.147582 -0.062801
394.000000 220.000000 0.232363 -0.062801
492.000000 220.000000 0.540086 -0.062801
539.000000 220.000000 0.687668 -0.062801
542.000000 220.000000 0.697088 -0.062801
345.000000 221.000000 0.078501 -0.059661
384.000000 221.000000 0.200962 -0.059661
443.000000 221.000000 0.386225 -0.059661
603.000000 221.000000 0.888631 -0.059661
607.000000 221.000000 0.901191 -0.059661
294.000000 222.000000 -0.081641 -0.056521
352.000000 222.000000 0.100481 -0.056521
362.000000 222.000000 0.131882 -0.056521
388.000000 222.000000 0.213523 -0.056521
530.000000 222.000000 0.659408 -0.056521
538.000000 222.000000 0.684528 -0.056521
297.000000 223.000000 -0.072221 -0.053381
319.000000 223.000000 -0.003140 -0.053381
390.000000 223.000000 0.219803 -0.053381
487.000000 223.000000 0.524386 -0.053381
306.000000 224.000000 -0.043961 -0.050241
345.000000 224.000000 0.078501 -0.050241
354.000000 224.000000 0.106761 -0.050241
364.000000 224.000000 0.138162 -0.050241
368.000000 224.000000 0.150722 -0.050241
522.000000 224.000000 0.634288 -0.050241
292.000000 225.000000 -0.087921 -0.047101
299.000000 225.000000 -0.065941 -0.047101
329.000000 225.000000 0.028260 -0.047101
376.000000 225.000000 0.175842 -0.047101
380.000000 225.000000 0.188402 -0.047101
389.000000 225.000000 0.216663 -0.047101
467.000000 225.000000 0.461585 -0.047101
525.000000 225.000000 0.643708 -0.047101
297.000000 226.000000 -0.072221 -0.043961
339.000000 226.000000 0.059661 -0.043961
346.000000 226.000000 0.081641 -0.043961
358.000000 226.000000 0.119321 -0.043961
411.000000 227.000000 0.285743 -0.040820
352.000000 228.000000 0.100481 -0.037680
359.000000 228.000000 0.122461 -0.037680
365.000000 228.000000 0.141302 -0.037680
403.000000 228.000000 0.260623 -0.037680
445.000000 228.000000 0.392505 -0.037680
481.000000 228.000000 0.505546 -0.037680
514.000000 228.000000 0.609167 -0.037680
516.000000 228.000000 0.615447 -0.037680
328.000000 229.000000 0.025120 -0.034540
375.000000 229.000000 0.172702 -0.034540
362.000000 230.000000 0.131882 -0.031400
365.000000 230.000000 0.141302 -0.031400
392.000000 230.000000 0.226083 -0.031400
514.000000 230.000000 0.609167 -0.031400
297.000000 231.000000 -0.072221 -0.028260
321.000000 231.000000 0.003140 -0.028260
450.000000 231.000000 0.408205 -0.028260
328.000000 232.000000 0.025120 -0.025120
569.000000 232.000000 0.781869 -0.025120
273.000000 233.000000 -0.147582 -0.021980
294.000000 233.000000 -0.081641 -0.021980
310.000000 233.000000 -0.031400 -0.021980
367.000000 233.000000 0.147582 -0.021980
448.000000 233.000000 0.401925 -0.021980
506.000000 233.000000 0.584047 -0.021980
347.000000 234.000000 0.084781 -0.018840
350.000000 234.000000 0.094201 -0.018840
355.000000 234.000000 0.109901 -0.018840
357.000000 234.000000 0.116181 -0.018840
375.000000 234.000000 0.172702 -0.018840
381.000000 234.000000 0.191542 -0.018840
469.000000 234.000000 0.467866 -0.018840
496.000000 234.000000 0.552647 -0.018840
498.000000 234.000000 0.558927 -0.018840
564.000000 234.000000 0.766169 -0.018840
314.000000 235.000000 -0.018840 -0.015700
319.000000 235.000000 -0.003140 -0.015700
447.000000 235.000000 0.398785 -0.015700
474.000000 235.000000 0.483566 -0.015700
494.000000 235.000000 0.546366 -0.015700
327.000000 236.000000 0.021980 -0.012560
392.000000 236.000000 0.226083 -0.012560
457.000000 236.000000 0.430185 -0.012560
470.000000 236.000000 0.471006 -0.012560
322.000000 237.000000 0.006280 -0.009420
427.000000 237.000000 0.335984 -0.009420
473.000000 237.000000 0.480426 -0.009420
368.000000 238.000000 0.150722 -0.006280
399.000000 238.000000 0.248063 -0.006280
275.000000 239.000000 -0.141302 -0.003140
312.000000 239.000000 -0.025120 -0.003140
320.000000 239.000000 -0.000000 -0.003140
329.000000 239.000000 0.028260 -0.003140
378.000000 239.000000 0.182122 -0.003140
474.000000 239.000000 0.483566 -0.003140
537.000000 239.000000 0.681388 -0.003140
539.000000 239.000000 0.687668 -0.003140
292.000000 240.000000 -0.087921 0.000000
322.000000 240.000000 0.006280 0.000000
368.000000 240.000000 0.150722 0.000000
374.000000 240.000000 0.169562 0.000000
312.000000 241.000000 -0.025120 0.003140
340.000000 241.000000 0.062801 0.003140
455.000000 241.000000 0.423905 0.003140
469.000000 241.000000 0.467866 0.003140
473.000000 241.000000 0.480426 0.003140
544.000000 241.000000 0.703368 0.003140
599.000000 241.000000 0.876070 0.003140
315.000000 242.000000 -0.015700 0.006280
325.000000 242.000000 0.015700 0.006280
346.000000 242.000000 0.081641 0.006280
394.000000 242.000000 0.232363 0.006280
536.000000 242.000000 0.678248 0.006280
370.000000 243.000000 0.157002 0.009420
448.000000 243.000000 0.401925 0.009420
467.000000 243.000000 0.461585 0.009420
528.000000 243.000000 0.653128 0.009420
532.000000 243.000000 0.665688 0.009420
295.000000 244.000000 -0.078501 0.012560
329.000000 244.000000 0.028260 0.012560
336.000000 244.000000 0.050241 0.012560
444.000000 244.000000 0.389365 0.012560
256.000000 245.000000 -0.200962 0.015700
292.000000 245.000000 -0.087921 0.015700
316.000000 245.000000 -0.012560 0.015700
340.000000 245.000000 0.062801 0.015700
442.000000 245.000000 0.383085 0.015700
449.000000 245.000000 0.405065 0.015700
462.000000 245.000000 0.445885 0.015700
289.000000 246.000000 -0.097341 0.018840
302.000000 246.000000 -0.056521 0.018840
324.000000 246.000000 0.012560 0.018840
360.000000 246.000000 0.125601 0.018840
387.000000 246.000000 0.210382 0.018840
525.000000 246.000000 0.643708 0.018840
584.000000 246.000000 0.828970 0.018840
258.000000 247.000000 -0.194682 0.021980
371.000000 247.000000 0.160142 0.021980
389.000000 247.000000 0.216663 0.021980
453.000000 247.000000 0.417625 0.021980
518.000000 247.000000 0.621727 0.021980
595.000000 247.000000 0.863510 0.021980
282.000000 248.000000 -0.119321 0.025120
367.000000 248.000000 0.147582 0.025120
606.000000 248.000000 0.898051 0.025120
608.000000 248.000000 0.904331 0.025120
279.000000 249.000000 -0.128742 0.028260
330.000000 249.000000 0.031400 0.028260
364.000000 249.000000 0.138162 0.028260
427.000000 249.000000 0.335984 0.028260
512.000000 249.000000 0.602887 0.028260
620.000000 249.000000 0.942011 0.028260
239.000000 250.000000 -0.254343 0.031400
253.000000 250.000000 -0.210382 0.031400
258.000000 250.000000 -0.194682 0.031400
345.000000 250.000000 0.078501 0.031400
501.000000 250.000000 0.568347 0.031400
629.000000 250.000000 0.970271 0.031400
632.000000 250.000000 0.979692 0.031400
271.000000 251.000000 -0.153862 0.034540
313.000000 251.000000 -0.021980 0.034540
325.000000 251.000000 0.015700 0.034540
339.000000 251.000000 0.059661 0.034540
358.000000 251.000000 0.119321 0.034540
364.000000 251.000000 0.138162 0.034540
369.000000 251.000000 0.153862 0.034540
381.000000 251.000000 0.191542 0.034540
421.000000 251.000000 0.317144 0.034540
241.000000 252.000000 -0.248063 0.037680
309.000000 252.000000 -0.034540 0.037680
327.000000 252.000000 0.021980 0.037680
354.000000 252.000000 0.106761 0.037680
496.000000 252.000000 0.552647 0.037680
351.000000 253.000000 0.097341 0.040820
498.000000 253.000000 0.558927 0.040820
632.000000 253.000000 0.979692 0.040820
238.000000 254.000000 -0.257483 0.043961
256.000000 254.000000 -0.200962 0.043961
266.000000 254.000000 -0.169562 0.043961
325.000000 254.000000 0.015700 0.043961
331.000000 254.000000 0.034540 0.043961
348.000000 254.000000 0.087921 0.043961
240.000000 255.000000 -0.251203 0.047101
261.000000 255.000000 -0.185262 0.047101
310.000000 255.000000 -0.031400 0.047101
344.000000 255.000000 0.075361 0.047101
346.000000 255.000000 0.081641 0.047101
484.000000 255.000000 0.514966 0.047101
622.000000 255.000000 0.948291 0.047101
242.000000 256.000000 -0.244923 0.050241
264.000000 256.000000 -0.175842 0.050241
268.000000 256.000000 -0.163282 0.050241
349.000000 256.000000 0.091061 0.050241
624.000000 256.000000 0.954571 0.050241
338.000000 257.000000 0.056521 0.053381
394.000000 257.000000 0.232363 0.053381
405.000000 257.000000 0.266903 0.053381
484.000000 257.000000 0.514966 0.053381
206.000000 258.000000 -0.357964 0.056521
311.000000 258.000000 -0.028260 0.056521
335.000000 258.000000 0.047101 0.056521
344.000000 258.000000 0.075361 0.056521
398.000000 258.000000 0.244923 0.056521
474.000000 258.000000 0.483566 0.056521
616.000000 259.000000 0.929451 0.059661
241.000000 260.000000 -0.248063 0.062801
328.000000 260.000000 0.025120 0.062801
390.000000 260.000000 0.219803 0.062801
474.000000 260.000000 0.483566 0.062801
207.000000 261.000000 -0.354824 0.065941
244.000000 261.000000 -0.238643 0.065941
251.000000 261.000000 -0.216663 0.065941
325.000000 261.000000 0.015700 0.065941
204.000000 262.000000 -0.364244 0.069081
345.000000 262.000000 0.078501 0.069081
407.000000 262.000000 0.273183 0.069081
604.000000 262.000000 0.891771 0.069081
208.000000 263.000000 -0.351684 0.072221
321.000000 263.000000 0.003140 0.072221
327.000000 264.000000 0.021980 0.075361
464.000000 264.000000 0.452165 0.075361
597.000000 264.000000 0.869790 0.075361
599.000000 264.000000 0.876070 0.075361
184.000000 265.000000 -0.427045 0.078501
189.000000 265.000000 -0.411345 0.078501
245.000000 265.000000 -0.235503 0.078501
250.000000 265.000000 -0.219803 0.078501
346.000000 265.000000 0.081641 0.078501
379.000000 265.000000 0.185262 0.078501
454.000000 265.000000 0.420765 0.078501
208.000000 266.000000 -0.351684 0.081641
234.000000 266.000000 -0.270043 0.081641
247.000000 266.000000 -0.229223 0.081641
386.000000 266.000000 0.207242 0.081641
411.000000 266.000000 0.285743 0.081641
457.000000 266.000000 0.430185 0.081641
590.000000 266.000000 0.847810 0.081641
592.000000 266.000000 0.854090 0.081641
186.000000 267.000000 -0.420765 0.084781
231.000000 267.000000 -0.279463 0.084781
238.000000 267.000000 -0.257483 0.084781
245.000000 267.000000 -0.235503 0.084781
350.000000 267.000000 0.094201 0.084781
229.000000 268.000000 -0.285743 0.087921
250.000000 268.000000 -0.219803 0.087921
401.000000 268.000000 0.254343 0.087921
448.000000 268.000000 0.401925 0.087921
583.000000 268.000000 0.825830 0.087921
585.000000 268.000000 0.832110 0.087921
227.000000 269.000000 -0.292023 0.091061
234.000000 269.000000 -0.270043 0.091061
378.000000 269.000000 0.182122 0.091061
383.000000 269.000000 0.197822 0.091061
186.000000 270.000000 -0.420765 0.094201
222.000000 270.000000 -0.307724 0.094201
332.000000 270.000000 0.037680 0.094201
416.000000 270.000000 0.301444 0.094201
578.000000 270.000000 0.810130 0.094201
399.000000 271.000000 0.248063 0.097341
422.000000 271.000000 0.320284 0.097341
436.000000 271.000000 0.364244 0.097341
190.000000 272.000000 -0.408205 0.100481
227.000000 272.000000 -0.292023 0.100481
369.000000 272.000000 0.153862 0.100481
188.000000 273.000000 -0.414485 0.103621
225.000000 273.000000 -0.298304 0.103621
340.000000 273.000000 0.062801 0.103621
349.000000 273.000000 0.091061 0.103621
367.000000 273.000000 0.147582 0.103621
404.000000 273.000000 0.263763 0.103621
425.000000 273.000000 0.329704 0.103621
567.000000 273.000000 0.775589 0.103621
311.000000 274.000000 -0.028260 0.106761
371.000000 274.000000 0.160142 0.106761
376.000000 274.000000 0.175842 0.106761
379.000000 274.000000 0.185262 0.106761
336.000000 275.000000 0.050241 0.109901
367.000000 275.000000 0.147582 0.109901
374.000000 275.000000 0.169562 0.109901
415.000000 275.000000 0.298304 0.109901
426.000000 275.000000 0.332844 0.109901
558.000000 275.000000 0.747329 0.109901
560.000000 275.000000 0.753609 0.109901
190.000000 276.000000 -0.408205 0.113041
313.000000 276.000000 -0.021980 0.113041
324.000000 276.000000 0.012560 0.113041
330.000000 276.000000 0.031400 0.113041
363.000000 276.000000 0.135022 0.113041
404.000000 276.000000 0.263763 0.113041
211.000000 277.000000 -0.342264 0.116181
361.000000 277.000000 0.128742 0.116181
427.000000 277.000000 0.335984 0.116181
551.000000 277.000000 0.725349 0.116181
553.000000 277.000000 0.731629 0.116181
252.000000 278.000000 -0.213523 0.119321
325.000000 278.000000 0.015700 0.119321
363.000000 278.000000 0.135022 0.119321
167.000000 279.000000 -0.480426 0.122461
189.000000 279.000000 -0.411345 0.122461
313.000000 279.000000 -0.021980 0.122461
360.000000 279.000000 0.125601 0.122461
365.000000 279.000000 0.141302 0.122461
544.000000 279.000000 0.703368 0.122461
390.000000 280.000000 0.219803 0.125601
433.000000 280.000000 0.354824 0.125601
185.000000 281.000000 -0.423905 0.128742
537.000000 281.000000 0.681388 0.128742
163.000000 282.000000 -0.492986 0.131882
193.000000 282.000000 -0.398785 0.131882
202.000000 282.000000 -0.370524 0.131882
315.000000 282.000000 -0.015700 0.131882
335.000000 282.000000 0.047101 0.131882
534.000000 282.000000 0.671968 0.131882
165.000000 283.000000 -0.486706 0.135022
530.000000 283.000000 0.659408 0.135022
156.000000 284.000000 -0.514966 0.138162
162.000000 284.000000 -0.496126 0.138162
167.000000 284.000000 -0.480426 0.138162
188.000000 284.000000 -0.414485 0.138162
202.000000 284.000000 -0.370524 0.138162
315.000000 284.000000 -0.015700 0.138162
327.000000 284.000000 0.021980 0.138162
170.000000 285.000000 -0.471006 0.141302
196.000000 285.000000 -0.389365 0.141302
342.000000 285.000000 0.069081 0.141302
150.000000 286.000000 -0.533806 0.144442
204.000000 286.000000 -0.364244 0.144442
520.000000 286.000000 0.628007 0.144442
626.000000 286.000000 0.960851 0.144442
106.000000 287.000000 -0.671968 0.147582
159.000000 287.000000 -0.505546 0.147582
265.000000 287.000000 -0.172702 0.147582
136.000000 288.000000 -0.577767 0.150722
170.000000 288.000000 -0.471006 0.150722
190.000000 288.000000 -0.408205 0.150722
214.000000 288.000000 -0.332844 0.150722
322.000000 288.000000 0.006280 0.150722
513.000000 288.000000 0.606027 0.150722
100.000000 289.000000 -0.690808 0.153862
144.000000 289.000000 -0.552647 0.153862
152.000000 289.000000 -0.527526 0.153862
268.000000 289.000000 -0.163282 0.153862
140.000000 290.000000 -0.565207 0.157002
149.000000 290.000000 -0.536946 0.157002
317.000000 290.000000 -0.009420 0.157002
330.000000 290.000000 0.031400 0.157002
341.000000 290.000000 0.065941 0.157002
507.000000 290.000000 0.587187 0.157002
94.000000 291.000000 -0.709648 0.160142
171.000000 291.000000 -0.467866 0.160142
257.000000 291.000000 -0.197822 0.160142
143.000000 292.000000 -0.555787 0.163282
254.000000 292.000000 -0.207242 0.163282
412.000000 292.000000 0.288883 0.163282
87.000000 293.000000 -0.731629 0.166422
214.000000 293.000000 -0.332844 0.166422
274.000000 293.000000 -0.144442 0.166422
66.000000 294.000000 -0.797569 0.169562
258.000000 294.000000 -0.194682 0.169562
340.000000 294.000000 0.062801 0.169562
73.000000 295.000000 -0.775589 0.172702
113.000000 295.000000 -0.649988 0.172702
139.000000 295.000000 -0.568347 0.172702
208.000000 295.000000 -0.351684 0.172702
212.000000 295.000000 -0.339124 0.172702
322.000000 295.000000 0.006280 0.172702
326.000000 295.000000 0.018840 0.172702
71.000000 296.000000 -0.781869 0.175842
76.000000 296.000000 -0.766169 0.175842
142.000000 296.000000 -0.558927 0.175842
145.000000 296.000000 -0.549506 0.175842
155.000000 296.000000 -0.518106 0.175842
261.000000 296.000000 -0.185262 0.175842
106.000000 297.000000 -0.671968 0.178982
172.000000 297.000000 -0.464725 0.178982
317.000000 297.000000 -0.009420 0.178982
324.000000 297.000000 0.012560 0.178982
327.000000 297.000000 0.021980 0.178982
303.000000 298.000000 -0.053381 0.182122
305.000000 298.000000 -0.047101 0.182122
262.000000 299.000000 -0.182122 0.185262
326.000000 299.000000 0.018840 0.185262
62.000000 300.000000 -0.810130 0.188402
65.000000 300.000000 -0.800709 0.188402
145.000000 300.000000 -0.549506 0.188402
154.000000 300.000000 -0.521246 0.188402
173.000000 300.000000 -0.461585 0.188402
59.000000 301.000000 -0.819550 0.191542
40.000000 302.000000 -0.879210 0.194682
42.000000 302.000000 -0.872930 0.194682
57.000000 302.000000 -0.825830 0.194682
216.000000 302.000000 -0.326564 0.194682
256.000000 302.000000 -0.200962 0.194682
576.000000 302.000000 0.803850 0.194682
66.000000 303.000000 -0.797569 0.197822
153.000000 303.000000 -0.524386 0.197822
286.000000 303.000000 -0.106761 0.197822
323.000000 303.000000 0.009420 0.197822
69.000000 304.000000 -0.788149 0.200962
160.000000 304.000000 -0.502406 0.200962
175.000000 304.000000 -0.455305 0.200962
325.000000 304.000000 0.015700 0.200962
73.000000 305.000000 -0.775589 0.204102
150.000000 305.000000 -0.533806 0.204102
211.000000 305.000000 -0.342264 0.204102
253.000000 305.000000 -0.210382 0.204102
256.000000 305.000000 -0.200962 0.204102
262.000000 305.000000 -0.182122 0.204102
80.000000 306.000000 -0.753609 0.207242
148.000000 306.000000 -0.540086 0.207242
218.000000 306.000000 -0.320284 0.207242
42.000000 307.000000 -0.872930 0.210382
146.000000 307.000000 -0.546366 0.210382
326.000000 307.000000 0.018840 0.210382
59.000000 308.000000 -0.819550 0.213523
254.000000 308.000000 -0.207242 0.213523
283.000000 308.000000 -0.116181 0.213523
323.000000 308.000000 0.009420 0.213523
483.000000 308.000000 0.511826 0.213523
22.000000 309.000000 -0.935731 0.216663
257.000000 309.000000 -0.197822 0.216663
317.000000 309.000000 -0.009420 0.216663
52.000000 310.000000 -0.841530 0.219803
74.000000 310.000000 -0.772449 0.219803
137.000000 310.000000 -0.574627 0.219803
139.000000 310.000000 -0.568347 0.219803
314.000000 310.000000 -0.018840 0.219803
325.000000 310.000000 0.015700 0.219803
486.000000 310.000000 0.521246 0.219803
23.000000 311.000000 -0.932591 0.222943
32.000000 311.000000 -0.904331 0.222943
49.000000 311.000000 -0.850950 0.222943
113.000000 311.000000 -0.649988 0.222943
135.000000 311.000000 -0.580907 0.222943
177.000000 312.000000 -0.449025 0.226083
196.000000 312.000000 -0.389365 0.226083
259.000000 313.000000 -0.191542 0.229223
39.000000 314.000000 -0.882350 0.232363
75.000000 314.000000 -0.769309 0.232363
113.000000 314.000000 -0.649988 0.232363
129.000000 314.000000 -0.599747 0.232363
199.000000 314.000000 -0.379945 0.232363
314.000000 314.000000 -0.018840 0.232363
321.000000 314.000000 0.003140 0.232363
491.000000 314.000000 0.536946 0.232363
33.000000 315.000000 -0.901191 0.235503
125.000000 316.000000 -0.612307 0.238643
29.000000 317.000000 -0.913751 0.241783
78.000000 317.000000 -0.759889 0.241783
254.000000 317.000000 -0.207242 0.241783
222.000000 318.000000 -0.307724 0.244923
502.000000 318.000000 0.571487 0.244923
59.000000 319.000000 -0.819550 0.248063
461.000000 319.000000 0.442745 0.248063
465.000000 319.000000 0.455305 0.248063
505.000000 319.000000 0.580907 0.248063
35.000000 320.000000 -0.894911 0.251203
115.000000 320.000000 -0.643708 0.251203
27.000000 321.000000 -0.920031 0.254343
459.000000 321.000000 0.436465 0.254343
477.000000 321.000000 0.492986 0.254343
483.000000 321.000000 0.511826 0.254343
250.000000 322.000000 -0.219803 0.257483
486.000000 322.000000 0.521246 0.257483
488.000000 322.000000 0.527526 0.257483
496.000000 322.000000 0.552647 0.257483
59.000000 323.000000 -0.819550 0.260623
469.000000 323.000000 0.467866 0.260623
480.000000 323.000000 0.502406 0.260623
502.000000 323.000000 0.571487 0.260623
39.000000 324.000000 -0.882350 0.263763
78.000000 324.000000 -0.759889 0.263763
224.000000 324.000000 -0.301444 0.263763
467.000000 324.000000 0.461585 0.263763
509.000000 324.000000 0.593467 0.263763
511.000000 324.000000 0.599747 0.263763
517.000000 324.000000 0.618587 0.263763
523.000000 324.000000 0.637428 0.263763
36.000000 325.000000 -0.891771 0.266903
52.000000 325.000000 -0.841530 0.266903
168.000000 325.000000 -0.477286 0.266903
221.000000 325.000000 -0.310864 0.266903
454.000000 325.000000 0.420765 0.266903
499.000000 325.000000 0.562067 0.266903
530.000000 325.000000 0.659408 0.266903
536.000000 325.000000 0.678248 0.266903
543.000000 325.000000 0.700228 0.266903
55.000000 326.000000 -0.832110 0.270043
58.000000 326.000000 -0.822690 0.270043
79.000000 326.000000 -0.756749 0.270043
224.000000 326.000000 -0.301444 0.270043
487.000000 326.000000 0.524386 0.270043
514.000000 326.000000 0.609167 0.270043
516.000000 326.000000 0.615447 0.270043
541.000000 326.000000 0.693948 0.270043
61.000000 327.000000 -0.813270 0.273183
321.000000 327.000000 0.003140 0.273183
497.000000 327.000000 0.555787 0.273183
551.000000 327.000000 0.725349 0.273183
44.000000 328.000000 -0.866650 0.276323
53.000000 328.000000 -0.838390 0.276323
80.000000 328.000000 -0.753609 0.276323
323.000000 328.000000 0.009420 0.276323
525.000000 328.000000 0.643708 0.276323
64.000000 329.000000 -0.803850 0.279463
448.000000 329.000000 0.401925 0.279463
507.000000 329.000000 0.587187 0.279463
539.000000 329.000000 0.687668 0.279463
55.000000 330.000000 -0.832110 0.282603
62.000000 330.000000 -0.810130 0.282603
219.000000 330.000000 -0.317144 0.282603
324.000000 330.000000 0.012560 0.282603
452.000000 330.000000 0.414485 0.282603
502.000000 330.000000 0.571487 0.282603
41.000000 331.000000 -0.876070 0.285743
57.000000 331.000000 -0.825830 0.285743
462.000000 331.000000 0.445885 0.285743
500.000000 331.000000 0.565207 0.285743
521.000000 331.000000 0.631147 0.285743
512.000000 332.000000 0.602887 0.288883
596.000000 332.000000 0.866650 0.288883
31.000000 333.000000 -0.907471 0.292023
33.000000 333.000000 -0.901191 0.292023
223.000000 333.000000 -0.304584 0.292023
325.000000 333.000000 0.015700 0.292023
528.000000 333.000000 0.653128 0.292023
546.000000 333.000000 0.709648 0.292023
323.000000 334.000000 0.009420 0.295163
384.000000 334.000000 0.200962 0.295163
530.000000 334.000000 0.659408 0.295163
40.000000 335.000000 -0.879210 0.298304
42.000000 335.000000 -0.872930 0.298304
59.000000 335.000000 -0.819550 0.298304
320.000000 335.000000 -0.000000 0.298304
535.000000 335.000000 0.675108 0.298304
537.000000 335.000000 0.681388 0.298304
64.000000 336.000000 -0.803850 0.301444
325.000000 336.000000 0.015700 0.301444
44.000000 337.000000 -0.866650 0.304584
317.000000 337.000000 -0.009420 0.304584
21.000000 338.000000 -0.938871 0.307724
59.000000 338.000000 -0.819550 0.307724
65.000000 338.000000 -0.800709 0.307724
232.000000 338.000000 -0.276323 0.307724
538.000000 338.000000 0.684528 0.307724
544.000000 338.000000 0.703368 0.307724
12.000000 339.000000 -0.967131 0.310864
63.000000 339.000000 -0.806990 0.310864
316.000000 339.000000 -0.012560 0.310864
318.000000 339.000000 -0.006280 0.310864
10.000000 340.000000 -0.973412 0.314004
19.000000 340.000000 -0.945151 0.314004
34.000000 340.000000 -0.898051 0.314004
43.000000 340.000000 -0.869790 0.314004
66.000000 340.000000 -0.797569 0.314004
323.000000 340.000000 0.009420 0.314004
541.000000 340.000000 0.693948 0.314004
31.000000 341.000000 -0.907471 0.317144
46.000000 341.000000 -0.860370 0.317144
216.000000 341.000000 -0.326564 0.317144
42.000000 342.000000 -0.872930 0.320284
226.000000 342.000000 -0.295163 0.320284
318.000000 342.000000 -0.006280 0.320284
320.000000 342.000000 -0.000000 0.320284
325.000000 342.000000 0.015700 0.320284
536.000000 342.000000 0.678248 0.320284
27.000000 343.000000 -0.920031 0.323424
30.000000 343.000000 -0.910611 0.323424
69.000000 343.000000 -0.788149 0.323424
623.000000 343.000000 0.951431 0.323424
25.000000 344.000000 -0.926311 0.326564
57.000000 344.000000 -0.825830 0.326564
235.000000 344.000000 -0.266903 0.326564
316.000000 344.000000 -0.012560 0.326564
13.000000 345.000000 -0.963991 0.329704
31.000000 345.000000 -0.907471 0.329704
61.000000 345.000000 -0.813270 0.329704
64.000000 345.000000 -0.803850 0.329704
210.000000 345.000000 -0.345404 0.329704
227.000000 345.000000 -0.292023 0.329704
26.000000 346.000000 -0.923171 0.332844
45.000000 346.000000 -0.863510 0.332844
68.000000 346.000000 -0.791289 0.332844
305.000000 346.000000 -0.047101 0.332844
16.000000 347.000000 -0.954571 0.335984
60.000000 347.000000 -0.816410 0.335984
71.000000 347.000000 -0.781869 0.335984
227.000000 347.000000 -0.292023 0.335984
318.000000 347.000000 -0.006280 0.335984
351.000000 347.000000 0.097341 0.335984
55.000000 348.000000 -0.832110 0.339124
62.000000 348.000000 -0.810130 0.339124
69.000000 348.000000 -0.788149 0.339124
230.000000 348.000000 -0.282603 0.339124
305.000000 348.000000 -0.047101 0.339124
349.000000 348.000000 0.091061 0.339124
67.000000 349.000000 -0.794429 0.342264
226.000000 349.000000 -0.295163 0.342264
316.000000 349.000000 -0.012560 0.342264
8.000000 350.000000 -0.979692 0.345404
13.000000 350.000000 -0.963991 0.345404
71.000000 350.000000 -0.781869 0.345404
190.000000 350.000000 -0.408205 0.345404
326.000000 350.000000 0.018840 0.345404
6.000000 351.000000 -0.985972 0.348544
48.000000 351.000000 -0.854090 0.348544
176.000000 351.000000 -0.452165 0.348544
3.000000 352.000000 -0.995392 0.351684
13.000000 352.000000 -0.963991 0.351684
36.000000 352.000000 -0.891771 0.351684
48.000000 353.000000 -0.854090 0.354824
68.000000 353.000000 -0.791289 0.354824
13.000000 354.000000 -0.963991 0.357964
39.000000 354.000000 -0.882350 0.357964
46.000000 354.000000 -0.860370 0.357964
72.000000 354.000000 -0.778729 0.357964
317.000000 354.000000 -0.009420 0.357964
8.000000 355.000000 -0.979692 0.361104
65.000000 355.000000 -0.800709 0.361104
177.000000 355.000000 -0.449025 0.361104
596.000000 355.000000 0.866650 0.361104
74.000000 356.000000 -0.772449 0.364244
68.000000 357.000000 -0.791289 0.367384
315.000000 357.000000 -0.015700 0.367384
62.000000 358.000000 -0.810130 0.370524
18.000000 359.000000 -0.948291 0.373664
75.000000 359.000000 -0.769309 0.373664
316.000000 359.000000 -0.012560 0.373664
63.000000 360.000000 -0.806990 0.376804
70.000000 360.000000 -0.785009 0.376804
218.000000 360.000000 -0.320284 0.376804
307.000000 360.000000 -0.040820 0.376804
309.000000 360.000000 -0.034540 0.376804
578.000000 360.000000 0.810130 0.376804
22.000000 361.000000 -0.935731 0.379945
33.000000 361.000000 -0.901191 0.379945
91.000000 361.000000 -0.719069 0.379945
12.000000 362.000000 -0.967131 0.383085
26.000000 362.000000 -0.923171 0.383085
68.000000 362.000000 -0.791289 0.383085
309.000000 362.000000 -0.034540 0.383085
314.000000 362.000000 -0.018840 0.383085
581.000000 362.000000 0.819550 0.383085
626.000000 362.000000 0.960851 0.383085
73.000000 363.000000 -0.775589 0.386225
312.000000 363.000000 -0.025120 0.386225
358.000000 363.000000 0.119321 0.386225
578.000000 363.000000 0.810130 0.386225
343.000000 364.000000 0.072221 0.389365
11.000000 365.000000 -0.970271 0.392505
66.000000 365.000000 -0.797569 0.392505
91.000000 365.000000 -0.719069 0.392505
64.000000 366.000000 -0.803850 0.395645
72.000000 366.000000 -0.778729 0.395645
579.000000 366.000000 0.813270 0.395645
583.000000 366.000000 0.825830 0.395645
300.000000 367.000000 -0.062801 0.398785
415.000000 367.000000 0.298304 0.398785
582.000000 368.000000 0.822690 0.401925
67.000000 369.000000 -0.794429 0.405065
195.000000 369.000000 -0.392505 0.405065
215.000000 369.000000 -0.329704 0.405065
300.000000 369.000000 -0.062801 0.405065
10.000000 370.000000 -0.973412 0.408205
182.000000 370.000000 -0.433325 0.408205
78.000000 372.000000 -0.759889 0.414485
84.000000 373.000000 -0.741049 0.417625
183.000000 373.000000 -0.430185 0.417625
551.000000 373.000000 0.725349 0.417625
69.000000 374.000000 -0.788149 0.420765
79.000000 374.000000 -0.756749 0.420765
363.000000 374.000000 0.135022 0.420765
39.000000 375.000000 -0.882350 0.423905
312.000000 375.000000 -0.025120 0.423905
601.000000 375.000000 0.882350 0.423905
497.000000 376.000000 0.555787 0.427045
566.000000 378.000000 0.772449 0.433325
316.000000 379.000000 -0.012560 0.436465
564.000000 379.000000 0.766169 0.436465
48.000000 380.000000 -0.854090 0.439605
71.000000 380.000000 -0.781869 0.439605
352.000000 381.000000 0.100481 0.442745
603.000000 381.000000 0.888631 0.442745
316.000000 382.000000 -0.012560 0.445885
608.000000 382.000000 0.904331 0.445885
11.000000 383.000000 -0.970271 0.449025
200.000000 384.000000 -0.376804 0.452165
192.000000 385.000000 -0.401925 0.455305
186.000000 386.000000 -0.420765 0.458445
73.000000 387.000000 -0.775589 0.461585
82.000000 388.000000 -0.747329 0.464725
297.000000 388.000000 -0.072221 0.464725
608.000000 388.000000 0.904331 0.464725
96.000000 389.000000 -0.703368 0.467866
187.000000 389.000000 -0.417625 0.467866
312.000000 389.000000 -0.025120 0.467866
316.000000 389.000000 -0.012560 0.467866
297.000000 390.000000 -0.072221 0.471006
47.000000 393.000000 -0.857230 0.480426
297.000000 393.000000 -0.072221 0.480426
309.000000 393.000000 -0.034540 0.480426
319.000000 393.000000 -0.003140 0.480426
623.000000 393.000000 0.951431 0.480426
76.000000 394.000000 -0.766169 0.483566
355.000000 394.000000 0.109901 0.483566
314.000000 395.000000 -0.018840 0.486706
309.000000 397.000000 -0.034540 0.492986
636.000000 397.000000 0.992252 0.492986
316.000000 398.000000 -0.012560 0.496126
86.000000 399.000000 -0.734769 0.499266
103.000000 399.000000 -0.681388 0.499266
312.000000 399.000000 -0.025120 0.499266
47.000000 400.000000 -0.857230 0.502406
78.000000 400.000000 -0.759889 0.502406
562.000000 400.000000 0.759889 0.502406
579.000000 401.000000 0.813270 0.505546
597.000000 401.000000 0.869790 0.505546
21.000000 402.000000 -0.938871 0.508686
179.000000 402.000000 -0.442745 0.508686
310.000000 402.000000 -0.031400 0.508686
572.000000 402.000000 0.791289 0.508686
79.000000 403.000000 -0.756749 0.511826
56.000000 404.000000 -0.828970 0.514966
105.000000 404.000000 -0.675108 0.514966
314.000000 404.000000 -0.018840 0.514966
494.000000 404.000000 0.546366 0.514966
85.000000 405.000000 -0.737909 0.518106
507.000000 405.000000 0.587187 0.518106
108.000000 406.000000 -0.665688 0.521246
177.000000 406.000000 -0.449025 0.521246
314.000000 406.000000 -0.018840 0.521246
497.000000 406.000000 0.555787 0.521246
23.000000 407.000000 -0.932591 0.524386
312.000000 407.000000 -0.025120 0.524386
565.000000 407.000000 0.769309 0.524386
84.000000 408.000000 -0.741049 0.527526
87.000000 408.000000 -0.731629 0.527526
17.000000 409.000000 -0.951431 0.530666
635.000000 409.000000 0.989112 0.530666
542.000000 410.000000 0.697088 0.533806
13.000000 411.000000 -0.963991 0.536946
82.000000 411.000000 -0.747329 0.536946
109.000000 411.000000 -0.662548 0.536946
111.000000 411.000000 -0.656268 0.536946
496.000000 411.000000 0.552647 0.536946
574.000000 411.000000 0.797569 0.536946
87.000000 412.000000 -0.731629 0.540086
96.000000 412.000000 -0.703368 0.540086
292.000000 412.000000 -0.087921 0.540086
553.000000 412.000000 0.731629 0.540086
557.000000 412.000000 0.744189 0.540086
568.000000 412.000000 0.778729 0.540086
311.000000 413.000000 -0.028260 0.543226
402.000000 413.000000 0.257483 0.543226
13.000000 414.000000 -0.963991 0.546366
109.000000 414.000000 -0.662548 0.546366
391.000000 414.000000 0.222943 0.546366
549.000000 414.000000 0.719069 0.546366
88.000000 415.000000 -0.728489 0.549506
170.000000 415.000000 -0.471006 0.549506
15.000000 416.000000 -0.957711 0.552647
311.000000 416.000000 -0.028260 0.552647
539.000000 416.000000 0.687668 0.552647
8.000000 418.000000 -0.979692 0.558927
497.000000 418.000000 0.555787 0.558927
111.000000 419.000000 -0.656268 0.562067
85.000000 420.000000 -0.737909 0.565207
88.000000 422.000000 -0.728489 0.571487
111.000000 422.000000 -0.656268 0.571487
539.000000 422.000000 0.687668 0.571487
527.000000 423.000000 0.649988 0.574627
532.000000 423.000000 0.665688 0.574627
555.000000 423.000000 0.737909 0.574627
635.000000 423.000000 0.989112 0.574627
512.000000 424.000000 0.602887 0.577767
92.000000 425.000000 -0.715928 0.580907
552.000000 425.000000 0.728489 0.580907
86.000000 426.000000 -0.734769 0.584047
310.000000 427.000000 -0.031400 0.587187
363.000000 427.000000 0.135022 0.587187
4.000000 429.000000 -0.992252 0.593467
39.000000 429.000000 -0.882350 0.593467
96.000000 429.000000 -0.703368 0.593467
309.000000 429.000000 -0.034540 0.593467
334.000000 429.000000 0.043961 0.593467
36.000000 430.000000 -0.891771 0.596607
99.000000 430.000000 -0.693948 0.596607
305.000000 430.000000 -0.047101 0.596607
523.000000 430.000000 0.637428 0.596607
557.000000 430.000000 0.744189 0.596607
608.000000 430.000000 0.904331 0.596607
631.000000 430.000000 0.976552 0.596607
307.000000 431.000000 -0.040820 0.599747
310.000000 431.000000 -0.031400 0.599747
600.000000 432.000000 0.879210 0.602887
89.000000 433.000000 -0.725349 0.606027
154.000000 433.000000 -0.521246 0.606027
262.000000 433.000000 -0.182122 0.606027
264.000000 433.000000 -0.175842 0.606027
267.000000 433.000000 -0.166422 0.606027
96.000000 434.000000 -0.703368 0.609167
154.000000 435.000000 -0.521246 0.612307
529.000000 435.000000 0.656268 0.612307
532.000000 435.000000 0.665688 0.612307
576.000000 435.000000 0.803850 0.612307
19.000000 436.000000 -0.945151 0.615447
60.000000 436.000000 -0.816410 0.615447
534.000000 437.000000 0.671968 0.618587
527.000000 440.000000 0.649988 0.628007
531.000000 440.000000 0.662548 0.628007
150.000000 441.000000 -0.533806 0.631147
38.000000 442.000000 -0.885490 0.634288
150.000000 443.000000 -0.533806 0.637428
513.000000 443.000000 0.606027 0.637428
535.000000 443.000000 0.675108 0.637428
585.000000 444.000000 0.832110 0.640568
302.000000 445.000000 -0.056521 0.643708
525.000000 445.000000 0.643708 0.643708
94.000000 446.000000 -0.709648 0.646848
520.000000 446.000000 0.628007 0.646848
338.000000 447.000000 0.056521 0.649988
37.000000 449.000000 -0.888631 0.656268
300.000000 449.000000 -0.062801 0.656268
339.000000 449.000000 0.059661 0.656268
297.000000 450.000000 -0.072221 0.659408
302.000000 450.000000 -0.056521 0.659408
544.000000 452.000000 0.703368 0.665688
559.000000 452.000000 0.750469 0.665688
502.000000 453.000000 0.571487 0.668828
596.000000 453.000000 0.866650 0.668828
79.000000 454.000000 -0.756749 0.671968
297.000000 454.000000 -0.072221 0.671968
618.000000 454.000000 0.935731 0.671968
302.000000 455.000000 -0.056521 0.675108
507.000000 455.000000 0.587187 0.675108
411.000000 456.000000 0.285743 0.678248
496.000000 456.000000 0.552647 0.678248
138.000000 457.000000 -0.571487 0.681388
299.000000 457.000000 -0.065941 0.681388
303.000000 457.000000 -0.053381 0.681388
584.000000 458.000000 0.828970 0.684528
107.000000 459.000000 -0.668828 0.687668
109.000000 460.000000 -0.662548 0.690808
135.000000 460.000000 -0.580907 0.690808
12.000000 461.000000 -0.967131 0.693948
131.000000 461.000000 -0.593467 0.693948
307.000000 461.000000 -0.040820 0.693948
133.000000 462.000000 -0.587187 0.697088
128.000000 463.000000 -0.602887 0.700228
100.000000 464.000000 -0.690808 0.703368
507.000000 464.000000 0.587187 0.703368
106.000000 465.000000 -0.671968 0.706508
129.000000 465.000000 -0.599747 0.706508
249.000000 465.000000 -0.222943 0.706508
475.000000 465.000000 0.486706 0.706508
494.000000 465.000000 0.546366 0.706508
511.000000 465.000000 0.599747 0.706508
125.000000 466.000000 -0.612307 0.709648
120.000000 467.000000 -0.628007 0.712788
302.000000 467.000000 -0.056521 0.712788
305.000000 467.000000 -0.047101 0.712788
596.000000 467.000000 0.866650 0.712788
83.000000 468.000000 -0.744189 0.715928
138.000000 468.000000 -0.571487 0.715928
141.000000 468.000000 -0.562067 0.715928
603.000000 468.000000 0.888631 0.715928
442.000000 469.000000 0.383085 0.719069
491.000000 469.000000 0.536946 0.719069
500.000000 469.000000 0.565207 0.719069
108.000000 470.000000 -0.665688 0.722209
112.000000 470.000000 -0.653128 0.722209
118.000000 470.000000 -0.634288 0.722209
466.000000 470.000000 0.458445 0.722209
303.000000 471.000000 -0.053381 0.725349
424.000000 471.000000 0.326564 0.725349
298.000000 472.000000 -0.069081 0.728489
106.000000 473.000000 -0.671968 0.731629
512.000000 473.000000 0.602887 0.731629
118.000000 474.000000 -0.634288 0.734769
590.000000 475.000000 0.847810 0.737909
611.000000 475.000000 0.913751 0.737909
70.000000 476.000000 -0.785009 0.741049
118.000000 476.000000 -0.634288 0.741049
304.000000 476.000000 -0.050241 0.741049
449.000000 476.000000 0.405065 0.741049
