350.000000 3.000000 0.094201 -0.744189
358.000000 3.000000 0.119321 -0.744189
463.000000 3.000000 0.449025 -0.744189
493.000000 3.000000 0.543226 -0.744189
582.000000 3.000000 0.822690 -0.744189
116.000000 4.000000 -0.640568 -0.741049
514.000000 4.000000 0.609167 -0.741049
518.000000 4.000000 0.621727 -0.741049
531.000000 4.000000 0.662548 -0.741049
535.000000 4.000000 0.675108 -0.741049
566.000000 4.000000 0.772449 -0.741049
221.000000 5.000000 -0.310864 -0.737909
269.000000 5.000000 -0.160142 -0.737909
503.000000 5.000000 0.574627 -0.737909
526.000000 5.000000 0.646848 -0.737909
571.000000 5.000000 0.788149 -0.737909
592.000000 5.000000 0.854090 -0.737909
597.000000 5.000000 0.869790 -0.737909
349.000000 6.000000 0.091061 -0.734769
498.000000 6.000000 0.558927 -0.734769
582.000000 6.000000 0.822690 -0.734769
178.000000 7.000000 -0.445885 -0.731629
401.000000 7.000000 0.254343 -0.731629
416.000000 7.000000 0.301444 -0.731629
418.000000 7.000000 0.307724 -0.731629
420.000000 7.000000 0.314004 -0.731629
454.000000 7.000000 0.420765 -0.731629
501.000000 7.000000 0.568347 -0.731629
568.000000 7.000000 0.778729 -0.731629
588.000000 7.000000 0.841530 -0.731629
120.000000 8.000000 -0.628007 -0.728489
336.000000 8.000000 0.050241 -0.728489
344.000000 8.000000 0.075361 -0.728489
492.000000 8.000000 0.540086 -0.728489
532.000000 8.000000 0.665688 -0.728489
151.000000 9.000000 -0.530666 -0.725349
538.000000 9.000000 0.684528 -0.725349
555.000000 9.000000 0.737909 -0.725349
559.000000 9.000000 0.750469 -0.725349
430.000000 10.000000 0.345404 -0.722209
575.000000 10.000000 0.800709 -0.722209
585.000000 10.000000 0.832110 -0.722209
323.000000 11.000000 0.009420 -0.719069
405.000000 11.000000 0.266903 -0.719069
478.000000 11.000000 0.496126 -0.719069
561.000000 11.000000 0.756749 -0.719069
633.000000 11.000000 0.982832 -0.719069
492.000000 12.000000 0.540086 -0.715928
571.000000 12.000000 0.788149 -0.715928
586.000000 12.000000 0.835250 -0.715928
124.000000 13.000000 -0.615447 -0.712788
314.000000 13.000000 -0.018840 -0.712788
182.000000 14.000000 -0.433325 -0.709648
248.000000 14.000000 -0.226083 -0.709648
385.000000 14.000000 0.204102 -0.709648
552.000000 14.000000 0.728489 -0.709648
582.000000 14.000000 0.822690 -0.709648
569.000000 15.000000 0.781869 -0.706508
585.000000 15.000000 0.832110 -0.706508
587.000000 15.000000 0.838390 -0.706508
619.000000 15.000000 0.938871 -0.706508
301.000000 16.000000 -0.059661 -0.703368
444.000000 16.000000 0.389365 -0.703368
566.000000 16.000000 0.772449 -0.703368
257.000000 18.000000 -0.197822 -0.697088
422.000000 18.000000 0.320284 -0.697088
566.000000 18.000000 0.772449 -0.697088
156.000000 19.000000 -0.514966 -0.693948
288.000000 19.000000 -0.100481 -0.693948
369.000000 19.000000 0.153862 -0.693948
129.000000 20.000000 -0.599747 -0.690808
475.000000 20.000000 0.486706 -0.690808
557.000000 20.000000 0.744189 -0.690808
343.000000 21.000000 0.072221 -0.687668
566.000000 21.000000 0.772449 -0.687668
568.000000 21.000000 0.778729 -0.687668
576.000000 21.000000 0.803850 -0.687668
579.000000 21.000000 0.813270 -0.687668
275.000000 22.000000 -0.141302 -0.684528
279.000000 22.000000 -0.128742 -0.684528
338.000000 22.000000 0.056521 -0.684528
503.000000 22.000000 0.574627 -0.684528
511.000000 22.000000 0.599747 -0.684528
634.000000 22.000000 0.985972 -0.684528
218.000000 23.000000 -0.320284 -0.681388
629.000000 23.000000 0.970271 -0.681388
132.000000 24.000000 -0.590327 -0.678248
266.000000 24.000000 -0.169562 -0.678248
550.000000 24.000000 0.722209 -0.678248
571.000000 24.000000 0.788149 -0.678248
429.000000 25.000000 0.342264 -0.675108
442.000000 25.000000 0.383085 -0.675108
633.000000 25.000000 0.982832 -0.675108
534.000000 26.000000 0.671968 -0.671968
562.000000 26.000000 0.759889 -0.671968
253.000000 27.000000 -0.210382 -0.668828
295.000000 27.000000 -0.078501 -0.668828
359.000000 27.000000 0.122461 -0.668828
500.000000 27.000000 0.565207 -0.668828
512.000000 27.000000 0.602887 -0.668828
572.000000 27.000000 0.791289 -0.668828
633.000000 27.000000 0.982832 -0.668828
136.000000 28.000000 -0.577767 -0.665688
232.000000 28.000000 -0.276323 -0.665688
293.000000 28.000000 -0.084781 -0.665688
459.000000 28.000000 0.436465 -0.665688
189.000000 29.000000 -0.411345 -0.662548
244.000000 29.000000 -0.238643 -0.662548
527.000000 29.000000 0.649988 -0.662548
546.000000 29.000000 0.709648 -0.662548
571.000000 29.000000 0.788149 -0.662548
332.000000 30.000000 0.037680 -0.659408
414.000000 30.000000 0.295163 -0.659408
437.000000 30.000000 0.367384 -0.659408
533.000000 30.000000 0.668828 -0.659408
540.000000 30.000000 0.690808 -0.659408
556.000000 30.000000 0.741049 -0.659408
566.000000 31.000000 0.772449 -0.656268
139.000000 32.000000 -0.568347 -0.653128
231.000000 32.000000 -0.279463 -0.653128
404.000000 32.000000 0.263763 -0.653128
538.000000 32.000000 0.684528 -0.653128
528.000000 33.000000 0.653128 -0.649988
555.000000 33.000000 0.737909 -0.649988
614.000000 33.000000 0.923171 -0.649988
390.000000 34.000000 0.219803 -0.646848
543.000000 34.000000 0.700228 -0.646848
569.000000 34.000000 0.781869 -0.646848
218.000000 35.000000 -0.320284 -0.643708
381.000000 35.000000 0.191542 -0.643708
500.000000 35.000000 0.565207 -0.643708
552.000000 35.000000 0.728489 -0.643708
561.000000 35.000000 0.756749 -0.643708
566.000000 35.000000 0.772449 -0.643708
314.000000 36.000000 -0.018840 -0.640568
522.000000 36.000000 0.634288 -0.640568
558.000000 36.000000 0.747329 -0.640568
143.000000 37.000000 -0.555787 -0.637428
209.000000 37.000000 -0.348544 -0.637428
478.000000 37.000000 0.496126 -0.637428
486.000000 37.000000 0.521246 -0.637428
582.000000 37.000000 0.822690 -0.637428
628.000000 37.000000 0.967131 -0.637428
285.000000 38.000000 -0.109901 -0.634288
535.000000 38.000000 0.675108 -0.634288
555.000000 38.000000 0.737909 -0.634288
296.000000 39.000000 -0.075361 -0.631147
538.000000 39.000000 0.684528 -0.631147
542.000000 39.000000 0.697088 -0.631147
558.000000 39.000000 0.747329 -0.631147
236.000000 40.000000 -0.263763 -0.628007
527.000000 40.000000 0.649988 -0.628007
547.000000 41.000000 0.712788 -0.624867
536.000000 42.000000 0.678248 -0.621727
559.000000 42.000000 0.750469 -0.621727
584.000000 42.000000 0.828970 -0.621727
632.000000 42.000000 0.979692 -0.621727
540.000000 43.000000 0.690808 -0.618587
546.000000 43.000000 0.709648 -0.618587
554.000000 44.000000 0.734769 -0.615447
589.000000 44.000000 0.844670 -0.615447
626.000000 45.000000 0.960851 -0.612307
630.000000 45.000000 0.973412 -0.612307
290.000000 46.000000 -0.094201 -0.609167
543.000000 46.000000 0.700228 -0.609167
621.000000 46.000000 0.945151 -0.609167
151.000000 47.000000 -0.530666 -0.606027
186.000000 47.000000 -0.420765 -0.606027
286.000000 47.000000 -0.106761 -0.606027
305.000000 47.000000 -0.047101 -0.606027
531.000000 47.000000 0.662548 -0.606027
537.000000 47.000000 0.681388 -0.606027
203.000000 48.000000 -0.367384 -0.602887
288.000000 48.000000 -0.100481 -0.602887
295.000000 48.000000 -0.078501 -0.602887
553.000000 48.000000 0.731629 -0.602887
611.000000 48.000000 0.913751 -0.602887
617.000000 49.000000 0.932591 -0.599747
629.000000 49.000000 0.970271 -0.599747
542.000000 50.000000 0.697088 -0.596607
203.000000 51.000000 -0.367384 -0.593467
514.000000 51.000000 0.609167 -0.593467
155.000000 52.000000 -0.518106 -0.590327
269.000000 52.000000 -0.160142 -0.590327
526.000000 52.000000 0.646848 -0.590327
529.000000 52.000000 0.656268 -0.590327
222.000000 53.000000 -0.307724 -0.587187
261.000000 53.000000 -0.185262 -0.587187
276.000000 53.000000 -0.138162 -0.587187
487.000000 53.000000 0.524386 -0.587187
633.000000 53.000000 0.982832 -0.587187
459.000000 54.000000 0.436465 -0.584047
527.000000 54.000000 0.649988 -0.584047
626.000000 54.000000 0.960851 -0.584047
536.000000 55.000000 0.678248 -0.580907
549.000000 55.000000 0.719069 -0.580907
598.000000 55.000000 0.872930 -0.580907
158.000000 56.000000 -0.508686 -0.577767
432.000000 56.000000 0.351684 -0.577767
602.000000 56.000000 0.885490 -0.577767
611.000000 57.000000 0.913751 -0.574627
296.000000 58.000000 -0.075361 -0.571487
528.000000 58.000000 0.653128 -0.571487
534.000000 58.000000 0.671968 -0.571487
546.000000 58.000000 0.709648 -0.571487
195.000000 59.000000 -0.392505 -0.568347
207.000000 59.000000 -0.354824 -0.568347
303.000000 59.000000 -0.053381 -0.568347
506.000000 59.000000 0.584047 -0.568347
610.000000 59.000000 0.910611 -0.568347
248.000000 60.000000 -0.226083 -0.565207
323.000000 60.000000 0.009420 -0.565207
273.000000 61.000000 -0.147582 -0.562067
318.000000 61.000000 -0.006280 -0.562067
619.000000 61.000000 0.938871 -0.562067
226.000000 62.000000 -0.295163 -0.558927
314.000000 62.000000 -0.018840 -0.558927
321.000000 62.000000 0.003140 -0.558927
495.000000 62.000000 0.549506 -0.558927
625.000000 62.000000 0.957711 -0.558927
633.000000 62.000000 0.982832 -0.558927
163.000000 63.000000 -0.492986 -0.555787
234.000000 63.000000 -0.270043 -0.555787
260.000000 63.000000 -0.188402 -0.555787
267.000000 63.000000 -0.166422 -0.555787
533.000000 63.000000 0.668828 -0.555787
575.000000 63.000000 0.800709 -0.555787
543.000000 64.000000 0.700228 -0.552647
233.000000 65.000000 -0.273183 -0.549506
324.000000 66.000000 0.012560 -0.546366
595.000000 66.000000 0.863510 -0.546366
512.000000 67.000000 0.602887 -0.543226
631.000000 67.000000 0.976552 -0.543226
635.000000 67.000000 0.989112 -0.543226
288.000000 68.000000 -0.100481 -0.540086
514.000000 68.000000 0.609167 -0.540086
530.000000 68.000000 0.659408 -0.540086
305.000000 70.000000 -0.047101 -0.533806
501.000000 70.000000 0.568347 -0.533806
512.000000 70.000000 0.602887 -0.533806
525.000000 70.000000 0.643708 -0.533806
170.000000 71.000000 -0.471006 -0.530666
249.000000 71.000000 -0.222943 -0.530666
442.000000 71.000000 0.383085 -0.530666
599.000000 71.000000 0.876070 -0.530666
492.000000 72.000000 0.540086 -0.527526
617.000000 72.000000 0.932591 -0.527526
625.000000 72.000000 0.957711 -0.527526
327.000000 73.000000 0.021980 -0.524386
511.000000 73.000000 0.599747 -0.524386
621.000000 73.000000 0.945151 -0.524386
215.000000 74.000000 -0.329704 -0.521246
260.000000 74.000000 -0.188402 -0.521246
404.000000 74.000000 0.263763 -0.521246
541.000000 74.000000 0.693948 -0.521246
277.000000 75.000000 -0.135022 -0.518106
291.000000 75.000000 -0.091061 -0.518106
512.000000 75.000000 0.602887 -0.518106
630.000000 75.000000 0.973412 -0.518106
174.000000 76.000000 -0.458445 -0.514966
270.000000 76.000000 -0.157002 -0.514966
546.000000 76.000000 0.709648 -0.514966
601.000000 76.000000 0.882350 -0.514966
309.000000 77.000000 -0.034540 -0.511826
390.000000 77.000000 0.219803 -0.511826
438.000000 77.000000 0.370524 -0.511826
634.000000 77.000000 0.985972 -0.511826
258.000000 78.000000 -0.194682 -0.508686
386.000000 78.000000 0.207242 -0.508686
433.000000 78.000000 0.354824 -0.508686
498.000000 78.000000 0.558927 -0.508686
518.000000 78.000000 0.621727 -0.508686
594.000000 78.000000 0.860370 -0.508686
629.000000 78.000000 0.970271 -0.508686
176.000000 79.000000 -0.452165 -0.505546
286.000000 79.000000 -0.106761 -0.505546
429.000000 79.000000 0.342264 -0.505546
309.000000 80.000000 -0.034540 -0.502406
423.000000 80.000000 0.323424 -0.502406
367.000000 81.000000 0.147582 -0.499266
419.000000 81.000000 0.310864 -0.499266
512.000000 81.000000 0.602887 -0.499266
515.000000 81.000000 0.612307 -0.499266
179.000000 83.000000 -0.442745 -0.492986
409.000000 83.000000 0.279463 -0.492986
623.000000 83.000000 0.951431 -0.492986
231.000000 84.000000 -0.279463 -0.489846
405.000000 84.000000 0.266903 -0.489846
584.000000 84.000000 0.828970 -0.489846
596.000000 84.000000 0.866650 -0.489846
400.000000 85.000000 0.251203 -0.486706
512.000000 85.000000 0.602887 -0.486706
537.000000 85.000000 0.681388 -0.486706
587.000000 85.000000 0.838390 -0.486706
614.000000 85.000000 0.923171 -0.486706
310.000000 86.000000 -0.031400 -0.483566
396.000000 86.000000 0.238643 -0.483566
531.000000 86.000000 0.662548 -0.483566
600.000000 86.000000 0.879210 -0.483566
231.000000 87.000000 -0.279463 -0.480426
391.000000 87.000000 0.222943 -0.480426
572.000000 87.000000 0.791289 -0.480426
386.000000 88.000000 0.207242 -0.477286
519.000000 88.000000 0.624867 -0.477286
609.000000 88.000000 0.907471 -0.477286
184.000000 89.000000 -0.427045 -0.474146
378.000000 89.000000 0.182122 -0.474146
382.000000 89.000000 0.194682 -0.474146
505.000000 89.000000 0.580907 -0.474146
509.000000 89.000000 0.593467 -0.474146
523.000000 89.000000 0.637428 -0.474146
330.000000 90.000000 0.031400 -0.471006
326.000000 91.000000 0.018840 -0.467866
511.000000 92.000000 0.599747 -0.464725
187.000000 93.000000 -0.417625 -0.461585
317.000000 93.000000 -0.009420 -0.461585
363.000000 93.000000 0.135022 -0.461585
526.000000 93.000000 0.646848 -0.461585
590.000000 93.000000 0.847810 -0.461585
273.000000 94.000000 -0.147582 -0.458445
311.000000 94.000000 -0.028260 -0.458445
359.000000 94.000000 0.122461 -0.458445
542.000000 94.000000 0.697088 -0.458445
307.000000 95.000000 -0.040820 -0.455305
509.000000 95.000000 0.593467 -0.455305
531.000000 95.000000 0.662548 -0.455305
574.000000 95.000000 0.797569 -0.455305
583.000000 95.000000 0.825830 -0.455305
213.000000 96.000000 -0.335984 -0.452165
282.000000 96.000000 -0.119321 -0.452165
349.000000 96.000000 0.091061 -0.452165
513.000000 96.000000 0.606027 -0.452165
280.000000 97.000000 -0.125601 -0.449025
298.000000 97.000000 -0.069081 -0.449025
191.000000 98.000000 -0.405065 -0.445885
228.000000 98.000000 -0.288883 -0.445885
249.000000 98.000000 -0.222943 -0.445885
259.000000 98.000000 -0.191542 -0.445885
294.000000 98.000000 -0.081641 -0.445885
341.000000 98.000000 0.065941 -0.445885
510.000000 98.000000 0.596607 -0.445885
629.000000 98.000000 0.970271 -0.445885
489.000000 99.000000 0.530666 -0.442745
570.000000 99.000000 0.785009 -0.442745
598.000000 99.000000 0.872930 -0.442745
603.000000 99.000000 0.888631 -0.442745
226.000000 100.000000 -0.295163 -0.439605
260.000000 100.000000 -0.188402 -0.439605
284.000000 100.000000 -0.113041 -0.439605
331.000000 100.000000 0.034540 -0.439605
275.000000 101.000000 -0.141302 -0.436465
280.000000 101.000000 -0.125601 -0.436465
492.000000 101.000000 0.540086 -0.436465
571.000000 101.000000 0.788149 -0.436465
194.000000 102.000000 -0.395645 -0.433325
233.000000 102.000000 -0.273183 -0.433325
299.000000 102.000000 -0.065941 -0.433325
503.000000 102.000000 0.574627 -0.433325
614.000000 102.000000 0.923171 -0.433325
271.000000 103.000000 -0.153862 -0.430185
509.000000 103.000000 0.593467 -0.430185
12.000000 104.000000 -0.967131 -0.427045
246.000000 104.000000 -0.232363 -0.427045
262.000000 104.000000 -0.182122 -0.427045
503.000000 104.000000 0.574627 -0.427045
274.000000 105.000000 -0.144442 -0.423905
508.000000 105.000000 0.590327 -0.423905
625.000000 105.000000 0.957711 -0.423905
582.000000 106.000000 0.822690 -0.420765
633.000000 106.000000 0.982832 -0.420765
198.000000 107.000000 -0.383085 -0.417625
242.000000 107.000000 -0.244923 -0.417625
588.000000 107.000000 0.841530 -0.417625
600.000000 107.000000 0.879210 -0.417625
612.000000 107.000000 0.916891 -0.417625
273.000000 108.000000 -0.147582 -0.414485
502.000000 108.000000 0.571487 -0.414485
231.000000 109.000000 -0.279463 -0.411345
294.000000 109.000000 -0.081641 -0.411345
621.000000 109.000000 0.945151 -0.411345
236.000000 110.000000 -0.263763 -0.408205
239.000000 110.000000 -0.254343 -0.408205
565.000000 110.000000 0.769309 -0.408205
623.000000 110.000000 0.951431 -0.408205
234.000000 111.000000 -0.270043 -0.405065
280.000000 111.000000 -0.125601 -0.405065
285.000000 111.000000 -0.109901 -0.405065
277.000000 112.000000 -0.135022 -0.401925
573.000000 112.000000 0.794429 -0.401925
203.000000 113.000000 -0.367384 -0.398785
225.000000 113.000000 -0.298304 -0.398785
610.000000 113.000000 0.910611 -0.398785
614.000000 113.000000 0.923171 -0.398785
220.000000 114.000000 -0.314004 -0.395645
266.000000 114.000000 -0.169562 -0.395645
282.000000 114.000000 -0.119321 -0.395645
276.000000 115.000000 -0.138162 -0.392505
576.000000 115.000000 0.803850 -0.392505
205.000000 116.000000 -0.361104 -0.389365
253.000000 117.000000 -0.210382 -0.386225
588.000000 117.000000 0.841530 -0.386225
248.000000 118.000000 -0.226083 -0.383085
606.000000 118.000000 0.898051 -0.383085
633.000000 118.000000 0.982832 -0.383085
208.000000 119.000000 -0.351684 -0.379945
243.000000 119.000000 -0.241783 -0.379945
630.000000 119.000000 0.973412 -0.379945
238.000000 120.000000 -0.257483 -0.376804
209.000000 121.000000 -0.348544 -0.373664
234.000000 121.000000 -0.270043 -0.373664
583.000000 121.000000 0.825830 -0.373664
229.000000 122.000000 -0.285743 -0.370524
607.000000 122.000000 0.901191 -0.370524
224.000000 123.000000 -0.301444 -0.367384
250.000000 123.000000 -0.219803 -0.367384
220.000000 124.000000 -0.314004 -0.364244
621.000000 124.000000 0.945151 -0.364244
262.000000 125.000000 -0.182122 -0.361104
634.000000 126.000000 0.985972 -0.357964
243.000000 127.000000 -0.241783 -0.354824
500.000000 127.000000 0.565207 -0.354824
583.000000 127.000000 0.825830 -0.354824
619.000000 127.000000 0.938871 -0.354824
251.000000 128.000000 -0.216663 -0.351684
549.000000 128.000000 0.719069 -0.351684
574.000000 128.000000 0.797569 -0.351684
257.000000 129.000000 -0.197822 -0.348544
300.000000 129.000000 -0.062801 -0.348544
546.000000 129.000000 0.709648 -0.348544
587.000000 129.000000 0.838390 -0.348544
234.000000 130.000000 -0.270043 -0.345404
379.000000 130.000000 0.185262 -0.345404
616.000000 130.000000 0.929451 -0.345404
281.000000 131.000000 -0.122461 -0.342264
591.000000 131.000000 0.850950 -0.342264
297.000000 132.000000 -0.072221 -0.339124
350.000000 132.000000 0.094201 -0.339124
381.000000 132.000000 0.191542 -0.339124
244.000000 134.000000 -0.238643 -0.332844
614.000000 134.000000 0.923171 -0.332844
215.000000 135.000000 -0.329704 -0.329704
360.000000 135.000000 0.125601 -0.329704
297.000000 136.000000 -0.072221 -0.326564
592.000000 136.000000 0.854090 -0.326564
234.000000 138.000000 -0.270043 -0.320284
246.000000 138.000000 -0.232363 -0.320284
366.000000 138.000000 0.144442 -0.320284
571.000000 138.000000 0.788149 -0.320284
256.000000 139.000000 -0.200962 -0.317144
272.000000 139.000000 -0.150722 -0.317144
562.000000 140.000000 0.759889 -0.314004
216.000000 141.000000 -0.326564 -0.310864
250.000000 141.000000 -0.219803 -0.310864
594.000000 141.000000 0.860370 -0.310864
299.000000 142.000000 -0.065941 -0.307724
562.000000 142.000000 0.759889 -0.307724
576.000000 143.000000 0.803850 -0.304584
293.000000 144.000000 -0.084781 -0.301444
246.000000 145.000000 -0.232363 -0.298304
588.000000 146.000000 0.841530 -0.295163
610.000000 146.000000 0.910611 -0.295163
386.000000 147.000000 0.207242 -0.292023
538.000000 147.000000 0.684528 -0.292023
247.000000 148.000000 -0.229223 -0.288883
309.000000 148.000000 -0.034540 -0.288883
14.000000 149.000000 -0.960851 -0.285743
263.000000 149.000000 -0.178982 -0.285743
586.000000 149.000000 0.835250 -0.285743
290.000000 150.000000 -0.094201 -0.282603
542.000000 150.000000 0.697088 -0.282603
594.000000 150.000000 0.860370 -0.282603
284.000000 151.000000 -0.113041 -0.279463
308.000000 151.000000 -0.037680 -0.279463
317.000000 151.000000 -0.009420 -0.279463
390.000000 151.000000 0.219803 -0.279463
497.000000 151.000000 0.555787 -0.279463
545.000000 151.000000 0.706508 -0.279463
393.000000 152.000000 0.229223 -0.276323
592.000000 152.000000 0.854090 -0.276323
615.000000 152.000000 0.926311 -0.276323
10.000000 153.000000 -0.973412 -0.273183
247.000000 153.000000 -0.229223 -0.273183
249.000000 153.000000 -0.222943 -0.273183
390.000000 153.000000 0.219803 -0.273183
244.000000 154.000000 -0.238643 -0.270043
291.000000 154.000000 -0.091061 -0.270043
353.000000 154.000000 0.103621 -0.270043
574.000000 154.000000 0.797569 -0.270043
603.000000 154.000000 0.888631 -0.270043
384.000000 155.000000 0.200962 -0.266903
598.000000 155.000000 0.872930 -0.266903
243.000000 156.000000 -0.241783 -0.263763
250.000000 156.000000 -0.219803 -0.263763
270.000000 156.000000 -0.157002 -0.263763
539.000000 156.000000 0.687668 -0.263763
272.000000 157.000000 -0.150722 -0.260623
560.000000 157.000000 0.753609 -0.260623
564.000000 157.000000 0.766169 -0.260623
629.000000 157.000000 0.970271 -0.260623
314.000000 158.000000 -0.018840 -0.257483
574.000000 158.000000 0.797569 -0.257483
379.000000 159.000000 0.185262 -0.254343
393.000000 159.000000 0.229223 -0.254343
515.000000 159.000000 0.612307 -0.254343
243.000000 160.000000 -0.241783 -0.251203
310.000000 160.000000 -0.031400 -0.251203
391.000000 160.000000 0.222943 -0.251203
396.000000 160.000000 0.238643 -0.251203
538.000000 160.000000 0.684528 -0.251203
403.000000 161.000000 0.260623 -0.248063
525.000000 161.000000 0.643708 -0.248063
311.000000 162.000000 -0.028260 -0.244923
373.000000 162.000000 0.166422 -0.244923
517.000000 162.000000 0.618587 -0.244923
252.000000 163.000000 -0.213523 -0.241783
381.000000 163.000000 0.191542 -0.241783
365.000000 164.000000 0.141302 -0.238643
391.000000 164.000000 0.222943 -0.238643
400.000000 164.000000 0.251203 -0.238643
395.000000 165.000000 0.235503 -0.235503
397.000000 165.000000 0.241783 -0.235503
588.000000 165.000000 0.841530 -0.235503
593.000000 165.000000 0.857230 -0.235503
253.000000 166.000000 -0.210382 -0.232363
319.000000 166.000000 -0.003140 -0.232363
339.000000 166.000000 0.059661 -0.232363
358.000000 166.000000 0.119321 -0.232363
565.000000 166.000000 0.769309 -0.232363
626.000000 166.000000 0.960851 -0.232363
634.000000 166.000000 0.985972 -0.232363
303.000000 167.000000 -0.053381 -0.229223
579.000000 167.000000 0.813270 -0.229223
635.000000 168.000000 0.989112 -0.226083
542.000000 169.000000 0.697088 -0.222943
622.000000 169.000000 0.948291 -0.222943
327.000000 170.000000 0.021980 -0.219803
357.000000 170.000000 0.116181 -0.219803
371.000000 170.000000 0.160142 -0.219803
629.000000 170.000000 0.970271 -0.219803
373.000000 171.000000 0.166422 -0.216663
537.000000 171.000000 0.681388 -0.216663
550.000000 171.000000 0.722209 -0.216663
631.000000 171.000000 0.976552 -0.216663
574.000000 172.000000 0.797569 -0.213523
626.000000 172.000000 0.960851 -0.213523
255.000000 173.000000 -0.204102 -0.210382
329.000000 173.000000 0.028260 -0.210382
350.000000 173.000000 0.094201 -0.210382
580.000000 173.000000 0.816410 -0.210382
591.000000 173.000000 0.850950 -0.210382
391.000000 174.000000 0.222943 -0.207242
629.000000 174.000000 0.970271 -0.207242
635.000000 174.000000 0.989112 -0.207242
369.000000 175.000000 0.153862 -0.204102
389.000000 175.000000 0.216663 -0.204102
405.000000 175.000000 0.266903 -0.204102
496.000000 175.000000 0.552647 -0.204102
551.000000 175.000000 0.725349 -0.204102
579.000000 175.000000 0.813270 -0.204102
256.000000 176.000000 -0.200962 -0.200962
605.000000 176.000000 0.894911 -0.200962
327.000000 177.000000 0.021980 -0.197822
352.000000 177.000000 0.100481 -0.197822
572.000000 177.000000 0.791289 -0.197822
629.000000 177.000000 0.970271 -0.197822
296.000000 178.000000 -0.075361 -0.194682
564.000000 178.000000 0.766169 -0.194682
598.000000 178.000000 0.872930 -0.194682
310.000000 179.000000 -0.031400 -0.191542
298.000000 180.000000 -0.069081 -0.188402
314.000000 180.000000 -0.018840 -0.188402
557.000000 180.000000 0.744189 -0.188402
574.000000 181.000000 0.797569 -0.185262
302.000000 182.000000 -0.056521 -0.182122
326.000000 182.000000 0.018840 -0.182122
393.000000 182.000000 0.229223 -0.182122
592.000000 182.000000 0.854090 -0.182122
615.000000 182.000000 0.926311 -0.182122
350.000000 183.000000 0.094201 -0.178982
354.000000 183.000000 0.106761 -0.178982
342.000000 186.000000 0.069081 -0.169562
309.000000 187.000000 -0.034540 -0.166422
313.000000 187.000000 -0.021980 -0.166422
330.000000 188.000000 0.031400 -0.163282
403.000000 188.000000 0.260623 -0.163282
553.000000 189.000000 0.731629 -0.160142
306.000000 190.000000 -0.043961 -0.157002
347.000000 190.000000 0.084781 -0.157002
332.000000 191.000000 0.037680 -0.153862
569.000000 191.000000 0.781869 -0.153862
320.000000 192.000000 -0.000000 -0.150722
347.000000 194.000000 0.084781 -0.144442
353.000000 194.000000 0.103621 -0.144442
302.000000 195.000000 -0.056521 -0.141302
345.000000 195.000000 0.078501 -0.141302
359.000000 195.000000 0.122461 -0.141302
549.000000 195.000000 0.719069 -0.141302
270.000000 196.000000 -0.157002 -0.138162
332.000000 196.000000 0.037680 -0.138162
335.000000 196.000000 0.047101 -0.138162
339.000000 196.000000 0.059661 -0.138162
397.000000 197.000000 0.241783 -0.135022
630.000000 198.000000 0.973412 -0.131882
531.000000 199.000000 0.662548 -0.128742
561.000000 199.000000 0.756749 -0.128742
301.000000 200.000000 -0.059661 -0.125601
327.000000 200.000000 0.021980 -0.125601
337.000000 200.000000 0.053381 -0.125601
368.000000 200.000000 0.150722 -0.125601
334.000000 201.000000 0.043961 -0.122461
341.000000 201.000000 0.065941 -0.122461
415.000000 201.000000 0.298304 -0.122461
632.000000 201.000000 0.979692 -0.122461
350.000000 202.000000 0.094201 -0.119321
325.000000 203.000000 0.015700 -0.116181
591.000000 203.000000 0.850950 -0.116181
625.000000 203.000000 0.957711 -0.116181
633.000000 204.000000 0.982832 -0.113041
308.000000 205.000000 -0.037680 -0.109901
331.000000 205.000000 0.034540 -0.109901
373.000000 205.000000 0.166422 -0.109901
561.000000 205.000000 0.756749 -0.109901
343.000000 206.000000 0.072221 -0.106761
370.000000 207.000000 0.157002 -0.103621
318.000000 208.000000 -0.006280 -0.100481
267.000000 209.000000 -0.166422 -0.097341
316.000000 210.000000 -0.012560 -0.094201
331.000000 210.000000 0.034540 -0.094201
404.000000 210.000000 0.263763 -0.094201
589.000000 211.000000 0.844670 -0.091061
634.000000 211.000000 0.985972 -0.091061
337.000000 212.000000 0.053381 -0.087921
561.000000 212.000000 0.756749 -0.087921
626.000000 212.000000 0.960851 -0.087921
226.000000 213.000000 -0.295163 -0.084781
483.000000 213.000000 0.511826 -0.084781
556.000000 213.000000 0.741049 -0.084781
311.000000 214.000000 -0.028260 -0.081641
327.000000 214.000000 0.021980 -0.081641
608.000000 214.000000 0.904331 -0.081641
406.000000 215.000000 0.270043 -0.078501
332.000000 216.000000 0.037680 -0.075361
567.000000 216.000000 0.775589 -0.075361
312.000000 217.000000 -0.025120 -0.072221
341.000000 217.000000 0.065941 -0.072221
387.000000 217.000000 0.210382 -0.072221
400.000000 217.000000 0.251203 -0.072221
403.000000 217.000000 0.260623 -0.072221
585.000000 217.000000 0.832110 -0.072221
381.000000 218.000000 0.191542 -0.069081
357.000000 219.000000 0.116181 -0.065941
602.000000 219.000000 0.885490 -0.065941
533.000000 220.000000 0.668828 -0.062801
547.000000 220.000000 0.712788 -0.062801
633.000000 220.000000 0.982832 -0.062801
420.000000 222.000000 0.314004 -0.056521
288.000000 223.000000 -0.100481 -0.053381
312.000000 223.000000 -0.025120 -0.053381
322.000000 223.000000 0.006280 -0.053381
336.000000 224.000000 0.050241 -0.050241
630.000000 224.000000 0.973412 -0.050241
379.000000 225.000000 0.185262 -0.047101
585.000000 225.000000 0.832110 -0.047101
612.000000 225.000000 0.916891 -0.047101
623.000000 225.000000 0.951431 -0.047101
331.000000 226.000000 0.034540 -0.043961
342.000000 226.000000 0.069081 -0.043961
294.000000 227.000000 -0.081641 -0.040820
345.000000 227.000000 0.078501 -0.040820
609.000000 227.000000 0.907471 -0.040820
383.000000 228.000000 0.197822 -0.037680
401.000000 228.000000 0.254343 -0.037680
405.000000 228.000000 0.266903 -0.037680
596.000000 228.000000 0.866650 -0.037680
313.000000 229.000000 -0.021980 -0.034540
319.000000 229.000000 -0.003140 -0.034540
322.000000 229.000000 0.006280 -0.034540
398.000000 229.000000 0.244923 -0.034540
309.000000 230.000000 -0.034540 -0.031400
409.000000 230.000000 0.279463 -0.031400
275.000000 231.000000 -0.141302 -0.028260
596.000000 231.000000 0.866650 -0.028260
618.000000 231.000000 0.935731 -0.028260
310.000000 232.000000 -0.031400 -0.025120
330.000000 232.000000 0.031400 -0.025120
332.000000 232.000000 0.037680 -0.025120
339.000000 232.000000 0.059661 -0.025120
366.000000 232.000000 0.144442 -0.025120
372.000000 232.000000 0.163282 -0.025120
380.000000 232.000000 0.188402 -0.025120
579.000000 233.000000 0.813270 -0.021980
612.000000 234.000000 0.916891 -0.018840
294.000000 236.000000 -0.081641 -0.012560
311.000000 236.000000 -0.028260 -0.012560
539.000000 237.000000 0.687668 -0.009420
570.000000 237.000000 0.785009 -0.009420
585.000000 237.000000 0.832110 -0.009420
608.000000 237.000000 0.904331 -0.009420
318.000000 238.000000 -0.006280 -0.006280
381.000000 238.000000 0.191542 -0.006280
411.000000 238.000000 0.285743 -0.006280
604.000000 238.000000 0.891771 -0.006280
556.000000 239.000000 0.741049 -0.003140
579.000000 239.000000 0.813270 -0.003140
617.000000 239.000000 0.932591 -0.003140
313.000000 240.000000 -0.021980 0.000000
384.000000 241.000000 0.200962 0.003140
538.000000 241.000000 0.684528 0.003140
332.000000 242.000000 0.037680 0.006280
533.000000 242.000000 0.668828 0.006280
578.000000 242.000000 0.810130 0.006280
74.000000 243.000000 -0.772449 0.009420
76.000000 243.000000 -0.766169 0.009420
291.000000 243.000000 -0.091061 0.009420
343.000000 243.000000 0.072221 0.009420
501.000000 243.000000 0.568347 0.009420
531.000000 243.000000 0.662548 0.009420
564.000000 244.000000 0.766169 0.012560
572.000000 244.000000 0.791289 0.012560
599.000000 244.000000 0.876070 0.012560
605.000000 244.000000 0.894911 0.012560
380.000000 245.000000 0.188402 0.015700
533.000000 246.000000 0.668828 0.018840
556.000000 246.000000 0.741049 0.018840
307.000000 247.000000 -0.040820 0.021980
493.000000 248.000000 0.543226 0.025120
600.000000 248.000000 0.879210 0.025120
307.000000 249.000000 -0.040820 0.028260
400.000000 249.000000 0.251203 0.028260
315.000000 250.000000 -0.015700 0.031400
497.000000 250.000000 0.555787 0.031400
542.000000 250.000000 0.697088 0.031400
350.000000 252.000000 0.094201 0.037680
369.000000 252.000000 0.153862 0.037680
454.000000 252.000000 0.420765 0.037680
593.000000 252.000000 0.857230 0.037680
130.000000 253.000000 -0.596607 0.040820
286.000000 253.000000 -0.106761 0.040820
411.000000 253.000000 0.285743 0.040820
490.000000 253.000000 0.533806 0.040820
322.000000 254.000000 0.006280 0.043961
364.000000 254.000000 0.138162 0.043961
382.000000 254.000000 0.194682 0.043961
420.000000 254.000000 0.314004 0.043961
573.000000 254.000000 0.794429 0.043961
586.000000 254.000000 0.835250 0.043961
369.000000 255.000000 0.153862 0.047101
413.000000 255.000000 0.292023 0.047101
431.000000 255.000000 0.348544 0.047101
479.000000 255.000000 0.499266 0.047101
306.000000 256.000000 -0.043961 0.050241
377.000000 256.000000 0.178982 0.050241
420.000000 256.000000 0.314004 0.050241
423.000000 257.000000 0.323424 0.053381
428.000000 257.000000 0.339124 0.053381
330.000000 258.000000 0.031400 0.056521
54.000000 259.000000 -0.835250 0.059661
312.000000 259.000000 -0.025120 0.059661
337.000000 259.000000 0.053381 0.059661
341.000000 259.000000 0.065941 0.059661
375.000000 259.000000 0.172702 0.059661
396.000000 259.000000 0.238643 0.059661
458.000000 259.000000 0.433325 0.059661
589.000000 259.000000 0.844670 0.059661
431.000000 260.000000 0.348544 0.062801
497.000000 260.000000 0.555787 0.062801
562.000000 260.000000 0.759889 0.062801
320.000000 261.000000 -0.000000 0.065941
346.000000 261.000000 0.081641 0.065941
323.000000 262.000000 0.009420 0.069081
594.000000 262.000000 0.860370 0.069081
602.000000 262.000000 0.885490 0.069081
380.000000 263.000000 0.188402 0.072221
394.000000 263.000000 0.232363 0.072221
396.000000 263.000000 0.238643 0.072221
506.000000 263.000000 0.584047 0.072221
545.000000 263.000000 0.706508 0.072221
325.000000 264.000000 0.015700 0.075361
333.000000 264.000000 0.040820 0.075361
349.000000 264.000000 0.091061 0.075361
390.000000 264.000000 0.219803 0.075361
402.000000 264.000000 0.257483 0.075361
429.000000 264.000000 0.342264 0.075361
432.000000 264.000000 0.351684 0.075361
501.000000 264.000000 0.568347 0.075361
371.000000 265.000000 0.160142 0.078501
384.000000 265.000000 0.200962 0.078501
406.000000 265.000000 0.270043 0.078501
536.000000 265.000000 0.678248 0.078501
548.000000 265.000000 0.715928 0.078501
342.000000 266.000000 0.069081 0.081641
393.000000 266.000000 0.229223 0.081641
430.000000 266.000000 0.345404 0.081641
439.000000 266.000000 0.373664 0.081641
490.000000 266.000000 0.533806 0.081641
519.000000 266.000000 0.624867 0.081641
368.000000 267.000000 0.150722 0.084781
375.000000 267.000000 0.172702 0.084781
382.000000 267.000000 0.194682 0.084781
384.000000 267.000000 0.200962 0.084781
387.000000 267.000000 0.210382 0.084781
414.000000 267.000000 0.295163 0.084781
423.000000 267.000000 0.323424 0.084781
515.000000 267.000000 0.612307 0.084781
546.000000 267.000000 0.709648 0.084781
599.000000 267.000000 0.876070 0.084781
345.000000 268.000000 0.078501 0.087921
356.000000 268.000000 0.113041 0.087921
370.000000 268.000000 0.157002 0.087921
391.000000 268.000000 0.222943 0.087921
408.000000 268.000000 0.276323 0.087921
420.000000 268.000000 0.314004 0.087921
479.000000 268.000000 0.499266 0.087921
328.000000 269.000000 0.025120 0.091061
364.000000 269.000000 0.138162 0.091061
377.000000 269.000000 0.178982 0.091061
404.000000 269.000000 0.263763 0.091061
474.000000 269.000000 0.483566 0.091061
486.000000 269.000000 0.521246 0.091061
510.000000 269.000000 0.596607 0.091061
537.000000 269.000000 0.681388 0.091061
610.000000 269.000000 0.910611 0.091061
350.000000 270.000000 0.094201 0.094201
353.000000 270.000000 0.103621 0.094201
355.000000 270.000000 0.109901 0.094201
414.000000 270.000000 0.295163 0.094201
423.000000 270.000000 0.323424 0.094201
433.000000 270.000000 0.354824 0.094201
469.000000 270.000000 0.467866 0.094201
532.000000 270.000000 0.665688 0.094201
553.000000 270.000000 0.731629 0.094201
348.000000 271.000000 0.087921 0.097341
369.000000 271.000000 0.153862 0.097341
444.000000 271.000000 0.389365 0.097341
495.000000 271.000000 0.549506 0.097341
309.000000 272.000000 -0.034540 0.100481
342.000000 272.000000 0.069081 0.100481
350.000000 272.000000 0.094201 0.100481
355.000000 272.000000 0.109901 0.100481
394.000000 272.000000 0.232363 0.100481
399.000000 272.000000 0.248063 0.100481
458.000000 272.000000 0.433325 0.100481
490.000000 272.000000 0.533806 0.100481
326.000000 273.000000 0.018840 0.103621
336.000000 273.000000 0.050241 0.103621
359.000000 273.000000 0.122461 0.103621
364.000000 273.000000 0.138162 0.103621
366.000000 273.000000 0.144442 0.103621
374.000000 273.000000 0.169562 0.103621
404.000000 273.000000 0.263763 0.103621
434.000000 273.000000 0.357964 0.103621
452.000000 273.000000 0.414485 0.103621
70.000000 274.000000 -0.785009 0.106761
362.000000 274.000000 0.131882 0.106761
381.000000 274.000000 0.191542 0.106761
409.000000 274.000000 0.279463 0.106761
448.000000 274.000000 0.401925 0.106761
34.000000 275.000000 -0.898051 0.109901
333.000000 275.000000 0.040820 0.109901
370.000000 275.000000 0.157002 0.109901
376.000000 275.000000 0.175842 0.109901
391.000000 275.000000 0.222943 0.109901
406.000000 275.000000 0.270043 0.109901
415.000000 275.000000 0.298304 0.109901
434.000000 275.000000 0.357964 0.109901
442.000000 275.000000 0.383085 0.109901
474.000000 275.000000 0.483566 0.109901
489.000000 275.000000 0.530666 0.109901
302.000000 276.000000 -0.056521 0.113041
321.000000 276.000000 0.003140 0.113041
348.000000 276.000000 0.087921 0.113041
387.000000 276.000000 0.210382 0.113041
389.000000 276.000000 0.216663 0.113041
401.000000 276.000000 0.254343 0.113041
408.000000 276.000000 0.276323 0.113041
420.000000 276.000000 0.314004 0.113041
422.000000 276.000000 0.320284 0.113041
483.000000 276.000000 0.511826 0.113041
620.000000 276.000000 0.942011 0.113041
363.000000 277.000000 0.135022 0.116181
367.000000 277.000000 0.147582 0.116181
373.000000 277.000000 0.166422 0.116181
381.000000 277.000000 0.191542 0.116181
394.000000 277.000000 0.232363 0.116181
413.000000 277.000000 0.292023 0.116181
418.000000 277.000000 0.307724 0.116181
428.000000 277.000000 0.339124 0.116181
441.000000 277.000000 0.379945 0.116181
452.000000 277.000000 0.414485 0.116181
454.000000 277.000000 0.420765 0.116181
470.000000 277.000000 0.471006 0.116181
487.000000 277.000000 0.524386 0.116181
623.000000 277.000000 0.951431 0.116181
330.000000 278.000000 0.031400 0.119321
376.000000 278.000000 0.175842 0.119321
388.000000 278.000000 0.213523 0.119321
396.000000 278.000000 0.238643 0.119321
401.000000 278.000000 0.254343 0.119321
404.000000 278.000000 0.263763 0.119321
416.000000 278.000000 0.301444 0.119321
422.000000 278.000000 0.320284 0.119321
449.000000 278.000000 0.405065 0.119321
480.000000 278.000000 0.502406 0.119321
489.000000 278.000000 0.530666 0.119321
591.000000 278.000000 0.850950 0.119321
300.000000 279.000000 -0.062801 0.122461
303.000000 279.000000 -0.053381 0.122461
327.000000 279.000000 0.021980 0.122461
385.000000 279.000000 0.204102 0.122461
418.000000 279.000000 0.307724 0.122461
435.000000 279.000000 0.361104 0.122461
482.000000 279.000000 0.508686 0.122461
527.000000 279.000000 0.649988 0.122461
361.000000 280.000000 0.128742 0.125601
371.000000 280.000000 0.160142 0.125601
433.000000 280.000000 0.354824 0.125601
440.000000 280.000000 0.376804 0.125601
447.000000 280.000000 0.398785 0.125601
297.000000 281.000000 -0.072221 0.128742
299.000000 281.000000 -0.065941 0.128742
384.000000 281.000000 0.200962 0.128742
392.000000 281.000000 0.226083 0.128742
400.000000 281.000000 0.251203 0.128742
405.000000 281.000000 0.266903 0.128742
408.000000 281.000000 0.276323 0.128742
421.000000 281.000000 0.317144 0.128742
470.000000 281.000000 0.471006 0.128742
102.000000 282.000000 -0.684528 0.131882
281.000000 282.000000 -0.122461 0.131882
295.000000 282.000000 -0.078501 0.131882
352.000000 282.000000 0.100481 0.131882
367.000000 282.000000 0.147582 0.131882
375.000000 282.000000 0.172702 0.131882
387.000000 282.000000 0.210382 0.131882
402.000000 282.000000 0.257483 0.131882
418.000000 282.000000 0.307724 0.131882
442.000000 282.000000 0.383085 0.131882
234.000000 283.000000 -0.270043 0.135022
285.000000 283.000000 -0.109901 0.135022
304.000000 283.000000 -0.050241 0.135022
346.000000 283.000000 0.081641 0.135022
350.000000 283.000000 0.094201 0.135022
363.000000 283.000000 0.135022 0.135022
397.000000 283.000000 0.241783 0.135022
421.000000 283.000000 0.317144 0.135022
426.000000 283.000000 0.332844 0.135022
430.000000 283.000000 0.345404 0.135022
444.000000 283.000000 0.389365 0.135022
450.000000 283.000000 0.408205 0.135022
40.000000 284.000000 -0.879210 0.138162
298.000000 284.000000 -0.069081 0.138162
328.000000 284.000000 0.025120 0.138162
359.000000 284.000000 0.122461 0.138162
382.000000 284.000000 0.194682 0.138162
406.000000 284.000000 0.270043 0.138162
446.000000 284.000000 0.395645 0.138162
455.000000 284.000000 0.423905 0.138162
283.000000 285.000000 -0.116181 0.141302
305.000000 285.000000 -0.047101 0.141302
308.000000 285.000000 -0.037680 0.141302
414.000000 285.000000 0.295163 0.141302
430.000000 285.000000 0.345404 0.141302
451.000000 285.000000 0.411345 0.141302
75.000000 286.000000 -0.769309 0.144442
79.000000 286.000000 -0.756749 0.144442
278.000000 286.000000 -0.131882 0.144442
329.000000 286.000000 0.028260 0.144442
348.000000 286.000000 0.087921 0.144442
381.000000 286.000000 0.191542 0.144442
383.000000 286.000000 0.197822 0.144442
422.000000 286.000000 0.320284 0.144442
442.000000 286.000000 0.383085 0.144442
547.000000 286.000000 0.712788 0.144442
103.000000 287.000000 -0.681388 0.147582
342.000000 287.000000 0.069081 0.147582
350.000000 287.000000 0.094201 0.147582
461.000000 287.000000 0.442745 0.147582
588.000000 287.000000 0.841530 0.147582
297.000000 288.000000 -0.072221 0.150722
302.000000 288.000000 -0.056521 0.150722
306.000000 288.000000 -0.043961 0.150722
336.000000 288.000000 0.050241 0.150722
374.000000 288.000000 0.169562 0.150722
386.000000 288.000000 0.207242 0.150722
235.000000 289.000000 -0.266903 0.153862
314.000000 289.000000 -0.018840 0.153862
365.000000 289.000000 0.141302 0.153862
432.000000 289.000000 0.351684 0.153862
464.000000 289.000000 0.452165 0.153862
182.000000 290.000000 -0.433325 0.157002
240.000000 290.000000 -0.251203 0.157002
309.000000 290.000000 -0.034540 0.157002
327.000000 290.000000 0.021980 0.157002
340.000000 290.000000 0.062801 0.157002
360.000000 290.000000 0.125601 0.157002
408.000000 290.000000 0.276323 0.157002
412.000000 290.000000 0.288883 0.157002
423.000000 290.000000 0.323424 0.157002
234.000000 291.000000 -0.270043 0.160142
291.000000 291.000000 -0.091061 0.160142
299.000000 291.000000 -0.065941 0.160142
355.000000 291.000000 0.109901 0.160142
380.000000 291.000000 0.188402 0.160142
401.000000 291.000000 0.254343 0.160142
420.000000 291.000000 0.314004 0.160142
443.000000 291.000000 0.386225 0.160142
445.000000 291.000000 0.392505 0.160142
542.000000 291.000000 0.697088 0.160142
281.000000 292.000000 -0.122461 0.163282
285.000000 292.000000 -0.109901 0.163282
303.000000 292.000000 -0.053381 0.163282
315.000000 292.000000 -0.015700 0.163282
349.000000 292.000000 0.091061 0.163282
404.000000 292.000000 0.263763 0.163282
63.000000 293.000000 -0.806990 0.166422
65.000000 293.000000 -0.800709 0.166422
70.000000 293.000000 -0.785009 0.166422
72.000000 293.000000 -0.778729 0.166422
75.000000 293.000000 -0.769309 0.166422
126.000000 293.000000 -0.609167 0.166422
181.000000 293.000000 -0.436465 0.166422
244.000000 293.000000 -0.238643 0.166422
296.000000 293.000000 -0.075361 0.166422
298.000000 293.000000 -0.069081 0.166422
408.000000 293.000000 0.276323 0.166422
501.000000 293.000000 0.568347 0.166422
509.000000 293.000000 0.593467 0.166422
538.000000 293.000000 0.684528 0.166422
565.000000 293.000000 0.769309 0.166422
578.000000 293.000000 0.810130 0.166422
618.000000 293.000000 0.935731 0.166422
195.000000 294.000000 -0.392505 0.169562
220.000000 294.000000 -0.314004 0.169562
249.000000 294.000000 -0.222943 0.169562
262.000000 294.000000 -0.182122 0.169562
284.000000 294.000000 -0.113041 0.169562
403.000000 294.000000 0.260623 0.169562
439.000000 294.000000 0.373664 0.169562
4.000000 295.000000 -0.992252 0.172702
79.000000 295.000000 -0.756749 0.172702
86.000000 295.000000 -0.734769 0.172702
93.000000 295.000000 -0.712788 0.172702
215.000000 295.000000 -0.329704 0.172702
245.000000 295.000000 -0.235503 0.172702
268.000000 295.000000 -0.163282 0.172702
279.000000 295.000000 -0.128742 0.172702
301.000000 295.000000 -0.059661 0.172702
312.000000 295.000000 -0.025120 0.172702
391.000000 295.000000 0.222943 0.172702
398.000000 295.000000 0.244923 0.172702
410.000000 295.000000 0.282603 0.172702
549.000000 295.000000 0.719069 0.172702
591.000000 295.000000 0.850950 0.172702
136.000000 296.000000 -0.577767 0.175842
179.000000 296.000000 -0.442745 0.175842
198.000000 296.000000 -0.383085 0.175842
328.000000 296.000000 0.025120 0.175842
384.000000 296.000000 0.200962 0.175842
395.000000 296.000000 0.235503 0.175842
400.000000 296.000000 0.251203 0.175842
615.000000 296.000000 0.926311 0.175842
241.000000 297.000000 -0.248063 0.178982
282.000000 297.000000 -0.119321 0.178982
304.000000 297.000000 -0.050241 0.178982
352.000000 297.000000 0.100481 0.178982
378.000000 297.000000 0.182122 0.178982
623.000000 297.000000 0.951431 0.178982
285.000000 298.000000 -0.109901 0.182122
338.000000 298.000000 0.056521 0.182122
376.000000 298.000000 0.175842 0.182122
394.000000 298.000000 0.232363 0.182122
448.000000 298.000000 0.401925 0.182122
237.000000 299.000000 -0.260623 0.185262
302.000000 299.000000 -0.056521 0.185262
312.000000 299.000000 -0.025120 0.185262
334.000000 299.000000 0.043961 0.185262
240.000000 300.000000 -0.251203 0.188402
323.000000 300.000000 0.009420 0.188402
325.000000 300.000000 0.015700 0.188402
492.000000 300.000000 0.540086 0.188402
26.000000 301.000000 -0.923171 0.191542
195.000000 301.000000 -0.392505 0.191542
284.000000 301.000000 -0.113041 0.191542
298.000000 301.000000 -0.069081 0.191542
348.000000 301.000000 0.087921 0.191542
371.000000 301.000000 0.160142 0.191542
378.000000 301.000000 0.182122 0.191542
403.000000 301.000000 0.260623 0.191542
472.000000 301.000000 0.477286 0.191542
533.000000 301.000000 0.668828 0.191542
52.000000 302.000000 -0.841530 0.194682
280.000000 302.000000 -0.125601 0.194682
345.000000 302.000000 0.078501 0.194682
368.000000 302.000000 0.150722 0.194682
374.000000 302.000000 0.169562 0.194682
391.000000 302.000000 0.222943 0.194682
292.000000 303.000000 -0.087921 0.197822
365.000000 303.000000 0.141302 0.197822
618.000000 303.000000 0.935731 0.197822
3.000000 304.000000 -0.995392 0.200962
86.000000 304.000000 -0.734769 0.200962
286.000000 304.000000 -0.106761 0.200962
301.000000 304.000000 -0.059661 0.200962
339.000000 304.000000 0.059661 0.200962
388.000000 304.000000 0.213523 0.200962
404.000000 304.000000 0.263763 0.200962
614.000000 304.000000 0.923171 0.200962
636.000000 304.000000 0.992252 0.200962
277.000000 305.000000 -0.135022 0.204102
296.000000 305.000000 -0.075361 0.204102
335.000000 305.000000 0.047101 0.204102
363.000000 305.000000 0.135022 0.204102
383.000000 305.000000 0.197822 0.204102
39.000000 306.000000 -0.882350 0.207242
179.000000 306.000000 -0.442745 0.207242
275.000000 306.000000 -0.141302 0.207242
301.000000 306.000000 -0.059661 0.207242
359.000000 306.000000 0.122461 0.207242
378.000000 306.000000 0.182122 0.207242
387.000000 306.000000 0.210382 0.207242
362.000000 307.000000 0.131882 0.210382
412.000000 307.000000 0.288883 0.210382
537.000000 307.000000 0.681388 0.210382
86.000000 308.000000 -0.734769 0.213523
196.000000 308.000000 -0.389365 0.213523
265.000000 308.000000 -0.172702 0.213523
296.000000 308.000000 -0.075361 0.213523
298.000000 308.000000 -0.069081 0.213523
360.000000 308.000000 0.125601 0.213523
571.000000 308.000000 0.788149 0.213523
602.000000 308.000000 0.885490 0.213523
259.000000 309.000000 -0.191542 0.216663
340.000000 309.000000 0.062801 0.216663
412.000000 309.000000 0.288883 0.216663
238.000000 310.000000 -0.257483 0.219803
255.000000 310.000000 -0.204102 0.219803
289.000000 310.000000 -0.097341 0.219803
336.000000 310.000000 0.050241 0.219803
400.000000 310.000000 0.251203 0.219803
580.000000 310.000000 0.816410 0.219803
358.000000 311.000000 0.119321 0.222943
617.000000 311.000000 0.932591 0.222943
239.000000 312.000000 -0.254343 0.226083
290.000000 312.000000 -0.094201 0.226083
361.000000 312.000000 0.128742 0.226083
392.000000 312.000000 0.226083 0.226083
489.000000 312.000000 0.530666 0.226083
519.000000 312.000000 0.624867 0.226083
39.000000 313.000000 -0.882350 0.229223
347.000000 313.000000 0.084781 0.229223
349.000000 313.000000 0.091061 0.229223
351.000000 313.000000 0.097341 0.229223
9.000000 314.000000 -0.976552 0.232363
41.000000 314.000000 -0.876070 0.232363
223.000000 314.000000 -0.304584 0.232363
269.000000 314.000000 -0.160142 0.232363
280.000000 314.000000 -0.125601 0.232363
294.000000 314.000000 -0.081641 0.232363
341.000000 314.000000 0.065941 0.232363
355.000000 314.000000 0.109901 0.232363
561.000000 314.000000 0.756749 0.232363
566.000000 314.000000 0.772449 0.232363
38.000000 315.000000 -0.885490 0.235503
67.000000 315.000000 -0.794429 0.235503
139.000000 315.000000 -0.568347 0.235503
151.000000 315.000000 -0.530666 0.235503
263.000000 315.000000 -0.178982 0.235503
346.000000 315.000000 0.081641 0.235503
349.000000 315.000000 0.091061 0.235503
481.000000 315.000000 0.505546 0.235503
564.000000 315.000000 0.766169 0.235503
90.000000 316.000000 -0.722209 0.238643
194.000000 316.000000 -0.395645 0.238643
257.000000 316.000000 -0.197822 0.238643
359.000000 316.000000 0.122461 0.238643
517.000000 316.000000 0.618587 0.238643
542.000000 316.000000 0.697088 0.238643
620.000000 316.000000 0.942011 0.238643
43.000000 317.000000 -0.869790 0.241783
183.000000 317.000000 -0.430185 0.241783
204.000000 317.000000 -0.364244 0.241783
252.000000 317.000000 -0.213523 0.241783
293.000000 317.000000 -0.084781 0.241783
319.000000 317.000000 -0.003140 0.241783
345.000000 317.000000 0.078501 0.241783
353.000000 317.000000 0.103621 0.241783
362.000000 317.000000 0.131882 0.241783
374.000000 317.000000 0.169562 0.241783
427.000000 317.000000 0.335984 0.241783
431.000000 317.000000 0.348544 0.241783
448.000000 317.000000 0.401925 0.241783
571.000000 317.000000 0.788149 0.241783
598.000000 317.000000 0.872930 0.241783
36.000000 318.000000 -0.891771 0.244923
72.000000 318.000000 -0.778729 0.244923
134.000000 318.000000 -0.584047 0.244923
155.000000 318.000000 -0.518106 0.244923
163.000000 318.000000 -0.492986 0.244923
230.000000 318.000000 -0.282603 0.244923
274.000000 318.000000 -0.144442 0.244923
332.000000 318.000000 0.037680 0.244923
349.000000 318.000000 0.091061 0.244923
529.000000 318.000000 0.656268 0.244923
629.000000 318.000000 0.970271 0.244923
10.000000 319.000000 -0.973412 0.248063
19.000000 319.000000 -0.945151 0.248063
213.000000 319.000000 -0.335984 0.248063
325.000000 319.000000 0.015700 0.248063
334.000000 319.000000 0.043961 0.248063
356.000000 319.000000 0.113041 0.248063
445.000000 319.000000 0.392505 0.248063
461.000000 319.000000 0.442745 0.248063
141.000000 320.000000 -0.562067 0.251203
240.000000 320.000000 -0.251203 0.251203
262.000000 320.000000 -0.182122 0.251203
286.000000 320.000000 -0.106761 0.251203
302.000000 320.000000 -0.056521 0.251203
314.000000 320.000000 -0.018840 0.251203
338.000000 320.000000 0.056521 0.251203
347.000000 320.000000 0.084781 0.251203
562.000000 320.000000 0.759889 0.251203
600.000000 320.000000 0.879210 0.251203
15.000000 321.000000 -0.957711 0.254343
363.000000 321.000000 0.135022 0.254343
403.000000 321.000000 0.260623 0.254343
507.000000 321.000000 0.587187 0.254343
614.000000 321.000000 0.923171 0.254343
89.000000 322.000000 -0.725349 0.257483
139.000000 322.000000 -0.568347 0.257483
180.000000 322.000000 -0.439605 0.257483
341.000000 322.000000 0.065941 0.257483
374.000000 322.000000 0.169562 0.257483
446.000000 322.000000 0.395645 0.257483
497.000000 322.000000 0.555787 0.257483
547.000000 322.000000 0.712788 0.257483
593.000000 322.000000 0.857230 0.257483
610.000000 322.000000 0.910611 0.257483
633.000000 322.000000 0.982832 0.257483
227.000000 323.000000 -0.292023 0.260623
245.000000 323.000000 -0.235503 0.260623
250.000000 323.000000 -0.219803 0.260623
283.000000 323.000000 -0.116181 0.260623
333.000000 323.000000 0.040820 0.260623
343.000000 323.000000 0.072221 0.260623
363.000000 323.000000 0.135022 0.260623
412.000000 323.000000 0.288883 0.260623
3.000000 324.000000 -0.995392 0.263763
107.000000 324.000000 -0.668828 0.263763
129.000000 324.000000 -0.599747 0.263763
340.000000 324.000000 0.062801 0.263763
357.000000 324.000000 0.116181 0.263763
376.000000 324.000000 0.175842 0.263763
506.000000 324.000000 0.584047 0.263763
518.000000 324.000000 0.621727 0.263763
541.000000 324.000000 0.693948 0.263763
75.000000 325.000000 -0.769309 0.266903
147.000000 325.000000 -0.543226 0.266903
225.000000 325.000000 -0.298304 0.266903
241.000000 325.000000 -0.248063 0.266903
310.000000 325.000000 -0.031400 0.266903
321.000000 325.000000 0.003140 0.266903
404.000000 325.000000 0.263763 0.266903
70.000000 326.000000 -0.785009 0.270043
339.000000 326.000000 0.059661 0.270043
427.000000 326.000000 0.335984 0.270043
469.000000 326.000000 0.467866 0.270043
546.000000 326.000000 0.709648 0.270043
111.000000 327.000000 -0.656268 0.273183
153.000000 327.000000 -0.524386 0.273183
180.000000 327.000000 -0.439605 0.273183
241.000000 327.000000 -0.248063 0.273183
330.000000 327.000000 0.031400 0.273183
364.000000 327.000000 0.138162 0.273183
409.000000 327.000000 0.279463 0.273183
556.000000 327.000000 0.741049 0.273183
586.000000 327.000000 0.835250 0.273183
116.000000 328.000000 -0.640568 0.276323
124.000000 328.000000 -0.615447 0.276323
166.000000 328.000000 -0.483566 0.276323
298.000000 328.000000 -0.069081 0.276323
315.000000 328.000000 -0.015700 0.276323
380.000000 328.000000 0.188402 0.276323
417.000000 328.000000 0.304584 0.276323
20.000000 329.000000 -0.942011 0.279463
320.000000 329.000000 -0.000000 0.279463
339.000000 329.000000 0.059661 0.279463
411.000000 329.000000 0.285743 0.279463
613.000000 329.000000 0.920031 0.279463
101.000000 330.000000 -0.687668 0.282603
286.000000 330.000000 -0.106761 0.282603
323.000000 330.000000 0.009420 0.282603
331.000000 330.000000 0.034540 0.282603
483.000000 330.000000 0.511826 0.282603
563.000000 330.000000 0.763029 0.282603
49.000000 331.000000 -0.850950 0.285743
190.000000 331.000000 -0.408205 0.285743
448.000000 331.000000 0.401925 0.285743
78.000000 332.000000 -0.759889 0.288883
298.000000 332.000000 -0.069081 0.288883
335.000000 332.000000 0.047101 0.288883
496.000000 332.000000 0.552647 0.288883
32.000000 333.000000 -0.904331 0.292023
301.000000 333.000000 -0.059661 0.292023
328.000000 333.000000 0.025120 0.292023
333.000000 333.000000 0.040820 0.292023
360.000000 333.000000 0.125601 0.292023
365.000000 333.000000 0.141302 0.292023
413.000000 333.000000 0.292023 0.292023
441.000000 333.000000 0.379945 0.292023
507.000000 333.000000 0.587187 0.292023
603.000000 333.000000 0.888631 0.292023
611.000000 333.000000 0.913751 0.292023
242.000000 334.000000 -0.244923 0.295163
316.000000 334.000000 -0.012560 0.295163
331.000000 334.000000 0.034540 0.295163
379.000000 334.000000 0.185262 0.295163
437.000000 334.000000 0.367384 0.295163
452.000000 334.000000 0.414485 0.295163
186.000000 335.000000 -0.420765 0.298304
313.000000 335.000000 -0.021980 0.298304
329.000000 335.000000 0.028260 0.298304
366.000000 335.000000 0.144442 0.298304
410.000000 335.000000 0.282603 0.298304
570.000000 335.000000 0.785009 0.298304
7.000000 336.000000 -0.982832 0.301444
27.000000 336.000000 -0.920031 0.301444
68.000000 336.000000 -0.791289 0.301444
118.000000 336.000000 -0.634288 0.301444
287.000000 336.000000 -0.103621 0.301444
588.000000 336.000000 0.841530 0.301444
41.000000 337.000000 -0.876070 0.304584
606.000000 337.000000 0.898051 0.304584
629.000000 337.000000 0.970271 0.304584
124.000000 338.000000 -0.615447 0.307724
208.000000 338.000000 -0.351684 0.307724
316.000000 338.000000 -0.012560 0.307724
336.000000 338.000000 0.050241 0.307724
411.000000 338.000000 0.285743 0.307724
413.000000 338.000000 0.292023 0.307724
597.000000 338.000000 0.869790 0.307724
171.000000 339.000000 -0.467866 0.310864
215.000000 339.000000 -0.329704 0.310864
307.000000 339.000000 -0.040820 0.310864
328.000000 339.000000 0.025120 0.310864
455.000000 339.000000 0.423905 0.310864
576.000000 339.000000 0.803850 0.310864
582.000000 339.000000 0.822690 0.310864
634.000000 339.000000 0.985972 0.310864
35.000000 340.000000 -0.894911 0.314004
81.000000 340.000000 -0.750469 0.314004
143.000000 340.000000 -0.555787 0.314004
145.000000 340.000000 -0.549506 0.314004
256.000000 340.000000 -0.200962 0.314004
284.000000 340.000000 -0.113041 0.314004
324.000000 340.000000 0.012560 0.314004
373.000000 340.000000 0.166422 0.314004
383.000000 340.000000 0.197822 0.314004
391.000000 340.000000 0.222943 0.314004
404.000000 340.000000 0.263763 0.314004
417.000000 340.000000 0.304584 0.314004
521.000000 340.000000 0.631147 0.314004
86.000000 341.000000 -0.734769 0.317144
153.000000 341.000000 -0.524386 0.317144
243.000000 341.000000 -0.241783 0.317144
274.000000 341.000000 -0.144442 0.317144
393.000000 341.000000 0.229223 0.317144
495.000000 341.000000 0.549506 0.317144
54.000000 342.000000 -0.835250 0.320284
117.000000 342.000000 -0.637428 0.320284
283.000000 342.000000 -0.116181 0.320284
299.000000 342.000000 -0.065941 0.320284
451.000000 342.000000 0.411345 0.320284
464.000000 342.000000 0.452165 0.320284
511.000000 342.000000 0.599747 0.320284
630.000000 342.000000 0.973412 0.320284
24.000000 343.000000 -0.929451 0.323424
131.000000 343.000000 -0.593467 0.323424
172.000000 343.000000 -0.464725 0.323424
181.000000 343.000000 -0.436465 0.323424
321.000000 343.000000 0.003140 0.323424
364.000000 343.000000 0.138162 0.323424
515.000000 343.000000 0.612307 0.323424
561.000000 343.000000 0.756749 0.323424
3.000000 344.000000 -0.995392 0.326564
192.000000 344.000000 -0.401925 0.326564
539.000000 344.000000 0.687668 0.326564
579.000000 344.000000 0.813270 0.326564
249.000000 345.000000 -0.222943 0.329704
309.000000 345.000000 -0.034540 0.329704
337.000000 345.000000 0.053381 0.329704
375.000000 345.000000 0.172702 0.329704
383.000000 345.000000 0.197822 0.329704
93.000000 346.000000 -0.712788 0.332844
286.000000 346.000000 -0.106761 0.332844
301.000000 346.000000 -0.059661 0.332844
39.000000 347.000000 -0.882350 0.335984
407.000000 347.000000 0.273183 0.335984
412.000000 347.000000 0.288883 0.335984
460.000000 347.000000 0.439605 0.335984
29.000000 348.000000 -0.913751 0.339124
163.000000 348.000000 -0.492986 0.339124
209.000000 348.000000 -0.348544 0.339124
244.000000 348.000000 -0.238643 0.339124
271.000000 348.000000 -0.153862 0.339124
609.000000 348.000000 0.907471 0.339124
79.000000 349.000000 -0.756749 0.342264
309.000000 349.000000 -0.034540 0.342264
546.000000 349.000000 0.709648 0.342264
29.000000 350.000000 -0.913751 0.345404
371.000000 350.000000 0.160142 0.345404
384.000000 350.000000 0.200962 0.345404
170.000000 351.000000 -0.471006 0.348544
175.000000 351.000000 -0.455305 0.348544
214.000000 351.000000 -0.332844 0.348544
294.000000 351.000000 -0.081641 0.348544
301.000000 351.000000 -0.059661 0.348544
451.000000 351.000000 0.411345 0.348544
19.000000 352.000000 -0.945151 0.351684
65.000000 352.000000 -0.800709 0.351684
212.000000 352.000000 -0.339124 0.351684
310.000000 352.000000 -0.031400 0.351684
376.000000 352.000000 0.175842 0.351684
403.000000 352.000000 0.260623 0.351684
524.000000 352.000000 0.640568 0.351684
103.000000 353.000000 -0.681388 0.354824
370.000000 353.000000 0.157002 0.354824
397.000000 353.000000 0.241783 0.354824
633.000000 353.000000 0.982832 0.354824
7.000000 354.000000 -0.982832 0.357964
145.000000 354.000000 -0.549506 0.357964
284.000000 354.000000 -0.113041 0.357964
299.000000 354.000000 -0.065941 0.357964
301.000000 354.000000 -0.059661 0.357964
310.000000 354.000000 -0.031400 0.357964
364.000000 354.000000 0.138162 0.357964
392.000000 354.000000 0.226083 0.357964
483.000000 354.000000 0.511826 0.357964
576.000000 354.000000 0.803850 0.357964
245.000000 355.000000 -0.235503 0.361104
386.000000 355.000000 0.207242 0.361104
428.000000 355.000000 0.339124 0.361104
470.000000 355.000000 0.471006 0.361104
131.000000 356.000000 -0.593467 0.364244
177.000000 356.000000 -0.449025 0.364244
313.000000 356.000000 -0.021980 0.364244
531.000000 356.000000 0.662548 0.364244
22.000000 357.000000 -0.935731 0.367384
337.000000 357.000000 0.053381 0.367384
455.000000 357.000000 0.423905 0.367384
625.000000 357.000000 0.957711 0.367384
159.000000 358.000000 -0.505546 0.370524
317.000000 358.000000 -0.009420 0.370524
543.000000 358.000000 0.700228 0.370524
34.000000 359.000000 -0.898051 0.373664
127.000000 359.000000 -0.606027 0.373664
153.000000 359.000000 -0.524386 0.373664
192.000000 359.000000 -0.401925 0.373664
196.000000 359.000000 -0.389365 0.373664
215.000000 359.000000 -0.329704 0.373664
243.000000 359.000000 -0.241783 0.373664
337.000000 359.000000 0.053381 0.373664
359.000000 359.000000 0.122461 0.373664
389.000000 359.000000 0.216663 0.373664
331.000000 360.000000 0.034540 0.376804
351.000000 360.000000 0.097341 0.376804
483.000000 360.000000 0.511826 0.376804
517.000000 360.000000 0.618587 0.376804
507.000000 361.000000 0.587187 0.379945
146.000000 362.000000 -0.546366 0.383085
246.000000 362.000000 -0.232363 0.383085
360.000000 362.000000 0.125601 0.383085
515.000000 362.000000 0.612307 0.383085
564.000000 362.000000 0.766169 0.383085
592.000000 362.000000 0.854090 0.383085
599.000000 362.000000 0.876070 0.383085
610.000000 362.000000 0.910611 0.383085
618.000000 362.000000 0.935731 0.383085
53.000000 363.000000 -0.838390 0.386225
172.000000 363.000000 -0.464725 0.386225
308.000000 363.000000 -0.037680 0.386225
433.000000 363.000000 0.354824 0.386225
469.000000 363.000000 0.467866 0.386225
99.000000 364.000000 -0.693948 0.389365
130.000000 364.000000 -0.596607 0.389365
161.000000 364.000000 -0.499266 0.389365
195.000000 364.000000 -0.392505 0.389365
203.000000 364.000000 -0.367384 0.389365
214.000000 364.000000 -0.332844 0.389365
232.000000 364.000000 -0.276323 0.389365
284.000000 364.000000 -0.113041 0.389365
338.000000 364.000000 0.056521 0.389365
357.000000 364.000000 0.116181 0.389365
409.000000 364.000000 0.279463 0.389365
466.000000 364.000000 0.458445 0.389365
533.000000 364.000000 0.668828 0.389365
144.000000 365.000000 -0.552647 0.392505
154.000000 365.000000 -0.521246 0.392505
234.000000 365.000000 -0.270043 0.392505
317.000000 365.000000 -0.009420 0.392505
384.000000 365.000000 0.200962 0.392505
404.000000 365.000000 0.263763 0.392505
474.000000 365.000000 0.483566 0.392505
524.000000 365.000000 0.640568 0.392505
528.000000 365.000000 0.653128 0.392505
584.000000 365.000000 0.828970 0.392505
80.000000 366.000000 -0.753609 0.395645
450.000000 366.000000 0.408205 0.395645
477.000000 366.000000 0.492986 0.395645
533.000000 366.000000 0.668828 0.395645
606.000000 366.000000 0.898051 0.395645
625.000000 366.000000 0.957711 0.395645
629.000000 366.000000 0.970271 0.395645
86.000000 367.000000 -0.734769 0.398785
132.000000 367.000000 -0.590327 0.398785
224.000000 367.000000 -0.301444 0.398785
282.000000 367.000000 -0.119321 0.398785
297.000000 367.000000 -0.072221 0.398785
341.000000 367.000000 0.065941 0.398785
437.000000 367.000000 0.367384 0.398785
464.000000 367.000000 0.452165 0.398785
528.000000 367.000000 0.653128 0.398785
568.000000 367.000000 0.778729 0.398785
587.000000 367.000000 0.838390 0.398785
601.000000 367.000000 0.882350 0.398785
73.000000 368.000000 -0.775589 0.401925
113.000000 368.000000 -0.649988 0.401925
232.000000 368.000000 -0.276323 0.401925
323.000000 368.000000 0.009420 0.401925
400.000000 368.000000 0.251203 0.401925
468.000000 368.000000 0.464725 0.401925
474.000000 368.000000 0.483566 0.401925
628.000000 368.000000 0.967131 0.401925
48.000000 369.000000 -0.854090 0.405065
120.000000 369.000000 -0.628007 0.405065
247.000000 369.000000 -0.229223 0.405065
386.000000 369.000000 0.207242 0.405065
184.000000 370.000000 -0.427045 0.408205
241.000000 370.000000 -0.248063 0.408205
282.000000 370.000000 -0.119321 0.408205
376.000000 370.000000 0.175842 0.408205
506.000000 370.000000 0.584047 0.408205
618.000000 370.000000 0.935731 0.408205
21.000000 371.000000 -0.938871 0.411345
198.000000 371.000000 -0.383085 0.411345
236.000000 371.000000 -0.263763 0.411345
317.000000 371.000000 -0.009420 0.411345
559.000000 371.000000 0.750469 0.411345
426.000000 372.000000 0.332844 0.414485
84.000000 373.000000 -0.741049 0.417625
330.000000 373.000000 0.031400 0.417625
518.000000 373.000000 0.621727 0.417625
629.000000 373.000000 0.970271 0.417625
75.000000 374.000000 -0.769309 0.420765
147.000000 374.000000 -0.543226 0.420765
336.000000 374.000000 0.050241 0.420765
440.000000 374.000000 0.376804 0.420765
505.000000 374.000000 0.580907 0.420765
555.000000 374.000000 0.737909 0.420765
570.000000 374.000000 0.785009 0.420765
108.000000 375.000000 -0.665688 0.423905
212.000000 375.000000 -0.339124 0.423905
349.000000 375.000000 0.091061 0.423905
354.000000 375.000000 0.106761 0.423905
377.000000 375.000000 0.178982 0.423905
496.000000 375.000000 0.552647 0.423905
593.000000 375.000000 0.857230 0.423905
56.000000 376.000000 -0.828970 0.427045
391.000000 376.000000 0.222943 0.427045
415.000000 376.000000 0.298304 0.427045
94.000000 377.000000 -0.709648 0.430185
248.000000 377.000000 -0.226083 0.430185
385.000000 377.000000 0.204102 0.430185
526.000000 377.000000 0.646848 0.430185
88.000000 378.000000 -0.728489 0.433325
114.000000 378.000000 -0.646848 0.433325
379.000000 378.000000 0.185262 0.433325
8.000000 379.000000 -0.979692 0.436465
170.000000 379.000000 -0.471006 0.436465
265.000000 379.000000 -0.172702 0.436465
422.000000 379.000000 0.320284 0.436465
484.000000 379.000000 0.514966 0.436465
607.000000 379.000000 0.901191 0.436465
22.000000 380.000000 -0.935731 0.439605
95.000000 380.000000 -0.706508 0.439605
356.000000 380.000000 0.113041 0.439605
32.000000 381.000000 -0.904331 0.442745
40.000000 381.000000 -0.879210 0.442745
105.000000 381.000000 -0.675108 0.442745
209.000000 381.000000 -0.348544 0.442745
593.000000 381.000000 0.857230 0.442745
597.000000 381.000000 0.869790 0.442745
612.000000 381.000000 0.916891 0.442745
181.000000 382.000000 -0.436465 0.445885
227.000000 382.000000 -0.292023 0.445885
231.000000 382.000000 -0.279463 0.445885
357.000000 382.000000 0.116181 0.445885
430.000000 382.000000 0.345404 0.445885
82.000000 383.000000 -0.747329 0.449025
222.000000 383.000000 -0.307724 0.449025
268.000000 383.000000 -0.163282 0.449025
350.000000 383.000000 0.094201 0.449025
521.000000 383.000000 0.631147 0.449025
601.000000 383.000000 0.882350 0.449025
66.000000 384.000000 -0.797569 0.452165
127.000000 384.000000 -0.606027 0.452165
190.000000 384.000000 -0.408205 0.452165
249.000000 384.000000 -0.222943 0.452165
282.000000 384.000000 -0.119321 0.452165
461.000000 384.000000 0.442745 0.452165
23.000000 385.000000 -0.932591 0.455305
96.000000 385.000000 -0.703368 0.455305
119.000000 385.000000 -0.631147 0.455305
141.000000 385.000000 -0.562067 0.455305
204.000000 385.000000 -0.364244 0.455305
272.000000 385.000000 -0.150722 0.455305
368.000000 385.000000 0.150722 0.455305
422.000000 385.000000 0.320284 0.455305
453.000000 385.000000 0.417625 0.455305
14.000000 386.000000 -0.960851 0.458445
131.000000 386.000000 -0.593467 0.458445
210.000000 386.000000 -0.345404 0.458445
218.000000 386.000000 -0.320284 0.458445
255.000000 386.000000 -0.204102 0.458445
459.000000 386.000000 0.436465 0.458445
505.000000 386.000000 0.580907 0.458445
555.000000 386.000000 0.737909 0.458445
318.000000 387.000000 -0.006280 0.461585
450.000000 387.000000 0.408205 0.461585
547.000000 387.000000 0.712788 0.461585
550.000000 387.000000 0.722209 0.461585
575.000000 387.000000 0.800709 0.461585
631.000000 387.000000 0.976552 0.461585
31.000000 388.000000 -0.907471 0.464725
62.000000 388.000000 -0.810130 0.464725
104.000000 388.000000 -0.678248 0.464725
117.000000 388.000000 -0.637428 0.464725
198.000000 388.000000 -0.383085 0.464725
213.000000 388.000000 -0.335984 0.464725
232.000000 388.000000 -0.276323 0.464725
346.000000 388.000000 0.081641 0.464725
419.000000 388.000000 0.310864 0.464725
478.000000 388.000000 0.496126 0.464725
570.000000 388.000000 0.785009 0.464725
26.000000 389.000000 -0.923171 0.467866
66.000000 389.000000 -0.797569 0.467866
252.000000 389.000000 -0.213523 0.467866
281.000000 389.000000 -0.122461 0.467866
304.000000 389.000000 -0.050241 0.467866
396.000000 389.000000 0.238643 0.467866
464.000000 389.000000 0.452165 0.467866
487.000000 389.000000 0.524386 0.467866
619.000000 389.000000 0.938871 0.467866
40.000000 390.000000 -0.879210 0.471006
157.000000 390.000000 -0.511826 0.471006
159.000000 390.000000 -0.505546 0.471006
259.000000 390.000000 -0.191542 0.471006
416.000000 390.000000 0.301444 0.471006
418.000000 390.000000 0.307724 0.471006
543.000000 390.000000 0.700228 0.471006
547.000000 390.000000 0.712788 0.471006
606.000000 390.000000 0.898051 0.471006
140.000000 391.000000 -0.565207 0.474146
373.000000 391.000000 0.166422 0.474146
405.000000 391.000000 0.266903 0.474146
423.000000 391.000000 0.323424 0.474146
465.000000 391.000000 0.455305 0.474146
515.000000 391.000000 0.612307 0.474146
561.000000 391.000000 0.756749 0.474146
599.000000 391.000000 0.876070 0.474146
177.000000 392.000000 -0.449025 0.477286
204.000000 392.000000 -0.364244 0.477286
419.000000 392.000000 0.310864 0.477286
66.000000 393.000000 -0.797569 0.480426
212.000000 393.000000 -0.339124 0.480426
219.000000 393.000000 -0.317144 0.480426
330.000000 393.000000 0.031400 0.480426
524.000000 393.000000 0.640568 0.480426
533.000000 393.000000 0.668828 0.480426
68.000000 394.000000 -0.791289 0.483566
164.000000 394.000000 -0.489846 0.483566
309.000000 394.000000 -0.034540 0.483566
441.000000 394.000000 0.379945 0.483566
513.000000 394.000000 0.606027 0.483566
57.000000 395.000000 -0.825830 0.486706
254.000000 395.000000 -0.207242 0.486706
358.000000 395.000000 0.119321 0.486706
481.000000 395.000000 0.505546 0.486706
190.000000 396.000000 -0.408205 0.489846
231.000000 396.000000 -0.279463 0.489846
349.000000 396.000000 0.091061 0.489846
364.000000 396.000000 0.138162 0.489846
614.000000 396.000000 0.923171 0.489846
71.000000 397.000000 -0.781869 0.492986
129.000000 397.000000 -0.599747 0.492986
240.000000 397.000000 -0.251203 0.492986
559.000000 397.000000 0.750469 0.492986
66.000000 398.000000 -0.797569 0.496126
154.000000 398.000000 -0.521246 0.496126
166.000000 398.000000 -0.483566 0.496126
258.000000 398.000000 -0.194682 0.496126
285.000000 398.000000 -0.109901 0.496126
527.000000 398.000000 0.649988 0.496126
271.000000 399.000000 -0.153862 0.499266
275.000000 399.000000 -0.141302 0.499266
322.000000 399.000000 0.006280 0.499266
393.000000 399.000000 0.229223 0.499266
6.000000 400.000000 -0.985972 0.502406
75.000000 400.000000 -0.769309 0.502406
83.000000 400.000000 -0.744189 0.502406
171.000000 400.000000 -0.467866 0.502406
244.000000 400.000000 -0.238643 0.502406
459.000000 400.000000 0.436465 0.502406
622.000000 400.000000 0.948291 0.502406
134.000000 401.000000 -0.584047 0.505546
325.000000 401.000000 0.015700 0.505546
176.000000 402.000000 -0.452165 0.508686
387.000000 403.000000 0.210382 0.511826
402.000000 403.000000 0.257483 0.511826
458.000000 403.000000 0.433325 0.511826
507.000000 403.000000 0.587187 0.511826
549.000000 403.000000 0.719069 0.511826
60.000000 404.000000 -0.816410 0.514966
139.000000 404.000000 -0.568347 0.514966
424.000000 404.000000 0.326564 0.514966
55.000000 405.000000 -0.832110 0.518106
96.000000 405.000000 -0.703368 0.518106
273.000000 405.000000 -0.147582 0.518106
315.000000 405.000000 -0.015700 0.518106
511.000000 405.000000 0.599747 0.518106
549.000000 405.000000 0.719069 0.518106
626.000000 405.000000 0.960851 0.518106
41.000000 406.000000 -0.876070 0.521246
115.000000 406.000000 -0.643708 0.521246
168.000000 406.000000 -0.477286 0.521246
429.000000 406.000000 0.342264 0.521246
455.000000 406.000000 0.423905 0.521246
5.000000 407.000000 -0.989112 0.524386
32.000000 407.000000 -0.904331 0.524386
270.000000 407.000000 -0.157002 0.524386
305.000000 407.000000 -0.047101 0.524386
489.000000 407.000000 0.530666 0.524386
570.000000 407.000000 0.785009 0.524386
608.000000 407.000000 0.904331 0.524386
11.000000 408.000000 -0.970271 0.527526
146.000000 408.000000 -0.546366 0.527526
379.000000 408.000000 0.185262 0.527526
256.000000 409.000000 -0.200962 0.530666
325.000000 409.000000 0.015700 0.530666
347.000000 409.000000 0.084781 0.530666
375.000000 409.000000 0.172702 0.530666
521.000000 409.000000 0.631147 0.530666
629.000000 409.000000 0.970271 0.530666
77.000000 410.000000 -0.763029 0.533806
185.000000 410.000000 -0.423905 0.533806
308.000000 410.000000 -0.037680 0.533806
388.000000 410.000000 0.213523 0.533806
456.000000 410.000000 0.427045 0.533806
460.000000 410.000000 0.439605 0.533806
483.000000 410.000000 0.511826 0.533806
593.000000 410.000000 0.857230 0.533806
58.000000 411.000000 -0.822690 0.536946
85.000000 411.000000 -0.737909 0.536946
100.000000 411.000000 -0.690808 0.536946
196.000000 411.000000 -0.389365 0.536946
217.000000 411.000000 -0.323424 0.536946
254.000000 411.000000 -0.207242 0.536946
260.000000 411.000000 -0.188402 0.536946
278.000000 411.000000 -0.131882 0.536946
367.000000 411.000000 0.147582 0.536946
376.000000 411.000000 0.175842 0.536946
382.000000 411.000000 0.194682 0.536946
507.000000 411.000000 0.587187 0.536946
20.000000 412.000000 -0.942011 0.540086
91.000000 412.000000 -0.719069 0.540086
153.000000 412.000000 -0.524386 0.540086
212.000000 412.000000 -0.339124 0.540086
241.000000 412.000000 -0.248063 0.540086
246.000000 412.000000 -0.232363 0.540086
296.000000 412.000000 -0.075361 0.540086
312.000000 412.000000 -0.025120 0.540086
354.000000 412.000000 0.106761 0.540086
606.000000 412.000000 0.898051 0.540086
625.000000 412.000000 0.957711 0.540086
26.000000 413.000000 -0.923171 0.543226
109.000000 413.000000 -0.662548 0.543226
122.000000 413.000000 -0.621727 0.543226
128.000000 413.000000 -0.602887 0.543226
263.000000 413.000000 -0.178982 0.543226
299.000000 413.000000 -0.065941 0.543226
368.000000 413.000000 0.150722 0.543226
468.000000 413.000000 0.464725 0.543226
635.000000 413.000000 0.989112 0.543226
31.000000 414.000000 -0.907471 0.546366
315.000000 414.000000 -0.015700 0.546366
338.000000 414.000000 0.056521 0.546366
438.000000 414.000000 0.370524 0.546366
603.000000 414.000000 0.888631 0.546366
14.000000 415.000000 -0.960851 0.549506
93.000000 415.000000 -0.712788 0.549506
164.000000 415.000000 -0.489846 0.549506
239.000000 415.000000 -0.254343 0.549506
291.000000 415.000000 -0.091061 0.549506
350.000000 415.000000 0.094201 0.549506
483.000000 415.000000 0.511826 0.549506
502.000000 415.000000 0.571487 0.549506
3.000000 416.000000 -0.995392 0.552647
7.000000 416.000000 -0.982832 0.552647
26.000000 416.000000 -0.923171 0.552647
36.000000 416.000000 -0.891771 0.552647
43.000000 416.000000 -0.869790 0.552647
88.000000 416.000000 -0.728489 0.552647
121.000000 416.000000 -0.624867 0.552647
162.000000 416.000000 -0.496126 0.552647
191.000000 416.000000 -0.405065 0.552647
195.000000 416.000000 -0.392505 0.552647
213.000000 416.000000 -0.335984 0.552647
217.000000 416.000000 -0.323424 0.552647
268.000000 416.000000 -0.163282 0.552647
376.000000 416.000000 0.175842 0.552647
198.000000 417.000000 -0.383085 0.555787
209.000000 417.000000 -0.348544 0.555787
221.000000 417.000000 -0.310864 0.555787
279.000000 417.000000 -0.128742 0.555787
594.000000 417.000000 0.860370 0.555787
633.000000 417.000000 0.982832 0.555787
36.000000 418.000000 -0.891771 0.558927
205.000000 418.000000 -0.361104 0.558927
239.000000 418.000000 -0.254343 0.558927
589.000000 418.000000 0.844670 0.558927
31.000000 419.000000 -0.907471 0.562067
83.000000 419.000000 -0.744189 0.562067
196.000000 419.000000 -0.389365 0.562067
292.000000 419.000000 -0.087921 0.562067
327.000000 419.000000 0.021980 0.562067
365.000000 419.000000 0.141302 0.562067
496.000000 419.000000 0.552647 0.562067
607.000000 419.000000 0.901191 0.562067
20.000000 421.000000 -0.942011 0.568347
92.000000 421.000000 -0.715928 0.568347
234.000000 421.000000 -0.270043 0.568347
327.000000 421.000000 0.021980 0.568347
427.000000 421.000000 0.335984 0.568347
30.000000 422.000000 -0.910611 0.571487
122.000000 422.000000 -0.621727 0.571487
126.000000 422.000000 -0.609167 0.571487
134.000000 422.000000 -0.584047 0.571487
472.000000 422.000000 0.477286 0.571487
579.000000 422.000000 0.813270 0.571487
171.000000 423.000000 -0.467866 0.574627
282.000000 423.000000 -0.119321 0.574627
359.000000 423.000000 0.122461 0.574627
47.000000 424.000000 -0.857230 0.577767
111.000000 424.000000 -0.656268 0.577767
211.000000 424.000000 -0.342264 0.577767
350.000000 424.000000 0.094201 0.577767
273.000000 425.000000 -0.147582 0.580907
323.000000 425.000000 0.009420 0.580907
120.000000 426.000000 -0.628007 0.584047
315.000000 426.000000 -0.015700 0.584047
337.000000 426.000000 0.053381 0.584047
574.000000 426.000000 0.797569 0.584047
622.000000 426.000000 0.948291 0.584047
59.000000 427.000000 -0.819550 0.587187
135.000000 427.000000 -0.580907 0.587187
186.000000 427.000000 -0.420765 0.587187
327.000000 427.000000 0.021980 0.587187
544.000000 427.000000 0.703368 0.587187
585.000000 427.000000 0.832110 0.587187
104.000000 428.000000 -0.678248 0.590327
266.000000 428.000000 -0.169562 0.590327
273.000000 428.000000 -0.147582 0.590327
565.000000 428.000000 0.769309 0.590327
634.000000 428.000000 0.985972 0.590327
187.000000 429.000000 -0.417625 0.593467
279.000000 429.000000 -0.128742 0.593467
383.000000 429.000000 0.197822 0.593467
572.000000 429.000000 0.791289 0.593467
21.000000 430.000000 -0.938871 0.596607
36.000000 430.000000 -0.891771 0.596607
190.000000 430.000000 -0.408205 0.596607
209.000000 430.000000 -0.348544 0.596607
592.000000 430.000000 0.854090 0.596607
12.000000 431.000000 -0.967131 0.599747
204.000000 431.000000 -0.364244 0.599747
542.000000 431.000000 0.697088 0.599747
41.000000 432.000000 -0.876070 0.602887
87.000000 432.000000 -0.731629 0.602887
114.000000 432.000000 -0.646848 0.602887
172.000000 432.000000 -0.464725 0.602887
493.000000 432.000000 0.543226 0.602887
629.000000 432.000000 0.970271 0.602887
9.000000 433.000000 -0.976552 0.606027
54.000000 433.000000 -0.835250 0.606027
116.000000 433.000000 -0.640568 0.606027
120.000000 433.000000 -0.628007 0.606027
139.000000 433.000000 -0.568347 0.606027
235.000000 433.000000 -0.266903 0.606027
246.000000 433.000000 -0.232363 0.606027
535.000000 433.000000 0.675108 0.606027
584.000000 433.000000 0.828970 0.606027
12.000000 434.000000 -0.967131 0.609167
80.000000 434.000000 -0.753609 0.609167
198.000000 434.000000 -0.383085 0.609167
300.000000 434.000000 -0.062801 0.609167
311.000000 434.000000 -0.028260 0.609167
565.000000 434.000000 0.769309 0.609167
588.000000 434.000000 0.841530 0.609167
103.000000 435.000000 -0.681388 0.612307
318.000000 435.000000 -0.006280 0.612307
546.000000 435.000000 0.709648 0.612307
606.000000 435.000000 0.898051 0.612307
15.000000 436.000000 -0.957711 0.615447
80.000000 436.000000 -0.753609 0.615447
151.000000 436.000000 -0.530666 0.615447
157.000000 436.000000 -0.511826 0.615447
213.000000 436.000000 -0.335984 0.615447
368.000000 436.000000 0.150722 0.615447
460.000000 436.000000 0.439605 0.615447
204.000000 437.000000 -0.364244 0.618587
217.000000 437.000000 -0.323424 0.618587
323.000000 437.000000 0.009420 0.618587
227.000000 438.000000 -0.292023 0.621727
245.000000 438.000000 -0.235503 0.621727
537.000000 438.000000 0.681388 0.621727
72.000000 439.000000 -0.778729 0.624867
117.000000 439.000000 -0.637428 0.624867
149.000000 439.000000 -0.536946 0.624867
167.000000 439.000000 -0.480426 0.624867
328.000000 439.000000 0.025120 0.624867
568.000000 439.000000 0.778729 0.624867
578.000000 439.000000 0.810130 0.624867
183.000000 440.000000 -0.430185 0.628007
269.000000 440.000000 -0.160142 0.628007
597.000000 440.000000 0.869790 0.628007
626.000000 440.000000 0.960851 0.628007
76.000000 441.000000 -0.766169 0.631147
137.000000 441.000000 -0.574627 0.631147
153.000000 441.000000 -0.524386 0.631147
240.000000 441.000000 -0.251203 0.631147
262.000000 441.000000 -0.182122 0.631147
301.000000 441.000000 -0.059661 0.631147
535.000000 441.000000 0.675108 0.631147
539.000000 441.000000 0.687668 0.631147
602.000000 441.000000 0.885490 0.631147
43.000000 442.000000 -0.869790 0.634288
246.000000 442.000000 -0.232363 0.634288
308.000000 442.000000 -0.037680 0.634288
34.000000 443.000000 -0.898051 0.637428
67.000000 443.000000 -0.794429 0.637428
244.000000 443.000000 -0.238643 0.637428
260.000000 443.000000 -0.188402 0.637428
317.000000 443.000000 -0.009420 0.637428
322.000000 443.000000 0.006280 0.637428
463.000000 443.000000 0.449025 0.637428
8.000000 444.000000 -0.979692 0.640568
120.000000 444.000000 -0.628007 0.640568
304.000000 444.000000 -0.050241 0.640568
357.000000 444.000000 0.116181 0.640568
369.000000 444.000000 0.153862 0.640568
505.000000 444.000000 0.580907 0.640568
38.000000 445.000000 -0.885490 0.643708
72.000000 445.000000 -0.778729 0.643708
76.000000 445.000000 -0.766169 0.643708
176.000000 445.000000 -0.452165 0.643708
376.000000 445.000000 0.175842 0.643708
410.000000 445.000000 0.282603 0.643708
3.000000 446.000000 -0.995392 0.646848
117.000000 446.000000 -0.637428 0.646848
167.000000 446.000000 -0.480426 0.646848
170.000000 446.000000 -0.471006 0.646848
309.000000 446.000000 -0.034540 0.646848
428.000000 446.000000 0.339124 0.646848
513.000000 446.000000 0.606027 0.646848
536.000000 446.000000 0.678248 0.646848
89.000000 447.000000 -0.725349 0.649988
136.000000 447.000000 -0.577767 0.649988
284.000000 447.000000 -0.113041 0.649988
149.000000 448.000000 -0.536946 0.653128
204.000000 448.000000 -0.364244 0.653128
337.000000 449.000000 0.053381 0.656268
186.000000 450.000000 -0.420765 0.659408
246.000000 451.000000 -0.232363 0.662548
270.000000 451.000000 -0.157002 0.662548
607.000000 451.000000 0.901191 0.662548
99.000000 452.000000 -0.693948 0.665688
9.000000 453.000000 -0.976552 0.668828
67.000000 453.000000 -0.794429 0.668828
105.000000 453.000000 -0.675108 0.668828
178.000000 453.000000 -0.445885 0.668828
428.000000 453.000000 0.339124 0.668828
562.000000 453.000000 0.759889 0.668828
620.000000 453.000000 0.942011 0.668828
27.000000 454.000000 -0.920031 0.671968
219.000000 454.000000 -0.317144 0.671968
580.000000 454.000000 0.816410 0.671968
584.000000 454.000000 0.828970 0.671968
634.000000 454.000000 0.985972 0.671968
114.000000 455.000000 -0.646848 0.675108
217.000000 455.000000 -0.323424 0.675108
521.000000 455.000000 0.631147 0.675108
544.000000 455.000000 0.703368 0.675108
617.000000 455.000000 0.932591 0.675108
71.000000 456.000000 -0.781869 0.678248
117.000000 456.000000 -0.637428 0.678248
355.000000 456.000000 0.109901 0.678248
596.000000 456.000000 0.866650 0.678248
441.000000 457.000000 0.379945 0.681388
159.000000 458.000000 -0.505546 0.684528
179.000000 458.000000 -0.442745 0.684528
200.000000 458.000000 -0.376804 0.684528
212.000000 458.000000 -0.339124 0.684528
255.000000 458.000000 -0.204102 0.684528
203.000000 459.000000 -0.367384 0.687668
241.000000 459.000000 -0.248063 0.687668
579.000000 459.000000 0.813270 0.687668
597.000000 459.000000 0.869790 0.687668
67.000000 460.000000 -0.794429 0.690808
98.000000 460.000000 -0.697088 0.690808
177.000000 460.000000 -0.449025 0.690808
194.000000 460.000000 -0.395645 0.690808
196.000000 460.000000 -0.389365 0.690808
217.000000 460.000000 -0.323424 0.690808
248.000000 460.000000 -0.226083 0.690808
305.000000 460.000000 -0.047101 0.690808
482.000000 460.000000 0.508686 0.690808
565.000000 460.000000 0.769309 0.690808
586.000000 460.000000 0.835250 0.690808
35.000000 461.000000 -0.894911 0.693948
85.000000 461.000000 -0.737909 0.693948
87.000000 461.000000 -0.731629 0.693948
127.000000 461.000000 -0.606027 0.693948
314.000000 461.000000 -0.018840 0.693948
473.000000 461.000000 0.480426 0.693948
544.000000 461.000000 0.703368 0.693948
579.000000 461.000000 0.813270 0.693948
22.000000 462.000000 -0.935731 0.697088
82.000000 462.000000 -0.747329 0.697088
109.000000 462.000000 -0.662548 0.697088
136.000000 462.000000 -0.577767 0.697088
144.000000 462.000000 -0.552647 0.697088
247.000000 462.000000 -0.229223 0.697088
332.000000 462.000000 0.037680 0.697088
17.000000 463.000000 -0.951431 0.700228
71.000000 463.000000 -0.781869 0.700228
119.000000 463.000000 -0.631147 0.700228
131.000000 463.000000 -0.593467 0.700228
171.000000 463.000000 -0.467866 0.700228
182.000000 463.000000 -0.433325 0.700228
219.000000 463.000000 -0.317144 0.700228
346.000000 463.000000 0.081641 0.700228
74.000000 464.000000 -0.772449 0.703368
135.000000 464.000000 -0.580907 0.703368
205.000000 464.000000 -0.361104 0.703368
492.000000 464.000000 0.540086 0.703368
611.000000 464.000000 0.913751 0.703368
623.000000 464.000000 0.951431 0.703368
634.000000 464.000000 0.985972 0.703368
168.000000 465.000000 -0.477286 0.706508
596.000000 465.000000 0.866650 0.706508
6.000000 466.000000 -0.985972 0.709648
84.000000 466.000000 -0.741049 0.709648
163.000000 466.000000 -0.492986 0.709648
226.000000 466.000000 -0.295163 0.709648
76.000000 468.000000 -0.766169 0.715928
172.000000 468.000000 -0.464725 0.715928
235.000000 468.000000 -0.266903 0.715928
556.000000 468.000000 0.741049 0.715928
615.000000 468.000000 0.926311 0.715928
71.000000 469.000000 -0.781869 0.719069
267.000000 469.000000 -0.166422 0.719069
135.000000 470.000000 -0.580907 0.722209
166.000000 470.000000 -0.483566 0.722209
351.000000 470.000000 0.097341 0.722209
496.000000 470.000000 0.552647 0.722209
106.000000 471.000000 -0.671968 0.725349
154.000000 471.000000 -0.521246 0.725349
176.000000 471.000000 -0.452165 0.725349
203.000000 471.000000 -0.367384 0.725349
341.000000 471.000000 0.065941 0.725349
349.000000 471.000000 0.091061 0.725349
460.000000 471.000000 0.439605 0.725349
628.000000 472.000000 0.967131 0.728489
327.000000 473.000000 0.021980 0.731629
131.000000 474.000000 -0.593467 0.734769
266.000000 474.000000 -0.169562 0.734769
508.000000 474.000000 0.590327 0.734769
224.000000 476.000000 -0.301444 0.741049
566.000000 476.000000 0.772449 0.741049
