168.000000 3.000000 -0.477286 -0.744189
394.000000 3.000000 0.232363 -0.744189
467.000000 3.000000 0.461585 -0.744189
489.000000 3.000000 0.530666 -0.744189
559.000000 3.000000 0.750469 -0.744189
308.000000 4.000000 -0.037680 -0.741049
447.000000 4.000000 0.398785 -0.741049
485.000000 4.000000 0.518106 -0.741049
492.000000 4.000000 0.540086 -0.741049
83.000000 5.000000 -0.744189 -0.737909
114.000000 5.000000 -0.646848 -0.737909
499.000000 5.000000 0.562067 -0.737909
224.000000 6.000000 -0.301444 -0.734769
251.000000 6.000000 -0.216663 -0.734769
299.000000 6.000000 -0.065941 -0.734769
539.000000 6.000000 0.687668 -0.734769
373.000000 7.000000 0.166422 -0.731629
507.000000 7.000000 0.587187 -0.731629
556.000000 7.000000 0.741049 -0.731629
580.000000 7.000000 0.816410 -0.731629
525.000000 8.000000 0.643708 -0.728489
605.000000 8.000000 0.894911 -0.728489
178.000000 9.000000 -0.445885 -0.725349
423.000000 9.000000 0.323424 -0.725349
465.000000 9.000000 0.455305 -0.725349
478.000000 9.000000 0.496126 -0.725349
493.000000 9.000000 0.543226 -0.725349
88.000000 10.000000 -0.728489 -0.722209
411.000000 10.000000 0.285743 -0.722209
554.000000 10.000000 0.734769 -0.722209
629.000000 10.000000 0.970271 -0.722209
151.000000 11.000000 -0.530666 -0.719069
277.000000 11.000000 -0.135022 -0.719069
495.000000 12.000000 0.549506 -0.715928
340.000000 13.000000 0.062801 -0.712788
268.000000 14.000000 -0.163282 -0.709648
288.000000 14.000000 -0.100481 -0.709648
360.000000 14.000000 0.125601 -0.709648
527.000000 14.000000 0.649988 -0.709648
573.000000 14.000000 0.794429 -0.709648
124.000000 15.000000 -0.615447 -0.706508
210.000000 15.000000 -0.345404 -0.706508
237.000000 15.000000 -0.260623 -0.706508
259.000000 15.000000 -0.191542 -0.706508
493.000000 15.000000 0.543226 -0.706508
439.000000 16.000000 0.373664 -0.703368
481.000000 16.000000 0.505546 -0.703368
93.000000 17.000000 -0.712788 -0.700228
553.000000 17.000000 0.731629 -0.700228
573.000000 17.000000 0.794429 -0.700228
620.000000 18.000000 0.942011 -0.697088
188.000000 19.000000 -0.414485 -0.693948
585.000000 19.000000 0.832110 -0.693948
618.000000 19.000000 0.935731 -0.693948
237.000000 20.000000 -0.260623 -0.690808
468.000000 20.000000 0.464725 -0.690808
589.000000 20.000000 0.844670 -0.690808
173.000000 21.000000 -0.461585 -0.687668
425.000000 21.000000 0.329704 -0.687668
586.000000 21.000000 0.835250 -0.687668
605.000000 21.000000 0.894911 -0.687668
621.000000 21.000000 0.945151 -0.687668
98.000000 22.000000 -0.697088 -0.684528
205.000000 22.000000 -0.361104 -0.684528
228.000000 22.000000 -0.288883 -0.684528
356.000000 22.000000 0.113041 -0.684528
400.000000 22.000000 0.251203 -0.684528
437.000000 22.000000 0.367384 -0.684528
479.000000 22.000000 0.499266 -0.684528
487.000000 22.000000 0.524386 -0.684528
498.000000 22.000000 0.558927 -0.684528
562.000000 22.000000 0.759889 -0.684528
625.000000 22.000000 0.957711 -0.684528
629.000000 22.000000 0.970271 -0.684528
178.000000 23.000000 -0.445885 -0.681388
278.000000 23.000000 -0.131882 -0.681388
353.000000 23.000000 0.103621 -0.681388
366.000000 23.000000 0.144442 -0.681388
466.000000 23.000000 0.458445 -0.681388
476.000000 23.000000 0.489846 -0.681388
503.000000 23.000000 0.574627 -0.681388
566.000000 23.000000 0.772449 -0.681388
490.000000 24.000000 0.533806 -0.678248
559.000000 24.000000 0.750469 -0.678248
564.000000 24.000000 0.766169 -0.678248
479.000000 25.000000 0.499266 -0.675108
554.000000 25.000000 0.734769 -0.675108
556.000000 25.000000 0.741049 -0.675108
577.000000 25.000000 0.806990 -0.675108
526.000000 26.000000 0.646848 -0.671968
174.000000 27.000000 -0.458445 -0.668828
206.000000 27.000000 -0.357964 -0.668828
287.000000 27.000000 -0.103621 -0.668828
408.000000 27.000000 0.276323 -0.668828
423.000000 27.000000 0.323424 -0.668828
268.000000 28.000000 -0.163282 -0.665688
510.000000 28.000000 0.596607 -0.665688
537.000000 28.000000 0.681388 -0.665688
552.000000 28.000000 0.728489 -0.665688
104.000000 29.000000 -0.678248 -0.662548
197.000000 29.000000 -0.386225 -0.662548
516.000000 29.000000 0.615447 -0.662548
556.000000 29.000000 0.741049 -0.662548
569.000000 29.000000 0.781869 -0.662548
630.000000 30.000000 0.973412 -0.659408
429.000000 31.000000 0.342264 -0.656268
475.000000 31.000000 0.486706 -0.656268
568.000000 31.000000 0.778729 -0.656268
188.000000 32.000000 -0.414485 -0.653128
254.000000 32.000000 -0.207242 -0.653128
309.000000 32.000000 -0.034540 -0.653128
470.000000 32.000000 0.471006 -0.653128
574.000000 32.000000 0.797569 -0.653128
612.000000 32.000000 0.916891 -0.653128
538.000000 33.000000 0.684528 -0.649988
541.000000 35.000000 0.693948 -0.643708
251.000000 36.000000 -0.216663 -0.640568
270.000000 36.000000 -0.157002 -0.640568
547.000000 36.000000 0.712788 -0.640568
264.000000 37.000000 -0.175842 -0.637428
538.000000 37.000000 0.684528 -0.637428
572.000000 37.000000 0.791289 -0.637428
375.000000 38.000000 0.172702 -0.634288
471.000000 38.000000 0.474146 -0.634288
532.000000 38.000000 0.665688 -0.634288
239.000000 39.000000 -0.254343 -0.631147
243.000000 39.000000 -0.241783 -0.631147
316.000000 39.000000 -0.012560 -0.631147
542.000000 39.000000 0.697088 -0.631147
171.000000 40.000000 -0.467866 -0.628007
530.000000 40.000000 0.659408 -0.628007
114.000000 41.000000 -0.646848 -0.624867
260.000000 41.000000 -0.188402 -0.624867
486.000000 41.000000 0.521246 -0.624867
490.000000 41.000000 0.533806 -0.624867
534.000000 41.000000 0.671968 -0.624867
540.000000 41.000000 0.690808 -0.624867
235.000000 42.000000 -0.266903 -0.621727
499.000000 42.000000 0.562067 -0.621727
532.000000 42.000000 0.665688 -0.621727
635.000000 42.000000 0.989112 -0.621727
230.000000 43.000000 -0.282603 -0.618587
280.000000 43.000000 -0.125601 -0.618587
269.000000 44.000000 -0.160142 -0.615447
511.000000 44.000000 0.599747 -0.615447
537.000000 44.000000 0.681388 -0.615447
540.000000 44.000000 0.690808 -0.615447
605.000000 44.000000 0.894911 -0.615447
229.000000 45.000000 -0.285743 -0.612307
285.000000 45.000000 -0.109901 -0.612307
499.000000 45.000000 0.562067 -0.612307
504.000000 45.000000 0.577767 -0.612307
280.000000 46.000000 -0.125601 -0.609167
219.000000 47.000000 -0.317144 -0.606027
237.000000 47.000000 -0.260623 -0.606027
300.000000 47.000000 -0.062801 -0.606027
484.000000 47.000000 0.514966 -0.606027
571.000000 47.000000 0.788149 -0.606027
594.000000 47.000000 0.860370 -0.606027
201.000000 48.000000 -0.373664 -0.602887
266.000000 48.000000 -0.169562 -0.602887
448.000000 48.000000 0.401925 -0.602887
537.000000 48.000000 0.681388 -0.602887
577.000000 48.000000 0.806990 -0.602887
243.000000 50.000000 -0.241783 -0.596607
434.000000 50.000000 0.357964 -0.596607
611.000000 50.000000 0.913751 -0.596607
515.000000 51.000000 0.612307 -0.593467
532.000000 51.000000 0.665688 -0.593467
595.000000 51.000000 0.863510 -0.593467
217.000000 52.000000 -0.323424 -0.590327
229.000000 52.000000 -0.285743 -0.590327
236.000000 52.000000 -0.263763 -0.590327
286.000000 52.000000 -0.106761 -0.590327
294.000000 52.000000 -0.081641 -0.590327
488.000000 52.000000 0.527526 -0.590327
590.000000 52.000000 0.847810 -0.590327
215.000000 53.000000 -0.329704 -0.587187
242.000000 53.000000 -0.244923 -0.587187
277.000000 53.000000 -0.135022 -0.587187
599.000000 53.000000 0.876070 -0.587187
283.000000 54.000000 -0.116181 -0.584047
484.000000 56.000000 0.514966 -0.577767
611.000000 56.000000 0.913751 -0.577767
297.000000 57.000000 -0.072221 -0.574627
482.000000 57.000000 0.508686 -0.574627
206.000000 61.000000 -0.357964 -0.562067
233.000000 61.000000 -0.273183 -0.562067
587.000000 61.000000 0.838390 -0.562067
212.000000 62.000000 -0.339124 -0.558927
504.000000 62.000000 0.577767 -0.558927
604.000000 62.000000 0.891771 -0.558927
608.000000 62.000000 0.904331 -0.558927
208.000000 63.000000 -0.351684 -0.555787
596.000000 63.000000 0.866650 -0.555787
626.000000 63.000000 0.960851 -0.555787
260.000000 64.000000 -0.188402 -0.552647
304.000000 64.000000 -0.050241 -0.552647
475.000000 64.000000 0.486706 -0.552647
529.000000 64.000000 0.656268 -0.552647
589.000000 64.000000 0.844670 -0.552647
608.000000 65.000000 0.904331 -0.549506
291.000000 66.000000 -0.091061 -0.546366
593.000000 67.000000 0.857230 -0.543226
440.000000 68.000000 0.376804 -0.540086
636.000000 68.000000 0.992252 -0.540086
249.000000 69.000000 -0.222943 -0.536946
288.000000 69.000000 -0.100481 -0.536946
307.000000 69.000000 -0.040820 -0.536946
435.000000 69.000000 0.361104 -0.536946
527.000000 69.000000 0.649988 -0.536946
292.000000 70.000000 -0.087921 -0.533806
431.000000 70.000000 0.348544 -0.533806
139.000000 71.000000 -0.568347 -0.530666
216.000000 71.000000 -0.326564 -0.530666
426.000000 71.000000 0.332844 -0.530666
583.000000 71.000000 0.825830 -0.530666
196.000000 72.000000 -0.389365 -0.527526
213.000000 72.000000 -0.335984 -0.527526
255.000000 72.000000 -0.204102 -0.527526
265.000000 72.000000 -0.172702 -0.527526
422.000000 72.000000 0.320284 -0.527526
616.000000 72.000000 0.929451 -0.527526
202.000000 73.000000 -0.370524 -0.524386
298.000000 73.000000 -0.069081 -0.524386
475.000000 73.000000 0.486706 -0.524386
517.000000 73.000000 0.618587 -0.524386
413.000000 74.000000 0.292023 -0.521246
519.000000 74.000000 0.624867 -0.521246
584.000000 74.000000 0.828970 -0.521246
408.000000 75.000000 0.276323 -0.518106
404.000000 76.000000 0.263763 -0.514966
497.000000 76.000000 0.555787 -0.514966
507.000000 76.000000 0.587187 -0.514966
603.000000 76.000000 0.888631 -0.514966
272.000000 77.000000 -0.150722 -0.511826
353.000000 77.000000 0.103621 -0.511826
400.000000 77.000000 0.251203 -0.511826
510.000000 77.000000 0.596607 -0.511826
196.000000 78.000000 -0.389365 -0.508686
251.000000 78.000000 -0.216663 -0.508686
395.000000 78.000000 0.235503 -0.508686
493.000000 78.000000 0.543226 -0.508686
502.000000 78.000000 0.571487 -0.508686
146.000000 79.000000 -0.546366 -0.505546
391.000000 79.000000 0.222943 -0.505546
611.000000 79.000000 0.913751 -0.505546
236.000000 80.000000 -0.263763 -0.502406
260.000000 80.000000 -0.188402 -0.502406
386.000000 80.000000 0.207242 -0.502406
382.000000 81.000000 0.194682 -0.499266
619.000000 81.000000 0.938871 -0.499266
226.000000 82.000000 -0.295163 -0.496126
378.000000 82.000000 0.182122 -0.496126
373.000000 83.000000 0.166422 -0.492986
150.000000 84.000000 -0.533806 -0.489846
369.000000 84.000000 0.153862 -0.489846
494.000000 84.000000 0.546366 -0.489846
197.000000 85.000000 -0.386225 -0.486706
364.000000 85.000000 0.138162 -0.486706
261.000000 86.000000 -0.185262 -0.483566
352.000000 87.000000 0.100481 -0.480426
355.000000 87.000000 0.109901 -0.480426
635.000000 88.000000 0.989112 -0.477286
234.000000 89.000000 -0.270043 -0.474146
346.000000 89.000000 0.081641 -0.474146
591.000000 89.000000 0.850950 -0.474146
603.000000 89.000000 0.888631 -0.474146
155.000000 90.000000 -0.518106 -0.471006
247.000000 90.000000 -0.229223 -0.471006
283.000000 90.000000 -0.116181 -0.471006
342.000000 90.000000 0.069081 -0.471006
198.000000 91.000000 -0.383085 -0.467866
289.000000 91.000000 -0.097341 -0.467866
515.000000 91.000000 0.612307 -0.467866
287.000000 92.000000 -0.103621 -0.464725
313.000000 92.000000 -0.021980 -0.464725
333.000000 92.000000 0.040820 -0.464725
499.000000 92.000000 0.562067 -0.464725
568.000000 92.000000 0.778729 -0.464725
579.000000 92.000000 0.813270 -0.464725
282.000000 93.000000 -0.119321 -0.461585
330.000000 93.000000 0.031400 -0.461585
515.000000 93.000000 0.612307 -0.461585
571.000000 93.000000 0.788149 -0.461585
632.000000 93.000000 0.979692 -0.461585
158.000000 94.000000 -0.508686 -0.458445
264.000000 94.000000 -0.175842 -0.458445
278.000000 94.000000 -0.131882 -0.458445
325.000000 94.000000 0.015700 -0.458445
504.000000 94.000000 0.577767 -0.458445
519.000000 94.000000 0.624867 -0.458445
596.000000 94.000000 0.866650 -0.458445
235.000000 95.000000 -0.266903 -0.455305
274.000000 95.000000 -0.144442 -0.455305
295.000000 95.000000 -0.078501 -0.455305
303.000000 95.000000 -0.053381 -0.455305
321.000000 95.000000 0.003140 -0.455305
557.000000 95.000000 0.744189 -0.455305
521.000000 96.000000 0.631147 -0.452165
621.000000 96.000000 0.945151 -0.452165
636.000000 96.000000 0.992252 -0.452165
206.000000 97.000000 -0.357964 -0.449025
265.000000 97.000000 -0.172702 -0.449025
566.000000 97.000000 0.772449 -0.449025
577.000000 97.000000 0.806990 -0.449025
201.000000 98.000000 -0.373664 -0.445885
236.000000 98.000000 -0.263763 -0.445885
260.000000 98.000000 -0.188402 -0.445885
199.000000 99.000000 -0.379945 -0.442745
623.000000 99.000000 0.951431 -0.442745
163.000000 100.000000 -0.492986 -0.439605
239.000000 100.000000 -0.254343 -0.439605
252.000000 100.000000 -0.213523 -0.439605
306.000000 100.000000 -0.043961 -0.439605
601.000000 100.000000 0.882350 -0.439605
611.000000 100.000000 0.913751 -0.439605
203.000000 101.000000 -0.367384 -0.436465
247.000000 101.000000 -0.229223 -0.436465
598.000000 101.000000 0.872930 -0.436465
221.000000 102.000000 -0.310864 -0.433325
238.000000 102.000000 -0.257483 -0.433325
243.000000 102.000000 -0.241783 -0.433325
172.000000 103.000000 -0.464725 -0.430185
583.000000 103.000000 0.825830 -0.430185
230.000000 104.000000 -0.282603 -0.427045
208.000000 105.000000 -0.351684 -0.423905
238.000000 105.000000 -0.257483 -0.423905
507.000000 105.000000 0.587187 -0.423905
168.000000 106.000000 -0.477286 -0.420765
218.000000 106.000000 -0.320284 -0.420765
250.000000 106.000000 -0.219803 -0.420765
253.000000 106.000000 -0.210382 -0.420765
256.000000 106.000000 -0.200962 -0.420765
290.000000 106.000000 -0.094201 -0.420765
309.000000 106.000000 -0.034540 -0.420765
579.000000 106.000000 0.813270 -0.420765
221.000000 107.000000 -0.310864 -0.417625
223.000000 107.000000 -0.304584 -0.417625
522.000000 107.000000 0.634288 -0.417625
629.000000 107.000000 0.970271 -0.417625
631.000000 107.000000 0.976552 -0.417625
170.000000 108.000000 -0.471006 -0.414485
212.000000 108.000000 -0.339124 -0.414485
216.000000 108.000000 -0.326564 -0.414485
256.000000 108.000000 -0.200962 -0.414485
263.000000 108.000000 -0.178982 -0.414485
581.000000 108.000000 0.819550 -0.414485
205.000000 109.000000 -0.361104 -0.411345
210.000000 109.000000 -0.345404 -0.411345
208.000000 110.000000 -0.351684 -0.408205
288.000000 110.000000 -0.100481 -0.408205
262.000000 111.000000 -0.182122 -0.405065
516.000000 111.000000 0.615447 -0.405065
184.000000 112.000000 -0.427045 -0.401925
199.000000 112.000000 -0.379945 -0.401925
246.000000 112.000000 -0.232363 -0.401925
194.000000 113.000000 -0.395645 -0.398785
254.000000 113.000000 -0.207242 -0.398785
582.000000 113.000000 0.822690 -0.398785
175.000000 114.000000 -0.455305 -0.395645
190.000000 114.000000 -0.408205 -0.395645
237.000000 114.000000 -0.260623 -0.395645
186.000000 115.000000 -0.420765 -0.392505
232.000000 115.000000 -0.276323 -0.392505
256.000000 115.000000 -0.200962 -0.392505
566.000000 115.000000 0.772449 -0.392505
575.000000 115.000000 0.800709 -0.392505
212.000000 116.000000 -0.339124 -0.389365
570.000000 116.000000 0.785009 -0.389365
224.000000 117.000000 -0.301444 -0.386225
634.000000 117.000000 0.985972 -0.386225
185.000000 118.000000 -0.423905 -0.383085
219.000000 118.000000 -0.317144 -0.383085
574.000000 118.000000 0.797569 -0.383085
589.000000 118.000000 0.844670 -0.383085
593.000000 118.000000 0.857230 -0.383085
196.000000 119.000000 -0.389365 -0.379945
257.000000 119.000000 -0.197822 -0.379945
609.000000 119.000000 0.907471 -0.379945
617.000000 119.000000 0.932591 -0.379945
627.000000 120.000000 0.963991 -0.376804
206.000000 121.000000 -0.357964 -0.373664
282.000000 121.000000 -0.119321 -0.373664
559.000000 121.000000 0.750469 -0.373664
572.000000 121.000000 0.791289 -0.373664
584.000000 121.000000 0.828970 -0.373664
631.000000 121.000000 0.976552 -0.373664
184.000000 122.000000 -0.427045 -0.370524
201.000000 122.000000 -0.373664 -0.370524
226.000000 122.000000 -0.295163 -0.370524
270.000000 122.000000 -0.157002 -0.370524
576.000000 122.000000 0.803850 -0.370524
626.000000 122.000000 0.960851 -0.370524
197.000000 123.000000 -0.386225 -0.367384
210.000000 123.000000 -0.345404 -0.367384
215.000000 123.000000 -0.329704 -0.367384
239.000000 123.000000 -0.254343 -0.367384
610.000000 123.000000 0.910611 -0.367384
192.000000 124.000000 -0.401925 -0.364244
225.000000 124.000000 -0.298304 -0.364244
322.000000 124.000000 0.006280 -0.364244
552.000000 124.000000 0.728489 -0.364244
632.000000 124.000000 0.979692 -0.364244
184.000000 125.000000 -0.427045 -0.361104
218.000000 126.000000 -0.320284 -0.357964
629.000000 126.000000 0.970271 -0.357964
213.000000 127.000000 -0.335984 -0.354824
279.000000 127.000000 -0.128742 -0.354824
363.000000 127.000000 0.135022 -0.354824
208.000000 128.000000 -0.351684 -0.351684
226.000000 128.000000 -0.295163 -0.351684
228.000000 128.000000 -0.288883 -0.351684
234.000000 128.000000 -0.270043 -0.351684
205.000000 129.000000 -0.361104 -0.348544
339.000000 129.000000 0.059661 -0.348544
366.000000 129.000000 0.144442 -0.348544
552.000000 129.000000 0.728489 -0.348544
575.000000 129.000000 0.800709 -0.348544
231.000000 130.000000 -0.279463 -0.345404
260.000000 130.000000 -0.188402 -0.345404
280.000000 130.000000 -0.125601 -0.345404
331.000000 130.000000 0.034540 -0.345404
333.000000 130.000000 0.040820 -0.345404
211.000000 131.000000 -0.342264 -0.342264
327.000000 131.000000 0.021980 -0.342264
277.000000 133.000000 -0.135022 -0.335984
329.000000 133.000000 0.028260 -0.335984
511.000000 134.000000 0.599747 -0.332844
584.000000 134.000000 0.828970 -0.332844
238.000000 135.000000 -0.257483 -0.329704
277.000000 135.000000 -0.135022 -0.329704
576.000000 135.000000 0.803850 -0.329704
595.000000 135.000000 0.863510 -0.329704
219.000000 136.000000 -0.317144 -0.326564
351.000000 136.000000 0.097341 -0.326564
247.000000 137.000000 -0.229223 -0.323424
251.000000 137.000000 -0.216663 -0.323424
635.000000 137.000000 0.989112 -0.323424
208.000000 138.000000 -0.351684 -0.320284
232.000000 138.000000 -0.276323 -0.320284
567.000000 138.000000 0.775589 -0.320284
613.000000 138.000000 0.920031 -0.320284
630.000000 138.000000 0.973412 -0.320284
324.000000 139.000000 0.012560 -0.317144
347.000000 139.000000 0.084781 -0.317144
349.000000 139.000000 0.091061 -0.317144
208.000000 140.000000 -0.351684 -0.314004
249.000000 140.000000 -0.222943 -0.314004
219.000000 141.000000 -0.317144 -0.310864
223.000000 141.000000 -0.304584 -0.310864
274.000000 141.000000 -0.144442 -0.310864
279.000000 141.000000 -0.128742 -0.310864
518.000000 141.000000 0.621727 -0.310864
524.000000 141.000000 0.640568 -0.310864
539.000000 141.000000 0.687668 -0.310864
553.000000 142.000000 0.731629 -0.307724
586.000000 142.000000 0.835250 -0.307724
617.000000 142.000000 0.932591 -0.307724
567.000000 143.000000 0.775589 -0.304584
238.000000 144.000000 -0.257483 -0.301444
272.000000 144.000000 -0.150722 -0.301444
532.000000 144.000000 0.665688 -0.301444
593.000000 144.000000 0.857230 -0.301444
612.000000 144.000000 0.916891 -0.301444
377.000000 145.000000 0.178982 -0.298304
513.000000 145.000000 0.606027 -0.298304
230.000000 146.000000 -0.282603 -0.295163
537.000000 146.000000 0.681388 -0.295163
562.000000 147.000000 0.759889 -0.292023
617.000000 148.000000 0.932591 -0.288883
237.000000 149.000000 -0.260623 -0.285743
290.000000 149.000000 -0.094201 -0.285743
376.000000 149.000000 0.175842 -0.285743
606.000000 149.000000 0.898051 -0.285743
264.000000 150.000000 -0.175842 -0.282603
223.000000 151.000000 -0.304584 -0.279463
268.000000 151.000000 -0.163282 -0.279463
284.000000 151.000000 -0.113041 -0.279463
297.000000 151.000000 -0.072221 -0.279463
380.000000 151.000000 0.188402 -0.279463
588.000000 151.000000 0.841530 -0.279463
579.000000 152.000000 0.813270 -0.276323
290.000000 153.000000 -0.094201 -0.273183
370.000000 153.000000 0.157002 -0.273183
224.000000 154.000000 -0.301444 -0.270043
259.000000 154.000000 -0.191542 -0.270043
565.000000 154.000000 0.769309 -0.270043
592.000000 154.000000 0.854090 -0.270043
219.000000 155.000000 -0.317144 -0.266903
265.000000 155.000000 -0.172702 -0.266903
293.000000 155.000000 -0.084781 -0.266903
326.000000 155.000000 0.018840 -0.266903
370.000000 155.000000 0.157002 -0.266903
240.000000 156.000000 -0.251203 -0.263763
303.000000 156.000000 -0.053381 -0.263763
388.000000 156.000000 0.213523 -0.263763
568.000000 156.000000 0.778729 -0.263763
619.000000 156.000000 0.938871 -0.263763
225.000000 157.000000 -0.298304 -0.260623
247.000000 157.000000 -0.229223 -0.260623
380.000000 157.000000 0.188402 -0.260623
365.000000 158.000000 0.141302 -0.257483
576.000000 158.000000 0.803850 -0.257483
221.000000 159.000000 -0.310864 -0.254343
296.000000 159.000000 -0.075361 -0.254343
384.000000 159.000000 0.200962 -0.254343
540.000000 159.000000 0.690808 -0.254343
226.000000 160.000000 -0.295163 -0.251203
349.000000 160.000000 0.091061 -0.251203
380.000000 160.000000 0.188402 -0.251203
367.000000 161.000000 0.147582 -0.248063
618.000000 161.000000 0.935731 -0.248063
285.000000 162.000000 -0.109901 -0.244923
292.000000 162.000000 -0.087921 -0.244923
339.000000 162.000000 0.059661 -0.244923
349.000000 162.000000 0.091061 -0.244923
379.000000 162.000000 0.185262 -0.244923
597.000000 162.000000 0.869790 -0.244923
368.000000 163.000000 0.150722 -0.241783
388.000000 163.000000 0.213523 -0.241783
623.000000 163.000000 0.951431 -0.241783
227.000000 164.000000 -0.292023 -0.238643
286.000000 164.000000 -0.106761 -0.238643
351.000000 164.000000 0.097341 -0.238643
384.000000 164.000000 0.200962 -0.238643
218.000000 165.000000 -0.320284 -0.235503
594.000000 165.000000 0.860370 -0.235503
611.000000 165.000000 0.913751 -0.235503
624.000000 165.000000 0.954571 -0.235503
287.000000 166.000000 -0.103621 -0.232363
302.000000 166.000000 -0.056521 -0.232363
321.000000 166.000000 0.003140 -0.232363
323.000000 166.000000 0.009420 -0.232363
344.000000 166.000000 0.075361 -0.232363
598.000000 166.000000 0.872930 -0.232363
228.000000 167.000000 -0.288883 -0.229223
274.000000 167.000000 -0.144442 -0.229223
635.000000 167.000000 0.989112 -0.229223
284.000000 168.000000 -0.113041 -0.226083
288.000000 168.000000 -0.100481 -0.226083
299.000000 168.000000 -0.065941 -0.226083
622.000000 168.000000 0.948291 -0.226083
307.000000 169.000000 -0.040820 -0.222943
357.000000 169.000000 0.116181 -0.222943
571.000000 169.000000 0.788149 -0.222943
342.000000 170.000000 0.069081 -0.219803
624.000000 170.000000 0.954571 -0.219803
230.000000 171.000000 -0.282603 -0.216663
310.000000 171.000000 -0.031400 -0.216663
335.000000 171.000000 0.047101 -0.216663
351.000000 171.000000 0.097341 -0.216663
378.000000 173.000000 0.182122 -0.210382
303.000000 174.000000 -0.053381 -0.207242
310.000000 174.000000 -0.031400 -0.207242
313.000000 174.000000 -0.021980 -0.207242
376.000000 174.000000 0.175842 -0.207242
231.000000 175.000000 -0.279463 -0.204102
606.000000 175.000000 0.898051 -0.204102
524.000000 176.000000 0.640568 -0.200962
337.000000 177.000000 0.053381 -0.197822
381.000000 177.000000 0.191542 -0.197822
310.000000 178.000000 -0.031400 -0.194682
612.000000 180.000000 0.916891 -0.188402
292.000000 181.000000 -0.087921 -0.185262
380.000000 181.000000 0.188402 -0.185262
603.000000 181.000000 0.888631 -0.185262
296.000000 182.000000 -0.075361 -0.182122
567.000000 182.000000 0.775589 -0.182122
270.000000 183.000000 -0.157002 -0.178982
309.000000 183.000000 -0.034540 -0.178982
335.000000 183.000000 0.047101 -0.178982
283.000000 184.000000 -0.116181 -0.175842
339.000000 184.000000 0.059661 -0.175842
198.000000 185.000000 -0.383085 -0.172702
294.000000 185.000000 -0.081641 -0.172702
548.000000 185.000000 0.715928 -0.172702
608.000000 185.000000 0.904331 -0.172702
295.000000 187.000000 -0.078501 -0.166422
327.000000 187.000000 0.021980 -0.166422
236.000000 188.000000 -0.263763 -0.163282
299.000000 188.000000 -0.065941 -0.163282
627.000000 188.000000 0.963991 -0.163282
391.000000 189.000000 0.222943 -0.160142
635.000000 189.000000 0.989112 -0.160142
332.000000 190.000000 0.037680 -0.157002
593.000000 190.000000 0.857230 -0.157002
597.000000 190.000000 0.869790 -0.157002
612.000000 190.000000 0.916891 -0.157002
617.000000 191.000000 0.932591 -0.153862
281.000000 192.000000 -0.122461 -0.150722
606.000000 192.000000 0.898051 -0.150722
316.000000 193.000000 -0.012560 -0.147582
289.000000 194.000000 -0.097341 -0.144442
602.000000 194.000000 0.885490 -0.144442
588.000000 195.000000 0.841530 -0.141302
330.000000 196.000000 0.031400 -0.138162
339.000000 196.000000 0.059661 -0.138162
562.000000 196.000000 0.759889 -0.138162
371.000000 197.000000 0.160142 -0.135022
385.000000 197.000000 0.204102 -0.135022
316.000000 198.000000 -0.012560 -0.131882
621.000000 198.000000 0.945151 -0.131882
597.000000 199.000000 0.869790 -0.128742
248.000000 200.000000 -0.226083 -0.125601
311.000000 200.000000 -0.028260 -0.125601
355.000000 201.000000 0.109901 -0.122461
405.000000 201.000000 0.266903 -0.122461
283.000000 203.000000 -0.116181 -0.116181
311.000000 203.000000 -0.028260 -0.116181
318.000000 203.000000 -0.006280 -0.116181
322.000000 203.000000 0.006280 -0.116181
326.000000 203.000000 0.018840 -0.116181
336.000000 203.000000 0.050241 -0.116181
587.000000 203.000000 0.838390 -0.116181
633.000000 203.000000 0.982832 -0.116181
309.000000 205.000000 -0.034540 -0.109901
287.000000 206.000000 -0.103621 -0.106761
330.000000 206.000000 0.031400 -0.106761
607.000000 206.000000 0.901191 -0.106761
612.000000 206.000000 0.916891 -0.106761
328.000000 207.000000 0.025120 -0.103621
361.000000 207.000000 0.128742 -0.103621
557.000000 207.000000 0.744189 -0.103621
291.000000 208.000000 -0.091061 -0.100481
314.000000 208.000000 -0.018840 -0.100481
358.000000 208.000000 0.119321 -0.100481
594.000000 208.000000 0.860370 -0.100481
608.000000 209.000000 0.904331 -0.097341
631.000000 209.000000 0.976552 -0.097341
314.000000 210.000000 -0.018840 -0.094201
382.000000 210.000000 0.194682 -0.094201
301.000000 211.000000 -0.059661 -0.091061
394.000000 211.000000 0.232363 -0.091061
316.000000 212.000000 -0.012560 -0.087921
634.000000 212.000000 0.985972 -0.087921
299.000000 213.000000 -0.065941 -0.084781
574.000000 213.000000 0.797569 -0.084781
612.000000 213.000000 0.916891 -0.084781
580.000000 214.000000 0.816410 -0.081641
322.000000 215.000000 0.006280 -0.078501
623.000000 215.000000 0.951431 -0.078501
631.000000 215.000000 0.976552 -0.078501
589.000000 216.000000 0.844670 -0.075361
618.000000 216.000000 0.935731 -0.075361
396.000000 217.000000 0.238643 -0.072221
634.000000 217.000000 0.985972 -0.072221
294.000000 218.000000 -0.081641 -0.069081
312.000000 218.000000 -0.025120 -0.069081
326.000000 218.000000 0.018840 -0.069081
390.000000 218.000000 0.219803 -0.069081
393.000000 218.000000 0.229223 -0.069081
627.000000 218.000000 0.963991 -0.069081
375.000000 219.000000 0.172702 -0.065941
578.000000 219.000000 0.810130 -0.065941
590.000000 219.000000 0.847810 -0.065941
603.000000 219.000000 0.888631 -0.065941
251.000000 220.000000 -0.216663 -0.062801
295.000000 220.000000 -0.078501 -0.062801
316.000000 220.000000 -0.012560 -0.062801
327.000000 220.000000 0.021980 -0.062801
369.000000 220.000000 0.153862 -0.062801
333.000000 222.000000 0.040820 -0.056521
551.000000 222.000000 0.725349 -0.056521
347.000000 223.000000 0.084781 -0.053381
356.000000 223.000000 0.113041 -0.053381
557.000000 223.000000 0.744189 -0.053381
611.000000 223.000000 0.913751 -0.053381
268.000000 224.000000 -0.163282 -0.050241
317.000000 224.000000 -0.009420 -0.050241
616.000000 225.000000 0.929451 -0.047101
281.000000 226.000000 -0.122461 -0.043961
581.000000 226.000000 0.819550 -0.043961
306.000000 227.000000 -0.043961 -0.040820
314.000000 227.000000 -0.018840 -0.040820
321.000000 227.000000 0.003140 -0.040820
453.000000 227.000000 0.417625 -0.040820
295.000000 228.000000 -0.078501 -0.037680
367.000000 228.000000 0.147582 -0.037680
541.000000 228.000000 0.693948 -0.037680
372.000000 229.000000 0.163282 -0.034540
358.000000 230.000000 0.119321 -0.031400
391.000000 230.000000 0.222943 -0.031400
396.000000 230.000000 0.238643 -0.031400
580.000000 230.000000 0.816410 -0.031400
355.000000 231.000000 0.109901 -0.028260
412.000000 231.000000 0.288883 -0.028260
598.000000 231.000000 0.872930 -0.028260
281.000000 232.000000 -0.122461 -0.025120
331.000000 232.000000 0.034540 -0.025120
389.000000 232.000000 0.216663 -0.025120
566.000000 232.000000 0.772449 -0.025120
276.000000 233.000000 -0.138162 -0.021980
369.000000 233.000000 0.153862 -0.021980
613.000000 233.000000 0.920031 -0.021980
636.000000 233.000000 0.992252 -0.021980
294.000000 234.000000 -0.081641 -0.018840
297.000000 234.000000 -0.072221 -0.018840
303.000000 234.000000 -0.053381 -0.018840
306.000000 234.000000 -0.043961 -0.018840
364.000000 234.000000 0.138162 -0.018840
593.000000 234.000000 0.857230 -0.018840
608.000000 234.000000 0.904331 -0.018840
353.000000 235.000000 0.103621 -0.015700
361.000000 235.000000 0.128742 -0.015700
450.000000 235.000000 0.408205 -0.015700
617.000000 235.000000 0.932591 -0.015700
619.000000 235.000000 0.938871 -0.015700
272.000000 236.000000 -0.150722 -0.012560
292.000000 236.000000 -0.087921 -0.012560
318.000000 236.000000 -0.006280 -0.012560
325.000000 236.000000 0.015700 -0.012560
288.000000 237.000000 -0.100481 -0.009420
315.000000 237.000000 -0.015700 -0.009420
369.000000 237.000000 0.153862 -0.009420
538.000000 237.000000 0.684528 -0.009420
318.000000 238.000000 -0.006280 -0.006280
365.000000 238.000000 0.141302 -0.006280
550.000000 238.000000 0.722209 -0.006280
308.000000 239.000000 -0.037680 -0.003140
399.000000 239.000000 0.248063 -0.003140
516.000000 239.000000 0.615447 -0.003140
612.000000 239.000000 0.916891 -0.003140
626.000000 239.000000 0.960851 -0.003140
402.000000 240.000000 0.257483 0.000000
536.000000 240.000000 0.678248 0.000000
559.000000 240.000000 0.750469 0.000000
565.000000 240.000000 0.769309 0.000000
569.000000 240.000000 0.781869 0.000000
580.000000 240.000000 0.816410 0.000000
609.000000 240.000000 0.907471 0.000000
294.000000 241.000000 -0.081641 0.003140
327.000000 241.000000 0.021980 0.003140
627.000000 241.000000 0.963991 0.003140
501.000000 242.000000 0.568347 0.006280
528.000000 242.000000 0.653128 0.006280
271.000000 243.000000 -0.153862 0.009420
503.000000 243.000000 0.574627 0.009420
302.000000 244.000000 -0.056521 0.012560
373.000000 245.000000 0.166422 0.015700
574.000000 245.000000 0.797569 0.015700
488.000000 246.000000 0.527526 0.018840
512.000000 246.000000 0.602887 0.018840
530.000000 246.000000 0.659408 0.018840
543.000000 246.000000 0.700228 0.018840
561.000000 246.000000 0.756749 0.018840
470.000000 247.000000 0.471006 0.021980
316.000000 248.000000 -0.012560 0.025120
319.000000 248.000000 -0.003140 0.025120
612.000000 248.000000 0.916891 0.025120
511.000000 249.000000 0.599747 0.028260
273.000000 250.000000 -0.147582 0.031400
370.000000 250.000000 0.157002 0.031400
506.000000 250.000000 0.584047 0.031400
575.000000 250.000000 0.800709 0.031400
593.000000 250.000000 0.857230 0.031400
256.000000 251.000000 -0.200962 0.034540
286.000000 252.000000 -0.106761 0.037680
308.000000 252.000000 -0.037680 0.037680
272.000000 253.000000 -0.150722 0.040820
446.000000 253.000000 0.395645 0.040820
503.000000 253.000000 0.574627 0.040820
257.000000 254.000000 -0.197822 0.043961
291.000000 254.000000 -0.091061 0.043961
308.000000 254.000000 -0.037680 0.043961
401.000000 254.000000 0.254343 0.043961
449.000000 254.000000 0.405065 0.043961
467.000000 254.000000 0.461585 0.043961
544.000000 254.000000 0.703368 0.043961
617.000000 254.000000 0.932591 0.043961
542.000000 255.000000 0.697088 0.047101
573.000000 255.000000 0.794429 0.047101
314.000000 256.000000 -0.018840 0.050241
440.000000 256.000000 0.376804 0.050241
478.000000 256.000000 0.496126 0.050241
518.000000 256.000000 0.621727 0.050241
593.000000 256.000000 0.857230 0.050241
300.000000 257.000000 -0.062801 0.053381
358.000000 257.000000 0.119321 0.053381
403.000000 257.000000 0.260623 0.053381
499.000000 257.000000 0.562067 0.053381
338.000000 258.000000 0.056521 0.056521
372.000000 258.000000 0.163282 0.056521
425.000000 258.000000 0.329704 0.056521
468.000000 258.000000 0.464725 0.056521
333.000000 259.000000 0.040820 0.059661
353.000000 259.000000 0.103621 0.059661
369.000000 259.000000 0.153862 0.059661
406.000000 259.000000 0.270043 0.059661
413.000000 259.000000 0.292023 0.059661
421.000000 259.000000 0.317144 0.059661
423.000000 259.000000 0.323424 0.059661
514.000000 259.000000 0.609167 0.059661
359.000000 260.000000 0.122461 0.062801
373.000000 260.000000 0.166422 0.062801
402.000000 260.000000 0.257483 0.062801
416.000000 260.000000 0.301444 0.062801
418.000000 260.000000 0.307724 0.062801
426.000000 260.000000 0.332844 0.062801
307.000000 261.000000 -0.040820 0.065941
315.000000 262.000000 -0.015700 0.069081
353.000000 262.000000 0.103621 0.069081
370.000000 262.000000 0.157002 0.069081
414.000000 262.000000 0.295163 0.069081
493.000000 262.000000 0.543226 0.069081
608.000000 262.000000 0.904331 0.069081
290.000000 263.000000 -0.094201 0.072221
387.000000 263.000000 0.210382 0.072221
403.000000 263.000000 0.260623 0.072221
412.000000 263.000000 0.288883 0.072221
440.000000 263.000000 0.376804 0.072221
442.000000 263.000000 0.383085 0.072221
544.000000 263.000000 0.703368 0.072221
73.000000 264.000000 -0.775589 0.075361
316.000000 264.000000 -0.012560 0.075361
481.000000 264.000000 0.505546 0.075361
556.000000 264.000000 0.741049 0.075361
602.000000 264.000000 0.885490 0.075361
604.000000 264.000000 0.891771 0.075361
297.000000 265.000000 -0.072221 0.078501
365.000000 265.000000 0.141302 0.078501
396.000000 265.000000 0.238643 0.078501
399.000000 265.000000 0.248063 0.078501
63.000000 266.000000 -0.806990 0.081641
324.000000 266.000000 0.012560 0.081641
328.000000 266.000000 0.025120 0.081641
389.000000 266.000000 0.216663 0.081641
401.000000 266.000000 0.254343 0.081641
457.000000 266.000000 0.430185 0.081641
484.000000 266.000000 0.514966 0.081641
522.000000 266.000000 0.634288 0.081641
526.000000 266.000000 0.646848 0.081641
548.000000 266.000000 0.715928 0.081641
577.000000 266.000000 0.806990 0.081641
626.000000 266.000000 0.960851 0.081641
14.000000 267.000000 -0.960851 0.084781
518.000000 267.000000 0.621727 0.084781
617.000000 267.000000 0.932591 0.084781
304.000000 268.000000 -0.050241 0.087921
333.000000 268.000000 0.040820 0.087921
335.000000 268.000000 0.047101 0.087921
381.000000 268.000000 0.191542 0.087921
386.000000 268.000000 0.207242 0.087921
395.000000 268.000000 0.235503 0.087921
423.000000 268.000000 0.323424 0.087921
486.000000 268.000000 0.521246 0.087921
525.000000 268.000000 0.643708 0.087921
635.000000 268.000000 0.989112 0.087921
306.000000 269.000000 -0.043961 0.091061
309.000000 269.000000 -0.034540 0.091061
376.000000 269.000000 0.175842 0.091061
378.000000 269.000000 0.182122 0.091061
384.000000 269.000000 0.200962 0.091061
393.000000 269.000000 0.229223 0.091061
398.000000 269.000000 0.244923 0.091061
575.000000 269.000000 0.800709 0.091061
337.000000 270.000000 0.053381 0.094201
431.000000 270.000000 0.348544 0.094201
434.000000 270.000000 0.357964 0.094201
477.000000 270.000000 0.492986 0.094201
508.000000 270.000000 0.590327 0.094201
368.000000 271.000000 0.150722 0.097341
374.000000 271.000000 0.169562 0.097341
396.000000 271.000000 0.238643 0.097341
398.000000 271.000000 0.244923 0.097341
400.000000 271.000000 0.251203 0.097341
404.000000 271.000000 0.263763 0.097341
408.000000 271.000000 0.276323 0.097341
414.000000 271.000000 0.295163 0.097341
473.000000 271.000000 0.480426 0.097341
529.000000 271.000000 0.656268 0.097341
327.000000 272.000000 0.021980 0.100481
363.000000 272.000000 0.135022 0.100481
385.000000 272.000000 0.204102 0.100481
468.000000 272.000000 0.464725 0.100481
511.000000 272.000000 0.599747 0.100481
394.000000 273.000000 0.232363 0.103621
412.000000 273.000000 0.288883 0.103621
417.000000 273.000000 0.304584 0.103621
493.000000 273.000000 0.543226 0.103621
355.000000 274.000000 0.109901 0.106761
360.000000 274.000000 0.125601 0.106761
362.000000 274.000000 0.131882 0.106761
371.000000 274.000000 0.160142 0.106761
377.000000 274.000000 0.178982 0.106761
380.000000 274.000000 0.188402 0.106761
415.000000 274.000000 0.298304 0.106761
460.000000 274.000000 0.439605 0.106761
487.000000 274.000000 0.524386 0.106761
491.000000 274.000000 0.536946 0.106761
332.000000 275.000000 0.037680 0.109901
344.000000 275.000000 0.075361 0.109901
350.000000 275.000000 0.094201 0.109901
366.000000 275.000000 0.144442 0.109901
368.000000 275.000000 0.150722 0.109901
403.000000 275.000000 0.260623 0.109901
417.000000 275.000000 0.304584 0.109901
427.000000 275.000000 0.335984 0.109901
438.000000 275.000000 0.370524 0.109901
467.000000 275.000000 0.461585 0.109901
352.000000 276.000000 0.100481 0.113041
399.000000 276.000000 0.248063 0.113041
452.000000 276.000000 0.414485 0.113041
314.000000 277.000000 -0.018840 0.116181
342.000000 277.000000 0.069081 0.116181
347.000000 277.000000 0.084781 0.116181
364.000000 277.000000 0.138162 0.116181
385.000000 277.000000 0.204102 0.116181
388.000000 277.000000 0.213523 0.116181
394.000000 277.000000 0.232363 0.116181
402.000000 277.000000 0.257483 0.116181
480.000000 277.000000 0.502406 0.116181
490.000000 277.000000 0.533806 0.116181
338.000000 278.000000 0.056521 0.119321
359.000000 278.000000 0.122461 0.119321
390.000000 278.000000 0.219803 0.119321
410.000000 278.000000 0.282603 0.119321
463.000000 278.000000 0.449025 0.119321
333.000000 279.000000 0.040820 0.122461
363.000000 279.000000 0.135022 0.122461
367.000000 279.000000 0.147582 0.122461
386.000000 279.000000 0.207242 0.122461
397.000000 279.000000 0.241783 0.122461
405.000000 279.000000 0.266903 0.122461
437.000000 279.000000 0.367384 0.122461
455.000000 279.000000 0.423905 0.122461
466.000000 279.000000 0.458445 0.122461
471.000000 279.000000 0.474146 0.122461
522.000000 279.000000 0.634288 0.122461
329.000000 280.000000 0.028260 0.125601
331.000000 280.000000 0.034540 0.125601
344.000000 280.000000 0.075361 0.125601
356.000000 280.000000 0.113041 0.125601
382.000000 280.000000 0.194682 0.125601
400.000000 280.000000 0.251203 0.125601
408.000000 280.000000 0.276323 0.125601
435.000000 280.000000 0.361104 0.125601
621.000000 280.000000 0.945151 0.125601
293.000000 281.000000 -0.084781 0.128742
326.000000 281.000000 0.018840 0.128742
350.000000 281.000000 0.094201 0.128742
352.000000 281.000000 0.100481 0.128742
372.000000 281.000000 0.163282 0.128742
377.000000 281.000000 0.178982 0.128742
395.000000 281.000000 0.235503 0.128742
439.000000 281.000000 0.373664 0.128742
448.000000 281.000000 0.401925 0.128742
450.000000 281.000000 0.408205 0.128742
466.000000 281.000000 0.458445 0.128742
486.000000 281.000000 0.521246 0.128742
320.000000 282.000000 -0.000000 0.131882
338.000000 282.000000 0.056521 0.131882
356.000000 282.000000 0.113041 0.131882
381.000000 282.000000 0.191542 0.131882
392.000000 282.000000 0.226083 0.131882
412.000000 282.000000 0.288883 0.131882
416.000000 282.000000 0.301444 0.131882
424.000000 282.000000 0.326564 0.131882
445.000000 282.000000 0.392505 0.131882
480.000000 282.000000 0.502406 0.131882
580.000000 282.000000 0.816410 0.131882
290.000000 283.000000 -0.094201 0.135022
360.000000 283.000000 0.125601 0.135022
366.000000 283.000000 0.144442 0.135022
386.000000 283.000000 0.207242 0.135022
394.000000 283.000000 0.232363 0.135022
397.000000 283.000000 0.241783 0.135022
399.000000 283.000000 0.248063 0.135022
406.000000 283.000000 0.270043 0.135022
60.000000 284.000000 -0.816410 0.138162
312.000000 284.000000 -0.025120 0.138162
316.000000 284.000000 -0.012560 0.138162
318.000000 284.000000 -0.006280 0.138162
364.000000 284.000000 0.138162 0.138162
369.000000 284.000000 0.153862 0.138162
373.000000 284.000000 0.166422 0.138162
384.000000 284.000000 0.200962 0.138162
451.000000 284.000000 0.411345 0.138162
287.000000 285.000000 -0.103621 0.141302
309.000000 285.000000 -0.034540 0.141302
366.000000 285.000000 0.144442 0.141302
377.000000 285.000000 0.178982 0.141302
388.000000 285.000000 0.213523 0.141302
410.000000 285.000000 0.282603 0.141302
441.000000 285.000000 0.379945 0.141302
466.000000 285.000000 0.458445 0.141302
562.000000 285.000000 0.759889 0.141302
291.000000 286.000000 -0.091061 0.144442
303.000000 286.000000 -0.053381 0.144442
317.000000 286.000000 -0.009420 0.144442
356.000000 286.000000 0.113041 0.144442
362.000000 286.000000 0.131882 0.144442
375.000000 286.000000 0.172702 0.144442
383.000000 286.000000 0.197822 0.144442
392.000000 286.000000 0.226083 0.144442
405.000000 286.000000 0.266903 0.144442
415.000000 286.000000 0.298304 0.144442
431.000000 286.000000 0.348544 0.144442
284.000000 287.000000 -0.113041 0.147582
300.000000 287.000000 -0.062801 0.147582
351.000000 287.000000 0.097341 0.147582
371.000000 287.000000 0.160142 0.147582
387.000000 287.000000 0.210382 0.147582
403.000000 287.000000 0.260623 0.147582
412.000000 287.000000 0.288883 0.147582
437.000000 287.000000 0.367384 0.147582
579.000000 287.000000 0.813270 0.147582
294.000000 288.000000 -0.081641 0.150722
326.000000 288.000000 0.018840 0.150722
366.000000 288.000000 0.144442 0.150722
384.000000 288.000000 0.200962 0.150722
396.000000 288.000000 0.238643 0.150722
410.000000 288.000000 0.282603 0.150722
419.000000 288.000000 0.310864 0.150722
522.000000 288.000000 0.634288 0.150722
572.000000 288.000000 0.791289 0.150722
589.000000 288.000000 0.844670 0.150722
607.000000 288.000000 0.901191 0.150722
33.000000 289.000000 -0.901191 0.153862
229.000000 289.000000 -0.285743 0.153862
292.000000 289.000000 -0.087921 0.153862
346.000000 289.000000 0.081641 0.153862
393.000000 289.000000 0.229223 0.153862
402.000000 289.000000 0.257483 0.153862
415.000000 289.000000 0.298304 0.153862
421.000000 289.000000 0.317144 0.153862
441.000000 289.000000 0.379945 0.153862
450.000000 289.000000 0.408205 0.153862
492.000000 289.000000 0.540086 0.153862
285.000000 290.000000 -0.109901 0.157002
317.000000 290.000000 -0.009420 0.157002
342.000000 290.000000 0.069081 0.157002
358.000000 290.000000 0.119321 0.157002
365.000000 290.000000 0.141302 0.157002
379.000000 290.000000 0.185262 0.157002
384.000000 290.000000 0.200962 0.157002
389.000000 290.000000 0.216663 0.157002
399.000000 290.000000 0.248063 0.157002
425.000000 290.000000 0.329704 0.157002
447.000000 290.000000 0.398785 0.157002
29.000000 291.000000 -0.913751 0.160142
282.000000 291.000000 -0.119321 0.160142
337.000000 291.000000 0.053381 0.160142
353.000000 291.000000 0.103621 0.160142
393.000000 291.000000 0.229223 0.160142
417.000000 291.000000 0.304584 0.160142
438.000000 291.000000 0.370524 0.160142
440.000000 291.000000 0.376804 0.160142
539.000000 291.000000 0.687668 0.160142
636.000000 291.000000 0.992252 0.160142
264.000000 292.000000 -0.175842 0.163282
289.000000 292.000000 -0.097341 0.163282
317.000000 292.000000 -0.009420 0.163282
319.000000 292.000000 -0.003140 0.163282
330.000000 292.000000 0.031400 0.163282
347.000000 292.000000 0.084781 0.163282
361.000000 292.000000 0.128742 0.163282
369.000000 292.000000 0.153862 0.163282
377.000000 292.000000 0.178982 0.163282
381.000000 292.000000 0.191542 0.163282
287.000000 293.000000 -0.103621 0.166422
298.000000 293.000000 -0.069081 0.166422
304.000000 293.000000 -0.050241 0.166422
310.000000 293.000000 -0.031400 0.166422
313.000000 293.000000 -0.021980 0.166422
344.000000 293.000000 0.075361 0.166422
433.000000 293.000000 0.354824 0.166422
262.000000 294.000000 -0.182122 0.169562
282.000000 294.000000 -0.119321 0.169562
290.000000 294.000000 -0.094201 0.169562
315.000000 294.000000 -0.015700 0.169562
324.000000 294.000000 0.012560 0.169562
350.000000 294.000000 0.094201 0.169562
371.000000 294.000000 0.160142 0.169562
373.000000 294.000000 0.166422 0.169562
378.000000 294.000000 0.182122 0.169562
409.000000 294.000000 0.279463 0.169562
460.000000 294.000000 0.439605 0.169562
307.000000 295.000000 -0.040820 0.172702
318.000000 295.000000 -0.006280 0.172702
320.000000 295.000000 -0.000000 0.172702
335.000000 295.000000 0.047101 0.172702
367.000000 295.000000 0.147582 0.172702
427.000000 295.000000 0.335984 0.172702
580.000000 295.000000 0.816410 0.172702
303.000000 296.000000 -0.053381 0.175842
340.000000 296.000000 0.062801 0.175842
363.000000 296.000000 0.135022 0.175842
372.000000 296.000000 0.163282 0.175842
408.000000 296.000000 0.276323 0.175842
421.000000 296.000000 0.317144 0.175842
439.000000 296.000000 0.373664 0.175842
625.000000 296.000000 0.957711 0.175842
259.000000 297.000000 -0.191542 0.178982
285.000000 297.000000 -0.109901 0.178982
290.000000 297.000000 -0.094201 0.178982
358.000000 297.000000 0.119321 0.178982
395.000000 297.000000 0.235503 0.178982
401.000000 297.000000 0.254343 0.178982
406.000000 297.000000 0.270043 0.178982
415.000000 297.000000 0.298304 0.178982
417.000000 297.000000 0.304584 0.178982
443.000000 297.000000 0.386225 0.178982
303.000000 298.000000 -0.053381 0.182122
355.000000 298.000000 0.109901 0.182122
364.000000 298.000000 0.138162 0.182122
382.000000 298.000000 0.194682 0.182122
393.000000 298.000000 0.229223 0.182122
484.000000 298.000000 0.514966 0.182122
285.000000 299.000000 -0.109901 0.185262
287.000000 299.000000 -0.103621 0.185262
318.000000 299.000000 -0.006280 0.185262
329.000000 299.000000 0.028260 0.185262
351.000000 299.000000 0.097341 0.185262
372.000000 299.000000 0.163282 0.185262
398.000000 299.000000 0.244923 0.185262
434.000000 299.000000 0.357964 0.185262
452.000000 299.000000 0.414485 0.185262
459.000000 299.000000 0.436465 0.185262
264.000000 300.000000 -0.175842 0.188402
281.000000 300.000000 -0.122461 0.188402
325.000000 300.000000 0.015700 0.188402
345.000000 300.000000 0.078501 0.188402
369.000000 300.000000 0.153862 0.188402
402.000000 300.000000 0.257483 0.188402
455.000000 300.000000 0.423905 0.188402
545.000000 300.000000 0.706508 0.188402
291.000000 301.000000 -0.091061 0.191542
340.000000 301.000000 0.062801 0.191542
306.000000 302.000000 -0.043961 0.194682
315.000000 302.000000 -0.015700 0.194682
336.000000 302.000000 0.050241 0.194682
338.000000 302.000000 0.056521 0.194682
403.000000 302.000000 0.260623 0.194682
445.000000 302.000000 0.392505 0.194682
212.000000 303.000000 -0.339124 0.197822
284.000000 303.000000 -0.113041 0.197822
300.000000 303.000000 -0.062801 0.197822
312.000000 303.000000 -0.025120 0.197822
333.000000 303.000000 0.040820 0.197822
382.000000 303.000000 0.194682 0.197822
390.000000 303.000000 0.219803 0.197822
393.000000 303.000000 0.229223 0.197822
436.000000 303.000000 0.364244 0.197822
490.000000 303.000000 0.533806 0.197822
218.000000 304.000000 -0.320284 0.200962
220.000000 304.000000 -0.314004 0.200962
243.000000 304.000000 -0.241783 0.200962
266.000000 304.000000 -0.169562 0.200962
286.000000 304.000000 -0.106761 0.200962
306.000000 304.000000 -0.043961 0.200962
329.000000 304.000000 0.028260 0.200962
353.000000 304.000000 0.103621 0.200962
388.000000 304.000000 0.213523 0.200962
395.000000 304.000000 0.235503 0.200962
550.000000 304.000000 0.722209 0.200962
263.000000 305.000000 -0.178982 0.204102
281.000000 305.000000 -0.122461 0.204102
303.000000 305.000000 -0.053381 0.204102
348.000000 305.000000 0.087921 0.204102
372.000000 305.000000 0.163282 0.204102
376.000000 305.000000 0.175842 0.204102
614.000000 305.000000 0.923171 0.204102
626.000000 305.000000 0.960851 0.204102
62.000000 306.000000 -0.810130 0.207242
298.000000 306.000000 -0.069081 0.207242
300.000000 306.000000 -0.062801 0.207242
319.000000 306.000000 -0.003140 0.207242
321.000000 306.000000 0.003140 0.207242
370.000000 306.000000 0.157002 0.207242
387.000000 306.000000 0.210382 0.207242
27.000000 307.000000 -0.920031 0.210382
284.000000 307.000000 -0.113041 0.210382
315.000000 307.000000 -0.015700 0.210382
340.000000 307.000000 0.062801 0.210382
207.000000 308.000000 -0.354824 0.213523
262.000000 308.000000 -0.182122 0.213523
266.000000 308.000000 -0.169562 0.213523
289.000000 308.000000 -0.097341 0.213523
292.000000 308.000000 -0.087921 0.213523
326.000000 308.000000 0.018840 0.213523
336.000000 308.000000 0.050241 0.213523
306.000000 309.000000 -0.043961 0.216663
355.000000 309.000000 0.109901 0.216663
571.000000 309.000000 0.788149 0.216663
49.000000 310.000000 -0.850950 0.219803
58.000000 310.000000 -0.822690 0.219803
178.000000 310.000000 -0.445885 0.219803
199.000000 310.000000 -0.379945 0.219803
265.000000 310.000000 -0.172702 0.219803
318.000000 310.000000 -0.006280 0.219803
350.000000 310.000000 0.094201 0.219803
362.000000 310.000000 0.131882 0.219803
377.000000 310.000000 0.178982 0.219803
381.000000 310.000000 0.191542 0.219803
396.000000 310.000000 0.238643 0.219803
438.000000 310.000000 0.370524 0.219803
475.000000 310.000000 0.486706 0.219803
554.000000 310.000000 0.734769 0.219803
594.000000 310.000000 0.860370 0.219803
598.000000 310.000000 0.872930 0.219803
619.000000 310.000000 0.938871 0.219803
629.000000 310.000000 0.970271 0.219803
121.000000 311.000000 -0.624867 0.222943
163.000000 311.000000 -0.492986 0.222943
263.000000 311.000000 -0.178982 0.222943
267.000000 311.000000 -0.166422 0.222943
287.000000 311.000000 -0.103621 0.222943
322.000000 311.000000 0.006280 0.222943
359.000000 311.000000 0.122461 0.222943
365.000000 311.000000 0.141302 0.222943
386.000000 311.000000 0.207242 0.222943
635.000000 311.000000 0.989112 0.222943
179.000000 312.000000 -0.442745 0.226083
285.000000 312.000000 -0.109901 0.226083
327.000000 312.000000 0.021980 0.226083
398.000000 312.000000 0.244923 0.226083
425.000000 312.000000 0.329704 0.226083
548.000000 312.000000 0.715928 0.226083
622.000000 312.000000 0.948291 0.226083
210.000000 313.000000 -0.345404 0.229223
262.000000 313.000000 -0.182122 0.229223
282.000000 313.000000 -0.119321 0.229223
289.000000 313.000000 -0.097341 0.229223
349.000000 313.000000 0.091061 0.229223
377.000000 313.000000 0.178982 0.229223
381.000000 313.000000 0.191542 0.229223
512.000000 313.000000 0.602887 0.229223
562.000000 313.000000 0.759889 0.229223
71.000000 314.000000 -0.781869 0.232363
94.000000 314.000000 -0.709648 0.232363
224.000000 314.000000 -0.301444 0.232363
265.000000 314.000000 -0.172702 0.232363
267.000000 314.000000 -0.166422 0.232363
284.000000 314.000000 -0.113041 0.232363
355.000000 314.000000 0.109901 0.232363
370.000000 314.000000 0.157002 0.232363
375.000000 314.000000 0.172702 0.232363
389.000000 314.000000 0.216663 0.232363
50.000000 315.000000 -0.847810 0.235503
231.000000 315.000000 -0.279463 0.235503
353.000000 315.000000 0.103621 0.235503
373.000000 315.000000 0.166422 0.235503
407.000000 315.000000 0.273183 0.235503
600.000000 315.000000 0.879210 0.235503
126.000000 316.000000 -0.609167 0.238643
210.000000 316.000000 -0.345404 0.238643
264.000000 316.000000 -0.175842 0.238643
281.000000 316.000000 -0.122461 0.238643
287.000000 316.000000 -0.103621 0.238643
323.000000 316.000000 0.009420 0.238643
351.000000 316.000000 0.097341 0.238643
379.000000 316.000000 0.185262 0.238643
537.000000 316.000000 0.681388 0.238643
611.000000 316.000000 0.913751 0.238643
8.000000 317.000000 -0.979692 0.241783
262.000000 317.000000 -0.182122 0.241783
270.000000 317.000000 -0.157002 0.241783
393.000000 317.000000 0.229223 0.241783
440.000000 317.000000 0.376804 0.241783
598.000000 317.000000 0.872930 0.241783
280.000000 318.000000 -0.125601 0.244923
329.000000 318.000000 0.028260 0.244923
286.000000 319.000000 -0.106761 0.248063
350.000000 319.000000 0.094201 0.248063
353.000000 319.000000 0.103621 0.248063
259.000000 320.000000 -0.191542 0.251203
324.000000 320.000000 0.012560 0.251203
345.000000 320.000000 0.078501 0.251203
574.000000 320.000000 0.797569 0.251203
130.000000 321.000000 -0.596607 0.254343
177.000000 321.000000 -0.449025 0.254343
201.000000 321.000000 -0.373664 0.254343
231.000000 321.000000 -0.279463 0.254343
267.000000 321.000000 -0.166422 0.254343
280.000000 321.000000 -0.125601 0.254343
329.000000 321.000000 0.028260 0.254343
70.000000 322.000000 -0.785009 0.257483
171.000000 322.000000 -0.467866 0.257483
385.000000 322.000000 0.204102 0.257483
85.000000 323.000000 -0.737909 0.260623
216.000000 323.000000 -0.326564 0.260623
273.000000 323.000000 -0.147582 0.260623
349.000000 323.000000 0.091061 0.260623
441.000000 323.000000 0.379945 0.260623
257.000000 324.000000 -0.197822 0.263763
269.000000 324.000000 -0.160142 0.263763
325.000000 324.000000 0.015700 0.263763
339.000000 324.000000 0.059661 0.263763
343.000000 324.000000 0.072221 0.263763
352.000000 324.000000 0.100481 0.263763
604.000000 324.000000 0.891771 0.263763
169.000000 325.000000 -0.474146 0.266903
255.000000 325.000000 -0.204102 0.266903
331.000000 325.000000 0.034540 0.266903
335.000000 325.000000 0.047101 0.266903
337.000000 325.000000 0.053381 0.266903
346.000000 325.000000 0.081641 0.266903
580.000000 325.000000 0.816410 0.266903
614.000000 325.000000 0.923171 0.266903
14.000000 326.000000 -0.960851 0.270043
60.000000 326.000000 -0.816410 0.270043
206.000000 326.000000 -0.357964 0.270043
257.000000 326.000000 -0.197822 0.270043
259.000000 326.000000 -0.191542 0.270043
341.000000 326.000000 0.065941 0.270043
32.000000 327.000000 -0.904331 0.273183
74.000000 327.000000 -0.772449 0.273183
197.000000 327.000000 -0.386225 0.273183
338.000000 327.000000 0.056521 0.273183
344.000000 327.000000 0.075361 0.273183
349.000000 327.000000 0.091061 0.273183
431.000000 327.000000 0.348544 0.273183
443.000000 327.000000 0.386225 0.273183
504.000000 327.000000 0.577767 0.273183
562.000000 327.000000 0.759889 0.273183
278.000000 328.000000 -0.131882 0.276323
353.000000 328.000000 0.103621 0.276323
366.000000 328.000000 0.144442 0.276323
250.000000 329.000000 -0.219803 0.279463
323.000000 329.000000 0.009420 0.279463
326.000000 329.000000 0.018840 0.279463
334.000000 329.000000 0.043961 0.279463
115.000000 330.000000 -0.643708 0.282603
158.000000 330.000000 -0.508686 0.282603
217.000000 330.000000 -0.323424 0.282603
244.000000 330.000000 -0.238643 0.282603
277.000000 330.000000 -0.135022 0.282603
339.000000 330.000000 0.059661 0.282603
353.000000 330.000000 0.103621 0.282603
454.000000 330.000000 0.420765 0.282603
511.000000 330.000000 0.599747 0.282603
562.000000 330.000000 0.759889 0.282603
240.000000 331.000000 -0.251203 0.285743
282.000000 331.000000 -0.119321 0.285743
313.000000 331.000000 -0.021980 0.285743
610.000000 331.000000 0.910611 0.285743
618.000000 331.000000 0.935731 0.285743
56.000000 332.000000 -0.828970 0.288883
74.000000 332.000000 -0.772449 0.288883
174.000000 332.000000 -0.458445 0.288883
236.000000 332.000000 -0.263763 0.288883
337.000000 332.000000 0.053381 0.288883
576.000000 332.000000 0.803850 0.288883
607.000000 332.000000 0.901191 0.288883
230.000000 333.000000 -0.282603 0.292023
259.000000 333.000000 -0.191542 0.292023
334.000000 333.000000 0.043961 0.292023
347.000000 333.000000 0.084781 0.292023
398.000000 333.000000 0.244923 0.292023
444.000000 333.000000 0.389365 0.292023
111.000000 334.000000 -0.656268 0.295163
228.000000 334.000000 -0.288883 0.295163
232.000000 334.000000 -0.276323 0.295163
236.000000 334.000000 -0.263763 0.295163
238.000000 334.000000 -0.257483 0.295163
267.000000 334.000000 -0.166422 0.295163
287.000000 334.000000 -0.103621 0.295163
367.000000 334.000000 0.147582 0.295163
405.000000 334.000000 0.266903 0.295163
616.000000 334.000000 0.929451 0.295163
173.000000 335.000000 -0.461585 0.298304
234.000000 335.000000 -0.270043 0.298304
300.000000 335.000000 -0.062801 0.298304
332.000000 335.000000 0.037680 0.298304
626.000000 335.000000 0.960851 0.298304
41.000000 336.000000 -0.876070 0.301444
59.000000 336.000000 -0.819550 0.301444
105.000000 336.000000 -0.675108 0.301444
170.000000 336.000000 -0.471006 0.301444
218.000000 336.000000 -0.320284 0.301444
269.000000 336.000000 -0.160142 0.301444
322.000000 336.000000 0.006280 0.301444
412.000000 336.000000 0.288883 0.301444
433.000000 336.000000 0.354824 0.301444
33.000000 337.000000 -0.901191 0.304584
96.000000 337.000000 -0.703368 0.304584
224.000000 337.000000 -0.301444 0.304584
237.000000 337.000000 -0.260623 0.304584
244.000000 337.000000 -0.238643 0.304584
288.000000 337.000000 -0.100481 0.304584
331.000000 337.000000 0.034540 0.304584
348.000000 337.000000 0.087921 0.304584
612.000000 337.000000 0.916891 0.304584
28.000000 338.000000 -0.916891 0.307724
66.000000 338.000000 -0.797569 0.307724
73.000000 338.000000 -0.775589 0.307724
100.000000 338.000000 -0.690808 0.307724
168.000000 338.000000 -0.477286 0.307724
328.000000 338.000000 0.025120 0.307724
412.000000 338.000000 0.288883 0.307724
625.000000 338.000000 0.957711 0.307724
57.000000 339.000000 -0.825830 0.310864
92.000000 339.000000 -0.715928 0.310864
266.000000 339.000000 -0.169562 0.310864
296.000000 339.000000 -0.075361 0.310864
321.000000 339.000000 0.003140 0.310864
446.000000 339.000000 0.395645 0.310864
560.000000 339.000000 0.753609 0.310864
572.000000 339.000000 0.791289 0.310864
163.000000 340.000000 -0.492986 0.314004
183.000000 340.000000 -0.430185 0.314004
191.000000 340.000000 -0.405065 0.314004
230.000000 340.000000 -0.282603 0.314004
269.000000 340.000000 -0.160142 0.314004
309.000000 340.000000 -0.034540 0.314004
356.000000 340.000000 0.113041 0.314004
372.000000 340.000000 0.163282 0.314004
374.000000 340.000000 0.169562 0.314004
455.000000 340.000000 0.423905 0.314004
562.000000 340.000000 0.759889 0.314004
585.000000 340.000000 0.832110 0.314004
613.000000 340.000000 0.920031 0.314004
57.000000 341.000000 -0.825830 0.317144
150.000000 341.000000 -0.533806 0.317144
299.000000 341.000000 -0.065941 0.317144
312.000000 341.000000 -0.025120 0.317144
319.000000 341.000000 -0.003140 0.317144
447.000000 341.000000 0.398785 0.317144
592.000000 341.000000 0.854090 0.317144
53.000000 342.000000 -0.838390 0.320284
195.000000 342.000000 -0.392505 0.320284
219.000000 342.000000 -0.317144 0.320284
224.000000 342.000000 -0.301444 0.320284
356.000000 342.000000 0.113041 0.320284
502.000000 342.000000 0.571487 0.320284
67.000000 343.000000 -0.794429 0.323424
307.000000 343.000000 -0.040820 0.323424
315.000000 343.000000 -0.015700 0.323424
375.000000 343.000000 0.172702 0.323424
528.000000 343.000000 0.653128 0.323424
594.000000 343.000000 0.860370 0.323424
73.000000 344.000000 -0.775589 0.326564
283.000000 344.000000 -0.116181 0.326564
320.000000 344.000000 -0.000000 0.326564
407.000000 344.000000 0.273183 0.326564
537.000000 344.000000 0.681388 0.326564
289.000000 345.000000 -0.097341 0.329704
302.000000 345.000000 -0.056521 0.329704
311.000000 345.000000 -0.028260 0.329704
556.000000 345.000000 0.741049 0.329704
578.000000 345.000000 0.810130 0.329704
625.000000 345.000000 0.957711 0.329704
324.000000 346.000000 0.012560 0.332844
352.000000 346.000000 0.100481 0.332844
128.000000 347.000000 -0.602887 0.335984
270.000000 347.000000 -0.157002 0.335984
580.000000 347.000000 0.816410 0.335984
607.000000 347.000000 0.901191 0.335984
609.000000 347.000000 0.907471 0.335984
220.000000 348.000000 -0.314004 0.339124
283.000000 348.000000 -0.116181 0.339124
320.000000 348.000000 -0.000000 0.339124
358.000000 348.000000 0.119321 0.339124
485.000000 348.000000 0.518106 0.339124
160.000000 349.000000 -0.502406 0.342264
233.000000 349.000000 -0.273183 0.342264
287.000000 349.000000 -0.103621 0.342264
302.000000 349.000000 -0.056521 0.342264
411.000000 349.000000 0.285743 0.342264
518.000000 349.000000 0.621727 0.342264
132.000000 350.000000 -0.590327 0.345404
295.000000 350.000000 -0.078501 0.345404
318.000000 350.000000 -0.006280 0.345404
393.000000 350.000000 0.229223 0.345404
408.000000 350.000000 0.276323 0.345404
481.000000 350.000000 0.505546 0.345404
504.000000 350.000000 0.577767 0.345404
577.000000 350.000000 0.806990 0.345404
95.000000 351.000000 -0.706508 0.348544
119.000000 351.000000 -0.631147 0.348544
300.000000 351.000000 -0.062801 0.348544
414.000000 351.000000 0.295163 0.348544
450.000000 351.000000 0.408205 0.348544
464.000000 351.000000 0.452165 0.348544
545.000000 351.000000 0.706508 0.348544
626.000000 351.000000 0.960851 0.348544
630.000000 351.000000 0.973412 0.348544
11.000000 352.000000 -0.970271 0.351684
45.000000 352.000000 -0.863510 0.351684
102.000000 352.000000 -0.684528 0.351684
157.000000 352.000000 -0.511826 0.351684
187.000000 352.000000 -0.417625 0.351684
397.000000 352.000000 0.241783 0.351684
520.000000 352.000000 0.628007 0.351684
567.000000 352.000000 0.775589 0.351684
24.000000 353.000000 -0.929451 0.354824
32.000000 353.000000 -0.904331 0.354824
239.000000 353.000000 -0.254343 0.354824
325.000000 353.000000 0.015700 0.354824
584.000000 353.000000 0.828970 0.354824
38.000000 354.000000 -0.885490 0.357964
83.000000 354.000000 -0.744189 0.357964
184.000000 354.000000 -0.427045 0.357964
294.000000 354.000000 -0.081641 0.357964
303.000000 354.000000 -0.053381 0.357964
399.000000 354.000000 0.248063 0.357964
557.000000 354.000000 0.744189 0.357964
568.000000 354.000000 0.778729 0.357964
73.000000 355.000000 -0.775589 0.361104
142.000000 355.000000 -0.558927 0.361104
221.000000 355.000000 -0.310864 0.361104
242.000000 355.000000 -0.244923 0.361104
286.000000 355.000000 -0.106761 0.361104
463.000000 355.000000 0.449025 0.361104
628.000000 355.000000 0.967131 0.361104
26.000000 356.000000 -0.923171 0.364244
41.000000 356.000000 -0.876070 0.364244
60.000000 356.000000 -0.816410 0.364244
70.000000 356.000000 -0.785009 0.364244
91.000000 356.000000 -0.719069 0.364244
170.000000 356.000000 -0.471006 0.364244
310.000000 356.000000 -0.031400 0.364244
312.000000 356.000000 -0.025120 0.364244
470.000000 356.000000 0.471006 0.364244
525.000000 356.000000 0.643708 0.364244
17.000000 357.000000 -0.951431 0.367384
196.000000 357.000000 -0.389365 0.367384
265.000000 357.000000 -0.172702 0.367384
570.000000 357.000000 0.785009 0.367384
585.000000 357.000000 0.832110 0.367384
614.000000 357.000000 0.923171 0.367384
6.000000 358.000000 -0.985972 0.370524
33.000000 358.000000 -0.901191 0.370524
106.000000 358.000000 -0.671968 0.370524
127.000000 358.000000 -0.606027 0.370524
219.000000 358.000000 -0.317144 0.370524
268.000000 358.000000 -0.163282 0.370524
373.000000 358.000000 0.166422 0.370524
392.000000 358.000000 0.226083 0.370524
446.000000 358.000000 0.395645 0.370524
149.000000 359.000000 -0.536946 0.373664
187.000000 359.000000 -0.417625 0.373664
199.000000 359.000000 -0.379945 0.373664
241.000000 359.000000 -0.248063 0.373664
403.000000 359.000000 0.260623 0.373664
416.000000 359.000000 0.301444 0.373664
598.000000 359.000000 0.872930 0.373664
625.000000 359.000000 0.957711 0.373664
13.000000 360.000000 -0.963991 0.376804
77.000000 360.000000 -0.763029 0.376804
134.000000 360.000000 -0.584047 0.376804
211.000000 360.000000 -0.342264 0.376804
251.000000 360.000000 -0.216663 0.376804
303.000000 360.000000 -0.053381 0.376804
309.000000 360.000000 -0.034540 0.376804
465.000000 360.000000 0.455305 0.376804
476.000000 360.000000 0.489846 0.376804
169.000000 361.000000 -0.474146 0.379945
187.000000 361.000000 -0.417625 0.379945
222.000000 361.000000 -0.307724 0.379945
267.000000 361.000000 -0.166422 0.379945
296.000000 361.000000 -0.075361 0.379945
371.000000 361.000000 0.160142 0.379945
521.000000 361.000000 0.631147 0.379945
195.000000 362.000000 -0.392505 0.383085
405.000000 362.000000 0.266903 0.383085
476.000000 362.000000 0.489846 0.383085
535.000000 362.000000 0.675108 0.383085
606.000000 362.000000 0.898051 0.383085
633.000000 362.000000 0.982832 0.383085
14.000000 363.000000 -0.960851 0.386225
296.000000 363.000000 -0.075361 0.386225
378.000000 363.000000 0.182122 0.386225
482.000000 363.000000 0.508686 0.386225
489.000000 363.000000 0.530666 0.386225
586.000000 363.000000 0.835250 0.386225
192.000000 364.000000 -0.401925 0.389365
287.000000 364.000000 -0.103621 0.389365
298.000000 364.000000 -0.069081 0.389365
457.000000 364.000000 0.430185 0.389365
469.000000 364.000000 0.467866 0.389365
18.000000 365.000000 -0.948291 0.392505
127.000000 365.000000 -0.606027 0.392505
153.000000 365.000000 -0.524386 0.392505
270.000000 365.000000 -0.157002 0.392505
399.000000 365.000000 0.248063 0.392505
488.000000 365.000000 0.527526 0.392505
630.000000 365.000000 0.973412 0.392505
634.000000 365.000000 0.985972 0.392505
59.000000 366.000000 -0.819550 0.395645
90.000000 366.000000 -0.722209 0.395645
206.000000 366.000000 -0.357964 0.395645
309.000000 366.000000 -0.034540 0.395645
318.000000 366.000000 -0.006280 0.395645
370.000000 366.000000 0.157002 0.395645
395.000000 366.000000 0.235503 0.395645
493.000000 366.000000 0.543226 0.395645
528.000000 366.000000 0.653128 0.395645
566.000000 366.000000 0.772449 0.395645
585.000000 366.000000 0.832110 0.395645
16.000000 367.000000 -0.954571 0.398785
192.000000 367.000000 -0.401925 0.398785
223.000000 367.000000 -0.304584 0.398785
297.000000 367.000000 -0.072221 0.398785
367.000000 367.000000 0.147582 0.398785
461.000000 367.000000 0.442745 0.398785
538.000000 367.000000 0.684528 0.398785
633.000000 367.000000 0.982832 0.398785
146.000000 368.000000 -0.546366 0.401925
387.000000 368.000000 0.210382 0.401925
464.000000 368.000000 0.452165 0.401925
548.000000 368.000000 0.715928 0.401925
555.000000 368.000000 0.737909 0.401925
594.000000 368.000000 0.860370 0.401925
282.000000 369.000000 -0.119321 0.405065
287.000000 369.000000 -0.103621 0.405065
316.000000 369.000000 -0.012560 0.405065
382.000000 369.000000 0.194682 0.405065
620.000000 369.000000 0.942011 0.405065
624.000000 369.000000 0.954571 0.405065
85.000000 370.000000 -0.737909 0.408205
126.000000 370.000000 -0.609167 0.408205
296.000000 370.000000 -0.075361 0.408205
354.000000 370.000000 0.106761 0.408205
463.000000 370.000000 0.449025 0.408205
533.000000 370.000000 0.668828 0.408205
100.000000 371.000000 -0.690808 0.411345
479.000000 371.000000 0.499266 0.411345
552.000000 371.000000 0.728489 0.411345
623.000000 371.000000 0.951431 0.411345
115.000000 372.000000 -0.643708 0.414485
161.000000 372.000000 -0.499266 0.414485
296.000000 372.000000 -0.075361 0.414485
554.000000 373.000000 0.734769 0.417625
607.000000 373.000000 0.901191 0.417625
215.000000 374.000000 -0.329704 0.420765
224.000000 374.000000 -0.301444 0.420765
268.000000 374.000000 -0.163282 0.420765
301.000000 374.000000 -0.059661 0.420765
327.000000 374.000000 0.021980 0.420765
450.000000 374.000000 0.408205 0.420765
541.000000 374.000000 0.693948 0.420765
11.000000 375.000000 -0.970271 0.423905
299.000000 375.000000 -0.065941 0.423905
498.000000 375.000000 0.558927 0.423905
582.000000 375.000000 0.822690 0.423905
47.000000 376.000000 -0.857230 0.427045
352.000000 376.000000 0.100481 0.427045
420.000000 376.000000 0.314004 0.427045
26.000000 377.000000 -0.923171 0.430185
42.000000 377.000000 -0.872930 0.430185
168.000000 377.000000 -0.477286 0.430185
218.000000 377.000000 -0.320284 0.430185
553.000000 377.000000 0.731629 0.430185
125.000000 378.000000 -0.612307 0.433325
191.000000 378.000000 -0.405065 0.433325
271.000000 378.000000 -0.153862 0.433325
320.000000 378.000000 -0.000000 0.433325
518.000000 378.000000 0.621727 0.433325
535.000000 378.000000 0.675108 0.433325
43.000000 379.000000 -0.869790 0.436465
119.000000 379.000000 -0.631147 0.436465
187.000000 379.000000 -0.417625 0.436465
200.000000 379.000000 -0.376804 0.436465
353.000000 379.000000 0.103621 0.436465
421.000000 379.000000 0.317144 0.436465
493.000000 379.000000 0.543226 0.436465
26.000000 380.000000 -0.923171 0.439605
38.000000 380.000000 -0.885490 0.439605
63.000000 380.000000 -0.806990 0.439605
161.000000 380.000000 -0.499266 0.439605
195.000000 380.000000 -0.392505 0.439605
225.000000 380.000000 -0.298304 0.439605
533.000000 380.000000 0.668828 0.439605
328.000000 381.000000 0.025120 0.442745
350.000000 381.000000 0.094201 0.442745
396.000000 381.000000 0.238643 0.442745
544.000000 381.000000 0.703368 0.442745
586.000000 381.000000 0.835250 0.442745
630.000000 381.000000 0.973412 0.442745
5.000000 382.000000 -0.989112 0.445885
22.000000 382.000000 -0.935731 0.445885
95.000000 382.000000 -0.706508 0.445885
99.000000 382.000000 -0.693948 0.445885
362.000000 382.000000 0.131882 0.445885
458.000000 382.000000 0.433325 0.445885
525.000000 382.000000 0.643708 0.445885
548.000000 382.000000 0.715928 0.445885
579.000000 382.000000 0.813270 0.445885
635.000000 382.000000 0.989112 0.445885
19.000000 383.000000 -0.945151 0.449025
127.000000 383.000000 -0.606027 0.449025
278.000000 383.000000 -0.131882 0.449025
330.000000 383.000000 0.031400 0.449025
441.000000 383.000000 0.379945 0.449025
545.000000 383.000000 0.706508 0.449025
622.000000 383.000000 0.948291 0.449025
29.000000 384.000000 -0.913751 0.452165
118.000000 384.000000 -0.634288 0.452165
150.000000 384.000000 -0.533806 0.452165
306.000000 384.000000 -0.043961 0.452165
515.000000 384.000000 0.612307 0.452165
5.000000 385.000000 -0.989112 0.455305
45.000000 385.000000 -0.863510 0.455305
115.000000 385.000000 -0.643708 0.455305
183.000000 385.000000 -0.430185 0.455305
265.000000 385.000000 -0.172702 0.455305
274.000000 385.000000 -0.144442 0.455305
452.000000 385.000000 0.414485 0.455305
489.000000 385.000000 0.530666 0.455305
498.000000 385.000000 0.558927 0.455305
100.000000 386.000000 -0.690808 0.458445
226.000000 386.000000 -0.295163 0.458445
331.000000 386.000000 0.034540 0.458445
434.000000 386.000000 0.357964 0.458445
456.000000 386.000000 0.427045 0.458445
574.000000 386.000000 0.797569 0.458445
589.000000 386.000000 0.844670 0.458445
603.000000 386.000000 0.888631 0.458445
74.000000 387.000000 -0.772449 0.461585
136.000000 387.000000 -0.577767 0.461585
186.000000 387.000000 -0.420765 0.461585
527.000000 387.000000 0.649988 0.461585
617.000000 387.000000 0.932591 0.461585
406.000000 388.000000 0.270043 0.464725
571.000000 388.000000 0.788149 0.464725
594.000000 388.000000 0.860370 0.464725
13.000000 389.000000 -0.963991 0.467866
37.000000 389.000000 -0.888631 0.467866
39.000000 389.000000 -0.882350 0.467866
66.000000 389.000000 -0.797569 0.467866
105.000000 389.000000 -0.675108 0.467866
144.000000 389.000000 -0.552647 0.467866
502.000000 389.000000 0.571487 0.467866
506.000000 389.000000 0.584047 0.467866
562.000000 389.000000 0.759889 0.467866
50.000000 390.000000 -0.847810 0.471006
366.000000 390.000000 0.144442 0.471006
237.000000 391.000000 -0.260623 0.474146
479.000000 391.000000 0.499266 0.474146
67.000000 392.000000 -0.794429 0.477286
297.000000 392.000000 -0.072221 0.477286
539.000000 392.000000 0.687668 0.477286
227.000000 393.000000 -0.292023 0.480426
246.000000 393.000000 -0.232363 0.480426
385.000000 393.000000 0.204102 0.480426
542.000000 393.000000 0.697088 0.480426
122.000000 394.000000 -0.621727 0.483566
437.000000 394.000000 0.367384 0.483566
533.000000 394.000000 0.668828 0.483566
441.000000 395.000000 0.379945 0.486706
515.000000 395.000000 0.612307 0.486706
150.000000 396.000000 -0.533806 0.489846
560.000000 396.000000 0.753609 0.489846
119.000000 397.000000 -0.631147 0.492986
215.000000 397.000000 -0.329704 0.492986
454.000000 397.000000 0.420765 0.492986
622.000000 397.000000 0.948291 0.492986
225.000000 398.000000 -0.298304 0.496126
536.000000 398.000000 0.678248 0.496126
59.000000 399.000000 -0.819550 0.499266
97.000000 399.000000 -0.700228 0.499266
101.000000 399.000000 -0.687668 0.499266
105.000000 399.000000 -0.675108 0.499266
109.000000 399.000000 -0.662548 0.499266
562.000000 399.000000 0.759889 0.499266
585.000000 399.000000 0.832110 0.499266
631.000000 399.000000 0.976552 0.499266
22.000000 400.000000 -0.935731 0.502406
111.000000 400.000000 -0.656268 0.502406
228.000000 400.000000 -0.288883 0.502406
234.000000 400.000000 -0.270043 0.502406
376.000000 400.000000 0.175842 0.502406
453.000000 400.000000 0.417625 0.502406
479.000000 400.000000 0.499266 0.502406
568.000000 400.000000 0.778729 0.502406
572.000000 400.000000 0.791289 0.502406
321.000000 401.000000 0.003140 0.505546
367.000000 401.000000 0.147582 0.505546
379.000000 401.000000 0.185262 0.505546
417.000000 401.000000 0.304584 0.505546
448.000000 401.000000 0.401925 0.505546
463.000000 401.000000 0.449025 0.505546
486.000000 401.000000 0.521246 0.505546
508.000000 401.000000 0.590327 0.505546
31.000000 402.000000 -0.907471 0.508686
212.000000 402.000000 -0.339124 0.508686
238.000000 402.000000 -0.257483 0.508686
251.000000 402.000000 -0.216663 0.508686
49.000000 403.000000 -0.850950 0.511826
110.000000 403.000000 -0.659408 0.511826
134.000000 403.000000 -0.584047 0.511826
157.000000 403.000000 -0.511826 0.511826
338.000000 403.000000 0.056521 0.511826
341.000000 403.000000 0.065941 0.511826
467.000000 403.000000 0.461585 0.511826
625.000000 403.000000 0.957711 0.511826
22.000000 404.000000 -0.935731 0.514966
45.000000 404.000000 -0.863510 0.514966
74.000000 404.000000 -0.772449 0.514966
174.000000 404.000000 -0.458445 0.514966
214.000000 404.000000 -0.332844 0.514966
309.000000 404.000000 -0.034540 0.514966
362.000000 404.000000 0.131882 0.514966
458.000000 404.000000 0.433325 0.514966
463.000000 404.000000 0.449025 0.514966
530.000000 404.000000 0.659408 0.514966
630.000000 404.000000 0.973412 0.514966
24.000000 405.000000 -0.929451 0.518106
87.000000 405.000000 -0.731629 0.518106
105.000000 405.000000 -0.675108 0.518106
170.000000 405.000000 -0.471006 0.518106
187.000000 405.000000 -0.417625 0.518106
229.000000 405.000000 -0.285743 0.518106
241.000000 405.000000 -0.248063 0.518106
341.000000 405.000000 0.065941 0.518106
404.000000 405.000000 0.263763 0.518106
523.000000 405.000000 0.637428 0.518106
562.000000 405.000000 0.759889 0.518106
19.000000 406.000000 -0.945151 0.521246
148.000000 406.000000 -0.540086 0.521246
257.000000 406.000000 -0.197822 0.521246
449.000000 406.000000 0.405065 0.521246
472.000000 406.000000 0.477286 0.521246
530.000000 406.000000 0.659408 0.521246
553.000000 406.000000 0.731629 0.521246
39.000000 407.000000 -0.882350 0.524386
116.000000 407.000000 -0.640568 0.524386
152.000000 407.000000 -0.527526 0.524386
194.000000 407.000000 -0.395645 0.524386
223.000000 407.000000 -0.304584 0.524386
254.000000 407.000000 -0.207242 0.524386
338.000000 407.000000 0.056521 0.524386
480.000000 407.000000 0.502406 0.524386
114.000000 408.000000 -0.646848 0.527526
124.000000 408.000000 -0.615447 0.527526
133.000000 408.000000 -0.587187 0.527526
170.000000 408.000000 -0.471006 0.527526
189.000000 408.000000 -0.411345 0.527526
239.000000 408.000000 -0.254343 0.527526
314.000000 408.000000 -0.018840 0.527526
328.000000 408.000000 0.025120 0.527526
395.000000 408.000000 0.235503 0.527526
489.000000 408.000000 0.530666 0.527526
531.000000 408.000000 0.662548 0.527526
535.000000 408.000000 0.675108 0.527526
577.000000 408.000000 0.806990 0.527526
36.000000 409.000000 -0.891771 0.530666
50.000000 409.000000 -0.847810 0.530666
165.000000 409.000000 -0.486706 0.530666
179.000000 409.000000 -0.442745 0.530666
261.000000 409.000000 -0.185262 0.530666
384.000000 409.000000 0.200962 0.530666
405.000000 409.000000 0.266903 0.530666
451.000000 409.000000 0.411345 0.530666
557.000000 409.000000 0.744189 0.530666
18.000000 410.000000 -0.948291 0.533806
45.000000 410.000000 -0.863510 0.533806
220.000000 410.000000 -0.314004 0.533806
281.000000 410.000000 -0.122461 0.533806
316.000000 410.000000 -0.012560 0.533806
419.000000 411.000000 0.310864 0.536946
425.000000 411.000000 0.329704 0.536946
230.000000 412.000000 -0.282603 0.540086
394.000000 412.000000 0.232363 0.540086
455.000000 412.000000 0.423905 0.540086
575.000000 412.000000 0.800709 0.540086
4.000000 413.000000 -0.992252 0.543226
181.000000 413.000000 -0.436465 0.543226
265.000000 413.000000 -0.172702 0.543226
519.000000 413.000000 0.624867 0.543226
631.000000 413.000000 0.976552 0.543226
46.000000 414.000000 -0.860370 0.546366
72.000000 414.000000 -0.778729 0.546366
80.000000 414.000000 -0.753609 0.546366
91.000000 414.000000 -0.719069 0.546366
127.000000 414.000000 -0.606027 0.546366
153.000000 414.000000 -0.524386 0.546366
525.000000 414.000000 0.643708 0.546366
529.000000 414.000000 0.656268 0.546366
602.000000 414.000000 0.885490 0.546366
266.000000 415.000000 -0.169562 0.549506
347.000000 415.000000 0.084781 0.549506
432.000000 415.000000 0.351684 0.549506
447.000000 415.000000 0.398785 0.549506
466.000000 415.000000 0.458445 0.549506
608.000000 415.000000 0.904331 0.549506
624.000000 415.000000 0.954571 0.549506
174.000000 416.000000 -0.458445 0.552647
201.000000 416.000000 -0.373664 0.552647
469.000000 416.000000 0.467866 0.552647
283.000000 417.000000 -0.116181 0.555787
87.000000 418.000000 -0.731629 0.558927
446.000000 418.000000 0.395645 0.558927
19.000000 420.000000 -0.945151 0.565207
97.000000 420.000000 -0.700228 0.565207
335.000000 420.000000 0.047101 0.565207
354.000000 420.000000 0.106761 0.565207
526.000000 420.000000 0.646848 0.565207
603.000000 420.000000 0.888631 0.565207
421.000000 421.000000 0.317144 0.568347
444.000000 421.000000 0.389365 0.568347
566.000000 421.000000 0.772449 0.568347
613.000000 421.000000 0.920031 0.568347
124.000000 422.000000 -0.615447 0.571487
294.000000 422.000000 -0.081641 0.571487
585.000000 422.000000 0.832110 0.571487
4.000000 423.000000 -0.992252 0.574627
192.000000 423.000000 -0.401925 0.574627
376.000000 423.000000 0.175842 0.574627
461.000000 423.000000 0.442745 0.574627
503.000000 423.000000 0.574627 0.574627
522.000000 423.000000 0.634288 0.574627
580.000000 423.000000 0.816410 0.574627
626.000000 423.000000 0.960851 0.574627
102.000000 424.000000 -0.684528 0.577767
114.000000 424.000000 -0.646848 0.577767
137.000000 424.000000 -0.574627 0.577767
260.000000 424.000000 -0.188402 0.577767
24.000000 425.000000 -0.929451 0.580907
133.000000 425.000000 -0.587187 0.580907
151.000000 425.000000 -0.530666 0.580907
189.000000 425.000000 -0.411345 0.580907
201.000000 425.000000 -0.373664 0.580907
243.000000 425.000000 -0.241783 0.580907
358.000000 425.000000 0.119321 0.580907
381.000000 425.000000 0.191542 0.580907
438.000000 425.000000 0.370524 0.580907
512.000000 425.000000 0.602887 0.580907
196.000000 426.000000 -0.389365 0.584047
483.000000 426.000000 0.511826 0.584047
18.000000 427.000000 -0.948291 0.587187
91.000000 427.000000 -0.719069 0.587187
100.000000 427.000000 -0.690808 0.587187
102.000000 427.000000 -0.684528 0.587187
118.000000 427.000000 -0.634288 0.587187
232.000000 427.000000 -0.276323 0.587187
480.000000 427.000000 0.502406 0.587187
574.000000 427.000000 0.797569 0.587187
609.000000 427.000000 0.907471 0.587187
13.000000 428.000000 -0.963991 0.590327
59.000000 428.000000 -0.819550 0.590327
358.000000 428.000000 0.119321 0.590327
420.000000 428.000000 0.314004 0.590327
539.000000 428.000000 0.687668 0.590327
151.000000 429.000000 -0.530666 0.593467
246.000000 429.000000 -0.232363 0.593467
265.000000 429.000000 -0.172702 0.593467
275.000000 429.000000 -0.141302 0.593467
280.000000 429.000000 -0.125601 0.593467
315.000000 429.000000 -0.015700 0.593467
384.000000 429.000000 0.200962 0.593467
472.000000 429.000000 0.477286 0.593467
593.000000 429.000000 0.857230 0.593467
58.000000 430.000000 -0.822690 0.596607
68.000000 430.000000 -0.791289 0.596607
177.000000 430.000000 -0.449025 0.596607
196.000000 430.000000 -0.389365 0.596607
231.000000 430.000000 -0.279463 0.596607
440.000000 430.000000 0.376804 0.596607
482.000000 430.000000 0.508686 0.596607
109.000000 431.000000 -0.662548 0.599747
118.000000 431.000000 -0.634288 0.599747
136.000000 431.000000 -0.577767 0.599747
174.000000 431.000000 -0.458445 0.599747
201.000000 431.000000 -0.373664 0.599747
233.000000 431.000000 -0.273183 0.599747
247.000000 431.000000 -0.229223 0.599747
339.000000 431.000000 0.059661 0.599747
410.000000 431.000000 0.282603 0.599747
447.000000 431.000000 0.398785 0.599747
460.000000 431.000000 0.439605 0.599747
489.000000 431.000000 0.530666 0.599747
552.000000 431.000000 0.728489 0.599747
556.000000 431.000000 0.741049 0.599747
31.000000 432.000000 -0.907471 0.602887
77.000000 432.000000 -0.763029 0.602887
261.000000 432.000000 -0.185262 0.602887
301.000000 432.000000 -0.059661 0.602887
397.000000 432.000000 0.241783 0.602887
443.000000 432.000000 0.386225 0.602887
254.000000 433.000000 -0.207242 0.606027
279.000000 433.000000 -0.128742 0.606027
315.000000 433.000000 -0.015700 0.606027
348.000000 433.000000 0.087921 0.606027
394.000000 433.000000 0.232363 0.606027
421.000000 433.000000 0.317144 0.606027
423.000000 433.000000 0.323424 0.606027
434.000000 433.000000 0.357964 0.606027
454.000000 433.000000 0.420765 0.606027
480.000000 433.000000 0.502406 0.606027
490.000000 433.000000 0.533806 0.606027
18.000000 434.000000 -0.948291 0.609167
80.000000 434.000000 -0.753609 0.609167
357.000000 434.000000 0.116181 0.609167
498.000000 434.000000 0.558927 0.609167
549.000000 434.000000 0.719069 0.609167
568.000000 434.000000 0.778729 0.609167
610.000000 434.000000 0.910611 0.609167
621.000000 434.000000 0.945151 0.609167
105.000000 435.000000 -0.675108 0.612307
133.000000 435.000000 -0.587187 0.612307
196.000000 435.000000 -0.389365 0.612307
529.000000 435.000000 0.656268 0.612307
85.000000 436.000000 -0.737909 0.615447
141.000000 436.000000 -0.562067 0.615447
204.000000 436.000000 -0.364244 0.615447
209.000000 436.000000 -0.348544 0.615447
339.000000 436.000000 0.059661 0.615447
435.000000 436.000000 0.361104 0.615447
446.000000 436.000000 0.395645 0.615447
187.000000 437.000000 -0.417625 0.618587
222.000000 437.000000 -0.307724 0.618587
238.000000 437.000000 -0.257483 0.618587
245.000000 437.000000 -0.235503 0.618587
352.000000 437.000000 0.100481 0.618587
526.000000 437.000000 0.646848 0.618587
544.000000 437.000000 0.703368 0.618587
572.000000 437.000000 0.791289 0.618587
622.000000 437.000000 0.948291 0.618587
60.000000 438.000000 -0.816410 0.621727
71.000000 438.000000 -0.781869 0.621727
190.000000 438.000000 -0.408205 0.621727
259.000000 438.000000 -0.191542 0.621727
398.000000 438.000000 0.244923 0.621727
608.000000 438.000000 0.904331 0.621727
616.000000 438.000000 0.929451 0.621727
39.000000 439.000000 -0.882350 0.624867
112.000000 439.000000 -0.653128 0.624867
196.000000 439.000000 -0.389365 0.624867
630.000000 439.000000 0.973412 0.624867
122.000000 440.000000 -0.621727 0.628007
264.000000 440.000000 -0.175842 0.628007
287.000000 440.000000 -0.103621 0.628007
290.000000 440.000000 -0.094201 0.628007
602.000000 440.000000 0.885490 0.628007
399.000000 441.000000 0.248063 0.631147
597.000000 441.000000 0.869790 0.631147
173.000000 442.000000 -0.461585 0.634288
178.000000 442.000000 -0.445885 0.634288
204.000000 442.000000 -0.364244 0.634288
334.000000 443.000000 0.043961 0.637428
626.000000 443.000000 0.960851 0.637428
160.000000 444.000000 -0.502406 0.640568
253.000000 444.000000 -0.210382 0.640568
569.000000 444.000000 0.781869 0.640568
32.000000 445.000000 -0.904331 0.643708
97.000000 445.000000 -0.700228 0.643708
247.000000 445.000000 -0.229223 0.643708
269.000000 445.000000 -0.160142 0.643708
363.000000 445.000000 0.135022 0.643708
73.000000 446.000000 -0.775589 0.646848
215.000000 446.000000 -0.329704 0.646848
261.000000 446.000000 -0.185262 0.646848
330.000000 446.000000 0.031400 0.646848
335.000000 446.000000 0.047101 0.646848
522.000000 446.000000 0.634288 0.646848
568.000000 446.000000 0.778729 0.646848
64.000000 447.000000 -0.803850 0.649988
102.000000 447.000000 -0.684528 0.649988
283.000000 447.000000 -0.116181 0.649988
591.000000 447.000000 0.850950 0.649988
609.000000 447.000000 0.907471 0.649988
31.000000 448.000000 -0.907471 0.653128
223.000000 448.000000 -0.304584 0.653128
243.000000 448.000000 -0.241783 0.653128
297.000000 448.000000 -0.072221 0.653128
343.000000 448.000000 0.072221 0.653128
573.000000 448.000000 0.794429 0.653128
60.000000 449.000000 -0.816410 0.656268
83.000000 449.000000 -0.744189 0.656268
138.000000 449.000000 -0.571487 0.656268
145.000000 449.000000 -0.549506 0.656268
384.000000 449.000000 0.200962 0.656268
590.000000 449.000000 0.847810 0.656268
603.000000 449.000000 0.888631 0.656268
175.000000 450.000000 -0.455305 0.659408
197.000000 450.000000 -0.386225 0.659408
283.000000 450.000000 -0.116181 0.659408
293.000000 450.000000 -0.084781 0.659408
333.000000 450.000000 0.040820 0.659408
366.000000 450.000000 0.144442 0.659408
371.000000 450.000000 0.160142 0.659408
402.000000 450.000000 0.257483 0.659408
413.000000 450.000000 0.292023 0.659408
43.000000 451.000000 -0.869790 0.662548
110.000000 451.000000 -0.659408 0.662548
133.000000 451.000000 -0.587187 0.662548
170.000000 451.000000 -0.471006 0.662548
211.000000 451.000000 -0.342264 0.662548
319.000000 451.000000 -0.003140 0.662548
357.000000 451.000000 0.116181 0.662548
607.000000 451.000000 0.901191 0.662548
61.000000 452.000000 -0.813270 0.665688
157.000000 452.000000 -0.511826 0.665688
179.000000 452.000000 -0.442745 0.665688
242.000000 452.000000 -0.244923 0.665688
265.000000 452.000000 -0.172702 0.665688
292.000000 452.000000 -0.087921 0.665688
397.000000 452.000000 0.241783 0.665688
399.000000 452.000000 0.248063 0.665688
540.000000 452.000000 0.690808 0.665688
576.000000 452.000000 0.803850 0.665688
33.000000 453.000000 -0.901191 0.668828
100.000000 453.000000 -0.690808 0.668828
104.000000 453.000000 -0.678248 0.668828
338.000000 453.000000 0.056521 0.668828
359.000000 453.000000 0.122461 0.668828
383.000000 453.000000 0.197822 0.668828
563.000000 453.000000 0.763029 0.668828
45.000000 454.000000 -0.863510 0.671968
55.000000 454.000000 -0.832110 0.671968
78.000000 454.000000 -0.759889 0.671968
145.000000 454.000000 -0.549506 0.671968
159.000000 454.000000 -0.505546 0.671968
182.000000 454.000000 -0.433325 0.671968
197.000000 454.000000 -0.386225 0.671968
260.000000 454.000000 -0.188402 0.671968
310.000000 454.000000 -0.031400 0.671968
370.000000 454.000000 0.157002 0.671968
391.000000 454.000000 0.222943 0.671968
416.000000 454.000000 0.301444 0.671968
452.000000 454.000000 0.414485 0.671968
525.000000 454.000000 0.643708 0.671968
543.000000 454.000000 0.700228 0.671968
123.000000 455.000000 -0.618587 0.675108
265.000000 455.000000 -0.172702 0.675108
307.000000 455.000000 -0.040820 0.675108
401.000000 455.000000 0.254343 0.675108
489.000000 455.000000 0.530666 0.675108
591.000000 455.000000 0.850950 0.675108
54.000000 456.000000 -0.835250 0.678248
64.000000 456.000000 -0.803850 0.678248
104.000000 456.000000 -0.678248 0.678248
237.000000 456.000000 -0.260623 0.678248
248.000000 456.000000 -0.226083 0.678248
279.000000 456.000000 -0.128742 0.678248
388.000000 456.000000 0.213523 0.678248
515.000000 456.000000 0.612307 0.678248
607.000000 456.000000 0.901191 0.678248
619.000000 456.000000 0.938871 0.678248
82.000000 457.000000 -0.747329 0.681388
320.000000 457.000000 -0.000000 0.681388
178.000000 458.000000 -0.445885 0.684528
240.000000 458.000000 -0.251203 0.684528
244.000000 458.000000 -0.238643 0.684528
252.000000 458.000000 -0.213523 0.684528
455.000000 458.000000 0.423905 0.684528
599.000000 458.000000 0.876070 0.684528
16.000000 459.000000 -0.954571 0.687668
100.000000 459.000000 -0.690808 0.687668
119.000000 459.000000 -0.631147 0.687668
265.000000 459.000000 -0.172702 0.687668
352.000000 459.000000 0.100481 0.687668
558.000000 459.000000 0.747329 0.687668
569.000000 459.000000 0.781869 0.687668
576.000000 459.000000 0.803850 0.687668
233.000000 460.000000 -0.273183 0.690808
252.000000 461.000000 -0.213523 0.693948
375.000000 461.000000 0.172702 0.693948
119.000000 462.000000 -0.631147 0.697088
192.000000 462.000000 -0.401925 0.697088
199.000000 462.000000 -0.379945 0.697088
299.000000 462.000000 -0.065941 0.697088
328.000000 462.000000 0.025120 0.697088
142.000000 463.000000 -0.558927 0.700228
218.000000 463.000000 -0.320284 0.700228
525.000000 463.000000 0.643708 0.700228
528.000000 463.000000 0.653128 0.700228
86.000000 464.000000 -0.734769 0.703368
186.000000 464.000000 -0.420765 0.703368
235.000000 464.000000 -0.266903 0.703368
297.000000 464.000000 -0.072221 0.703368
324.000000 464.000000 0.012560 0.703368
428.000000 464.000000 0.339124 0.703368
31.000000 465.000000 -0.907471 0.706508
81.000000 465.000000 -0.750469 0.706508
272.000000 465.000000 -0.150722 0.706508
610.000000 465.000000 0.910611 0.706508
122.000000 466.000000 -0.621727 0.709648
187.000000 466.000000 -0.417625 0.709648
263.000000 466.000000 -0.178982 0.709648
621.000000 466.000000 0.945151 0.709648
158.000000 467.000000 -0.508686 0.712788
299.000000 467.000000 -0.065941 0.712788
372.000000 467.000000 0.163282 0.712788
466.000000 467.000000 0.458445 0.712788
366.000000 468.000000 0.144442 0.715928
487.000000 468.000000 0.524386 0.715928
42.000000 469.000000 -0.872930 0.719069
207.000000 469.000000 -0.354824 0.719069
264.000000 469.000000 -0.175842 0.719069
330.000000 469.000000 0.031400 0.719069
472.000000 469.000000 0.477286 0.719069
64.000000 470.000000 -0.803850 0.722209
106.000000 470.000000 -0.671968 0.722209
137.000000 470.000000 -0.574627 0.722209
9.000000 471.000000 -0.976552 0.725349
13.000000 471.000000 -0.963991 0.725349
124.000000 471.000000 -0.615447 0.725349
454.000000 471.000000 0.420765 0.725349
531.000000 471.000000 0.662548 0.725349
65.000000 472.000000 -0.800709 0.728489
111.000000 472.000000 -0.656268 0.728489
230.000000 472.000000 -0.282603 0.728489
246.000000 472.000000 -0.232363 0.728489
603.000000 472.000000 0.888631 0.728489
626.000000 472.000000 0.960851 0.728489
67.000000 473.000000 -0.794429 0.731629
79.000000 473.000000 -0.756749 0.731629
114.000000 473.000000 -0.646848 0.731629
157.000000 473.000000 -0.511826 0.731629
317.000000 473.000000 -0.009420 0.731629
389.000000 473.000000 0.216663 0.731629
440.000000 473.000000 0.376804 0.731629
472.000000 473.000000 0.477286 0.731629
97.000000 474.000000 -0.700228 0.734769
549.000000 474.000000 0.719069 0.734769
619.000000 474.000000 0.938871 0.734769
270.000000 475.000000 -0.157002 0.737909
341.000000 475.000000 0.065941 0.737909
371.000000 475.000000 0.160142 0.737909
458.000000 475.000000 0.433325 0.737909
614.000000 475.000000 0.923171 0.737909
5.000000 476.000000 -0.989112 0.741049
163.000000 476.000000 -0.492986 0.741049
294.000000 476.000000 -0.081641 0.741049
333.000000 476.000000 0.040820 0.741049
344.000000 476.000000 0.075361 0.741049
453.000000 476.000000 0.417625 0.741049
482.000000 476.000000 0.508686 0.741049
